1.104416990746	1	(23.3976,416.3,1.895)	20.0606	-61.9181
1.204416990746	1	(23.415,414.438,1.895)	20.208	-61.8665
1.304416990746	1	(23.4323,412.578,1.895)	20.3551	-61.715
1.404416990746	1	(23.4497,410.72,1.895)	20.504	-61.4949
1.504416990746	1	(23.4671,408.858,1.895)	20.6474	-61.2544
1.604416990746	1	(23.4845,406.989,1.895)	20.7843	-61.027
1.704416990746	1	(23.502,405.118,1.895)	20.9164	-60.8286
1.804416990746	1	(23.5194,403.247,1.895)	21.0541	-60.6584
1.904416990746	1	(23.537,401.364,1.895)	21.1722	-60.5496
2.004416990746	1	(23.5545,399.491,1.895)	21.3106	-60.4714
2.104416990746	1	(23.572,397.61,1.895)	21.4333	-60.4493
2.138344002282	2	(23.3976,416.3,1.895)	40.1239	-64.717
2.204416990746	1	(23.5896,395.73,1.895)	21.5589	-60.4736
2.238344002282	2	(23.4137,414.579,1.895)	40.4087	-64.7684
2.304416990746	1	(23.6071,393.85,1.895)	21.6888	-60.5484
2.338344002282	2	(23.4298,412.852,1.895)	40.6913	-64.8542
2.404416990746	1	(23.6248,391.962,1.895)	21.8026	-60.6544
2.438344002282	2	(23.4459,411.128,1.895)	40.9693	-64.9715
2.504416990746	1	(23.6423,390.079,1.895)	21.9188	-60.7998
2.538344002282	2	(23.4621,409.389,1.895)	41.2295	-65.1101
2.604416990746	1	(23.6599,388.194,1.895)	22.0448	-60.997
2.638344002282	2	(23.4783,407.653,1.895)	41.5049	-65.2865
2.704416990746	1	(23.6776,386.3,1.895)	22.1509	-61.1917
2.738344002282	2	(23.4945,405.919,1.895)	41.7706	-65.4847
2.804416990746	1	(23.6953,384.402,1.895)	22.2539	-61.4029
2.838344002282	2	(23.5108,404.171,1.895)	42.0243	-65.6993
2.904416990746	1	(23.713,382.503,1.895)	22.3672	-61.6554
2.938344002282	2	(23.5273,402.409,1.895)	42.2735	-65.9335
3.004416990746	1	(23.7308,380.602,1.895)	22.4772	-61.9154
3.038344002282	2	(23.5437,400.65,1.895)	42.5262	-66.1939
3.104416990746	1	(23.7486,378.696,1.895)	22.5811	-62.1684
3.137624808447	3	(26.6976,416.34,1.895)	60.2869	-68.3376
3.138344002282	2	(23.5602,398.883,1.895)	42.7697	-66.4661
3.204416990746	1	(23.7664,376.787,1.895)	22.6786	-62.4063
3.237624808447	3	(26.7163,414.341,1.895)	60.2939	-68.3417
3.238344002282	2	(23.5768,397.106,1.895)	42.9985	-66.7404
3.304416990746	1	(23.7842,374.876,1.895)	22.7764	-62.6393
3.337624808447	3	(26.735,412.338,1.895)	60.2991	-68.3448
3.338344002282	2	(23.5934,395.322,1.895)	43.2235	-67.0266
3.404416990746	1	(23.802,372.969,1.895)	22.8713	-62.8536
3.437624808447	3	(26.7536,410.335,1.895)	60.2978	-68.344
3.438344002282	2	(23.61,393.539,1.895)	43.4419	-67.3193
3.504416990746	1	(23.8198,371.065,1.895)	22.9785	-63.0736
3.537624808447	3	(26.7724,408.323,1.895)	60.2975	-68.3439
3.538344002282	2	(23.6267,391.759,1.895)	43.6733	-67.6443
3.604416990746	1	(23.8377,369.151,1.895)	23.0672	-63.2321
3.637624808447	3	(26.7911,406.324,1.895)	60.3017	-68.3463
3.638344002282	2	(23.6433,389.974,1.895)	43.892	-67.9641
3.704416990746	1	(23.8555,367.242,1.895)	23.1644	-63.3755
3.737624808447	3	(26.8098,404.316,1.895)	60.2995	-68.345
3.738344002282	2	(23.6601,388.177,1.895)	44.1009	-68.2796
3.804416990746	1	(23.8734,365.324,1.895)	23.2578	-63.4791
3.837624808447	3	(26.8286,402.305,1.895)	60.2998	-68.3452
3.838344002282	2	(23.6768,386.386,1.895)	44.3206	-68.6199
3.904416990746	1	(23.8914,363.399,1.895)	23.3429	-63.5421
3.937624808447	3	(26.8473,400.305,1.895)	60.3103	-68.3514
3.938344002282	2	(23.6936,384.59,1.895)	44.5357	-68.9593
4.004416990746	1	(23.9094,361.47,1.895)	23.4243	-63.5731
4.037624808447	3	(26.866,398.297,1.895)	60.3125	-68.3526
4.038344002282	2	(23.7105,382.781,1.895)	44.7363	-69.2788
4.104416990746	1	(23.9273,359.546,1.895)	23.512	-63.5751
4.113647731778	4	(26.6976,416.34,1.895)	80.3451	-72.0199
4.137624808447	3	(26.8848,396.285,1.895)	60.3116	-68.3521
4.138344002282	2	(23.7273,380.971,1.895)	44.9372	-69.5985
4.204416990746	1	(23.9453,357.619,1.895)	23.5923	-63.5495
4.213647731778	4	(26.715,414.476,1.895)	80.4886	-71.9623
4.237624808447	3	(26.9034,394.285,1.895)	60.3195	-68.3567
4.238344002282	2	(23.7443,379.159,1.895)	45.1336	-69.9077
4.304416990746	1	(23.9633,355.693,1.895)	23.6715	-63.5006
4.313647731778	4	(26.7323,412.622,1.895)	80.6396	-71.9029
4.337624808447	3	(26.9222,392.274,1.895)	60.3127	-68.3527
4.338344002282	2	(23.7613,377.336,1.895)	45.3146	-70.1867
4.404416990746	1	(23.9812,353.771,1.895)	23.7574	-63.4243
4.413647731778	4	(26.7497,410.757,1.895)	80.7824	-71.8481
4.437624808447	3	(26.9409,390.274,1.895)	60.3216	-68.358
4.438344002282	2	(23.7783,375.513,1.895)	45.5008	-70.4641
4.504416990746	1	(23.9992,351.846,1.895)	23.8394	-63.332
4.513647731778	4	(26.7671,408.898,1.895)	80.9299	-71.7927
4.537624808447	3	(26.9596,388.263,1.895)	60.3175	-68.3556
4.538344002282	2	(23.7952,373.697,1.895)	45.6912	-70.7338
4.604416990746	1	(24.0173,349.91,1.895)	23.9083	-63.2427
4.613647731778	4	(26.7845,407.025,1.895)	81.0617	-71.7443
4.637624808447	3	(26.9784,386.258,1.895)	60.3169	-68.3552
4.638344002282	2	(23.8122,371.878,1.895)	45.8771	-70.9796
4.704416990746	1	(24.0353,347.976,1.895)	23.9767	-63.1455
4.713647731778	4	(26.802,405.149,1.895)	81.1889	-71.6985
4.737624808447	3	(26.9971,384.253,1.895)	60.3152	-68.3542
4.738344002282	2	(23.8293,370.044,1.895)	46.0462	-71.1842
4.804416990746	1	(24.0533,346.047,1.895)	24.0593	-63.0202
4.813647731778	4	(26.8195,403.283,1.895)	81.334	-71.6475
4.837624808447	3	(27.0158,382.251,1.895)	60.325	-68.36
4.838344002282	2	(23.8464,368.214,1.895)	46.2273	-71.38
4.904416990746	1	(24.0714,344.107,1.895)	24.1302	-62.9077
4.913647731778	4	(26.8369,401.411,1.895)	81.4726	-71.5998
4.937624808447	3	(27.0344,380.251,1.895)	60.3349	-68.3658
4.938344002282	2	(23.8636,366.376,1.895)	46.4002	-71.5411
5.004416990746	1	(24.0895,342.167,1.895)	24.1972	-62.7996
5.013647731778	4	(26.8544,399.542,1.895)	81.6103	-71.5535
5.037624808447	3	(27.0531,378.251,1.895)	60.3415	-68.3697
5.038344002282	2	(23.8808,364.534,1.895)	46.5647	-71.6684
5.104416990746	1	(24.1076,340.228,1.895)	24.258	-62.7013
5.113647731778	4	(26.8719,397.668,1.895)	81.7362	-71.5121
5.137624808447	3	(27.0719,376.241,1.895)	60.3316	-68.3638
5.137166061508	5	(26.6976,416.34,1.895)	100.397	-71.211
5.138344002282	2	(23.898,362.686,1.895)	46.7169	-71.7621
5.204416990746	1	(24.1256,338.301,1.895)	24.3406	-62.5688
5.213647731778	4	(26.8895,395.783,1.895)	81.8615	-71.4717
5.237624808447	3	(27.0905,374.239,1.895)	60.3396	-68.3686
5.237166061508	5	(26.7136,414.629,1.895)	100.695	-71.2652
5.238344002282	2	(23.9152,360.842,1.895)	46.8829	-71.8365
5.304416990746	1	(24.1438,336.356,1.895)	24.4032	-62.4709
5.313647731778	4	(26.907,393.903,1.895)	81.9882	-71.4317
5.337624808447	3	(27.1092,372.235,1.895)	60.3431	-68.3706
5.337166061508	5	(26.7297,412.905,1.895)	100.978	-71.3178
5.338344002282	2	(23.9324,359.007,1.895)	47.0548	-71.8824
5.404416990746	1	(24.1619,334.414,1.895)	24.4629	-62.3804
5.413647731778	4	(26.9246,392.015,1.895)	82.1021	-71.3965
5.437624808447	3	(27.128,370.226,1.895)	60.3368	-68.3669
5.437166061508	5	(26.7457,411.183,1.895)	101.259	-71.371
5.438344002282	2	(23.9496,357.157,1.895)	47.2071	-71.8966
5.504416990746	1	(24.18,332.477,1.895)	24.5316	-62.2805
5.513647731778	4	(26.9424,390.116,1.895)	82.2087	-71.3642
5.537624808447	3	(27.1467,368.227,1.895)	60.3428	-68.3704
5.537166061508	5	(26.7619,409.448,1.895)	101.529	-71.4233
5.538344002282	2	(23.967,355.296,1.895)	47.3519	-71.8875
5.604416990746	1	(24.1981,330.534,1.895)	24.5997	-62.1869
5.613647731778	4	(26.9599,388.233,1.895)	82.3367	-71.3261
5.637624808447	3	(27.1654,366.217,1.895)	60.3434	-68.3708
5.637166061508	5	(26.7782,407.705,1.895)	101.796	-71.476
5.638344002282	2	(23.9843,353.442,1.895)	47.5093	-71.8538
5.704416990746	1	(24.2163,328.582,1.895)	24.655	-62.1154
5.713647731778	4	(26.9776,386.34,1.895)	82.4508	-71.2929
5.737624808447	3	(27.1841,364.212,1.895)	60.3459	-68.3723
5.737166061508	5	(26.7944,405.965,1.895)	102.063	-71.5296
5.738344002282	2	(24.0016,351.587,1.895)	47.6608	-71.7993
5.804416990746	1	(24.2345,326.63,1.895)	24.7105	-62.0478
5.813647731778	4	(26.9953,384.448,1.895)	82.5666	-71.2598
5.837624808447	3	(27.2028,362.212,1.895)	60.3537	-68.3768
5.837166061508	5	(26.8108,404.215,1.895)	102.322	-71.5825
5.838344002282	2	(24.019,349.723,1.895)	47.8043	-71.7294
5.904416990746	1	(24.2527,324.682,1.895)	24.7674	-61.9835
5.913647731778	4	(27.013,382.55,1.895)	82.6723	-71.2303
5.937624808447	3	(27.2215,360.208,1.895)	60.3541	-68.3771
5.937166061508	5	(26.8271,402.46,1.895)	102.571	-71.6343
5.938344002282	2	(24.0365,347.846,1.895)	47.9319	-71.6535
6.004416990746	1	(24.2708,322.742,1.895)	24.8326	-61.9162
6.013647731778	4	(27.0307,380.653,1.895)	82.7815	-71.2003
6.037624808447	3	(27.2402,358.208,1.895)	60.3595	-68.3803
6.037166061508	5	(26.8436,400.697,1.895)	102.814	-71.6856
6.038344002282	2	(24.0539,345.982,1.895)	48.0735	-71.556
6.104416990746	1	(24.289,320.799,1.895)	24.8983	-61.8555
6.113647731778	4	(27.0484,378.754,1.895)	82.8911	-71.1708
6.137624808447	3	(27.2589,356.204,1.895)	60.364	-68.383
6.137166061508	5	(26.8601,398.929,1.895)	103.054	-71.737
6.138344002282	2	(24.0713,344.123,1.895)	48.2229	-71.4396
6.149164134695	6	(23.3976,416.3,1.895)	120.404	-77.3912
6.204416990746	1	(24.3072,318.847,1.895)	24.9558	-61.8084
6.213647731778	4	(27.0661,376.858,1.895)	83.004	-71.141
6.237624808447	3	(27.2776,354.199,1.895)	60.3689	-68.3858
6.237166061508	5	(26.8766,397.157,1.895)	103.291	-71.7886
6.238344002282	2	(24.0887,342.251,1.895)	48.3611	-71.3215
6.249164134695	6	(23.4163,414.298,1.895)	120.411	-77.3944
6.304416990746	1	(24.3255,316.887,1.895)	25.0022	-61.7747
6.313647731778	4	(27.0839,374.948,1.895)	83.0997	-71.1163
6.337624808447	3	(27.2962,352.199,1.895)	60.3749	-68.3894
6.337166061508	5	(26.8931,395.392,1.895)	103.532	-71.8418
6.338344002282	2	(24.1063,340.371,1.895)	48.4872	-71.2063
6.349164134695	6	(23.435,412.296,1.895)	120.415	-77.3961
6.404416990746	1	(24.3437,314.93,1.895)	25.0446	-61.7473
6.413647731778	4	(27.1017,373.047,1.895)	83.1992	-71.091
6.437624808447	3	(27.315,350.194,1.895)	60.3695	-68.3862
6.437166061508	5	(26.9098,393.606,1.895)	103.746	-71.8896
6.438344002282	2	(24.1238,338.49,1.895)	48.6059	-71.0925
6.449164134695	6	(23.4537,410.291,1.895)	120.41	-77.3938
6.504416990746	1	(24.362,312.976,1.895)	25.0978	-61.7177
6.513647731778	4	(27.1195,371.133,1.895)	83.2913	-71.068
6.537624808447	3	(27.3337,348.183,1.895)	60.3659	-68.3841
6.537166061508	5	(26.9264,391.824,1.895)	103.97	-71.9405
6.538344002282	2	(24.1415,336.601,1.895)	48.7237	-70.9753
6.549164134695	6	(23.4725,408.279,1.895)	120.405	-77.3917
6.604416990746	1	(24.3802,311.019,1.895)	25.1416	-61.6971
6.613647731778	4	(27.1374,369.213,1.895)	83.3724	-71.0481
6.637624808447	3	(27.3524,346.178,1.895)	60.3613	-68.3813
6.637166061508	5	(26.9432,390.028,1.895)	104.175	-71.9874
6.638344002282	2	(24.159,334.72,1.895)	48.8431	-70.853
6.649164134695	6	(23.4912,406.27,1.895)	120.397	-77.3881
6.704416990746	1	(24.3985,309.065,1.895)	25.1951	-61.6769
6.713647731778	4	(27.1553,367.305,1.895)	83.4729	-71.0238
6.737624808447	3	(27.3712,344.173,1.895)	60.3648	-68.3834
6.737166061508	5	(26.9599,388.235,1.895)	104.39	-72.0373
6.738344002282	2	(24.1767,332.83,1.895)	48.962	-70.7287
6.749164134695	6	(23.51,404.262,1.895)	120.397	-77.3881
6.804416990746	1	(24.4168,307.106,1.895)	25.2361	-61.665
6.813647731778	4	(27.1731,365.391,1.895)	83.5581	-71.0036
6.837624808447	3	(27.3899,342.163,1.895)	60.3534	-68.3767
6.837166061508	5	(26.9766,386.446,1.895)	104.601	-72.0867
6.838344002282	2	(24.1943,330.946,1.895)	49.0765	-70.6071
6.849164134695	6	(23.5287,402.255,1.895)	120.389	-77.3846
6.904416990746	1	(24.435,305.152,1.895)	25.2902	-61.6542
6.913647731778	4	(27.191,363.473,1.895)	83.6481	-70.9826
6.937624808447	3	(27.4087,340.151,1.895)	60.3498	-68.3746
6.937166061508	5	(26.9934,384.652,1.895)	104.815	-72.1376
6.938344002282	2	(24.2119,329.059,1.895)	49.1976	-70.4772
6.949164134695	6	(23.5474,400.254,1.895)	120.396	-77.3876
7.004416990746	1	(24.4533,303.197,1.895)	25.3353	-61.6494
7.013647731778	4	(27.209,361.547,1.895)	83.7226	-70.9655
7.037624808447	3	(27.4274,338.147,1.895)	60.3465	-68.3726
7.037166061508	5	(27.0102,382.848,1.895)	105.011	-72.1847
7.038344002282	2	(24.2295,327.174,1.895)	49.3139	-70.3518
7.049164134695	6	(23.5661,398.247,1.895)	120.39	-77.3851
7.104416990746	1	(24.4715,301.237,1.895)	25.3832	-61.6484
7.106714331009	7	(26.6976,416.34,1.895)	140.499	-87.793
7.113647731778	4	(27.2269,359.627,1.895)	83.8091	-70.9459
7.137624808447	3	(27.4461,336.142,1.895)	60.349	-68.3741
7.137166061508	5	(27.0272,381.03,1.895)	105.201	-72.2307
7.138344002282	2	(24.2471,325.279,1.895)	49.4262	-70.2305
7.149164134695	6	(23.5849,396.237,1.895)	120.387	-77.3837
7.204416990746	1	(24.4898,299.279,1.895)	25.4338	-61.6521
7.206714331009	7	(26.7162,414.347,1.895)	140.515	-87.7959
7.213647731778	4	(27.2448,357.71,1.895)	83.9016	-70.9254
7.237624808447	3	(27.4649,334.131,1.895)	60.3466	-68.3726
7.237166061508	5	(27.0441,379.215,1.895)	105.394	-72.2781
7.238344002282	2	(24.2648,323.388,1.895)	49.5434	-70.1044
7.249164134695	6	(23.6036,394.225,1.895)	120.384	-77.3826
7.304416990746	1	(24.5082,297.314,1.895)	25.4798	-61.6596
7.306714331009	7	(26.7348,412.351,1.895)	140.53	-87.7985
7.313647731778	4	(27.2628,355.783,1.895)	83.9851	-70.9072
7.337624808447	3	(27.4836,332.126,1.895)	60.3529	-68.3764
7.337166061508	5	(27.061,377.4,1.895)	105.59	-72.3266
7.338344002282	2	(24.2824,321.499,1.895)	49.6654	-69.9739
7.349164134695	6	(23.6224,392.218,1.895)	120.388	-77.3843
7.404416990746	1	(24.5265,295.345,1.895)	25.519	-61.6692
7.406714331009	7	(26.7534,410.358,1.895)	140.545	-87.8012
7.413647731778	4	(27.2808,353.855,1.895)	84.0656	-70.8899
7.437624808447	3	(27.5023,330.122,1.895)	60.3569	-68.3787
7.437166061508	5	(27.0781,375.576,1.895)	105.775	-72.3727
7.438344002282	2	(24.3002,319.6,1.895)	49.7751	-69.8574
7.449164134695	6	(23.6411,390.208,1.895)	120.387	-77.3838
7.504416990746	1	(24.5449,293.375,1.895)	25.5488	-61.6784
7.506714331009	7	(26.772,408.364,1.895)	140.551	-87.8023
7.513647731778	4	(27.2987,351.934,1.895)	84.144	-70.8733
7.537624808447	3	(27.5211,328.112,1.895)	60.3468	-68.3728
7.537166061508	5	(27.0951,373.754,1.895)	105.952	-72.4174
7.538344002282	2	(24.3179,317.697,1.895)	49.8719	-69.7556
7.549164134695	6	(23.6598,388.206,1.895)	120.384	-77.3825
7.604416990746	1	(24.5631,291.425,1.895)	25.6025	-61.699
7.606714331009	7	(26.7906,406.374,1.895)	140.564	-87.8046
7.613647731778	4	(27.3168,349.999,1.895)	84.2129	-70.859
7.637624808447	3	(27.5398,326.103,1.895)	60.3418	-68.3698
7.637166061508	5	(27.112,371.936,1.895)	106.137	-72.4645
7.638344002282	2	(24.3357,315.793,1.895)	49.9717	-69.652
7.649164134695	6	(23.6785,386.206,1.895)	120.388	-77.384
7.704416990746	1	(24.5815,289.458,1.895)	25.6463	-61.7198
7.706714331009	7	(26.8091,404.395,1.895)	140.596	-87.81
7.713647731778	4	(27.3348,348.069,1.895)	84.294	-70.8424
7.737624808447	3	(27.5586,324.093,1.895)	60.3429	-68.3705
7.737166061508	5	(27.1292,370.096,1.895)	106.309	-72.5086
7.738344002282	2	(24.3534,313.9,1.895)	50.0892	-69.5316
7.749164134695	6	(23.6972,384.205,1.895)	120.397	-77.3883
7.804416990746	1	(24.5999,287.49,1.895)	25.6865	-61.742
7.806714331009	7	(26.8277,402.4,1.895)	140.61	-87.8123
7.813647731778	4	(27.3528,346.137,1.895)	84.3695	-70.8271
7.837624808447	3	(27.5773,322.089,1.895)	60.3466	-68.3727
7.837166061508	5	(27.1463,368.267,1.895)	106.487	-72.5547
7.838344002282	2	(24.3711,311.997,1.895)	50.1945	-69.4254
7.849164134695	6	(23.7159,382.194,1.895)	120.395	-77.3871
7.904416990746	1	(24.6182,285.52,1.895)	25.7214	-61.7636
7.906714331009	7	(26.8462,400.417,1.895)	140.631	-87.8159
7.913647731778	4	(27.3709,344.2,1.895)	84.4375	-70.8136
7.937624808447	3	(27.596,320.085,1.895)	60.3469	-68.3728
7.937166061508	5	(27.1634,366.431,1.895)	106.656	-72.5987
7.938344002282	2	(24.3889,310.09,1.895)	50.292	-69.3287
7.949164134695	6	(23.7346,380.194,1.895)	120.399	-77.3892
8.004416990746	1	(24.6365,283.56,1.895)	25.7717	-61.7986
8.006714331009	7	(26.8648,398.427,1.895)	140.652	-87.8192
8.013647731778	4	(27.389,342.266,1.895)	84.5144	-70.7986
8.037624808447	3	(27.6147,318.082,1.895)	60.3547	-68.3774
8.037166061508	5	(27.1806,364.588,1.895)	106.823	-72.6428
8.038344002282	2	(24.4068,308.175,1.895)	50.388	-69.2351
8.049164134695	6	(23.7533,378.185,1.895)	120.401	-77.39
8.104416990746	1	(24.655,281.585,1.895)	25.799	-61.8195
8.106714331009	7	(26.8834,396.433,1.895)	140.66	-87.8206
8.113647731778	4	(27.4071,340.327,1.895)	84.5769	-70.7866
8.130686788412	8	(26.6976,416.34,1.895)	160.563	-82.1689
8.137624808447	3	(27.6334,316.078,1.895)	60.353	-68.3765
8.137166061508	5	(27.1978,362.744,1.895)	106.982	-72.6848
8.138344002282	2	(24.4246,306.262,1.895)	50.4776	-69.1492
8.149164134695	6	(23.7721,376.178,1.895)	120.396	-77.3878
8.204416990746	1	(24.6733,279.622,1.895)	25.8401	-61.8534
8.206714331009	7	(26.902,394.443,1.895)	140.674	-87.8229
8.213647731778	4	(27.4251,338.395,1.895)	84.6487	-70.7729
8.230686788412	8	(26.7147,414.503,1.895)	160.73	-82.1265
8.237624808447	3	(27.6521,314.067,1.895)	60.3459	-68.3723
8.237166061508	5	(27.2151,360.893,1.895)	107.134	-72.7255
8.238344002282	2	(24.4426,304.343,1.895)	50.5619	-69.0698
8.249164134695	6	(23.7908,374.177,1.895)	120.399	-77.3889
8.304416990746	1	(24.6916,277.66,1.895)	25.8801	-61.8892
8.306714331009	7	(26.9206,392.452,1.895)	140.685	-87.8247
8.313647731778	4	(27.4432,336.454,1.895)	84.7098	-70.7615
8.330686788412	8	(26.732,412.655,1.895)	160.884	-82.0876
8.337624808447	3	(27.6708,312.067,1.895)	60.3484	-68.3737
8.337166061508	5	(27.2323,359.049,1.895)	107.292	-72.768
8.338344002282	2	(24.4604,302.433,1.895)	50.6544	-68.9842
8.349164134695	6	(23.8094,372.175,1.895)	120.399	-77.3892
8.404416990746	1	(24.71,275.694,1.895)	25.9255	-61.9334
8.406714331009	7	(26.939,390.477,1.895)	140.722	-87.8304
8.413647731778	4	(27.4612,334.524,1.895)	84.7917	-70.7464
8.430686788412	8	(26.7492,410.811,1.895)	161.051	-82.0455
8.437624808447	3	(27.6895,310.065,1.895)	60.3578	-68.3793
8.437166061508	5	(27.2496,357.193,1.895)	107.448	-72.8103
8.438344002282	2	(24.4783,300.518,1.895)	50.7514	-68.8962
8.449164134695	6	(23.8281,370.172,1.895)	120.408	-77.3933
8.504416990746	1	(24.7284,273.721,1.895)	25.9523	-61.961
8.506714331009	7	(26.9575,388.488,1.895)	140.733	-87.8321
8.513647731778	4	(27.4793,332.589,1.895)	84.8564	-70.7346
8.530686788412	8	(26.7663,408.981,1.895)	161.221	-82.0033
8.537624808447	3	(27.7082,308.061,1.895)	60.3537	-68.3769
8.537166061508	5	(27.2668,355.356,1.895)	107.611	-72.8546
8.538344002282	2	(24.4962,298.599,1.895)	50.832	-68.8246
8.549164134695	6	(23.8468,368.172,1.895)	120.408	-77.3932
8.604416990746	1	(24.7467,271.752,1.895)	25.989	-62.0008
8.606714331009	7	(26.976,386.516,1.895)	140.766	-87.8371
8.613647731778	4	(27.4974,330.65,1.895)	84.9228	-70.7227
8.630686788412	8	(26.7836,407.129,1.895)	161.375	-81.9654
8.637624808447	3	(27.727,306.049,1.895)	60.3475	-68.3732
8.637166061508	5	(27.284,353.512,1.895)	107.773	-72.899
8.638344002282	2	(24.5141,296.678,1.895)	50.9169	-68.7506
8.649164134695	6	(23.8656,366.161,1.895)	120.402	-77.3906
8.704416990746	1	(24.7651,269.78,1.895)	26.0248	-62.0418
8.706714331009	7	(26.9943,384.547,1.895)	140.804	-87.8427
8.713647731778	4	(27.5156,328.7,1.895)	84.9802	-70.7126
8.730686788412	8	(26.8007,405.296,1.895)	161.549	-81.9229
8.737624808447	3	(27.7457,304.044,1.895)	60.3498	-68.3745
8.737166061508	5	(27.3013,351.663,1.895)	107.931	-72.9427
8.738344002282	2	(24.532,294.76,1.895)	51.0059	-68.6745
8.749164134695	6	(23.8842,364.162,1.895)	120.41	-77.394
8.804416990746	1	(24.7835,267.811,1.895)	26.0655	-62.091
8.806714331009	7	(27.0128,382.567,1.895)	140.834	-87.847
8.813647731778	4	(27.5338,326.751,1.895)	85.0419	-70.7019
8.830686788412	8	(26.8179,403.452,1.895)	161.715	-81.8827
8.837624808447	3	(27.7645,302.033,1.895)	60.3484	-68.3737
8.837166061508	5	(27.3187,349.795,1.895)	108.073	-72.9825
8.838344002282	2	(24.5499,292.838,1.895)	51.0935	-68.6013
8.849164134695	6	(23.903,362.15,1.895)	120.408	-77.3933
8.904416990746	1	(24.802,265.829,1.895)	26.0916	-62.124
8.906714331009	7	(27.0313,380.586,1.895)	140.861	-87.8508
8.913647731778	4	(27.552,324.8,1.895)	85.098	-70.6922
8.930686788412	8	(26.8351,401.606,1.895)	161.877	-81.8439
8.937624808447	3	(27.7832,300.021,1.895)	60.3443	-68.3713
8.937166061508	5	(27.336,347.935,1.895)	108.22	-73.0238
8.938344002282	2	(24.5679,290.916,1.895)	51.1788	-68.5316
8.949164134695	6	(23.9218,360.14,1.895)	120.406	-77.3924
9.004416990746	1	(24.8204,263.856,1.895)	26.1199	-62.1609
9.006714331009	7	(27.0498,378.602,1.895)	140.878	-87.8531
9.013647731778	4	(27.5702,322.846,1.895)	85.1449	-70.6843
9.030686788412	8	(26.8524,399.757,1.895)	162.029	-81.8075
9.037624808447	3	(27.802,298.011,1.895)	60.3351	-68.3659
9.037166061508	5	(27.3535,346.065,1.895)	108.351	-73.0607
9.038344002282	2	(24.5859,288.981,1.895)	51.2453	-68.4784
9.049164134695	6	(23.9405,358.132,1.895)	120.4	-77.3893
9.104416990746	1	(24.8388,261.892,1.895)	26.1642	-62.2213
9.106714331009	7	(27.0683,376.623,1.895)	140.908	-87.8571
9.113647731778	4	(27.5885,320.891,1.895)	85.1994	-70.6751
9.130686788412	8	(26.8697,397.903,1.895)	162.184	-81.771
9.137624808447	3	(27.8207,296.011,1.895)	60.3441	-68.3712
9.137166061508	5	(27.371,344.191,1.895)	108.487	-73.0991
9.138344002282	2	(24.604,287.048,1.895)	51.321	-68.4189
9.143004710367	9	(26.6976,416.34,1.895)	180.618	-78.9566
9.149164134695	6	(23.9592,356.132,1.895)	120.408	-77.3931
9.204416990746	1	(24.8573,259.911,1.895)	26.1916	-62.2602
9.206714331009	7	(27.0868,374.635,1.895)	140.929	-87.8598
9.213647731778	4	(27.6066,318.946,1.895)	85.2624	-70.6647
9.230686788412	8	(26.887,396.049,1.895)	162.338	-81.7348
9.237624808447	3	(27.8394,294.005,1.895)	60.3463	-68.3725
9.237166061508	5	(27.3885,342.316,1.895)	108.619	-73.137
9.238344002282	2	(24.6219,285.127,1.895)	51.4088	-68.3514
9.243004710367	9	(26.7134,414.649,1.895)	180.935	-78.9275
9.249164134695	6	(23.9778,354.132,1.895)	120.417	-77.3969
9.304416990746	1	(24.8757,257.932,1.895)	26.2187	-62.2998
9.306714331009	7	(27.1053,372.657,1.895)	140.956	-87.8634
9.313647731778	4	(27.6248,316.993,1.895)	85.3156	-70.656
9.330686788412	8	(26.9044,394.184,1.895)	162.479	-81.7021
9.337624808447	3	(27.8581,292.001,1.895)	60.3484	-68.3737
9.337166061508	5	(27.406,340.44,1.895)	108.75	-73.1744
9.338344002282	2	(24.6399,283.196,1.895)	51.4843	-68.2947
9.343004710367	9	(26.7292,412.95,1.895)	181.242	-78.8997
9.349164134695	6	(23.9965,352.132,1.895)	120.422	-77.3994
9.404416990746	1	(24.8942,255.953,1.895)	26.2494	-62.3459
9.406714331009	7	(27.1238,370.678,1.895)	140.987	-87.8672
9.413647731778	4	(27.6431,315.04,1.895)	85.3717	-70.647
9.430686788412	8	(26.9218,392.323,1.895)	162.628	-81.6678
9.437624808447	3	(27.8768,289.993,1.895)	60.3501	-68.3747
9.437166061508	5	(27.4235,338.567,1.895)	108.886	-73.2139
9.438344002282	2	(24.6579,281.266,1.895)	51.5632	-68.2368
9.443004710367	9	(26.7452,411.241,1.895)	181.543	-78.8729
9.449164134695	6	(24.0152,350.127,1.895)	120.428	-77.4017
9.504416990746	1	(24.9127,253.974,1.895)	26.2731	-62.3824
9.506714331009	7	(27.1423,368.693,1.895)	141.005	-87.8694
9.513647731778	4	(27.6614,313.08,1.895)	85.4147	-70.6401
9.530686788412	8	(26.9392,390.457,1.895)	162.765	-81.6362
9.537624808447	3	(27.8955,287.989,1.895)	60.3492	-68.3742
9.537166061508	5	(27.4411,336.682,1.895)	109.004	-73.2479
9.538344002282	2	(24.676,279.336,1.895)	51.6366	-68.1841
9.543004710367	9	(26.7612,409.527,1.895)	181.832	-78.8475
9.549164134695	6	(24.0339,348.123,1.895)	120.426	-77.4012
9.604416990746	1	(24.9311,251.995,1.895)	26.2937	-62.4148
9.606714331009	7	(27.1608,366.71,1.895)	141.022	-87.8713
9.613647731778	4	(27.6795,311.133,1.895)	85.467	-70.6319
9.630686788412	8	(26.9567,388.584,1.895)	162.891	-81.6076
9.637624808447	3	(27.9143,285.977,1.895)	60.3365	-68.3667
9.637166061508	5	(27.4586,334.801,1.895)	109.123	-73.2826
9.638344002282	2	(24.694,277.401,1.895)	51.7008	-68.139
9.643004710367	9	(26.7772,407.808,1.895)	182.113	-78.8232
9.649164134695	6	(24.0527,346.113,1.895)	120.416	-77.3965
9.704416990746	1	(24.9495,250.027,1.895)	26.334	-62.4801
9.706714331009	7	(27.1793,364.728,1.895)	141.048	-87.8744
9.713647731778	4	(27.6979,309.17,1.895)	85.5118	-70.6249
9.730686788412	8	(26.9741,386.713,1.895)	163.029	-81.5764
9.737624808447	3	(27.933,283.976,1.895)	60.3435	-68.3708
9.737166061508	5	(27.4761,332.925,1.895)	109.255	-73.3213
9.738344002282	2	(24.7121,275.466,1.895)	51.7734	-68.089
9.743004710367	9	(26.7934,406.081,1.895)	182.393	-78.7992
9.749164134695	6	(24.0714,344.11,1.895)	120.421	-77.3988
9.804416990746	1	(24.9679,248.054,1.895)	26.3635	-62.5292
9.806714331009	7	(27.1978,362.747,1.895)	141.069	-87.8769
9.813647731778	4	(27.7161,307.213,1.895)	85.5578	-70.6178
9.830686788412	8	(26.9916,384.843,1.895)	163.161	-81.5467
9.837624808447	3	(27.9517,281.974,1.895)	60.3441	-68.3712
9.837166061508	5	(27.4938,331.037,1.895)	109.37	-73.3552
9.838344002282	2	(24.73,273.542,1.895)	51.8525	-68.0358
9.843004710367	9	(26.8094,404.359,1.895)	182.674	-78.7756
9.849164134695	6	(24.0902,342.098,1.895)	120.412	-77.3949
9.904416990746	1	(24.9864,246.076,1.895)	26.3923	-62.5784
9.906714331009	7	(27.2163,360.764,1.895)	141.093	-87.8795
9.913647731778	4	(27.7344,305.257,1.895)	85.6086	-70.6101
9.930686788412	8	(27.0091,382.967,1.895)	163.292	-81.5175
9.937624808447	3	(27.9704,279.966,1.895)	60.3433	-68.3707
9.937166061508	5	(27.5114,329.151,1.895)	109.49	-73.3909
9.938344002282	2	(24.7481,271.607,1.895)	51.9244	-67.9887
9.943004710367	9	(26.8256,402.628,1.895)	182.95	-78.7527
9.949164134695	6	(24.1089,340.087,1.895)	120.407	-77.3928
10.004416990746	1	(25.0049,244.093,1.895)	26.4157	-62.6191
10.006714331009	7	(27.2348,358.779,1.895)	141.115	-87.8819
10.013647731778	4	(27.7527,303.298,1.895)	85.6566	-70.6029
10.030686788412	8	(27.0266,381.09,1.895)	163.421	-81.4889
10.037624808447	3	(27.9892,277.959,1.895)	60.3429	-68.3705
10.037166061508	5	(27.529,327.26,1.895)	109.605	-73.4251
10.038344002282	2	(24.7661,269.674,1.895)	51.9983	-67.9413
10.043004710367	9	(26.8418,400.892,1.895)	183.221	-78.7306
10.049164134695	6	(24.1277,338.08,1.895)	120.407	-77.3927
10.104416990746	1	(25.0234,242.111,1.895)	26.441	-62.6638
10.106714331009	7	(27.2534,356.795,1.895)	141.138	-87.8843
10.113647731778	4	(27.7709,301.342,1.895)	85.7077	-70.5953
10.130686788412	8	(27.0442,379.207,1.895)	163.546	-81.4615
10.137624808447	3	(28.0078,275.956,1.895)	60.3471	-68.373
10.137166061508	5	(27.5467,325.364,1.895)	109.717	-73.4584
10.138344002282	2	(24.7842,267.735,1.895)	52.0661	-67.8989
10.143004710367	9	(26.8581,399.145,1.895)	183.481	-78.7096
10.149164134695	6	(24.1464,336.069,1.895)	120.403	-77.391
10.204416990746	1	(25.0419,240.125,1.895)	26.4632	-62.7038
10.206714331009	7	(27.2718,354.814,1.895)	141.166	-87.8872
10.213647731778	4	(27.7891,299.391,1.895)	85.7651	-70.5869
10.230686788412	8	(27.0617,377.325,1.895)	163.672	-81.4339
10.237624808447	3	(28.0265,273.955,1.895)	60.355	-68.3776
10.237166061508	5	(27.5643,323.477,1.895)	109.838	-73.495
10.238344002282	2	(24.8024,265.788,1.895)	52.1276	-67.8613
10.243004710367	9	(26.8744,397.397,1.895)	183.741	-78.6888
10.249164134695	6	(24.1652,334.061,1.895)	120.404	-77.3911
10.304416990746	1	(25.0605,238.138,1.895)	26.4811	-62.7365
10.306714331009	7	(27.2902,352.844,1.895)	141.2	-87.8906
10.313647731778	4	(27.8074,297.436,1.895)	85.8148	-70.5797
10.330686788412	8	(27.0793,375.446,1.895)	163.798	-81.4066
10.337624808447	3	(28.0452,271.955,1.895)	60.3586	-68.3798
10.337166061508	5	(27.5819,321.589,1.895)	109.955	-73.5301
10.338344002282	2	(24.8206,263.843,1.895)	52.1873	-67.8255
10.343004710367	9	(26.8908,395.642,1.895)	183.991	-78.6692
10.349164134695	6	(24.184,332.05,1.895)	120.397	-77.3881
10.404416990746	1	(25.0789,236.164,1.895)	26.5128	-62.7953
10.406714331009	7	(27.3087,350.864,1.895)	141.225	-87.893
10.413647731778	4	(27.8256,295.479,1.895)	85.8634	-70.5728
10.430686788412	8	(27.0968,373.571,1.895)	163.929	-81.3783
10.437624808447	3	(28.0639,269.949,1.895)	60.3593	-68.3801
10.437166061508	5	(27.5996,319.7,1.895)	110.071	-73.5654
10.438344002282	2	(24.8388,261.892,1.895)	52.2423	-67.7932
10.443004710367	9	(26.9072,393.886,1.895)	184.241	-78.6498
10.449164134695	6	(24.2027,330.046,1.895)	120.399	-77.3891
10.504416990746	1	(25.0974,234.178,1.895)	26.526	-62.8202
10.506714331009	7	(27.3271,348.892,1.895)	141.253	-87.8956
10.513647731778	4	(27.8439,293.522,1.895)	85.905	-70.5669
10.530686788412	8	(27.1144,371.679,1.895)	164.036	-81.3553
10.537624808447	3	(28.0827,267.938,1.895)	60.3473	-68.3731
10.537166061508	5	(27.6173,317.802,1.895)	110.172	-73.5962
10.538344002282	2	(24.8569,259.949,1.895)	52.2982	-67.761
10.543004710367	9	(26.9235,392.134,1.895)	184.487	-78.6309
10.549164134695	6	(24.2214,328.038,1.895)	120.39	-77.385
10.604416990746	1	(25.1159,232.199,1.895)	26.5517	-62.8692
10.606714331009	7	(27.3456,346.908,1.895)	141.273	-87.8974
10.613647731778	4	(27.8622,291.56,1.895)	85.9473	-70.561
10.630686788412	8	(27.132,369.802,1.895)	164.163	-81.3283
10.637624808447	3	(28.1014,265.937,1.895)	60.3504	-68.3749
10.637166061508	5	(27.635,315.909,1.895)	110.284	-73.6304
10.638344002282	2	(24.8751,257.995,1.895)	52.3488	-67.7324
10.643004710367	9	(26.94,390.369,1.895)	184.727	-78.6127
10.649164134695	6	(24.2401,326.033,1.895)	120.389	-77.3848
10.704416990746	1	(25.1343,230.224,1.895)	26.5808	-62.9253
10.706714331009	7	(27.3641,344.934,1.895)	141.304	-87.9
10.713647731778	4	(27.8805,289.605,1.895)	85.9971	-70.5541
10.730686788412	8	(27.1497,367.905,1.895)	164.27	-81.3056
10.737624808447	3	(28.1201,263.931,1.895)	60.3488	-68.3739
10.737166061508	5	(27.6527,314.004,1.895)	110.383	-73.6609
10.738344002282	2	(24.8933,256.049,1.895)	52.4064	-67.7005
10.743004710367	9	(26.9564,388.616,1.895)	184.979	-78.5939
10.749164134695	6	(24.2589,324.023,1.895)	120.383	-77.3822
10.804416990746	1	(25.1528,228.243,1.895)	26.6106	-62.9839
10.806714331009	7	(27.3825,342.952,1.895)	141.332	-87.9024
10.813647731778	4	(27.8988,287.641,1.895)	86.0438	-70.5478
10.830686788412	8	(27.1673,366.016,1.895)	164.391	-81.28
10.837624808447	3	(28.1387,261.931,1.895)	60.3592	-68.3801
10.837166061508	5	(27.6704,312.112,1.895)	110.502	-73.6974
10.838344002282	2	(24.9115,254.103,1.895)	52.4711	-67.6655
10.843004710367	9	(26.9729,386.841,1.895)	185.214	-78.5766
10.849164134695	6	(24.2776,322.017,1.895)	120.388	-77.3843
10.904416990746	1	(25.1713,226.26,1.895)	26.636	-63.0345
10.906714331009	7	(27.401,340.976,1.895)	141.365	-87.905
10.913647731778	4	(27.9171,285.679,1.895)	86.0901	-70.5415
10.930686788412	8	(27.185,364.117,1.895)	164.502	-81.2569
10.937624808447	3	(28.1575,259.926,1.895)	60.3624	-68.382
10.937166061508	5	(27.6882,310.209,1.895)	110.607	-73.73
10.938344002282	2	(24.9296,252.161,1.895)	52.5376	-67.6305
10.943004710367	9	(26.9895,385.069,1.895)	185.451	-78.5593
10.949164134695	6	(24.2964,320.006,1.895)	120.386	-77.3832
11.004416990746	1	(25.1898,224.281,1.895)	26.6671	-63.0974
11.006714331009	7	(27.4194,339,1.895)	141.399	-87.9076
11.013647731778	4	(27.9355,283.709,1.895)	86.1308	-70.5361
11.030686788412	8	(27.2027,362.223,1.895)	164.618	-81.2327
11.037624808447	3	(28.1762,257.919,1.895)	60.3664	-68.3844
11.037166061508	5	(27.7059,308.304,1.895)	110.712	-73.7629
11.038344002282	2	(24.9478,250.211,1.895)	52.5985	-67.5991
11.043004710367	9	(27.0061,383.285,1.895)	185.677	-78.543
11.049164134695	6	(24.315,318.004,1.895)	120.395	-77.3871
11.104416990746	1	(25.2084,222.29,1.895)	26.6808	-63.1253
11.106714331009	7	(27.4379,337.019,1.895)	141.423	-87.9093
11.113647731778	4	(27.9539,281.739,1.895)	86.1649	-70.5316
11.130686788412	8	(27.2203,360.332,1.895)	164.731	-81.2092
11.137624808447	3	(28.1949,255.913,1.895)	60.3655	-68.3838
11.137166061508	5	(27.7238,306.385,1.895)	110.799	-73.7898
11.138344002282	2	(24.966,248.266,1.895)	52.6582	-67.5691
11.143004710367	9	(27.0227,381.506,1.895)	185.903	-78.5269
11.149164134695	6	(24.3338,315.999,1.895)	120.394	-77.3869
11.204416990746	1	(25.2269,220.312,1.895)	26.7089	-63.1832
11.206714331009	7	(27.4565,335.028,1.895)	141.437	-87.9103
11.213647731778	4	(27.9722,279.778,1.895)	86.2093	-70.5258
11.230686788412	8	(27.2381,358.43,1.895)	164.834	-81.188
11.237624808447	3	(28.2137,253.903,1.895)	60.3606	-68.3809
11.237166061508	5	(27.7417,304.473,1.895)	110.891	-73.8189
11.238344002282	2	(24.9842,246.312,1.895)	52.7093	-67.544
11.243004710367	9	(27.0394,379.72,1.895)	186.121	-78.5115
11.249164134695	6	(24.3525,313.996,1.895)	120.397	-77.3881
11.304416990746	1	(25.2454,218.328,1.895)	26.7249	-63.2164
11.306714331009	7	(27.475,333.046,1.895)	141.456	-87.9116
11.313647731778	4	(27.9906,277.804,1.895)	86.2362	-70.5224
11.330686788412	8	(27.2559,356.526,1.895)	164.931	-81.1681
11.337624808447	3	(28.2324,251.892,1.895)	60.3498	-68.3746
11.337166061508	5	(27.7595,302.562,1.895)	110.982	-73.8473
11.338344002282	2	(25.0024,244.366,1.895)	52.7642	-67.5176
11.343004710367	9	(27.0562,377.922,1.895)	186.325	-78.4973
11.349164134695	6	(24.3712,311.984,1.895)	120.386	-77.3832
11.404416990746	1	(25.2639,216.345,1.895)	26.7435	-63.2553
11.406714331009	7	(27.4935,331.065,1.895)	141.476	-87.9128
11.413647731778	4	(28.009,275.832,1.895)	86.265	-70.5187
11.430686788412	8	(27.2736,354.627,1.895)	165.034	-81.1472
11.437624808447	3	(28.2511,249.891,1.895)	60.35	-68.3746
11.437166061508	5	(27.7774,300.648,1.895)	111.068	-73.8745
11.438344002282	2	(25.0206,242.407,1.895)	52.806	-67.4979
11.443004710367	9	(27.0729,376.127,1.895)	186.531	-78.4831
11.449164134695	6	(24.39,309.973,1.895)	120.375	-77.3786
11.504416990746	1	(25.2823,214.368,1.895)	26.7676	-63.306
11.506714331009	7	(27.5119,329.089,1.895)	141.501	-87.9144
11.513647731778	4	(28.0273,273.87,1.895)	86.3044	-70.5137
11.530686788412	8	(27.2913,352.725,1.895)	165.133	-81.1271
11.537624808447	3	(28.2698,247.887,1.895)	60.348	-68.3735
11.537166061508	5	(27.7953,298.73,1.895)	111.152	-73.9012
11.538344002282	2	(25.0389,240.449,1.895)	52.8495	-67.4778
11.543004710367	9	(27.0897,374.333,1.895)	186.738	-78.469
11.549164134695	6	(24.4087,307.969,1.895)	120.372	-77.3774
11.604416990746	1	(25.3009,212.383,1.895)	26.7914	-63.3567
11.606714331009	7	(27.5305,327.106,1.895)	141.527	-87.9159
11.613647731778	4	(28.0456,271.908,1.895)	86.3509	-70.5078
11.630686788412	8	(27.3091,350.821,1.895)	165.238	-81.106
11.637624808447	3	(28.2885,245.885,1.895)	60.3546	-68.3774
11.637166061508	5	(27.8131,296.821,1.895)	111.251	-73.9326
11.638344002282	2	(25.0571,238.502,1.895)	52.9113	-67.4498
11.643004710367	9	(27.1065,372.532,1.895)	186.945	-78.455
11.649164134695	6	(24.4274,305.966,1.895)	120.378	-77.3798
11.704416990746	1	(25.3195,210.39,1.895)	26.7999	-63.3748
11.706714331009	7	(27.5489,325.133,1.895)	141.555	-87.9176
11.713647731778	4	(28.064,269.944,1.895)	86.3886	-70.5032
11.730686788412	8	(27.3269,348.913,1.895)	165.331	-81.0873
11.737624808447	3	(28.3072,243.878,1.895)	60.3489	-68.374
11.737166061508	5	(27.8309,294.911,1.895)	111.343	-73.9619
11.738344002282	2	(25.0753,236.553,1.895)	52.9644	-67.4264
11.743004710367	9	(27.1233,370.731,1.895)	187.146	-78.4416
11.749164134695	6	(24.4461,303.959,1.895)	120.373	-77.3778
11.804416990746	1	(25.338,208.407,1.895)	26.8217	-63.4216
11.806714331009	7	(27.5673,323.159,1.895)	141.586	-87.9192
11.813647731778	4	(28.0823,267.977,1.895)	86.4265	-70.4985
11.830686788412	8	(27.3446,347.017,1.895)	165.44	-81.0655
11.837624808447	3	(28.326,241.87,1.895)	60.3457	-68.3721
11.837166061508	5	(27.8489,292.99,1.895)	111.427	-73.9888
11.838344002282	2	(25.0935,234.596,1.895)	53.0124	-67.4057
11.843004710367	9	(27.1402,368.923,1.895)	187.343	-78.4286
11.849164134695	6	(24.4648,301.96,1.895)	120.379	-77.3803
11.904416990746	1	(25.3565,206.426,1.895)	26.846	-63.4738
11.906714331009	7	(27.5857,321.185,1.895)	141.618	-87.9207
11.913647731778	4	(28.1008,265.999,1.895)	86.4534	-70.4952
11.930686788412	8	(27.3624,345.114,1.895)	165.542	-81.0452
11.937624808447	3	(28.3447,239.866,1.895)	60.3471	-68.3729
11.937166061508	5	(27.8667,291.077,1.895)	111.519	-74.0184
11.938344002282	2	(25.1118,232.637,1.895)	53.0576	-67.3866
11.943004710367	9	(27.1569,367.126,1.895)	187.551	-78.415
11.949164134695	6	(24.4835,299.954,1.895)	120.378	-77.3799
12.004416990746	1	(25.3749,204.446,1.895)	26.8681	-63.522
12.006714331009	7	(27.6041,319.213,1.895)	141.648	-87.9221
12.013647731778	4	(28.1191,264.033,1.895)	86.4895	-70.4909
12.030686788412	8	(27.3802,343.206,1.895)	165.636	-81.0267
12.037624808447	3	(28.3634,237.859,1.895)	60.3419	-68.3699
12.037166061508	5	(27.8848,289.141,1.895)	111.585	-74.0396
12.038344002282	2	(25.1301,230.677,1.895)	53.1001	-67.369
12.043004710367	9	(27.1738,365.32,1.895)	187.747	-78.4023
12.049164134695	6	(24.5023,297.946,1.895)	120.373	-77.3774
12.104416990746	1	(25.3935,202.462,1.895)	26.8873	-63.5638
12.106714331009	7	(27.6226,317.227,1.895)	141.665	-87.9228
12.113647731778	4	(28.1375,262.061,1.895)	86.5205	-70.4872
12.130686788412	8	(27.3979,341.304,1.895)	165.737	-81.0068
12.137624808447	3	(28.3822,235.852,1.895)	60.3377	-68.3674
12.137166061508	5	(27.9027,287.225,1.895)	111.671	-74.0677
12.138344002282	2	(25.1484,228.719,1.895)	53.1456	-67.3505
12.143004710367	9	(27.1907,363.505,1.895)	187.936	-78.3903
12.149164134695	6	(24.5209,295.945,1.895)	120.374	-77.3783
12.204416990746	1	(25.412,200.475,1.895)	26.9091	-63.6117
12.206714331009	7	(27.6411,315.251,1.895)	141.698	-87.9242
12.213647731778	4	(28.156,260.086,1.895)	86.555	-70.4831
12.230686788412	8	(27.4158,339.393,1.895)	165.835	-80.9876
12.237624808447	3	(28.4009,233.846,1.895)	60.3407	-68.3692
12.237166061508	5	(27.9206,285.299,1.895)	111.755	-74.0948
12.238344002282	2	(25.1667,226.759,1.895)	53.1947	-67.3311
12.243004710367	9	(27.2076,361.695,1.895)	188.134	-78.3777
12.249164134695	6	(24.5397,293.936,1.895)	120.375	-77.3784
12.304416990746	1	(25.4305,198.49,1.895)	26.9352	-63.6689
12.306714331009	7	(27.6595,313.277,1.895)	141.735	-87.9255
12.313647731778	4	(28.1744,258.113,1.895)	86.5928	-70.4787
12.330686788412	8	(27.4336,337.482,1.895)	165.936	-80.9681
12.337624808447	3	(28.4196,231.837,1.895)	60.3433	-68.3707
12.337166061508	5	(27.9386,283.373,1.895)	111.84	-74.1223
12.338344002282	2	(25.185,224.799,1.895)	53.2454	-67.3114
12.343004710367	9	(27.2246,359.871,1.895)	188.321	-78.3659
12.349164134695	6	(24.5584,291.931,1.895)	120.38	-77.3807
12.404416990746	1	(25.4492,196.494,1.895)	26.9508	-63.7033
12.406714331009	7	(27.678,311.295,1.895)	141.765	-87.9264
12.413647731778	4	(28.1928,256.138,1.895)	86.6295	-70.4745
12.430686788412	8	(27.4515,335.57,1.895)	166.035	-80.9489
12.437624808447	3	(28.4384,229.828,1.895)	60.3457	-68.3721
12.437166061508	5	(27.9566,281.447,1.895)	111.926	-74.1504
12.438344002282	2	(25.2033,222.841,1.895)	53.2992	-67.2911
12.443004710367	9	(27.2416,358.049,1.895)	188.511	-78.3542
12.449164134695	6	(24.5772,289.92,1.895)	120.381	-77.3811
12.504416990746	1	(25.4677,194.506,1.895)	26.9686	-63.7427
12.506714331009	7	(27.6965,309.318,1.895)	141.793	-87.9272
12.513647731778	4	(28.2113,254.155,1.895)	86.6514	-70.4719
12.530686788412	8	(27.4693,333.655,1.895)	166.126	-80.9314
12.537624808447	3	(28.457,227.827,1.895)	60.3499	-68.3746
12.537166061508	5	(27.9746,279.514,1.895)	111.997	-74.1739
12.538344002282	2	(25.2216,220.873,1.895)	53.3362	-67.2775
12.543004710367	9	(27.2586,356.228,1.895)	188.695	-78.3428
12.549164134695	6	(24.5959,287.911,1.895)	120.377	-77.3794
12.604416990746	1	(25.4863,192.514,1.895)	26.9786	-63.7648
12.606714331009	7	(27.715,307.332,1.895)	141.81	-87.9276
12.613647731778	4	(28.2297,252.185,1.895)	86.6846	-70.4682
12.630686788412	8	(27.4873,331.734,1.895)	166.207	-80.9159
12.637624808447	3	(28.4757,225.827,1.895)	60.3531	-68.3765
12.637166061508	5	(27.9927,277.578,1.895)	112.064	-74.1959
12.638344002282	2	(25.2399,218.91,1.895)	53.3763	-67.263
12.643004710367	9	(27.2757,354.4,1.895)	188.87	-78.3322
12.649164134695	6	(24.6147,285.904,1.895)	120.373	-77.3775
12.704416990746	1	(25.5049,190.527,1.895)	27.0029	-63.8187
12.706714331009	7	(27.7335,305.349,1.895)	141.837	-87.9283
12.713647731778	4	(28.2482,250.208,1.895)	86.7182	-70.4644
12.730686788412	8	(27.5052,329.807,1.895)	166.291	-80.8998
12.737624808447	3	(28.4944,223.828,1.895)	60.3643	-68.3831
12.737166061508	5	(28.0107,275.646,1.895)	112.143	-74.2216
12.738344002282	2	(25.2583,216.942,1.895)	53.4193	-67.2478
12.743004710367	9	(27.2928,352.567,1.895)	189.048	-78.3215
12.749164134695	6	(24.6334,283.897,1.895)	120.376	-77.3791
12.804416990746	1	(25.5235,188.534,1.895)	27.0121	-63.8391
12.806714331009	7	(27.7521,303.362,1.895)	141.853	-87.9286
12.813647731778	4	(28.2665,248.24,1.895)	86.7526	-70.4606
12.830686788412	8	(27.5231,327.889,1.895)	166.375	-80.8838
12.837624808447	3	(28.5131,221.817,1.895)	60.3566	-68.3786
12.837166061508	5	(28.0288,273.711,1.895)	112.211	-74.2442
12.838344002282	2	(25.2766,214.984,1.895)	53.4633	-67.2326
12.843004710367	9	(27.31,350.723,1.895)	189.207	-78.312
12.849164134695	6	(24.6521,281.894,1.895)	120.377	-77.3793
12.904416990746	1	(25.542,186.549,1.895)	27.0285	-63.8757
12.906714331009	7	(27.7706,301.379,1.895)	141.871	-87.9289
12.913647731778	4	(28.285,246.263,1.895)	86.777	-70.4579
12.930686788412	8	(27.5411,325.961,1.895)	166.449	-80.8698
12.937624808447	3	(28.5319,219.81,1.895)	60.3503	-68.3749
12.937166061508	5	(28.0468,271.786,1.895)	112.287	-74.2694
12.938344002282	2	(25.295,213.017,1.895)	53.4974	-67.221
12.943004710367	9	(27.3271,348.89,1.895)	189.375	-78.302
12.949164134695	6	(24.6709,279.882,1.895)	120.366	-77.3746
13.004416990746	1	(25.5605,184.564,1.895)	27.055	-63.9345
13.006714331009	7	(27.789,299.408,1.895)	141.911	-87.9295
13.013647731778	4	(28.3034,244.286,1.895)	86.8109	-70.4542
13.030686788412	8	(27.5592,324.03,1.895)	166.529	-80.8548
13.037624808447	3	(28.5506,217.8,1.895)	60.3513	-68.3754
13.037166061508	5	(28.0649,269.843,1.895)	112.355	-74.292
13.038344002282	2	(25.3133,211.054,1.895)	53.5462	-67.2049
13.043004710367	9	(27.3443,347.046,1.895)	189.542	-78.2922
13.049164134695	6	(24.6896,277.878,1.895)	120.373	-77.3775
13.104416990746	1	(25.5791,182.569,1.895)	27.066	-63.9591
13.106714331009	7	(27.8074,297.428,1.895)	141.938	-87.9298
13.113647731778	4	(28.322,242.301,1.895)	86.8329	-70.4518
13.130686788412	8	(27.577,322.118,1.895)	166.623	-80.837
13.137624808447	3	(28.5694,215.789,1.895)	60.3476	-68.3732
13.137166061508	5	(28.083,267.899,1.895)	112.418	-74.3128
13.138344002282	2	(25.3316,209.095,1.895)	53.5941	-67.1894
13.143004710367	9	(27.3616,345.201,1.895)	189.704	-78.2828
13.149164134695	6	(24.7082,275.877,1.895)	120.379	-77.3801
13.204416990746	1	(25.5978,180.572,1.895)	27.0755	-63.98
13.206714331009	7	(27.826,295.443,1.895)	141.958	-87.93
13.213647731778	4	(28.3404,240.323,1.895)	86.8612	-70.4487
13.230686788412	8	(27.595,320.194,1.895)	166.705	-80.8218
13.237624808447	3	(28.5881,213.783,1.895)	60.3473	-68.3731
13.237166061508	5	(28.1012,265.953,1.895)	112.477	-74.3327
13.238344002282	2	(25.3499,207.127,1.895)	53.6319	-67.1776
13.243004710367	9	(27.3787,343.367,1.895)	189.875	-78.2729
13.249164134695	6	(24.7269,273.878,1.895)	120.385	-77.383
13.304416990746	1	(25.6164,178.576,1.895)	27.081	-63.9923
13.306714331009	7	(27.8445,293.462,1.895)	141.98	-87.9301
13.313647731778	4	(28.3589,238.346,1.895)	86.886	-70.4461
13.330686788412	8	(27.613,318.258,1.895)	166.771	-80.8095
13.337624808447	3	(28.6069,211.776,1.895)	60.3424	-68.3702
13.337166061508	5	(28.1193,264.018,1.895)	112.545	-74.3551
13.338344002282	2	(25.3684,205.15,1.895)	53.6559	-67.1702
13.343004710367	9	(27.3959,341.521,1.895)	190.031	-78.264
13.349164134695	6	(24.7456,271.875,1.895)	120.385	-77.3827
13.404416990746	1	(25.635,176.586,1.895)	27.1028	-64.0408
13.406714331009	7	(27.8629,291.486,1.895)	142.016	-87.9302
13.413647731778	4	(28.3773,236.367,1.895)	86.9185	-70.4426
13.430686788412	8	(27.631,316.332,1.895)	166.856	-80.7936
13.437624808447	3	(28.6256,209.772,1.895)	60.3503	-68.3749
13.437166061508	5	(28.1374,262.072,1.895)	112.61	-74.377
13.438344002282	2	(25.3867,203.182,1.895)	53.7003	-67.1567
13.443004710367	9	(27.4133,339.656,1.895)	190.178	-78.2557
13.449164134695	6	(24.7643,269.874,1.895)	120.395	-77.3872
13.504416990746	1	(25.6537,174.585,1.895)	27.1116	-64.0602
13.506714331009	7	(27.8814,289.5,1.895)	142.04	-87.9302
13.513647731778	4	(28.3958,234.392,1.895)	86.9537	-70.4389
13.530686788412	8	(27.6489,314.413,1.895)	166.948	-80.7766
13.537624808447	3	(28.6442,207.772,1.895)	60.3601	-68.3807
13.537166061508	5	(28.1555,260.133,1.895)	112.681	-74.4008
13.538344002282	2	(25.4052,201.209,1.895)	53.7373	-67.1458
13.543004710367	9	(27.4306,337.806,1.895)	190.337	-78.2467
13.549164134695	6	(24.783,267.87,1.895)	120.401	-77.3899
13.604416990746	1	(25.6722,172.595,1.895)	27.1209	-64.0808
13.606714331009	7	(27.8999,287.524,1.895)	142.062	-87.9301
13.613647731778	4	(28.4142,232.419,1.895)	86.9797	-70.4362
13.630686788412	8	(27.6669,312.485,1.895)	167.019	-80.7636
13.637624808447	3	(28.663,205.763,1.895)	60.3497	-68.3745
13.637166061508	5	(28.1736,258.194,1.895)	112.742	-74.4213
13.638344002282	2	(25.4236,199.234,1.895)	53.7608	-67.139
13.643004710367	9	(27.4478,335.959,1.895)	190.49	-78.2382
13.649164134695	6	(24.8017,265.868,1.895)	120.398	-77.3884
13.704416990746	1	(25.6907,170.611,1.895)	27.1457	-64.1356
13.706714331009	7	(27.9183,285.553,1.895)	142.1	-87.9299
13.713647731778	4	(28.4327,230.431,1.895)	86.9997	-70.4342
13.730686788412	8	(27.6849,310.557,1.895)	167.1	-80.7488
13.737624808447	3	(28.6817,203.76,1.895)	60.3559	-68.3781
13.737166061508	5	(28.1917,256.261,1.895)	112.816	-74.4466
13.738344002282	2	(25.442,197.26,1.895)	53.7961	-67.1289
13.743004710367	9	(27.4652,334.102,1.895)	190.642	-78.2298
13.749164134695	6	(24.8204,263.862,1.895)	120.401	-77.3898
13.804416990746	1	(25.7093,168.619,1.895)	27.1621	-64.1719
13.806714331009	7	(27.9367,283.584,1.895)	142.14	-87.9294
13.813647731778	4	(28.4512,228.456,1.895)	87.0331	-70.4308
13.830686788412	8	(27.7029,308.63,1.895)	167.181	-80.734
13.837624808447	3	(28.7004,201.75,1.895)	60.3539	-68.377
13.837166061508	5	(28.2099,254.312,1.895)	112.876	-74.4667
13.838344002282	2	(25.4603,195.3,1.895)	53.8443	-67.1156
13.843004710367	9	(27.4825,332.248,1.895)	190.796	-78.2213
13.849164134695	6	(24.8391,261.858,1.895)	120.405	-77.3917
13.904416990746	1	(25.728,166.625,1.895)	27.173	-64.1958
13.906714331009	7	(27.9551,281.605,1.895)	142.166	-87.929
13.913647731778	4	(28.4698,226.466,1.895)	87.048	-70.4293
13.930686788412	8	(27.7209,306.705,1.895)	167.261	-80.7194
13.937624808447	3	(28.7192,199.742,1.895)	60.351	-68.3753
13.937166061508	5	(28.2279,252.376,1.895)	112.945	-74.4901
13.938344002282	2	(25.4787,193.326,1.895)	53.875	-67.1073
13.943004710367	9	(27.4998,330.392,1.895)	190.945	-78.2132
13.949164134695	6	(24.8578,259.856,1.895)	120.408	-77.393
14.004416990746	1	(25.7466,164.63,1.895)	27.1832	-64.2184
14.006714331009	7	(27.9735,279.636,1.895)	142.202	-87.9283
14.013647731778	4	(28.4883,224.475,1.895)	87.0628	-70.4278
14.030686788412	8	(27.7389,304.773,1.895)	167.334	-80.7062
14.037624808447	3	(28.7378,197.742,1.895)	60.3561	-68.3783
14.037166061508	5	(28.2462,250.419,1.895)	112.993	-74.5065
14.038344002282	2	(25.4971,191.358,1.895)	53.9121	-67.0975
14.043004710367	9	(27.5172,328.527,1.895)	191.085	-78.2056
14.049164134695	6	(24.8765,257.855,1.895)	120.412	-77.3949
14.104416990746	1	(25.7652,162.633,1.895)	27.1983	-64.2514
14.106714331009	7	(27.9921,277.648,1.895)	142.225	-87.9278
14.113647731778	4	(28.5068,222.493,1.895)	87.0924	-70.4248
14.130686788412	8	(27.7568,302.855,1.895)	167.428	-80.6894
14.137624808447	3	(28.7566,195.73,1.895)	60.3561	-68.3783
14.137166061508	5	(28.2644,248.465,1.895)	113.051	-74.5261
14.138344002282	2	(25.5155,189.383,1.895)	53.9488	-67.088
14.143004710367	9	(27.5346,326.663,1.895)	191.233	-78.1977
14.149164134695	6	(24.8952,255.847,1.895)	120.416	-77.3965
14.204416990746	1	(25.7839,160.633,1.895)	27.2009	-64.2571
14.206714331009	7	(28.0106,275.666,1.895)	142.246	-87.9273
14.213647731778	4	(28.5253,220.509,1.895)	87.1111	-70.4229
14.230686788412	8	(27.7749,300.918,1.895)	167.494	-80.6775
14.237624808447	3	(28.7754,193.723,1.895)	60.3513	-68.3755
14.237166061508	5	(28.2826,246.52,1.895)	113.108	-74.5458
14.238344002282	2	(25.534,187.405,1.895)	53.9744	-67.0815
14.243004710367	9	(27.5519,324.807,1.895)	191.38	-78.1899
14.249164134695	6	(24.9139,253.847,1.895)	120.418	-77.3976
14.304416990746	1	(25.8025,158.639,1.895)	27.2111	-64.2795
14.306714331009	7	(28.0291,273.683,1.895)	142.268	-87.9267
14.313647731778	4	(28.5439,218.522,1.895)	87.1289	-70.4212
14.330686788412	8	(27.793,298.975,1.895)	167.555	-80.6666
14.337624808447	3	(28.7941,191.719,1.895)	60.352	-68.3758
14.337166061508	5	(28.3008,244.564,1.895)	113.157	-74.5625
14.338344002282	2	(25.5525,185.423,1.895)	53.9961	-67.0761
14.343004710367	9	(27.5693,322.939,1.895)	191.516	-78.1827
14.349164134695	6	(24.9325,251.845,1.895)	120.422	-77.399
14.404416990746	1	(25.821,156.653,1.895)	27.2339	-64.3291
14.406714331009	7	(28.0476,271.696,1.895)	142.289	-87.9261
14.413647731778	4	(28.5624,216.543,1.895)	87.1583	-70.4183
14.430686788412	8	(27.8111,297.036,1.895)	167.625	-80.6541
14.437624808447	3	(28.8128,189.714,1.895)	60.3554	-68.3779
14.437166061508	5	(28.319,242.614,1.895)	113.216	-74.5827
14.438344002282	2	(25.571,183.446,1.895)	54.0276	-67.0684
14.443004710367	9	(27.5869,321.055,1.895)	191.641	-78.1762
14.449164134695	6	(24.9513,249.834,1.895)	120.419	-77.3979
14.504416990746	1	(25.8396,154.659,1.895)	27.2401	-64.3425
14.506714331009	7	(28.0661,269.715,1.895)	142.308	-87.9255
14.513647731778	4	(28.5808,214.563,1.895)	87.1779	-70.4164
14.530686788412	8	(27.8292,295.098,1.895)	167.687	-80.6431
14.537624808447	3	(28.8314,187.714,1.895)	60.3555	-68.3779
14.537166061508	5	(28.3372,240.67,1.895)	113.272	-74.6019
14.538344002282	2	(25.5894,181.473,1.895)	54.0553	-67.0618
14.543004710367	9	(27.6045,319.177,1.895)	191.762	-78.1699
14.549164134695	6	(24.9701,247.824,1.895)	120.409	-77.3934
14.604416990746	1	(25.8582,152.675,1.895)	27.2658	-64.3978
14.606714331009	7	(28.0846,267.736,1.895)	142.339	-87.9244
14.613647731778	4	(28.5994,212.58,1.895)	87.205	-70.4138
14.630686788412	8	(27.8473,293.157,1.895)	167.756	-80.6309
14.637624808447	3	(28.8502,185.703,1.895)	60.3543	-68.3772
14.637166061508	5	(28.3554,238.716,1.895)	113.327	-74.6208
14.638344002282	2	(25.6078,179.499,1.895)	54.0906	-67.0536
14.643004710367	9	(27.622,317.295,1.895)	191.89	-78.1633
14.649164134695	6	(24.9888,245.813,1.895)	120.408	-77.393
14.704416990746	1	(25.8768,150.674,1.895)	27.2671	-64.4008
14.706714331009	7	(28.1031,265.746,1.895)	142.352	-87.924
14.713647731778	4	(28.6179,210.595,1.895)	87.2229	-70.4121
14.730686788412	8	(27.8654,291.216,1.895)	167.817	-80.6201
14.737624808447	3	(28.8689,183.696,1.895)	60.3505	-68.375
14.737166061508	5	(28.3736,236.766,1.895)	113.38	-74.6391
14.738344002282	2	(25.6262,177.528,1.895)	54.1222	-67.0464
14.743004710367	9	(27.6396,315.413,1.895)	192.011	-78.1571
14.749164134695	6	(25.0075,243.813,1.895)	120.41	-77.394
14.804416990746	1	(25.8955,148.677,1.895)	27.2788	-64.4258
14.806714331009	7	(28.1216,263.764,1.895)	142.379	-87.9229
14.813647731778	4	(28.6364,208.607,1.895)	87.2438	-70.4101
14.830686788412	8	(27.8836,289.263,1.895)	167.873	-80.6102
14.837624808447	3	(28.8876,181.692,1.895)	60.355	-68.3776
14.837166061508	5	(28.3919,234.808,1.895)	113.431	-74.6567
14.838344002282	2	(25.6447,175.547,1.895)	54.1506	-67.0401
14.843004710367	9	(27.6572,313.527,1.895)	192.134	-78.1508
14.849164134695	6	(25.0263,241.803,1.895)	120.409	-77.3935
14.904416990746	1	(25.9141,146.686,1.895)	27.2922	-64.4544
14.906714331009	7	(28.1402,261.773,1.895)	142.393	-87.9223
14.913647731778	4	(28.6549,206.625,1.895)	87.2656	-70.408
14.930686788412	8	(27.9018,287.318,1.895)	167.933	-80.5998
14.937624808447	3	(28.9064,179.686,1.895)	60.354	-68.377
14.937166061508	5	(28.4102,232.849,1.895)	113.476	-74.6724
14.938344002282	2	(25.6631,173.574,1.895)	54.1819	-67.0333
14.943004710367	9	(27.6748,311.635,1.895)	192.246	-78.1452
14.949164134695	6	(25.045,239.792,1.895)	120.403	-77.3908
15.004416990746	1	(25.9326,144.696,1.895)	27.3026	-64.4764
15.006714331009	7	(28.1588,259.782,1.895)	142.401	-87.9219
15.013647731778	4	(28.6735,204.637,1.895)	87.2776	-70.4069
15.030686788412	8	(27.9199,285.375,1.895)	167.989	-80.5898
15.037624808447	3	(28.925,177.685,1.895)	60.3528	-68.3763
15.037166061508	5	(28.4284,230.895,1.895)	113.522	-74.6883
15.038344002282	2	(25.6815,171.6,1.895)	54.2085	-67.0276
15.043004710367	9	(27.6925,309.744,1.895)	192.356	-78.1397
15.049164134695	6	(25.0637,237.789,1.895)	120.399	-77.3892
15.104416990746	1	(25.9512,142.711,1.895)	27.3236	-64.5207
15.106714331009	7	(28.1773,257.796,1.895)	142.421	-87.9211
15.113647731778	4	(28.692,202.655,1.895)	87.3019	-70.4046
15.130686788412	8	(27.9382,283.419,1.895)	168.039	-80.5811
15.137624808447	3	(28.9438,175.674,1.895)	60.3473	-68.3731
15.137166061508	5	(28.4468,228.929,1.895)	113.562	-74.7022
15.138344002282	2	(25.7,169.625,1.895)	54.2387	-67.0214
15.143004710367	9	(27.7102,307.851,1.895)	192.469	-78.134
15.149164134695	6	(25.0825,235.781,1.895)	120.398	-77.3885
15.204416990746	1	(25.9698,140.712,1.895)	27.3264	-64.5267
15.206714331009	7	(28.1959,255.81,1.895)	142.438	-87.9203
15.213647731778	4	(28.7106,200.663,1.895)	87.3119	-70.4037
15.230686788412	8	(27.9563,281.478,1.895)	168.1	-80.5705
15.237624808447	3	(28.9625,173.674,1.895)	60.35	-68.3747
15.237166061508	5	(28.4651,226.969,1.895)	113.604	-74.7169
15.238344002282	2	(25.7183,167.659,1.895)	54.2744	-67.0141
15.243004710367	9	(27.7279,305.95,1.895)	192.57	-78.129
15.249164134695	6	(25.1012,233.771,1.895)	120.39	-77.385
15.304416990746	1	(25.9883,138.726,1.895)	27.3526	-64.5813
15.306714331009	7	(28.2145,253.819,1.895)	142.458	-87.9193
15.313647731778	4	(28.7291,198.681,1.895)	87.3418	-70.4009
15.330686788412	8	(27.9745,279.53,1.895)	168.164	-80.5594
15.337624808447	3	(28.9812,171.671,1.895)	60.358	-68.3794
15.337166061508	5	(28.4834,225.006,1.895)	113.654	-74.734
15.338344002282	2	(25.7368,165.674,1.895)	54.3018	-67.0088
15.343004710367	9	(27.7455,304.06,1.895)	192.691	-78.123
15.349164134695	6	(25.1199,231.769,1.895)	120.4	-77.3894
15.404416990746	1	(26.007,136.727,1.895)	27.3597	-64.5961
15.406714331009	7	(28.233,251.832,1.895)	142.477	-87.9183
15.413647731778	4	(28.7477,196.69,1.895)	87.3565	-70.3996
15.430686788412	8	(27.9927,277.577,1.895)	168.217	-80.5503
15.437624808447	3	(28.9999,169.665,1.895)	60.3584	-68.3796
15.437166061508	5	(28.5016,223.053,1.895)	113.706	-74.7523
15.438344002282	2	(25.7553,163.698,1.895)	54.3315	-67.003
15.443004710367	9	(27.7632,302.165,1.895)	192.802	-78.1175
15.449164134695	6	(25.1387,229.761,1.895)	120.398	-77.3886
15.504416990746	1	(26.0257,134.727,1.895)	27.3588	-64.5941
15.506714331009	7	(28.2515,249.85,1.895)	142.494	-87.9175
15.513647731778	4	(28.7663,194.696,1.895)	87.3614	-70.3991
15.530686788412	8	(28.0109,275.625,1.895)	168.264	-80.5422
15.537624808447	3	(29.0187,167.653,1.895)	60.3457	-68.3721
15.537166061508	5	(28.5199,221.091,1.895)	113.743	-74.7653
15.538344002282	2	(25.7738,161.712,1.895)	54.3443	-67.0006
15.543004710367	9	(27.7809,300.271,1.895)	192.908	-78.1124
15.549164134695	6	(25.1574,227.756,1.895)	120.391	-77.3856
15.604416990746	1	(26.0442,132.742,1.895)	27.3793	-64.6363
15.606714331009	7	(28.2701,247.858,1.895)	142.508	-87.9167
15.613647731778	4	(28.7849,192.703,1.895)	87.3744	-70.398
15.630686788412	8	(28.0291,273.681,1.895)	168.327	-80.5314
15.637624808447	3	(29.0374,165.646,1.895)	60.344	-68.3711
15.637166061508	5	(28.5383,219.123,1.895)	113.781	-74.7786
15.638344002282	2	(25.7924,159.723,1.895)	54.3613	-66.9975
15.643004710367	9	(27.7987,298.368,1.895)	193.01	-78.1075
15.649164134695	6	(25.1761,225.745,1.895)	120.387	-77.3837
15.704416990746	1	(26.0628,130.744,1.895)	27.3833	-64.6445
15.706714331009	7	(28.2886,245.87,1.895)	142.522	-87.9159
15.713647731778	4	(28.8035,190.705,1.895)	87.3786	-70.3976
15.730686788412	8	(28.0473,271.728,1.895)	168.375	-80.5231
15.737624808447	3	(29.0561,163.638,1.895)	60.338	-68.3676
15.737166061508	5	(28.5566,217.156,1.895)	113.816	-74.7906
15.738344002282	2	(25.8108,157.746,1.895)	54.3865	-66.9929
15.743004710367	9	(27.8163,296.479,1.895)	193.123	-78.102
15.749164134695	6	(25.1949,223.739,1.895)	120.382	-77.3816
15.804416990746	1	(26.0814,128.757,1.895)	27.4084	-64.6953
15.806714331009	7	(28.3072,243.886,1.895)	142.549	-87.9143
15.813647731778	4	(28.8221,188.718,1.895)	87.4031	-70.3954
15.830686788412	8	(28.0655,269.779,1.895)	168.438	-80.5123
15.837624808447	3	(29.0749,161.626,1.895)	60.3381	-68.3677
15.837166061508	5	(28.5751,215.184,1.895)	113.856	-74.8046
15.838344002282	2	(25.8293,155.766,1.895)	54.4179	-66.9873
15.843004710367	9	(27.8341,294.575,1.895)	193.231	-78.0969
15.849164134695	6	(25.2136,221.736,1.895)	120.391	-77.3855
15.904416990746	1	(26.1,126.76,1.895)	27.4146	-64.7077
15.906714331009	7	(28.3258,241.894,1.895)	142.561	-87.9136
15.913647731778	4	(28.8407,186.726,1.895)	87.4145	-70.3943
15.930686788412	8	(28.0836,267.834,1.895)	168.496	-80.5023
15.937624808447	3	(29.0936,159.623,1.895)	60.3386	-68.3679
15.937166061508	5	(28.5934,213.219,1.895)	113.895	-74.8184
15.938344002282	2	(25.8478,153.786,1.895)	54.4415	-66.9832
15.943004710367	9	(27.8518,292.67,1.895)	193.329	-78.0922
15.949164134695	6	(25.2323,219.725,1.895)	120.384	-77.3824
16.004416990746	1	(26.1187,124.765,1.895)	27.4227	-64.724
16.006714331009	7	(28.3443,239.908,1.895)	142.579	-87.9125
16.013647731778	4	(28.8592,184.735,1.895)	87.4272	-70.3932
16.030686788412	8	(28.1019,265.881,1.895)	168.546	-80.4939
16.037624808447	3	(29.1123,157.617,1.895)	60.3364	-68.3667
16.037166061508	5	(28.6117,211.256,1.895)	113.934	-74.8324
16.038344002282	2	(25.8663,151.806,1.895)	54.4647	-66.9793
16.043004710367	9	(27.8695,290.774,1.895)	193.436	-78.0871
16.049164134695	6	(25.251,217.724,1.895)	120.386	-77.3834
16.104416990746	1	(26.1373,122.771,1.895)	27.4317	-64.7417
16.106714331009	7	(28.3628,237.922,1.895)	142.595	-87.9115
16.113647731778	4	(28.8779,182.741,1.895)	87.4361	-70.3924
16.130686788412	8	(28.1201,263.928,1.895)	168.597	-80.4852
16.137624808447	3	(29.131,155.613,1.895)	60.3351	-68.3659
16.137166061508	5	(28.6301,209.285,1.895)	113.967	-74.8438
16.138344002282	2	(25.8848,149.822,1.895)	54.4848	-66.9759
16.143004710367	9	(27.8873,288.872,1.895)	193.537	-78.0824
16.149164134695	6	(25.2698,215.715,1.895)	120.381	-77.3809
16.204416990746	1	(26.1559,120.777,1.895)	27.4465	-64.771
16.206714331009	7	(28.3814,235.928,1.895)	142.609	-87.9105
16.213647731778	4	(28.8965,180.744,1.895)	87.4477	-70.3914
16.230686788412	8	(28.1383,261.977,1.895)	168.654	-80.4756
16.237624808447	3	(29.1497,153.612,1.895)	60.3424	-68.3702
16.237166061508	5	(28.6485,207.31,1.895)	114	-74.8555
16.238344002282	2	(25.9032,147.846,1.895)	54.516	-66.9709
16.243004710367	9	(27.9051,286.962,1.895)	193.636	-78.0777
16.249164134695	6	(25.2885,213.707,1.895)	120.38	-77.3808
16.304416990746	1	(26.1745,118.783,1.895)	27.461	-64.7992
16.306714331009	7	(28.4001,233.932,1.895)	142.623	-87.9096
16.313647731778	4	(28.915,178.757,1.895)	87.4697	-70.3895
16.330686788412	8	(28.1566,260.014,1.895)	168.7	-80.4679
16.337624808447	3	(29.1684,151.606,1.895)	60.3452	-68.3718
16.337166061508	5	(28.6669,205.341,1.895)	114.04	-74.8695
16.338344002282	2	(25.9217,145.869,1.895)	54.5486	-66.9658
16.343004710367	9	(27.923,285.05,1.895)	193.733	-78.0732
16.349164134695	6	(25.3072,211.701,1.895)	120.383	-77.3821
16.404416990746	1	(26.1932,116.778,1.895)	27.4657	-64.8083
16.406714331009	7	(28.4187,231.937,1.895)	142.637	-87.9087
16.413647731778	4	(28.9336,176.771,1.895)	87.4927	-70.3875
16.430686788412	8	(28.1749,258.053,1.895)	168.749	-80.4597
16.437624808447	3	(29.1872,149.598,1.895)	60.3462	-68.3725
16.437166061508	5	(28.6852,203.378,1.895)	114.086	-74.8859
16.438344002282	2	(25.9402,143.884,1.895)	54.5724	-66.9622
16.443004710367	9	(27.9409,283.128,1.895)	193.82	-78.0692
16.449164134695	6	(25.3259,209.696,1.895)	120.387	-77.384
16.504416990746	1	(26.2119,114.774,1.895)	27.473	-64.8223
16.506714331009	7	(28.4372,229.954,1.895)	142.666	-87.9066
16.513647731778	4	(28.9522,174.774,1.895)	87.5074	-70.3862
16.530686788412	8	(28.1933,256.089,1.895)	168.795	-80.4519
16.537624808447	3	(29.2059,147.589,1.895)	60.3484	-68.3737
16.537166061508	5	(28.7036,201.408,1.895)	114.127	-74.9006
16.538344002282	2	(25.9588,141.889,1.895)	54.5892	-66.9597
16.543004710367	9	(27.9587,281.216,1.895)	193.92	-78.0646
16.549164134695	6	(25.3446,207.696,1.895)	120.399	-77.3891
16.604416990746	1	(26.2306,112.774,1.895)	27.4819	-64.8394
16.606714331009	7	(28.4557,227.968,1.895)	142.688	-87.905
16.613647731778	4	(28.9708,172.781,1.895)	87.523	-70.3848
16.630686788412	8	(28.2116,254.129,1.895)	168.844	-80.4436
16.637624808447	3	(29.2246,145.585,1.895)	60.3541	-68.3771
16.637166061508	5	(28.722,199.437,1.895)	114.165	-74.914
16.638344002282	2	(25.9774,139.895,1.895)	54.6045	-66.9574
16.643004710367	9	(27.9767,279.292,1.895)	194.004	-78.0608
16.649164134695	6	(25.3633,205.692,1.895)	120.404	-77.3912
16.704416990746	1	(26.2492,110.773,1.895)	27.4892	-64.8532
16.706714331009	7	(28.4743,225.979,1.895)	142.707	-87.9035
16.713647731778	4	(28.9894,170.793,1.895)	87.5425	-70.3832
16.730686788412	8	(28.2298,252.173,1.895)	168.896	-80.435
16.737624808447	3	(29.2433,143.585,1.895)	60.362	-68.3818
16.737166061508	5	(28.7404,197.467,1.895)	114.204	-74.9277
16.738344002282	2	(25.9959,137.913,1.895)	54.6303	-66.9537
16.743004710367	9	(27.9946,277.37,1.895)	194.09	-78.0568
16.749164134695	6	(25.382,203.686,1.895)	120.406	-77.3923
16.804416990746	1	(26.268,108.768,1.895)	27.4895	-64.8538
16.806714331009	7	(28.4929,223.986,1.895)	142.72	-87.9025
16.813647731778	4	(29.0079,168.806,1.895)	87.5617	-70.3815
16.830686788412	8	(28.2481,250.215,1.895)	168.944	-80.4269
16.837624808447	3	(29.262,141.579,1.895)	60.3614	-68.3814
16.837166061508	5	(28.7587,195.504,1.895)	114.246	-74.9428
16.838344002282	2	(26.0145,135.921,1.895)	54.6437	-66.9519
16.843004710367	9	(28.0126,275.449,1.895)	194.175	-78.053
16.849164134695	6	(25.4008,201.679,1.895)	120.405	-77.3917
16.904416990746	1	(26.2866,106.771,1.895)	27.4983	-64.8705
16.906714331009	7	(28.5114,222.003,1.895)	142.743	-87.9007
16.913647731778	4	(29.0265,166.816,1.895)	87.5779	-70.3802
16.930686788412	8	(28.2665,248.247,1.895)	168.983	-80.4205
16.937624808447	3	(29.2807,139.58,1.895)	60.3685	-68.3856
16.937166061508	5	(28.7771,193.532,1.895)	114.281	-74.955
16.938344002282	2	(26.0331,133.928,1.895)	54.6574	-66.95
16.943004710367	9	(28.0304,273.539,1.895)	194.271	-78.0487
16.949164134695	6	(25.4195,199.673,1.895)	120.405	-77.3918
17.004416990746	1	(26.3053,104.771,1.895)	27.5026	-64.8785
17.006714331009	7	(28.53,220.012,1.895)	142.756	-87.8997
17.013647731778	4	(29.0451,164.826,1.895)	87.5912	-70.379
17.030686788412	8	(28.2848,246.287,1.895)	169.026	-80.4134
17.037624808447	3	(29.2994,137.57,1.895)	60.362	-68.3817
17.037166061508	5	(28.7955,191.564,1.895)	114.316	-74.9678
17.038344002282	2	(26.0516,131.947,1.895)	54.6791	-66.9471
17.043004710367	9	(28.0484,271.608,1.895)	194.344	-78.0454
17.049164134695	6	(25.4382,197.673,1.895)	120.408	-77.3933
17.104416990746	1	(26.3239,102.772,1.895)	27.5073	-64.8873
17.106714331009	7	(28.5485,218.031,1.895)	142.779	-87.8978
17.113647731778	4	(29.0637,162.834,1.895)	87.6026	-70.3781
17.130686788412	8	(28.303,244.327,1.895)	169.07	-80.4061
17.137624808447	3	(29.3182,135.561,1.895)	60.3564	-68.3784
17.137166061508	5	(28.8139,189.594,1.895)	114.35	-74.9798
17.138344002282	2	(26.0702,129.961,1.895)	54.6971	-66.9447
17.143004710367	9	(28.0663,269.694,1.895)	194.433	-78.0414
17.149164134695	6	(25.4568,195.673,1.895)	120.412	-77.3949
17.204416990746	1	(26.3425,100.781,1.895)	27.5227	-64.9158
17.206714331009	7	(28.567,216.043,1.895)	142.797	-87.8963
17.213647731778	4	(29.0823,160.831,1.895)	87.6063	-70.3778
17.230686788412	8	(28.3212,242.378,1.895)	169.127	-80.3967
17.237624808447	3	(29.3369,133.552,1.895)	60.3546	-68.3774
17.237166061508	5	(28.8323,187.624,1.895)	114.386	-74.9926
17.238344002282	2	(26.0887,127.978,1.895)	54.7203	-66.9417
17.243004710367	9	(28.0843,267.768,1.895)	194.513	-78.0378
17.249164134695	6	(25.4756,193.666,1.895)	120.411	-77.3944
17.304416990746	1	(26.3612,98.7769,1.895)	27.5249	-64.92
17.306714331009	7	(28.5855,214.06,1.895)	142.82	-87.8942
17.313647731778	4	(29.1009,158.839,1.895)	87.6208	-70.3766
17.330686788412	8	(28.3396,240.411,1.895)	169.167	-80.3901
17.337624808447	3	(29.3557,131.541,1.895)	60.3502	-68.3748
17.337166061508	5	(28.8507,185.646,1.895)	114.414	-75.0028
17.338344002282	2	(26.1072,125.995,1.895)	54.7439	-66.9388
17.343004710367	9	(28.1021,265.855,1.895)	194.607	-78.0337
17.349164134695	6	(25.4943,191.656,1.895)	120.409	-77.3933
17.404416990746	1	(26.3799,96.7767,1.895)	27.5298	-64.9289
17.406714331009	7	(28.6041,212.072,1.895)	142.837	-87.8926
17.413647731778	4	(29.1196,156.834,1.895)	87.6214	-70.3765
17.430686788412	8	(28.3579,238.451,1.895)	169.212	-80.3827
17.437624808447	3	(29.3745,129.53,1.895)	60.3443	-68.3713
17.437166061508	5	(28.8691,183.677,1.895)	114.45	-75.0157
17.438344002282	2	(26.1258,124.003,1.895)	54.7569	-66.9372
17.443004710367	9	(28.1201,263.93,1.895)	194.688	-78.0302
17.449164134695	6	(25.513,189.652,1.895)	120.409	-77.3936
17.504416990746	1	(26.3985,94.7795,1.895)	27.5379	-64.9437
17.506714331009	7	(28.6226,210.09,1.895)	142.861	-87.8905
17.513647731778	4	(29.1383,154.832,1.895)	87.6241	-70.3763
17.530686788412	8	(28.3763,236.483,1.895)	169.249	-80.3766
17.537624808447	3	(29.3932,127.52,1.895)	60.3393	-68.3684
17.537166061508	5	(28.8877,181.688,1.895)	114.467	-75.0217
17.538344002282	2	(26.1444,122.011,1.895)	54.7706	-66.9356
17.543004710367	9	(28.138,262.012,1.895)	194.775	-78.0263
17.549164134695	6	(25.5317,187.648,1.895)	120.41	-77.3941
17.604416990746	1	(26.4171,92.7847,1.895)	27.5536	-64.972
17.606714331009	7	(28.6412,208.094,1.895)	142.875	-87.8891
17.613647731778	4	(29.1569,152.839,1.895)	87.6415	-70.3749
17.630686788412	8	(28.3945,234.529,1.895)	169.305	-80.3674
17.637624808447	3	(29.412,125.513,1.895)	60.3425	-68.3703
17.637166061508	5	(28.9062,179.699,1.895)	114.488	-75.0295
17.638344002282	2	(26.1628,120.031,1.895)	54.8012	-66.932
17.643004710367	9	(28.156,260.083,1.895)	194.856	-78.0228
17.649164134695	6	(25.5504,185.646,1.895)	120.419	-77.398
17.704416990746	1	(26.4359,90.7761,1.895)	27.5467	-64.9596
17.706714331009	7	(28.6599,206.095,1.895)	142.878	-87.8888
17.713647731778	4	(29.1755,150.849,1.895)	87.6532	-70.3739
17.730686788412	8	(28.4129,232.553,1.895)	169.331	-80.3632
17.737624808447	3	(29.4307,123.503,1.895)	60.3346	-68.3656
17.737166061508	5	(28.9247,177.724,1.895)	114.515	-75.039
17.738344002282	2	(26.1814,118.043,1.895)	54.8143	-66.9306
17.743004710367	9	(28.1739,258.169,1.895)	194.944	-78.019
17.749164134695	6	(25.5691,183.641,1.895)	120.416	-77.3966
17.804416990746	1	(26.4545,88.7798,1.895)	27.5551	-64.9746
17.806714331009	7	(28.6785,204.105,1.895)	142.892	-87.8875
17.813647731778	4	(29.1942,148.851,1.895)	87.6605	-70.3733
17.830686788412	8	(28.4314,230.575,1.895)	169.358	-80.3588
17.837624808447	3	(29.4494,121.498,1.895)	60.3342	-68.3654
17.837166061508	5	(28.9431,175.753,1.895)	114.549	-75.0513
17.838344002282	2	(26.2001,116.043,1.895)	54.8191	-66.93
17.843004710367	9	(28.1919,256.232,1.895)	195.012	-78.0161
17.849164134695	6	(25.5878,181.637,1.895)	120.416	-77.3965
17.904416990746	1	(26.4731,86.7877,1.895)	27.5637	-64.9899
17.906714331009	7	(28.6969,202.123,1.895)	142.912	-87.8856
17.913647731778	4	(29.2127,146.861,1.895)	87.6708	-70.3725
17.930686788412	8	(28.4498,228.604,1.895)	169.388	-80.354
17.937624808447	3	(29.4681,119.496,1.895)	60.3328	-68.3646
17.937166061508	5	(28.9615,173.776,1.895)	114.572	-75.0597
17.938344002282	2	(26.2187,114.05,1.895)	54.8275	-66.9291
17.943004710367	9	(28.2101,254.289,1.895)	195.069	-78.0136
17.949164134695	6	(25.6065,179.637,1.895)	120.417	-77.3969
18.004416990746	1	(26.4918,84.7887,1.895)	27.5667	-64.9953
18.006714331009	7	(28.7155,200.135,1.895)	142.925	-87.8843
18.013647731778	4	(29.2313,144.866,1.895)	87.678	-70.3719
18.030686788412	8	(28.4681,226.644,1.895)	169.429	-80.3472
18.037624808447	3	(29.4868,117.495,1.895)	60.3341	-68.3653
18.037166061508	5	(28.9799,171.802,1.895)	114.6	-75.0698
18.038344002282	2	(26.2371,112.071,1.895)	54.8497	-66.9267
18.043004710367	9	(28.2281,252.355,1.895)	195.137	-78.0107
18.049164134695	6	(25.6252,177.635,1.895)	120.417	-77.3968
18.104416990746	1	(26.5104,82.7892,1.895)	27.567	-64.9958
18.106714331009	7	(28.7341,198.146,1.895)	142.936	-87.8832
18.113647731778	4	(29.2499,142.881,1.895)	87.6922	-70.3707
18.130686788412	8	(28.4865,224.672,1.895)	169.457	-80.3427
18.137624808447	3	(29.5055,115.496,1.895)	60.3347	-68.3657
18.137166061508	5	(28.9984,169.82,1.895)	114.618	-75.0763
18.138344002282	2	(26.2557,110.087,1.895)	54.8655	-66.9251
18.143004710367	9	(28.2462,250.422,1.895)	195.204	-78.0078
18.149164134695	6	(25.6439,175.626,1.895)	120.407	-77.3928
18.204416990746	1	(26.529,80.7981,1.895)	27.5776	-65.0145
18.206714331009	7	(28.7527,196.153,1.895)	142.944	-87.8823
18.213647731778	4	(29.2684,140.894,1.895)	87.7077	-70.3695
18.230686788412	8	(28.5048,222.708,1.895)	169.495	-80.3365
18.237624808447	3	(29.5242,113.494,1.895)	60.334	-68.3653
18.237166061508	5	(29.0168,167.849,1.895)	114.649	-75.0874
18.238344002282	2	(26.2742,108.096,1.895)	54.8763	-66.924
18.243004710367	9	(28.2643,248.478,1.895)	195.262	-78.0054
18.249164134695	6	(25.6627,173.619,1.895)	120.403	-77.3907
18.304416990746	1	(26.5477,78.7989,1.895)	27.5851	-65.0274
18.306714331009	7	(28.7712,194.17,1.895)	142.969	-87.8798
18.313647731778	4	(29.2871,138.896,1.895)	87.7165	-70.3688
18.330686788412	8	(28.5232,220.739,1.895)	169.533	-80.3304
18.337624808447	3	(29.5428,111.492,1.895)	60.3388	-68.368
18.337166061508	5	(29.0352,165.88,1.895)	114.687	-75.101
18.338344002282	2	(26.2927,106.116,1.895)	54.903	-66.9213
18.343004710367	9	(28.2823,246.548,1.895)	195.339	-78.0021
18.349164134695	6	(25.6814,171.608,1.895)	120.398	-77.3888
18.404416990746	1	(26.5663,76.7987,1.895)	27.5937	-65.0423
18.406714331009	7	(28.7897,192.185,1.895)	142.993	-87.8773
18.413647731778	4	(29.3056,136.906,1.895)	87.7346	-70.3673
18.430686788412	8	(28.5415,218.783,1.895)	169.585	-80.322
18.437624808447	3	(29.5616,109.48,1.895)	60.3356	-68.3662
18.437166061508	5	(29.0537,163.902,1.895)	114.717	-75.1119
18.438344002282	2	(26.3113,104.121,1.895)	54.9174	-66.9199
18.443004710367	9	(28.3004,244.614,1.895)	195.414	-77.999
18.449164134695	6	(25.7002,169.597,1.895)	120.396	-77.388
18.504416990746	1	(26.5851,74.7924,1.895)	27.5922	-65.0397
18.506714331009	7	(28.8082,190.2,1.895)	143.012	-87.8752
18.513647731778	4	(29.3243,134.902,1.895)	87.7358	-70.3673
18.530686788412	8	(28.5597,216.823,1.895)	169.631	-80.3147
18.537624808447	3	(29.5804,107.471,1.895)	60.3314	-68.3637
18.537166061508	5	(29.0722,161.922,1.895)	114.743	-75.1212
18.538344002282	2	(26.3299,102.128,1.895)	54.9292	-66.9188
18.543004710367	9	(28.3184,242.684,1.895)	195.488	-77.9959
18.549164134695	6	(25.719,167.588,1.895)	120.392	-77.386
18.604416990746	1	(26.6038,72.7873,1.895)	27.5948	-65.0441
18.606714331009	7	(28.8268,188.211,1.895)	143.031	-87.8732
18.613647731778	4	(29.3431,132.898,1.895)	87.7389	-70.367
18.630686788412	8	(28.5781,214.86,1.895)	169.675	-80.3076
18.637624808447	3	(29.5991,105.46,1.895)	60.3289	-68.3623
18.637166061508	5	(29.0907,159.932,1.895)	114.76	-75.1275
18.638344002282	2	(26.3486,100.132,1.895)	54.9407	-66.9177
18.643004710367	9	(28.3363,240.76,1.895)	195.572	-77.9923
18.649164134695	6	(25.7377,165.582,1.895)	120.394	-77.3868
18.704416990746	1	(26.6225,70.7839,1.895)	27.5988	-65.0509
18.706714331009	7	(28.8455,186.212,1.895)	143.039	-87.8722
18.713647731778	4	(29.3618,130.891,1.895)	87.7401	-70.3669
18.730686788412	8	(28.5965,212.89,1.895)	169.712	-80.3016
18.737624808447	3	(29.6179,103.454,1.895)	60.3302	-68.363
18.737166061508	5	(29.1093,157.948,1.895)	114.783	-75.1359
18.738344002282	2	(26.3672,98.1395,1.895)	54.9556	-66.9164
18.743004710367	9	(28.3544,238.827,1.895)	195.647	-77.9892
18.749164134695	6	(25.7564,163.574,1.895)	120.393	-77.3863
18.804416990746	1	(26.6411,68.7852,1.895)	27.6039	-65.0596
18.806714331009	7	(28.864,184.223,1.895)	143.053	-87.8706
18.813647731778	4	(29.3804,128.892,1.895)	87.7441	-70.3666
18.830686788412	8	(28.6149,210.91,1.895)	169.736	-80.2977
18.837624808447	3	(29.6366,101.445,1.895)	60.3248	-68.3599
18.837166061508	5	(29.1278,155.957,1.895)	114.796	-75.1406
18.838344002282	2	(26.3857,96.1508,1.895)	54.9706	-66.9151
18.843004710367	9	(28.3725,236.887,1.895)	195.71	-77.9866
18.849164134695	6	(25.7751,161.569,1.895)	120.392	-77.3859
18.904416990746	1	(26.6597,66.7926,1.895)	27.6146	-65.0777
18.906714331009	7	(28.8827,182.222,1.895)	143.056	-87.8703
18.913647731778	4	(29.3991,126.891,1.895)	87.7469	-70.3664
18.930686788412	8	(28.6333,208.94,1.895)	169.769	-80.2924
18.937624808447	3	(29.6553,99.4391,1.895)	60.3221	-68.3582
18.937166061508	5	(29.1463,153.976,1.895)	114.818	-75.1486
18.938344002282	2	(26.4043,94.1561,1.895)	54.9793	-66.9143
18.943004710367	9	(28.3907,234.933,1.895)	195.76	-77.9846
18.949164134695	6	(25.7939,159.559,1.895)	120.385	-77.3829
19.004416990746	1	(26.6783,64.8006,1.895)	27.6246	-65.0943
19.006714331009	7	(28.9013,180.225,1.895)	143.061	-87.8697
19.013647731778	4	(29.4178,124.889,1.895)	87.7465	-70.3664
19.030686788412	8	(28.6518,206.962,1.895)	169.793	-80.2886
19.037624808447	3	(29.6741,97.4328,1.895)	60.3177	-68.3557
19.037166061508	5	(29.1648,151.995,1.895)	114.839	-75.1562
19.038344002282	2	(26.4229,92.1712,1.895)	54.9964	-66.9129
19.043004710367	9	(28.4088,232.997,1.895)	195.825	-77.9819
19.049164134695	6	(25.8126,157.559,1.895)	120.387	-77.3838
19.104416990746	1	(26.6969,62.8073,1.895)	27.6357	-65.1126
19.106714331009	7	(28.9199,178.234,1.895)	143.074	-87.8682
19.113647731778	4	(29.4365,122.889,1.895)	87.7516	-70.366
19.130686788412	8	(28.6703,204.979,1.895)	169.815	-80.2851
19.137624808447	3	(29.6928,95.4273,1.895)	60.3167	-68.3551
19.137166061508	5	(29.1833,150.011,1.895)	114.86	-75.1638
19.138344002282	2	(26.4413,90.1924,1.895)	55.022	-66.9108
19.143004710367	9	(28.427,231.051,1.895)	195.884	-77.9795
19.149164134695	6	(25.8312,155.559,1.895)	120.392	-77.3858
19.204416990746	1	(26.7155,60.8137,1.895)	27.6508	-65.1369
19.206714331009	7	(28.9386,176.235,1.895)	143.084	-87.8671
19.213647731778	4	(29.4552,120.887,1.895)	87.7576	-70.3655
19.230686788412	8	(28.6887,203.011,1.895)	169.856	-80.2787
19.237624808447	3	(29.7115,93.4221,1.895)	60.3201	-68.3571
19.237166061508	5	(29.2019,148.021,1.895)	114.878	-75.1706
19.238344002282	2	(26.4598,88.2091,1.895)	55.0474	-66.9088
19.243004710367	9	(28.4451,229.102,1.895)	195.943	-77.977
19.249164134695	6	(25.8499,153.555,1.895)	120.396	-77.3876
19.304416990746	1	(26.7343,58.8063,1.895)	27.6443	-65.1265
19.306714331009	7	(28.9572,174.241,1.895)	143.092	-87.8662
19.313647731778	4	(29.4737,118.895,1.895)	87.7673	-70.3648
19.330686788412	8	(28.7071,201.034,1.895)	169.88	-80.2749
19.337624808447	3	(29.7302,91.4172,1.895)	60.3162	-68.3548
19.337166061508	5	(29.2204,146.038,1.895)	114.896	-75.1771
19.338344002282	2	(26.4784,86.2164,1.895)	55.0557	-66.9082
19.343004710367	9	(28.4632,227.163,1.895)	196.006	-77.9745
19.349164134695	6	(25.8686,151.551,1.895)	120.393	-77.3864
19.404416990746	1	(26.7529,56.814,1.895)	27.6517	-65.1383
19.406714331009	7	(28.9758,172.243,1.895)	143.093	-87.8661
19.413647731778	4	(29.4924,116.899,1.895)	87.7706	-70.3645
19.430686788412	8	(28.7256,199.056,1.895)	169.901	-80.2714
19.437624808447	3	(29.7489,89.4181,1.895)	60.3167	-68.3551
19.437166061508	5	(29.2389,144.053,1.895)	114.911	-75.1824
19.438344002282	2	(26.4972,84.2121,1.895)	55.051	-66.9086
19.443004710367	9	(28.4814,225.214,1.895)	196.056	-77.9725
19.449164134695	6	(25.8874,149.539,1.895)	120.381	-77.381
19.504416990746	1	(26.7715,54.8227,1.895)	27.669	-65.1656
19.506714331009	7	(28.9945,170.248,1.895)	143.106	-87.8645
19.513647731778	4	(29.511,114.901,1.895)	87.7814	-70.3637
19.530686788412	8	(28.7441,197.076,1.895)	169.93	-80.2669
19.537624808447	3	(29.7675,87.4168,1.895)	60.324	-68.3594
19.537166061508	5	(29.2574,142.073,1.895)	114.94	-75.193
19.538344002282	2	(26.5156,82.2308,1.895)	55.0782	-66.9066
19.543004710367	9	(28.4996,223.265,1.895)	196.115	-77.9701
19.549164134695	6	(25.9061,147.535,1.895)	120.385	-77.3831
19.604416990746	1	(26.7902,52.8169,1.895)	27.6634	-65.1568
19.606714331009	7	(29.013,168.263,1.895)	143.122	-87.8627
19.613647731778	4	(29.5296,112.907,1.895)	87.7878	-70.3632
19.630686788412	8	(28.7625,195.105,1.895)	169.959	-80.2624
19.637624808447	3	(29.7863,85.4111,1.895)	60.3185	-68.3561
19.637166061508	5	(29.276,140.083,1.895)	114.95	-75.1966
19.638344002282	2	(26.5342,80.246,1.895)	55.0936	-66.9055
19.643004710367	9	(28.5178,221.315,1.895)	196.166	-77.968
19.649164134695	6	(25.9249,145.526,1.895)	120.377	-77.3793
