1.114938057924	0	(23.5848,396.24,1.895)	20.0606	-61.9181
1.214938057924	0	(23.6036,394.231,1.895)	20.208	-61.8665
1.314938057924	0	(23.6223,392.224,1.895)	20.3551	-61.715
1.414938057924	0	(23.641,390.217,1.895)	20.504	-61.4949
1.514938057924	0	(23.6598,388.212,1.895)	20.6474	-61.2544
1.614938057924	0	(23.6785,386.206,1.895)	20.7843	-61.027
1.714938057924	0	(23.6972,384.203,1.895)	20.9164	-60.8286
1.814938057924	0	(23.7159,382.193,1.895)	21.0541	-60.6584
1.914938057924	0	(23.7346,380.193,1.895)	21.1722	-60.5496
2.014938057924	0	(23.7534,378.181,1.895)	21.3106	-60.4714
2.114938057924	0	(23.7721,376.178,1.895)	21.4333	-60.4493
2.138344002282	2	(23.3976,416.3,1.895)	18.6906	-59.4382
2.214938057924	0	(23.7908,374.172,1.895)	21.5589	-60.4736
2.238344002282	2	(23.4137,414.579,1.895)	18.8497	-59.6032
2.314938057924	0	(23.8096,372.162,1.895)	21.6888	-60.5484
2.338344002282	2	(23.4298,412.852,1.895)	19.0024	-59.8564
2.414938057924	0	(23.8282,370.16,1.895)	21.8026	-60.6544
2.438344002282	2	(23.4459,411.128,1.895)	19.1666	-60.2134
2.514938057924	0	(23.8469,368.161,1.895)	21.9188	-60.7998
2.538344002282	2	(23.4621,409.389,1.895)	19.3106	-60.5755
2.614938057924	0	(23.8657,366.15,1.895)	22.0448	-60.997
2.638344002282	2	(23.4783,407.653,1.895)	19.4601	-60.9676
2.714938057924	0	(23.8843,364.15,1.895)	22.1509	-61.1917
2.738344002282	2	(23.4945,405.919,1.895)	19.6197	-61.361
2.814938057924	0	(23.903,362.149,1.895)	22.2539	-61.4029
2.838344002282	2	(23.5108,404.171,1.895)	19.7703	-61.6616
2.914938057924	0	(23.9218,360.137,1.895)	22.3672	-61.6554
2.938344002282	2	(23.5273,402.409,1.895)	19.9063	-61.8412
3.014938057924	0	(23.9406,358.126,1.895)	22.4772	-61.9154
3.038344002282	2	(23.5437,400.65,1.895)	20.049	-61.9171
3.114938057924	0	(23.9593,356.115,1.895)	22.5811	-62.1684
3.137624808447	3	(26.6976,416.34,1.895)	37.7598	-65.7829
3.138344002282	2	(23.5602,398.883,1.895)	20.1886	-61.8797
3.214938057924	0	(23.9781,354.109,1.895)	22.6786	-62.4063
3.237624808447	3	(26.7163,414.341,1.895)	37.6698	-65.8782
3.238344002282	2	(23.5768,397.106,1.895)	20.3199	-61.7586
3.314938057924	0	(23.9968,352.101,1.895)	22.7764	-62.6393
3.337624808447	3	(26.735,412.338,1.895)	37.5775	-65.9794
3.338344002282	2	(23.5934,395.322,1.895)	20.4471	-61.5844
3.414938057924	0	(24.0155,350.099,1.895)	22.8713	-62.8536
3.437624808447	3	(26.7536,410.335,1.895)	37.4816	-66.0884
3.438344002282	2	(23.61,393.539,1.895)	20.5706	-61.3846
3.514938057924	0	(24.0343,348.088,1.895)	22.9785	-63.0736
3.537624808447	3	(26.7724,408.323,1.895)	37.3746	-66.2144
3.538344002282	2	(23.6267,391.759,1.895)	20.6949	-61.1742
3.614938057924	0	(24.053,346.084,1.895)	23.0672	-63.2321
3.637624808447	3	(26.7911,406.324,1.895)	37.2905	-66.3165
3.638344002282	2	(23.6433,389.974,1.895)	20.8248	-60.9632
3.714938057924	0	(24.0717,344.078,1.895)	23.1644	-63.3755
3.737624808447	3	(26.8098,404.316,1.895)	37.1915	-66.4395
3.738344002282	2	(23.6601,388.177,1.895)	20.9366	-60.8011
3.814938057924	0	(24.0905,342.067,1.895)	23.2578	-63.4791
3.837624808447	3	(26.8286,402.305,1.895)	37.0988	-66.5572
3.838344002282	2	(23.6768,386.386,1.895)	21.0628	-60.6492
3.914938057924	0	(24.1092,340.057,1.895)	23.3429	-63.5421
3.937624808447	3	(26.8473,400.305,1.895)	37.0244	-66.6531
3.938344002282	2	(23.6936,384.59,1.895)	21.1927	-60.5346
4.014938057924	0	(24.128,338.046,1.895)	23.4243	-63.5731
4.037624808447	3	(26.866,398.297,1.895)	36.9455	-66.7561
4.038344002282	2	(23.7105,382.781,1.895)	21.312	-60.4709
4.113647731778	4	(26.6976,416.34,1.895)	56.8612	-67.011
4.114938057924	0	(24.1468,336.035,1.895)	23.512	-63.5751
4.137624808447	3	(26.8848,396.285,1.895)	36.8573	-66.8721
4.138344002282	2	(23.7273,380.971,1.895)	21.4252	-60.4493
4.213647731778	4	(26.715,414.476,1.895)	56.9243	-67.0226
4.214938057924	0	(24.1655,334.027,1.895)	23.5923	-63.5495
4.237624808447	3	(26.9034,394.285,1.895)	36.7852	-66.9675
4.238344002282	2	(23.7443,379.159,1.895)	21.5413	-60.4673
4.313647731778	4	(26.7323,412.622,1.895)	56.9962	-67.0365
4.314938057924	0	(24.1842,332.023,1.895)	23.6715	-63.5006
4.337624808447	3	(26.9222,392.274,1.895)	36.6995	-67.0807
4.338344002282	2	(23.7613,377.336,1.895)	21.6431	-60.5163
4.413647731778	4	(26.7497,410.757,1.895)	57.0531	-67.048
4.414938057924	0	(24.2029,330.015,1.895)	23.7574	-63.4243
4.437624808447	3	(26.9409,390.274,1.895)	36.6229	-67.1815
4.438344002282	2	(23.7783,375.513,1.895)	21.7434	-60.5946
4.513647731778	4	(26.7671,408.898,1.895)	57.1186	-67.0617
4.514938057924	0	(24.2217,328.008,1.895)	23.8394	-63.332
4.537624808447	3	(26.9596,388.263,1.895)	36.5371	-67.2935
4.538344002282	2	(23.7952,373.697,1.895)	21.8517	-60.7114
4.613647731778	4	(26.7845,407.025,1.895)	57.1816	-67.0754
4.614938057924	0	(24.2404,326.003,1.895)	23.9083	-63.2427
4.637624808447	3	(26.9784,386.258,1.895)	36.4679	-67.3824
4.638344002282	2	(23.8122,371.878,1.895)	21.9689	-60.8734
4.713647731778	4	(26.802,405.149,1.895)	57.2403	-67.0886
4.714938057924	0	(24.2591,324,1.895)	23.9767	-63.1455
4.737624808447	3	(26.9971,384.253,1.895)	36.398	-67.4706
4.738344002282	2	(23.8293,370.044,1.895)	22.0694	-61.04
4.813647731778	4	(26.8195,403.283,1.895)	57.3028	-67.1031
4.814938057924	0	(24.2779,321.988,1.895)	24.0593	-63.0202
4.837624808447	3	(27.0158,382.251,1.895)	36.3256	-67.5598
4.838344002282	2	(23.8464,368.214,1.895)	22.168	-61.2254
4.913647731778	4	(26.8369,401.411,1.895)	57.3705	-67.1194
4.914938057924	0	(24.2966,319.978,1.895)	24.1302	-62.9077
4.937624808447	3	(27.0344,380.251,1.895)	36.2648	-67.6327
4.938344002282	2	(23.8636,366.376,1.895)	22.27	-61.4375
5.013647731778	4	(26.8544,399.542,1.895)	57.4412	-67.1371
5.014938057924	0	(24.3154,317.971,1.895)	24.1972	-62.7996
5.037624808447	3	(27.0531,378.251,1.895)	36.2047	-67.7024
5.038344002282	2	(23.8808,364.534,1.895)	22.3674	-61.6559
5.113647731778	4	(26.8719,397.668,1.895)	57.5063	-67.1539
5.114938057924	0	(24.334,315.971,1.895)	24.258	-62.7013
5.137624808447	3	(27.0719,376.241,1.895)	36.1343	-67.7809
5.137166061508	5	(26.6976,416.34,1.895)	76.1559	-74.3232
5.138344002282	2	(23.898,362.686,1.895)	22.4589	-61.8715
5.213647731778	4	(26.8895,395.783,1.895)	57.549	-67.1652
5.214938057924	0	(24.3528,313.961,1.895)	24.3406	-62.5688
5.237624808447	3	(27.0905,374.239,1.895)	36.06	-67.8594
5.237166061508	5	(26.7136,414.629,1.895)	76.3718	-74.174
5.238344002282	2	(23.9152,360.842,1.895)	22.5422	-62.0733
5.313647731778	4	(26.907,393.903,1.895)	57.6131	-67.1826
5.314938057924	0	(24.3715,311.954,1.895)	24.4032	-62.4709
5.337624808447	3	(27.1092,372.235,1.895)	36.0011	-67.9179
5.337166061508	5	(26.7297,412.905,1.895)	76.5923	-74.025
5.338344002282	2	(23.9324,359.007,1.895)	22.6516	-62.3408
5.413647731778	4	(26.9246,392.015,1.895)	57.6673	-67.1977
5.414938057924	0	(24.3902,309.952,1.895)	24.4629	-62.3804
5.437624808447	3	(27.128,370.226,1.895)	35.9354	-67.9792
5.437166061508	5	(26.7457,411.183,1.895)	76.8128	-73.8793
5.438344002282	2	(23.9496,357.157,1.895)	22.7441	-62.5635
5.513647731778	4	(26.9424,390.116,1.895)	57.7052	-67.2085
5.514938057924	0	(24.4089,307.946,1.895)	24.5316	-62.2805
5.537624808447	3	(27.1467,368.227,1.895)	35.873	-68.0328
5.537166061508	5	(26.7619,409.448,1.895)	77.0146	-73.7489
5.538344002282	2	(23.967,355.296,1.895)	22.8202	-62.74
5.613647731778	4	(26.9599,388.233,1.895)	57.7651	-67.2259
5.614938057924	0	(24.4277,305.935,1.895)	24.5997	-62.1869
5.637624808447	3	(27.1654,366.217,1.895)	35.8058	-68.0851
5.637166061508	5	(26.7782,407.705,1.895)	77.2138	-73.6232
5.638344002282	2	(23.9843,353.442,1.895)	22.9095	-62.9352
5.713647731778	4	(26.9776,386.34,1.895)	57.824	-67.2434
5.714938057924	0	(24.4464,303.928,1.895)	24.655	-62.1154
5.737624808447	3	(27.1841,364.212,1.895)	35.7533	-68.1218
5.737166061508	5	(26.7944,405.965,1.895)	77.4253	-73.4928
5.738344002282	2	(24.0016,351.587,1.895)	23.0059	-63.1251
5.813647731778	4	(26.9953,384.448,1.895)	57.8843	-67.2617
5.814938057924	0	(24.4652,301.92,1.895)	24.7105	-62.0478
5.837624808447	3	(27.2028,362.212,1.895)	35.7057	-68.1517
5.837166061508	5	(26.8108,404.215,1.895)	77.6282	-73.3709
5.838344002282	2	(24.019,349.723,1.895)	23.0937	-63.2746
5.913647731778	4	(27.013,382.55,1.895)	57.9331	-67.2769
5.914938057924	0	(24.4839,299.916,1.895)	24.7674	-61.9835
5.937624808447	3	(27.2215,360.208,1.895)	35.6495	-68.1827
5.937166061508	5	(26.8271,402.46,1.895)	77.8207	-73.258
5.938344002282	2	(24.0365,347.846,1.895)	23.1645	-63.3756
6.013647731778	4	(27.0307,380.653,1.895)	57.9771	-67.2909
6.014938057924	0	(24.5026,297.91,1.895)	24.8326	-61.9162
6.037624808447	3	(27.2402,358.208,1.895)	35.5899	-68.2102
6.037166061508	5	(26.8436,400.697,1.895)	77.9981	-73.1564
6.038344002282	2	(24.0539,345.982,1.895)	23.2409	-63.463
6.113647731778	4	(27.0484,378.754,1.895)	58.0211	-67.305
6.114938057924	0	(24.5213,295.902,1.895)	24.8983	-61.8555
6.137624808447	3	(27.2589,356.204,1.895)	35.5291	-68.2322
6.137166061508	5	(26.8601,398.929,1.895)	78.1723	-73.0588
6.138344002282	2	(24.0713,344.123,1.895)	23.3246	-63.5312
6.149164134695	6	(23.3976,416.3,1.895)	95.5055	-70.5169
6.213647731778	4	(27.0661,376.858,1.895)	58.0763	-67.3232
6.214938057924	0	(24.5401,293.892,1.895)	24.9558	-61.8084
6.237624808447	3	(27.2776,354.199,1.895)	35.4766	-68.2462
6.237166061508	5	(26.8766,397.157,1.895)	78.352	-72.9605
6.238344002282	2	(24.0887,342.251,1.895)	23.4053	-63.5684
6.249164134695	6	(23.4163,414.298,1.895)	95.4553	-70.5118
6.313647731778	4	(27.0839,374.948,1.895)	58.1257	-67.3397
6.314938057924	0	(24.5588,291.886,1.895)	25.0022	-61.7747
6.337624808447	3	(27.2962,352.199,1.895)	35.4365	-68.2536
6.337166061508	5	(26.8931,395.392,1.895)	78.5463	-72.8567
6.338344002282	2	(24.1063,340.371,1.895)	23.485	-63.5779
6.349164134695	6	(23.435,412.296,1.895)	95.4127	-70.5076
6.413647731778	4	(27.1017,373.047,1.895)	58.1828	-67.3591
6.414938057924	0	(24.5775,289.886,1.895)	25.0446	-61.7473
6.437624808447	3	(27.315,350.194,1.895)	35.3888	-68.2586
6.437166061508	5	(26.9098,393.606,1.895)	78.718	-72.7674
6.438344002282	2	(24.1238,338.49,1.895)	23.5612	-63.5624
6.449164134695	6	(23.4537,410.291,1.895)	95.365	-70.5028
6.513647731778	4	(27.1195,371.133,1.895)	58.2218	-67.3726
6.514938057924	0	(24.5962,287.88,1.895)	25.0978	-61.7177
6.537624808447	3	(27.3337,348.183,1.895)	35.3323	-68.2591
6.537166061508	5	(26.9264,391.824,1.895)	78.8893	-72.6802
6.538344002282	2	(24.1415,336.601,1.895)	23.6259	-63.5315
6.549164134695	6	(23.4725,408.279,1.895)	95.3071	-70.4971
6.613647731778	4	(27.1374,369.213,1.895)	58.2589	-67.3856
6.614938057924	0	(24.6149,285.879,1.895)	25.1416	-61.6971
6.637624808447	3	(27.3524,346.178,1.895)	35.2841	-68.2548
6.637166061508	5	(26.9432,390.028,1.895)	79.0501	-72.6003
6.638344002282	2	(24.159,334.72,1.895)	23.7015	-63.4766
6.649164134695	6	(23.4912,406.27,1.895)	95.2551	-70.4921
6.713647731778	4	(27.1553,367.305,1.895)	58.306	-67.4024
6.714938057924	0	(24.6336,283.871,1.895)	25.1951	-61.6769
6.737624808447	3	(27.3712,344.173,1.895)	35.2343	-68.2458
6.737166061508	5	(26.9599,388.235,1.895)	79.2117	-72.5218
6.738344002282	2	(24.1767,332.83,1.895)	23.7669	-63.4145
6.749164134695	6	(23.51,404.262,1.895)	95.2016	-70.4869
6.813647731778	4	(27.1731,365.391,1.895)	58.3502	-67.4184
6.814938057924	0	(24.6523,281.871,1.895)	25.2361	-61.665
6.837624808447	3	(27.3899,342.163,1.895)	35.1821	-68.2312
6.837166061508	5	(26.9766,386.446,1.895)	79.381	-72.4415
6.838344002282	2	(24.1943,330.946,1.895)	23.8404	-63.3308
6.849164134695	6	(23.5287,402.255,1.895)	95.1528	-70.4822
6.913647731778	4	(27.191,363.473,1.895)	58.3861	-67.4315
6.914938057924	0	(24.671,279.863,1.895)	25.2902	-61.6542
6.937624808447	3	(27.4087,340.151,1.895)	35.1247	-68.2092
6.937166061508	5	(26.9934,384.652,1.895)	79.5411	-72.3673
6.938344002282	2	(24.2119,329.059,1.895)	23.9074	-63.244
6.949164134695	6	(23.5474,400.254,1.895)	95.1054	-70.4777
7.013647731778	4	(27.209,361.547,1.895)	58.4156	-67.4424
7.014938057924	0	(24.6897,277.862,1.895)	25.3353	-61.6494
7.037624808447	3	(27.4274,338.147,1.895)	35.0765	-68.1858
7.037166061508	5	(27.0102,382.848,1.895)	79.6922	-72.2988
7.038344002282	2	(24.2295,327.174,1.895)	23.9786	-63.1428
7.049164134695	6	(23.5661,398.247,1.895)	95.0547	-70.473
7.106714331009	7	(26.6976,416.34,1.895)	115.124	-75.2605
7.113647731778	4	(27.2269,359.627,1.895)	58.4542	-67.4569
7.114938057924	0	(24.7084,275.855,1.895)	25.3832	-61.6484
7.137624808447	3	(27.4461,336.142,1.895)	35.0313	-68.1599
7.137166061508	5	(27.0272,381.03,1.895)	79.8338	-72.236
7.138344002282	2	(24.2471,325.279,1.895)	24.0431	-63.0453
7.149164134695	6	(23.5849,396.237,1.895)	95.0037	-70.4682
7.206714331009	7	(26.7162,414.347,1.895)	115.09	-75.2479
7.213647731778	4	(27.2448,357.71,1.895)	58.496	-67.4727
7.214938057924	0	(24.7272,273.846,1.895)	25.4338	-61.6521
7.237624808447	3	(27.4649,334.131,1.895)	34.9785	-68.1247
7.237166061508	5	(27.0441,379.215,1.895)	79.9768	-72.1739
7.238344002282	2	(24.2648,323.388,1.895)	24.1096	-62.9407
7.249164134695	6	(23.6036,394.225,1.895)	94.9506	-70.4634
7.306714331009	7	(26.7348,412.351,1.895)	115.059	-75.2364
7.313647731778	4	(27.2628,355.783,1.895)	58.5336	-67.4871
7.314938057924	0	(24.746,271.835,1.895)	25.4798	-61.6596
7.337624808447	3	(27.4836,332.126,1.895)	34.939	-68.095
7.337166061508	5	(27.061,377.4,1.895)	80.1266	-72.1102
7.338344002282	2	(24.2824,321.499,1.895)	24.1856	-62.8184
7.349164134695	6	(23.6224,392.218,1.895)	94.9084	-70.4595
7.406714331009	7	(26.7534,410.358,1.895)	115.034	-75.2276
7.413647731778	4	(27.2808,353.855,1.895)	58.5748	-67.5031
7.414938057924	0	(24.7647,269.827,1.895)	25.519	-61.6692
7.437624808447	3	(27.5023,330.122,1.895)	34.9039	-68.0663
7.437166061508	5	(27.0781,375.576,1.895)	80.2719	-72.0499
7.438344002282	2	(24.3002,319.6,1.895)	24.2561	-62.7042
7.449164134695	6	(23.6411,390.208,1.895)	94.8679	-70.4559
7.506714331009	7	(26.772,408.364,1.895)	115.011	-75.2189
7.513647731778	4	(27.2987,351.934,1.895)	58.6234	-67.5221
7.514938057924	0	(24.7834,267.827,1.895)	25.5488	-61.6784
7.537624808447	3	(27.5211,328.112,1.895)	34.8642	-68.0311
7.537166061508	5	(27.0951,373.754,1.895)	80.4195	-71.9899
7.538344002282	2	(24.3179,317.697,1.895)	24.3231	-62.5966
7.549164134695	6	(23.6598,388.206,1.895)	94.8351	-70.4529
7.606714331009	7	(26.7906,406.374,1.895)	114.971	-75.2042
7.613647731778	4	(27.3168,349.999,1.895)	58.6386	-67.5282
7.614938057924	0	(24.8021,265.824,1.895)	25.6025	-61.699
7.637624808447	3	(27.5398,326.103,1.895)	34.8058	-67.9743
7.637166061508	5	(27.112,371.936,1.895)	80.5508	-71.9377
7.638344002282	2	(24.3357,315.793,1.895)	24.3692	-62.5238
7.649164134695	6	(23.6785,386.206,1.895)	94.785	-70.4485
7.706714331009	7	(26.8091,404.395,1.895)	114.958	-75.1998
7.713647731778	4	(27.3348,348.069,1.895)	58.676	-67.5431
7.714938057924	0	(24.8208,263.813,1.895)	25.6463	-61.7198
7.737624808447	3	(27.5586,324.093,1.895)	34.7633	-67.9293
7.737166061508	5	(27.1292,370.096,1.895)	80.6789	-71.8877
7.738344002282	2	(24.3534,313.9,1.895)	24.4429	-62.4104
7.749164134695	6	(23.6972,384.205,1.895)	94.7509	-70.4455
7.806714331009	7	(26.8277,402.4,1.895)	114.932	-75.19
7.813647731778	4	(27.3528,346.137,1.895)	58.7113	-67.5574
7.814938057924	0	(24.8396,261.805,1.895)	25.6865	-61.742
7.837624808447	3	(27.5773,322.089,1.895)	34.727	-67.8886
7.837166061508	5	(27.1463,368.267,1.895)	80.8168	-71.835
7.838344002282	2	(24.3711,311.997,1.895)	24.508	-62.3143
7.849164134695	6	(23.7159,382.194,1.895)	94.708	-70.4417
7.906714331009	7	(26.8462,400.417,1.895)	114.918	-75.185
7.913647731778	4	(27.3709,344.2,1.895)	58.7444	-67.5709
7.914938057924	0	(24.8583,259.8,1.895)	25.7214	-61.7636
7.937624808447	3	(27.596,320.085,1.895)	34.6925	-67.8479
7.937166061508	5	(27.1634,366.431,1.895)	80.9505	-71.7851
7.938344002282	2	(24.3889,310.09,1.895)	24.5706	-62.2262
7.949164134695	6	(23.7346,380.194,1.895)	94.6778	-70.4391
8.006714331009	7	(26.8648,398.427,1.895)	114.889	-75.1742
8.013647731778	4	(27.389,342.266,1.895)	58.7709	-67.5818
8.014938057924	0	(24.8771,257.789,1.895)	25.7717	-61.7986
8.037624808447	3	(27.6147,318.082,1.895)	34.6502	-67.7956
8.037166061508	5	(27.1806,364.588,1.895)	81.068	-71.742
8.038344002282	2	(24.4068,308.175,1.895)	24.6163	-62.165
8.049164134695	6	(23.7533,378.185,1.895)	94.6295	-70.435
8.106714331009	7	(26.8834,396.433,1.895)	114.87	-75.1674
8.113647731778	4	(27.4071,340.327,1.895)	58.8061	-67.5964
8.114938057924	0	(24.8958,255.787,1.895)	25.799	-61.8195
8.130686788412	8	(26.6976,416.34,1.895)	134.771	-85.2755
8.137624808447	3	(27.6334,316.078,1.895)	34.6214	-67.7583
8.137166061508	5	(27.1978,362.744,1.895)	81.199	-71.695
8.138344002282	2	(24.4246,306.262,1.895)	24.6786	-62.0861
8.149164134695	6	(23.7721,376.178,1.895)	94.597	-70.4322
8.206714331009	7	(26.902,394.443,1.895)	114.843	-75.1575
8.213647731778	4	(27.4251,338.395,1.895)	58.8369	-67.6093
8.214938057924	0	(24.9145,253.783,1.895)	25.8401	-61.8534
8.230686788412	8	(26.7147,414.503,1.895)	134.896	-85.3501
8.237624808447	3	(27.6521,314.067,1.895)	34.5734	-67.6938
8.237166061508	5	(27.2151,360.893,1.895)	81.3105	-71.6557
8.238344002282	2	(24.4426,304.343,1.895)	24.7219	-62.0346
8.249164134695	6	(23.7908,374.177,1.895)	94.5585	-70.4289
8.306714331009	7	(26.9206,392.452,1.895)	114.814	-75.1471
8.313647731778	4	(27.4432,336.454,1.895)	58.858	-67.6182
8.314938057924	0	(24.9331,251.781,1.895)	25.8801	-61.8892
8.330686788412	8	(26.732,412.655,1.895)	135.01	-85.4178
8.337624808447	3	(27.6708,312.067,1.895)	34.5361	-67.6414
8.337166061508	5	(27.2323,359.049,1.895)	81.4285	-71.6149
8.338344002282	2	(24.4604,302.433,1.895)	24.7743	-61.9761
8.349164134695	6	(23.8094,372.175,1.895)	94.5191	-70.4256
8.406714331009	7	(26.939,390.477,1.895)	114.805	-75.1438
8.413647731778	4	(27.4612,334.524,1.895)	58.8945	-67.6337
8.414938057924	0	(24.9519,249.769,1.895)	25.9255	-61.9334
8.430686788412	8	(26.7492,410.811,1.895)	135.132	-85.4899
8.437624808447	3	(27.6895,310.065,1.895)	34.5001	-67.5891
8.437166061508	5	(27.2496,357.193,1.895)	81.539	-71.5773
8.438344002282	2	(24.4783,300.518,1.895)	24.8259	-61.9228
8.449164134695	6	(23.8281,370.172,1.895)	94.4829	-70.4226
8.506714331009	7	(26.9575,388.488,1.895)	114.789	-75.1381
8.513647731778	4	(27.4793,332.589,1.895)	58.9324	-67.65
8.514938057924	0	(24.9706,247.769,1.895)	25.9523	-61.961
8.530686788412	8	(26.7663,408.981,1.895)	135.276	-85.5739
8.537624808447	3	(27.7082,308.061,1.895)	34.4695	-67.5433
8.537166061508	5	(27.2668,355.356,1.895)	81.6748	-71.5322
8.538344002282	2	(24.4962,298.599,1.895)	24.8797	-61.8718
8.549164134695	6	(23.8468,368.172,1.895)	94.4561	-70.4204
8.606714331009	7	(26.976,386.516,1.895)	114.786	-75.1369
8.613647731778	4	(27.4974,330.65,1.895)	58.962	-67.6628
8.614938057924	0	(24.9893,245.764,1.895)	25.989	-62.0008
8.630686788412	8	(26.7836,407.129,1.895)	135.392	-85.6421
8.637624808447	3	(27.727,306.049,1.895)	34.4267	-67.4776
8.637166061508	5	(27.284,353.512,1.895)	81.7997	-71.4915
8.638344002282	2	(24.5141,296.678,1.895)	24.9279	-61.8305
8.649164134695	6	(23.8656,366.161,1.895)	94.4133	-70.4169
8.706714331009	7	(26.9943,384.547,1.895)	114.788	-75.1377
8.713647731778	4	(27.5156,328.7,1.895)	58.9837	-67.6723
8.714938057924	0	(25.008,243.757,1.895)	26.0248	-62.0418
8.730686788412	8	(26.8007,405.296,1.895)	135.531	-85.7222
8.737624808447	3	(27.7457,304.044,1.895)	34.3934	-67.4249
8.737166061508	5	(27.3013,351.663,1.895)	81.9218	-71.4526
8.738344002282	2	(24.532,294.76,1.895)	24.9811	-61.7896
8.749164134695	6	(23.8842,364.162,1.895)	94.3853	-70.4147
8.806714331009	7	(27.0128,382.567,1.895)	114.778	-75.1339
8.813647731778	4	(27.5338,326.751,1.895)	59.0047	-67.6814
8.814938057924	0	(25.0268,241.747,1.895)	26.0655	-62.091
8.830686788412	8	(26.8179,403.452,1.895)	135.656	-85.7941
8.837624808447	3	(27.7645,302.033,1.895)	34.3515	-67.357
8.837166061508	5	(27.3187,349.795,1.895)	82.0237	-71.4207
8.838344002282	2	(24.5499,292.838,1.895)	25.028	-61.7577
8.849164134695	6	(23.903,362.15,1.895)	94.343	-70.4112
8.906714331009	7	(27.0313,380.586,1.895)	114.778	-75.1341
8.913647731778	4	(27.552,324.8,1.895)	59.0347	-67.6947
8.914938057924	0	(25.0455,239.739,1.895)	26.0916	-62.124
8.930686788412	8	(26.8351,401.606,1.895)	135.792	-85.8713
8.937624808447	3	(27.7832,300.021,1.895)	34.3214	-67.3072
8.937166061508	5	(27.336,347.935,1.895)	82.1449	-71.3835
8.938344002282	2	(24.5679,290.916,1.895)	25.0872	-61.7231
8.949164134695	6	(23.9218,360.14,1.895)	94.3148	-70.409
9.006714331009	7	(27.0498,378.602,1.895)	114.767	-75.1302
9.013647731778	4	(27.5702,322.846,1.895)	59.0533	-67.703
9.014938057924	0	(25.0642,237.738,1.895)	26.1199	-62.1609
9.030686788412	8	(26.8524,399.757,1.895)	135.916	-85.9416
9.037624808447	3	(27.802,298.011,1.895)	34.2841	-67.2442
9.037166061508	5	(27.3535,346.065,1.895)	82.2475	-71.3525
9.038344002282	2	(24.5859,288.981,1.895)	25.1254	-61.7043
9.049164134695	6	(23.9405,358.132,1.895)	94.2797	-70.4062
9.106714331009	7	(27.0683,376.623,1.895)	114.752	-75.1247
9.113647731778	4	(27.5885,320.891,1.895)	59.0635	-67.7075
9.114938057924	0	(25.083,235.729,1.895)	26.1642	-62.2213
9.130686788412	8	(26.8697,397.903,1.895)	136.026	-86.0035
9.137624808447	3	(27.8207,296.011,1.895)	34.249	-67.1839
9.137166061508	5	(27.371,344.191,1.895)	82.3385	-71.3256
9.138344002282	2	(24.604,287.048,1.895)	25.1569	-61.6908
9.143004710367	9	(26.6976,416.34,1.895)	154.459	-83.9964
9.149164134695	6	(23.9592,356.132,1.895)	94.244	-70.4034
9.206714331009	7	(27.0868,374.635,1.895)	114.746	-75.1224
9.213647731778	4	(27.6066,318.946,1.895)	59.0991	-67.7235
9.214938057924	0	(25.1017,233.721,1.895)	26.1916	-62.2602
9.230686788412	8	(26.887,396.049,1.895)	136.153	-86.0739
9.237624808447	3	(27.8394,294.005,1.895)	34.2239	-67.14
9.237166061508	5	(27.3885,342.316,1.895)	82.4437	-71.2949
9.238344002282	2	(24.6219,285.127,1.895)	25.2172	-61.6701
9.243004710367	9	(26.7134,414.649,1.895)	154.749	-83.8972
9.249164134695	6	(23.9778,354.132,1.895)	94.2252	-70.402
9.306714331009	7	(27.1053,372.657,1.895)	114.746	-75.1226
9.313647731778	4	(27.6248,316.993,1.895)	59.1252	-67.7353
9.314938057924	0	(25.1204,231.714,1.895)	26.2187	-62.2998
9.330686788412	8	(26.9044,394.184,1.895)	136.267	-86.1364
9.337624808447	3	(27.8581,292.001,1.895)	34.199	-67.0962
9.337166061508	5	(27.406,340.44,1.895)	82.5469	-71.2654
9.338344002282	2	(24.6399,283.196,1.895)	25.2656	-61.6584
9.343004710367	9	(26.7292,412.95,1.895)	155.029	-83.8024
9.349164134695	6	(23.9965,352.132,1.895)	94.2037	-70.4003
9.406714331009	7	(27.1238,370.678,1.895)	114.746	-75.1226
9.413647731778	4	(27.6431,315.04,1.895)	59.1506	-67.7468
9.414938057924	0	(25.1392,229.705,1.895)	26.2494	-62.3459
9.430686788412	8	(26.9218,392.323,1.895)	136.385	-86.2007
9.437624808447	3	(27.8768,289.993,1.895)	34.1701	-67.0447
9.437166061508	5	(27.4235,338.567,1.895)	82.6529	-71.2357
9.438344002282	2	(24.6579,281.266,1.895)	25.3138	-61.6512
9.443004710367	9	(26.7452,411.241,1.895)	155.299	-83.7121
9.449164134695	6	(24.0152,350.127,1.895)	94.1783	-70.3983
9.506714331009	7	(27.1423,368.693,1.895)	114.741	-75.1206
9.513647731778	4	(27.6614,313.08,1.895)	59.17	-67.7557
9.514938057924	0	(25.1579,227.702,1.895)	26.2731	-62.3824
9.530686788412	8	(26.9392,390.457,1.895)	136.499	-86.2622
9.537624808447	3	(27.8955,287.989,1.895)	34.1456	-67.0005
9.537166061508	5	(27.4411,336.682,1.895)	82.7467	-71.2098
9.538344002282	2	(24.676,279.336,1.895)	25.3635	-61.6483
9.543004710367	9	(26.7612,409.527,1.895)	155.564	-83.6245
9.549164134695	6	(24.0339,348.123,1.895)	94.1533	-70.3964
9.606714331009	7	(27.1608,366.71,1.895)	114.737	-75.1191
9.613647731778	4	(27.6795,311.133,1.895)	59.2017	-67.7703
9.614938057924	0	(25.1765,225.703,1.895)	26.2937	-62.4148
9.630686788412	8	(26.9567,388.584,1.895)	136.604	-86.3184
9.637624808447	3	(27.9143,285.977,1.895)	34.1125	-66.9403
9.637166061508	5	(27.4586,334.801,1.895)	82.8448	-71.1832
9.638344002282	2	(24.694,277.401,1.895)	25.4071	-61.6496
9.643004710367	9	(26.7772,407.808,1.895)	155.824	-83.5397
9.649164134695	6	(24.0527,346.113,1.895)	94.1221	-70.394
9.706714331009	7	(27.1793,364.728,1.895)	114.723	-75.114
9.713647731778	4	(27.6979,309.17,1.895)	59.2062	-67.7723
9.714938057924	0	(25.1953,223.694,1.895)	26.334	-62.4801
9.730686788412	8	(26.9741,386.713,1.895)	136.701	-86.3698
9.737624808447	3	(27.933,283.976,1.895)	34.0793	-66.8793
9.737166061508	5	(27.4761,332.925,1.895)	82.9365	-71.1588
9.738344002282	2	(24.7121,275.466,1.895)	25.4394	-61.6528
9.743004710367	9	(26.7934,406.081,1.895)	156.064	-83.4621
9.749164134695	6	(24.0714,344.11,1.895)	94.0871	-70.3914
9.806714331009	7	(27.1978,362.747,1.895)	114.715	-75.111
9.813647731778	4	(27.7161,307.213,1.895)	59.2226	-67.78
9.814938057924	0	(25.214,221.692,1.895)	26.3635	-62.5292
9.830686788412	8	(26.9916,384.843,1.895)	136.804	-86.4238
9.837624808447	3	(27.9517,281.974,1.895)	34.0506	-66.8259
9.837166061508	5	(27.4938,331.037,1.895)	83.022	-71.1363
9.838344002282	2	(24.73,273.542,1.895)	25.489	-61.6616
9.843004710367	9	(26.8094,404.359,1.895)	156.316	-83.3821
9.849164134695	6	(24.0902,342.098,1.895)	94.0486	-70.3885
9.906714331009	7	(27.2163,360.764,1.895)	114.71	-75.1093
9.913647731778	4	(27.7344,305.257,1.895)	59.2446	-67.7902
9.914938057924	0	(25.2327,219.685,1.895)	26.3923	-62.5784
9.930686788412	8	(27.0091,382.967,1.895)	136.906	-86.4765
9.937624808447	3	(27.9704,279.966,1.895)	34.0211	-66.7707
9.937166061508	5	(27.5114,329.151,1.895)	83.1139	-71.1126
9.938344002282	2	(24.7481,271.607,1.895)	25.5321	-61.673
9.943004710367	9	(26.8256,402.628,1.895)	156.563	-83.3042
9.949164134695	6	(24.1089,340.087,1.895)	94.0151	-70.386
10.006714331009	7	(27.2348,358.779,1.895)	114.708	-75.1087
10.013647731778	4	(27.7527,303.298,1.895)	59.2693	-67.8018
10.014938057924	0	(25.2514,217.678,1.895)	26.4157	-62.6191
10.030686788412	8	(27.0266,381.09,1.895)	137.012	-86.5306
10.037624808447	3	(27.9892,277.959,1.895)	33.9974	-66.7261
10.037166061508	5	(27.529,327.26,1.895)	83.2053	-71.0894
10.038344002282	2	(24.7661,269.674,1.895)	25.5826	-61.6907
10.043004710367	9	(26.8418,400.892,1.895)	156.81	-83.2273
10.049164134695	6	(24.1277,338.08,1.895)	93.9916	-70.3843
10.106714331009	7	(27.2534,356.795,1.895)	114.705	-75.1077
10.113647731778	4	(27.7709,301.342,1.895)	59.2951	-67.8139
10.114938057924	0	(25.2702,215.671,1.895)	26.441	-62.6638
10.130686788412	8	(27.0442,379.207,1.895)	137.111	-86.5806
10.137624808447	3	(28.0078,275.956,1.895)	33.9765	-66.6867
10.137166061508	5	(27.5467,325.364,1.895)	83.2913	-71.068
10.138344002282	2	(24.7842,267.735,1.895)	25.6251	-61.7093
10.143004710367	9	(26.8581,399.145,1.895)	157.045	-83.1551
10.149164134695	6	(24.1464,336.069,1.895)	93.9623	-70.3822
10.206714331009	7	(27.2718,354.814,1.895)	114.712	-75.1099
10.213647731778	4	(27.7891,299.391,1.895)	59.3303	-67.8307
10.214938057924	0	(25.2889,213.663,1.895)	26.4632	-62.7038
10.230686788412	8	(27.0617,377.325,1.895)	137.215	-86.6324
10.237624808447	3	(28.0265,273.955,1.895)	33.9623	-66.6596
10.237166061508	5	(27.5643,323.477,1.895)	83.391	-71.0435
10.238344002282	2	(24.8024,265.788,1.895)	25.6644	-61.7294
10.243004710367	9	(26.8744,397.397,1.895)	157.283	-83.0828
10.249164134695	6	(24.1652,334.061,1.895)	93.9405	-70.3806
10.306714331009	7	(27.2902,352.844,1.895)	114.728	-75.1159
10.313647731778	4	(27.8074,297.436,1.895)	59.362	-67.8458
10.314938057924	0	(25.3076,211.658,1.895)	26.4811	-62.7365
10.330686788412	8	(27.0793,375.446,1.895)	137.323	-86.6855
10.337624808447	3	(28.0452,271.955,1.895)	33.948	-66.6325
10.337166061508	5	(27.5819,321.589,1.895)	83.4893	-71.0199
10.338344002282	2	(24.8206,263.843,1.895)	25.7062	-61.7539
10.343004710367	9	(26.8908,395.642,1.895)	157.514	-83.0131
10.349164134695	6	(24.184,332.05,1.895)	93.9157	-70.3788
10.406714331009	7	(27.3087,350.864,1.895)	114.721	-75.1135
10.413647731778	4	(27.8256,295.479,1.895)	59.3789	-67.854
10.414938057924	0	(25.3264,209.652,1.895)	26.5128	-62.7953
10.430686788412	8	(27.0968,373.571,1.895)	137.422	-86.7337
10.437624808447	3	(28.0639,269.949,1.895)	33.9172	-66.5735
10.437166061508	5	(27.5996,319.7,1.895)	83.5739	-70.9999
10.438344002282	2	(24.8388,261.892,1.895)	25.7296	-61.769
10.443004710367	9	(26.9072,393.886,1.895)	157.733	-82.9482
10.449164134695	6	(24.2027,330.046,1.895)	93.8862	-70.3767
10.506714331009	7	(27.3271,348.892,1.895)	114.736	-75.1189
10.513647731778	4	(27.8439,293.522,1.895)	59.4073	-67.8677
10.514938057924	0	(25.345,207.653,1.895)	26.526	-62.8202
10.530686788412	8	(27.1144,371.679,1.895)	137.516	-86.7785
10.537624808447	3	(28.0827,267.938,1.895)	33.8921	-66.5254
10.537166061508	5	(27.6173,317.802,1.895)	83.6619	-70.9794
10.538344002282	2	(24.8569,259.949,1.895)	25.7722	-61.7989
10.543004710367	9	(26.9235,392.134,1.895)	157.966	-82.8797
10.549164134695	6	(24.2214,328.038,1.895)	93.8638	-70.3751
10.606714331009	7	(27.3456,346.908,1.895)	114.73	-75.1168
10.613647731778	4	(27.8622,291.56,1.895)	59.4239	-67.8758
10.614938057924	0	(25.3637,205.649,1.895)	26.5517	-62.8692
10.630686788412	8	(27.132,369.802,1.895)	137.617	-86.8261
10.637624808447	3	(28.1014,265.937,1.895)	33.8696	-66.4821
10.637166061508	5	(27.635,315.909,1.895)	83.7478	-70.9597
10.638344002282	2	(24.8751,257.995,1.895)	25.797	-61.8179
10.643004710367	9	(26.94,390.369,1.895)	158.18	-82.8175
10.649164134695	6	(24.2401,326.033,1.895)	93.8375	-70.3733
10.706714331009	7	(27.3641,344.934,1.895)	114.732	-75.1173
10.713647731778	4	(27.8805,289.605,1.895)	59.4447	-67.8859
10.714938057924	0	(25.3824,203.644,1.895)	26.5808	-62.9253
10.730686788412	8	(27.1497,367.905,1.895)	137.695	-86.8625
10.737624808447	3	(28.1201,263.931,1.895)	33.839	-66.4231
10.737166061508	5	(27.6527,314.004,1.895)	83.8181	-70.9439
10.738344002282	2	(24.8933,256.049,1.895)	25.8256	-61.8411
10.743004710367	9	(26.9564,388.616,1.895)	158.403	-82.7535
10.749164134695	6	(24.2589,324.023,1.895)	93.8026	-70.3708
10.806714331009	7	(27.3825,342.952,1.895)	114.731	-75.1169
10.813647731778	4	(27.8988,287.641,1.895)	59.4615	-67.8942
10.814938057924	0	(25.4012,201.634,1.895)	26.6106	-62.9839
10.830686788412	8	(27.1673,366.016,1.895)	137.787	-86.9045
10.837624808447	3	(28.1387,261.931,1.895)	33.8197	-66.3858
10.837166061508	5	(27.6704,312.112,1.895)	83.9066	-70.9243
10.838344002282	2	(24.9115,254.103,1.895)	25.8606	-61.8714
10.843004710367	9	(26.9729,386.841,1.895)	158.608	-82.6952
10.849164134695	6	(24.2776,322.017,1.895)	93.7776	-70.3691
10.906714331009	7	(27.401,340.976,1.895)	114.738	-75.1195
10.913647731778	4	(27.9171,285.679,1.895)	59.4825	-67.9045
10.914938057924	0	(25.4199,199.625,1.895)	26.636	-63.0345
10.930686788412	8	(27.185,364.117,1.895)	137.872	-86.9429
10.937624808447	3	(28.1575,259.926,1.895)	33.7976	-66.343
10.937166061508	5	(27.6882,310.209,1.895)	83.9863	-70.9069
10.938344002282	2	(24.9296,252.161,1.895)	25.9016	-61.9097
10.943004710367	9	(26.9895,385.069,1.895)	158.82	-82.6356
10.949164134695	6	(24.2964,320.006,1.895)	93.7497	-70.3672
11.006714331009	7	(27.4194,339,1.895)	114.741	-75.1207
11.013647731778	4	(27.9355,283.709,1.895)	59.492	-67.9092
11.014938057924	0	(25.4387,197.615,1.895)	26.6671	-63.0974
11.030686788412	8	(27.2027,362.223,1.895)	137.957	-86.9806
11.037624808447	3	(28.1762,257.919,1.895)	33.7706	-66.2907
11.037166061508	5	(27.7059,308.304,1.895)	84.0608	-70.8909
11.038344002282	2	(24.9478,250.211,1.895)	25.9314	-61.9393
11.043004710367	9	(27.0061,383.285,1.895)	159.015	-82.5814
11.049164134695	6	(24.315,318.004,1.895)	93.7275	-70.3657
11.106714331009	7	(27.4379,337.019,1.895)	114.751	-75.1244
11.113647731778	4	(27.9539,281.739,1.895)	59.5124	-67.9193
11.114938057924	0	(25.4574,195.61,1.895)	26.6808	-63.1253
11.130686788412	8	(27.2203,360.332,1.895)	138.057	-87.0244
11.137624808447	3	(28.1949,255.913,1.895)	33.7561	-66.2624
11.137166061508	5	(27.7238,306.385,1.895)	84.1334	-70.8756
11.138344002282	2	(24.966,248.266,1.895)	25.9774	-61.9879
11.143004710367	9	(27.0227,381.506,1.895)	159.227	-82.5229
11.149164134695	6	(24.3338,315.999,1.895)	93.7133	-70.3647
11.206714331009	7	(27.4565,335.028,1.895)	114.737	-75.1193
11.213647731778	4	(27.9722,279.778,1.895)	59.5287	-67.9274
11.214938057924	0	(25.4761,193.605,1.895)	26.7089	-63.1832
11.230686788412	8	(27.2381,358.43,1.895)	138.132	-87.0566
11.237624808447	3	(28.2137,253.903,1.895)	33.7232	-66.1985
11.237166061508	5	(27.7417,304.473,1.895)	84.198	-70.8621
11.238344002282	2	(24.9842,246.312,1.895)	26.0004	-62.0136
11.243004710367	9	(27.0394,379.72,1.895)	159.417	-82.4709
11.249164134695	6	(24.3525,313.996,1.895)	93.6878	-70.363
11.306714331009	7	(27.475,333.046,1.895)	114.741	-75.1204
11.313647731778	4	(27.9906,277.804,1.895)	59.5396	-67.9329
11.314938057924	0	(25.4948,191.604,1.895)	26.7249	-63.2164
11.330686788412	8	(27.2559,356.526,1.895)	138.213	-87.0909
11.337624808447	3	(28.2324,251.892,1.895)	33.6966	-66.1468
11.337166061508	5	(27.7595,302.562,1.895)	84.2723	-70.8468
11.338344002282	2	(25.0024,244.366,1.895)	26.0392	-62.059
11.343004710367	9	(27.0562,377.922,1.895)	159.605	-82.4204
11.349164134695	6	(24.3712,311.984,1.895)	93.6608	-70.3612
11.406714331009	7	(27.4935,331.065,1.895)	114.741	-75.1207
11.413647731778	4	(28.009,275.832,1.895)	59.5498	-67.938
11.414938057924	0	(25.5135,189.603,1.895)	26.7435	-63.2553
11.430686788412	8	(27.2736,354.627,1.895)	138.297	-87.1259
11.437624808447	3	(28.2511,249.891,1.895)	33.6782	-66.111
11.437166061508	5	(27.7774,300.648,1.895)	84.3397	-70.8331
11.438344002282	2	(25.0206,242.407,1.895)	26.0624	-62.0872
11.443004710367	9	(27.0729,376.127,1.895)	159.792	-82.3702
11.449164134695	6	(24.39,309.973,1.895)	93.6317	-70.3592
11.506714331009	7	(27.5119,329.089,1.895)	114.742	-75.1211
11.513647731778	4	(28.0273,273.87,1.895)	59.5651	-67.9457
11.514938057924	0	(25.5322,187.602,1.895)	26.7676	-63.306
11.530686788412	8	(27.2913,352.725,1.895)	138.372	-87.1567
11.537624808447	3	(28.2698,247.887,1.895)	33.6523	-66.0606
11.537166061508	5	(27.7953,298.73,1.895)	84.3999	-70.8211
11.538344002282	2	(25.0389,240.449,1.895)	26.0819	-62.1116
11.543004710367	9	(27.0897,374.333,1.895)	159.975	-82.3217
11.549164134695	6	(24.4087,307.969,1.895)	93.6049	-70.3575
11.606714331009	7	(27.5305,327.106,1.895)	114.744	-75.1217
11.613647731778	4	(28.0456,271.908,1.895)	59.5878	-67.9571
11.614938057924	0	(25.5509,185.593,1.895)	26.7914	-63.3567
11.630686788412	8	(27.3091,350.821,1.895)	138.453	-87.1892
11.637624808447	3	(28.2885,245.885,1.895)	33.6351	-66.0273
11.637166061508	5	(27.8131,296.821,1.895)	84.4749	-70.8063
11.638344002282	2	(25.0571,238.502,1.895)	26.1199	-62.1609
11.643004710367	9	(27.1065,372.532,1.895)	160.159	-82.2735
11.649164134695	6	(24.4274,305.966,1.895)	93.5864	-70.3563
11.706714331009	7	(27.5489,325.133,1.895)	114.764	-75.129
11.713647731778	4	(28.064,269.944,1.895)	59.617	-67.9719
11.714938057924	0	(25.5696,183.591,1.895)	26.7999	-63.3748
11.730686788412	8	(27.3269,348.913,1.895)	138.537	-87.2226
11.737624808447	3	(28.3072,243.878,1.895)	33.621	-65.9998
11.737166061508	5	(27.8309,294.911,1.895)	84.5583	-70.7901
11.738344002282	2	(25.0753,236.553,1.895)	26.1644	-62.2216
11.743004710367	9	(27.1233,370.731,1.895)	160.351	-82.2235
11.749164134695	6	(24.4461,303.959,1.895)	93.5735	-70.3554
11.806714331009	7	(27.5673,323.159,1.895)	114.773	-75.1324
11.813647731778	4	(28.0823,267.977,1.895)	59.6331	-67.9801
11.814938057924	0	(25.5883,181.586,1.895)	26.8217	-63.4216
11.830686788412	8	(27.3446,347.017,1.895)	138.624	-87.2565
11.837624808447	3	(28.326,241.87,1.895)	33.5961	-65.9516
11.837166061508	5	(27.8489,292.99,1.895)	84.6205	-70.7782
11.838344002282	2	(25.0935,234.596,1.895)	26.1906	-62.2588
11.843004710367	9	(27.1402,368.923,1.895)	160.526	-82.1784
11.849164134695	6	(24.4648,301.96,1.895)	93.5573	-70.3544
11.906714331009	7	(27.5857,321.185,1.895)	114.781	-75.1351
11.913647731778	4	(28.1008,265.999,1.895)	59.6359	-67.9815
11.914938057924	0	(25.607,179.581,1.895)	26.846	-63.4738
11.930686788412	8	(27.3624,345.114,1.895)	138.703	-87.2862
11.937624808447	3	(28.3447,239.866,1.895)	33.5734	-65.9076
11.937166061508	5	(27.8667,291.077,1.895)	84.6881	-70.7655
11.938344002282	2	(25.1118,232.637,1.895)	26.2117	-62.2893
11.943004710367	9	(27.1569,367.126,1.895)	160.71	-82.1315
11.949164134695	6	(24.4835,299.954,1.895)	93.5322	-70.3527
12.006714331009	7	(27.6041,319.213,1.895)	114.789	-75.1379
12.013647731778	4	(28.1191,264.033,1.895)	59.6498	-67.9887
12.014938057924	0	(25.6257,177.579,1.895)	26.8681	-63.522
12.030686788412	8	(27.3802,343.206,1.895)	138.774	-87.3129
12.037624808447	3	(28.3634,237.859,1.895)	33.5462	-65.8551
12.037166061508	5	(27.8848,289.141,1.895)	84.7319	-70.7574
12.038344002282	2	(25.1301,230.677,1.895)	26.232	-62.3195
12.043004710367	9	(27.1738,365.32,1.895)	160.884	-82.0875
12.049164134695	6	(24.5023,297.946,1.895)	93.5044	-70.351
12.106714331009	7	(27.6226,317.227,1.895)	114.786	-75.1371
12.113647731778	4	(28.1375,262.061,1.895)	59.6616	-67.9947
12.114938057924	0	(25.6444,175.576,1.895)	26.8873	-63.5638
12.130686788412	8	(27.3979,341.304,1.895)	138.856	-87.3428
12.137624808447	3	(28.3822,235.852,1.895)	33.5229	-65.8101
12.137166061508	5	(27.9027,287.225,1.895)	84.7996	-70.7449
12.138344002282	2	(25.1484,228.719,1.895)	26.2583	-62.3595
12.143004710367	9	(27.1907,363.505,1.895)	161.053	-82.0451
12.149164134695	6	(24.5209,295.945,1.895)	93.4872	-70.3499
12.206714331009	7	(27.6411,315.251,1.895)	114.798	-75.1413
12.213647731778	4	(28.156,260.086,1.895)	59.6742	-68.0012
12.214938057924	0	(25.6632,173.567,1.895)	26.9091	-63.6117
12.230686788412	8	(27.4158,339.393,1.895)	138.933	-87.3701
12.237624808447	3	(28.4009,233.846,1.895)	33.5042	-65.7741
12.237166061508	5	(27.9206,285.299,1.895)	84.8615	-70.7337
12.238344002282	2	(25.1667,226.759,1.895)	26.2855	-62.4019
12.243004710367	9	(27.2076,361.695,1.895)	161.23	-82.0012
12.249164134695	6	(24.5397,293.936,1.895)	93.4656	-70.3485
12.306714331009	7	(27.6595,313.277,1.895)	114.809	-75.1454
12.313647731778	4	(28.1744,258.113,1.895)	59.686	-68.0073
12.314938057924	0	(25.6819,171.556,1.895)	26.9352	-63.6689
12.330686788412	8	(27.4336,337.482,1.895)	139.007	-87.3962
12.337624808447	3	(28.4196,231.837,1.895)	33.4809	-65.7293
12.337166061508	5	(27.9386,283.373,1.895)	84.92	-70.7232
12.338344002282	2	(25.185,224.799,1.895)	26.3103	-62.4414
12.343004710367	9	(27.2246,359.871,1.895)	161.391	-81.9615
12.349164134695	6	(24.5584,291.931,1.895)	93.4449	-70.3472
12.406714331009	7	(27.678,311.295,1.895)	114.823	-75.1505
12.413647731778	4	(28.1928,256.138,1.895)	59.7071	-68.0182
12.414938057924	0	(25.7007,169.544,1.895)	26.9508	-63.7033
12.430686788412	8	(27.4515,335.57,1.895)	139.09	-87.4247
12.437624808447	3	(28.4384,229.828,1.895)	33.4677	-65.7041
12.437166061508	5	(27.9566,281.447,1.895)	84.9902	-70.7109
12.438344002282	2	(25.2033,222.841,1.895)	26.3484	-62.5039
12.443004710367	9	(27.2416,358.049,1.895)	161.565	-81.919
12.449164134695	6	(24.5772,289.92,1.895)	93.4301	-70.3463
12.506714331009	7	(27.6965,309.318,1.895)	114.833	-75.1541
12.513647731778	4	(28.2113,254.155,1.895)	59.7113	-68.0204
12.514938057924	0	(25.7194,167.539,1.895)	26.9686	-63.7427
12.530686788412	8	(27.4693,333.655,1.895)	139.163	-87.4491
12.537624808447	3	(28.457,227.827,1.895)	33.4542	-65.6783
12.537166061508	5	(27.9746,279.514,1.895)	85.0443	-70.7015
12.538344002282	2	(25.2216,220.873,1.895)	26.3676	-62.5362
12.543004710367	9	(27.2586,356.228,1.895)	161.732	-81.8787
12.549164134695	6	(24.5959,287.911,1.895)	93.4085	-70.345
12.606714331009	7	(27.715,307.332,1.895)	114.84	-75.1566
12.613647731778	4	(28.2297,252.185,1.895)	59.7345	-68.0324
12.614938057924	0	(25.7381,165.536,1.895)	26.9786	-63.7648
12.630686788412	8	(27.4873,331.734,1.895)	139.235	-87.4724
12.637624808447	3	(28.4757,225.827,1.895)	33.4475	-65.6654
12.637166061508	5	(27.9927,277.578,1.895)	85.1013	-70.6917
12.638344002282	2	(25.2399,218.91,1.895)	26.3978	-62.5878
12.643004710367	9	(27.2757,354.4,1.895)	161.897	-81.8391
12.649164134695	6	(24.6147,285.904,1.895)	93.3941	-70.3441
12.706714331009	7	(27.7335,305.349,1.895)	114.843	-75.1577
12.713647731778	4	(28.2482,250.208,1.895)	59.7437	-68.0373
12.714938057924	0	(25.7569,163.525,1.895)	27.0029	-63.8187
12.730686788412	8	(27.5052,329.807,1.895)	139.294	-87.4916
12.737624808447	3	(28.4944,223.828,1.895)	33.4345	-65.6406
12.737166061508	5	(28.0107,275.646,1.895)	85.1552	-70.6825
12.738344002282	2	(25.2583,216.942,1.895)	26.4164	-62.6203
12.743004710367	9	(27.2928,352.567,1.895)	162.05	-81.8028
12.749164134695	6	(24.6334,283.897,1.895)	93.3735	-70.3428
12.806714331009	7	(27.7521,303.362,1.895)	114.85	-75.1604
12.813647731778	4	(28.2665,248.24,1.895)	59.769	-68.0505
12.814938057924	0	(25.7756,161.523,1.895)	27.0121	-63.8391
12.830686788412	8	(27.5231,327.889,1.895)	139.369	-87.515
12.837624808447	3	(28.5131,221.817,1.895)	33.4176	-65.6086
12.837166061508	5	(28.0288,273.711,1.895)	85.2144	-70.6726
12.838344002282	2	(25.2766,214.984,1.895)	26.4513	-62.6823
12.843004710367	9	(27.31,350.723,1.895)	162.199	-81.7674
12.849164134695	6	(24.6521,281.894,1.895)	93.3648	-70.3423
12.906714331009	7	(27.7706,301.379,1.895)	114.852	-75.1608
12.913647731778	4	(28.285,246.263,1.895)	59.7769	-68.0547
12.914938057924	0	(25.7943,159.521,1.895)	27.0285	-63.8757
12.930686788412	8	(27.5411,325.961,1.895)	139.427	-87.5326
12.937624808447	3	(28.5319,219.81,1.895)	33.395	-65.5656
12.937166061508	5	(28.0468,271.786,1.895)	85.2741	-70.6628
12.938344002282	2	(25.295,213.017,1.895)	26.4689	-62.7142
12.943004710367	9	(27.3271,348.89,1.895)	162.351	-81.7318
12.949164134695	6	(24.6709,279.882,1.895)	93.3377	-70.3407
13.006714331009	7	(27.789,299.408,1.895)	114.865	-75.1657
13.013647731778	4	(28.3034,244.286,1.895)	59.7843	-68.0586
13.014938057924	0	(25.813,157.51,1.895)	27.055	-63.9345
13.030686788412	8	(27.5592,324.03,1.895)	139.48	-87.5485
13.037624808447	3	(28.5506,217.8,1.895)	33.3696	-65.5177
13.037166061508	5	(28.0649,269.843,1.895)	85.3158	-70.656
13.038344002282	2	(25.3133,211.054,1.895)	26.4912	-62.7552
13.043004710367	9	(27.3443,347.046,1.895)	162.492	-81.6991
13.049164134695	6	(24.6896,277.878,1.895)	93.3179	-70.3395
13.106714331009	7	(27.8074,297.428,1.895)	114.881	-75.1715
13.113647731778	4	(28.322,242.301,1.895)	59.7953	-68.0644
13.114938057924	0	(25.8318,155.504,1.895)	27.066	-63.9591
13.130686788412	8	(27.577,322.118,1.895)	139.564	-87.573
13.137624808447	3	(28.5694,215.789,1.895)	33.3549	-65.49
13.137166061508	5	(28.083,267.899,1.895)	85.367	-70.6477
13.138344002282	2	(25.3316,209.095,1.895)	26.5281	-62.8241
13.143004710367	9	(27.3616,345.201,1.895)	162.643	-81.6643
13.149164134695	6	(24.7082,275.877,1.895)	93.3125	-70.3391
13.206714331009	7	(27.826,295.443,1.895)	114.892	-75.1755
13.213647731778	4	(28.3404,240.323,1.895)	59.8141	-68.0744
13.214938057924	0	(25.8505,153.498,1.895)	27.0755	-63.98
13.230686788412	8	(27.595,320.194,1.895)	139.636	-87.5934
13.237624808447	3	(28.5881,213.783,1.895)	33.3452	-65.4717
13.237166061508	5	(28.1012,265.953,1.895)	85.4174	-70.6397
13.238344002282	2	(25.3499,207.127,1.895)	26.5564	-62.8782
13.243004710367	9	(27.3787,343.367,1.895)	162.805	-81.6272
13.249164134695	6	(24.7269,273.878,1.895)	93.3099	-70.339
13.306714331009	7	(27.8445,293.462,1.895)	114.908	-75.1813
13.313647731778	4	(28.3589,238.346,1.895)	59.8334	-68.0846
13.314938057924	0	(25.8692,151.496,1.895)	27.081	-63.9923
13.330686788412	8	(27.613,318.258,1.895)	139.696	-87.6102
13.337624808447	3	(28.6069,211.776,1.895)	33.3348	-65.4523
13.337166061508	5	(28.1193,264.018,1.895)	85.479	-70.63
13.338344002282	2	(25.3684,205.15,1.895)	26.5749	-62.9138
13.343004710367	9	(27.3959,341.521,1.895)	162.954	-81.5932
13.349164134695	6	(24.7456,271.875,1.895)	93.3036	-70.3386
13.406714331009	7	(27.8629,291.486,1.895)	114.922	-75.1865
13.413647731778	4	(28.3773,236.367,1.895)	59.8441	-68.0903
13.414938057924	0	(25.8879,149.484,1.895)	27.1028	-64.0408
13.430686788412	8	(27.631,316.332,1.895)	139.76	-87.6274
13.437624808447	3	(28.6256,209.772,1.895)	33.321	-65.4265
13.437166061508	5	(28.1374,262.072,1.895)	85.5223	-70.6233
13.438344002282	2	(25.3867,203.182,1.895)	26.5975	-62.958
13.443004710367	9	(27.4133,339.656,1.895)	163.08	-81.565
13.449164134695	6	(24.7643,269.874,1.895)	93.2918	-70.3379
13.506714331009	7	(27.8814,289.5,1.895)	114.937	-75.1921
13.513647731778	4	(28.3958,234.392,1.895)	59.8705	-68.1045
13.514938057924	0	(25.9067,147.474,1.895)	27.1116	-64.0602
13.530686788412	8	(27.6489,314.413,1.895)	139.843	-87.6492
13.537624808447	3	(28.6442,207.772,1.895)	33.3221	-65.4285
13.537166061508	5	(28.1555,260.133,1.895)	85.5846	-70.6137
13.538344002282	2	(25.4052,201.209,1.895)	26.6257	-63.014
13.543004710367	9	(27.4306,337.806,1.895)	163.231	-81.5312
13.549164134695	6	(24.783,267.87,1.895)	93.2892	-70.3378
13.606714331009	7	(27.8999,287.524,1.895)	114.951	-75.1969
13.613647731778	4	(28.4142,232.419,1.895)	59.8873	-68.1135
13.614938057924	0	(25.9254,145.475,1.895)	27.1209	-64.0808
13.630686788412	8	(27.6669,312.485,1.895)	139.905	-87.6648
13.637624808447	3	(28.663,205.763,1.895)	33.3024	-65.3918
13.637166061508	5	(28.1736,258.194,1.895)	85.636	-70.606
13.638344002282	2	(25.4236,199.234,1.895)	26.6399	-63.0424
13.643004710367	9	(27.4478,335.959,1.895)	163.373	-81.4995
13.649164134695	6	(24.8017,265.868,1.895)	93.2767	-70.337
13.706714331009	7	(27.9183,285.553,1.895)	114.963	-75.2015
13.713647731778	4	(28.4327,230.431,1.895)	59.8824	-68.1109
13.714938057924	0	(25.9441,143.467,1.895)	27.1457	-64.1356
13.730686788412	8	(27.6849,310.557,1.895)	139.961	-87.6786
13.737624808447	3	(28.6817,203.76,1.895)	33.2839	-65.3575
13.737166061508	5	(28.1917,256.261,1.895)	85.6861	-70.5985
13.738344002282	2	(25.442,197.26,1.895)	26.6504	-63.0635
13.743004710367	9	(27.4652,334.102,1.895)	163.501	-81.4714
13.749164134695	6	(24.8204,263.862,1.895)	93.255	-70.3357
13.806714331009	7	(27.9367,283.584,1.895)	114.986	-75.21
13.813647731778	4	(28.4512,228.456,1.895)	59.8994	-68.12
13.814938057924	0	(25.9628,141.458,1.895)	27.1621	-64.1719
13.830686788412	8	(27.7029,308.63,1.895)	140.025	-87.694
13.837624808447	3	(28.7004,201.75,1.895)	33.2657	-65.3237
13.837166061508	5	(28.2099,254.312,1.895)	85.7292	-70.5921
13.838344002282	2	(25.4603,195.3,1.895)	26.6822	-63.1281
13.843004710367	9	(27.4825,332.248,1.895)	163.639	-81.4412
13.849164134695	6	(24.8391,261.858,1.895)	93.2428	-70.335
13.906714331009	7	(27.9551,281.605,1.895)	115.002	-75.2156
13.913647731778	4	(28.4698,226.466,1.895)	59.9034	-68.1222
13.914938057924	0	(25.9816,139.453,1.895)	27.173	-64.1958
13.930686788412	8	(27.7209,306.705,1.895)	140.094	-87.7102
13.937624808447	3	(28.7192,199.742,1.895)	33.2519	-65.2983
13.937166061508	5	(28.2279,252.376,1.895)	85.7873	-70.5837
13.938344002282	2	(25.4787,193.326,1.895)	26.7021	-63.169
13.943004710367	9	(27.4998,330.392,1.895)	163.777	-81.4111
13.949164134695	6	(24.8578,259.856,1.895)	93.235	-70.3346
14.006714331009	7	(27.9735,279.636,1.895)	115.028	-75.2252
14.013647731778	4	(28.4883,224.475,1.895)	59.9079	-68.1246
14.014938057924	0	(26.0003,137.448,1.895)	27.1832	-64.2184
14.030686788412	8	(27.7389,304.773,1.895)	140.158	-87.7243
14.037624808447	3	(28.7378,197.742,1.895)	33.2468	-65.2889
14.037166061508	5	(28.2462,250.419,1.895)	85.8251	-70.5782
14.038344002282	2	(25.4971,191.358,1.895)	26.7289	-63.2247
14.043004710367	9	(27.5172,328.527,1.895)	163.907	-81.383
14.049164134695	6	(24.8765,257.855,1.895)	93.229	-70.3342
14.106714331009	7	(27.9921,277.648,1.895)	115.036	-75.2282
14.113647731778	4	(28.5068,222.493,1.895)	59.9225	-68.1325
14.114938057924	0	(26.0191,135.436,1.895)	27.1983	-64.2514
14.130686788412	8	(27.7568,302.855,1.895)	140.236	-87.7413
14.137624808447	3	(28.7566,195.73,1.895)	33.2318	-65.2614
14.137166061508	5	(28.2644,248.465,1.895)	85.8678	-70.5721
14.138344002282	2	(25.5155,189.383,1.895)	26.7506	-63.2701
14.143004710367	9	(27.5346,326.663,1.895)	164.039	-81.3546
14.149164134695	6	(24.8952,255.847,1.895)	93.2176	-70.3336
14.206714331009	7	(28.0106,275.666,1.895)	115.054	-75.2348
14.213647731778	4	(28.5253,220.509,1.895)	59.9386	-68.1413
14.214938057924	0	(26.0377,133.433,1.895)	27.2009	-64.2571
14.230686788412	8	(27.7749,300.918,1.895)	140.299	-87.7544
14.237624808447	3	(28.7754,193.723,1.895)	33.2245	-65.248
14.237166061508	5	(28.2826,246.52,1.895)	85.9228	-70.5644
14.238344002282	2	(25.534,187.405,1.895)	26.7735	-63.3186
14.243004710367	9	(27.5519,324.807,1.895)	164.184	-81.3238
14.249164134695	6	(24.9139,253.847,1.895)	93.2175	-70.3336
14.306714331009	7	(28.0291,273.683,1.895)	115.066	-75.2391
14.313647731778	4	(28.5439,218.522,1.895)	59.9461	-68.1454
14.314938057924	0	(26.0565,131.429,1.895)	27.2111	-64.2795
14.330686788412	8	(27.793,298.975,1.895)	140.35	-87.7647
14.337624808447	3	(28.7941,191.719,1.895)	33.2149	-65.2305
14.337166061508	5	(28.3008,244.564,1.895)	85.9615	-70.559
14.338344002282	2	(25.5525,185.423,1.895)	26.785	-63.3429
14.343004710367	9	(27.5693,322.939,1.895)	164.31	-81.2971
14.349164134695	6	(24.9325,251.845,1.895)	93.2104	-70.3331
14.406714331009	7	(28.0476,271.696,1.895)	115.065	-75.2386
14.413647731778	4	(28.5624,216.543,1.895)	59.9527	-68.149
14.414938057924	0	(26.0752,129.42,1.895)	27.2339	-64.3291
14.430686788412	8	(27.8111,297.036,1.895)	140.397	-87.774
14.437624808447	3	(28.8128,189.714,1.895)	33.1956	-65.1954
14.437166061508	5	(28.319,242.614,1.895)	85.9976	-70.5541
14.438344002282	2	(25.571,183.446,1.895)	26.7937	-63.3615
14.443004710367	9	(27.5869,321.055,1.895)	164.412	-81.2757
14.449164134695	6	(24.9513,249.834,1.895)	93.1851	-70.3317
14.506714331009	7	(28.0661,269.715,1.895)	115.077	-75.2431
14.513647731778	4	(28.5808,214.563,1.895)	59.9662	-68.1564
14.514938057924	0	(26.0939,127.42,1.895)	27.2401	-64.3425
14.530686788412	8	(27.8292,295.098,1.895)	140.453	-87.7846
14.537624808447	3	(28.8314,187.714,1.895)	33.1896	-65.1845
14.537166061508	5	(28.3372,240.67,1.895)	86.0473	-70.5473
14.538344002282	2	(25.5894,181.473,1.895)	26.8152	-63.4074
14.543004710367	9	(27.6045,319.177,1.895)	164.527	-81.2515
14.549164134695	6	(24.9701,247.824,1.895)	93.1687	-70.3308
14.606714331009	7	(28.0846,267.736,1.895)	115.082	-75.245
14.613647731778	4	(28.5994,212.58,1.895)	59.9677	-68.1572
14.614938057924	0	(26.1126,125.411,1.895)	27.2658	-64.3978
14.630686788412	8	(27.8473,293.157,1.895)	140.496	-87.7925
14.637624808447	3	(28.8502,185.703,1.895)	33.1629	-65.1363
14.637166061508	5	(28.3554,238.716,1.895)	86.0765	-70.5434
14.638344002282	2	(25.6078,179.499,1.895)	26.8248	-63.4282
14.643004710367	9	(27.622,317.295,1.895)	164.629	-81.2303
14.649164134695	6	(24.9888,245.813,1.895)	93.1421	-70.3293
14.706714331009	7	(28.1031,265.746,1.895)	115.094	-75.2493
14.713647731778	4	(28.6179,210.595,1.895)	59.9841	-68.1662
14.714938057924	0	(26.1313,123.408,1.895)	27.2671	-64.4008
14.730686788412	8	(27.8654,291.216,1.895)	140.556	-87.8032
14.737624808447	3	(28.8689,183.696,1.895)	33.1577	-65.127
14.737166061508	5	(28.3736,236.766,1.895)	86.1283	-70.5364
14.738344002282	2	(25.6262,177.528,1.895)	26.855	-63.4935
14.743004710367	9	(27.6396,315.413,1.895)	164.748	-81.2056
14.749164134695	6	(25.0075,243.813,1.895)	93.143	-70.3293
14.806714331009	7	(28.1216,263.764,1.895)	115.109	-75.255
14.813647731778	4	(28.6364,208.607,1.895)	59.9934	-68.1713
14.814938057924	0	(26.1501,121.399,1.895)	27.2788	-64.4258
14.830686788412	8	(27.8836,289.263,1.895)	140.601	-87.8108
14.837624808447	3	(28.8876,181.692,1.895)	33.1505	-65.1141
14.837166061508	5	(28.3919,234.808,1.895)	86.1674	-70.5313
14.838344002282	2	(25.6447,175.547,1.895)	26.8717	-63.5299
14.843004710367	9	(27.6572,313.527,1.895)	164.86	-81.1827
14.849164134695	6	(25.0263,241.803,1.895)	93.1301	-70.3286
14.906714331009	7	(28.1402,261.773,1.895)	115.109	-75.2551
14.913647731778	4	(28.6549,206.625,1.895)	60.0018	-68.1759
14.914938057924	0	(26.1688,119.395,1.895)	27.2922	-64.4544
14.930686788412	8	(27.9018,287.318,1.895)	140.647	-87.8185
14.937624808447	3	(28.9064,179.686,1.895)	33.1362	-65.0884
14.937166061508	5	(28.4102,232.849,1.895)	86.1993	-70.5271
14.938344002282	2	(25.6631,173.574,1.895)	26.8897	-63.569
14.943004710367	9	(27.6748,311.635,1.895)	164.959	-81.1625
14.949164134695	6	(25.045,239.792,1.895)	93.1107	-70.3275
15.006714331009	7	(28.1588,259.782,1.895)	115.108	-75.2545
15.013647731778	4	(28.6735,204.637,1.895)	60.0034	-68.1768
15.014938057924	0	(26.1874,117.394,1.895)	27.3026	-64.4764
15.030686788412	8	(27.9199,285.375,1.895)	140.693	-87.8259
15.037624808447	3	(28.925,177.685,1.895)	33.1248	-65.068
15.037166061508	5	(28.4284,230.895,1.895)	86.2349	-70.5225
15.038344002282	2	(25.6815,171.6,1.895)	26.9059	-63.6045
15.043004710367	9	(27.6925,309.744,1.895)	165.058	-81.1423
15.049164134695	6	(25.0637,237.789,1.895)	93.0968	-70.3267
15.106714331009	7	(28.1773,257.796,1.895)	115.106	-75.254
15.113647731778	4	(28.692,202.655,1.895)	60.0068	-68.1787
15.114938057924	0	(26.2062,115.388,1.895)	27.3236	-64.5207
15.130686788412	8	(27.9382,283.419,1.895)	140.722	-87.8304
15.137624808447	3	(28.9438,175.674,1.895)	33.0984	-65.0212
15.137166061508	5	(28.4468,228.929,1.895)	86.254	-70.5201
15.138344002282	2	(25.7,169.625,1.895)	26.9151	-63.6247
15.143004710367	9	(27.7102,307.851,1.895)	165.15	-81.1237
15.149164134695	6	(25.0825,235.781,1.895)	93.0741	-70.3255
15.206714331009	7	(28.1959,255.81,1.895)	115.12	-75.259
15.213647731778	4	(28.7106,200.663,1.895)	60.0139	-68.1826
15.214938057924	0	(26.2249,113.386,1.895)	27.3264	-64.5267
15.230686788412	8	(27.9563,281.478,1.895)	140.78	-87.8392
15.237624808447	3	(28.9625,173.674,1.895)	33.0982	-65.0209
15.237166061508	5	(28.4651,226.969,1.895)	86.2932	-70.5151
15.238344002282	2	(25.7183,167.659,1.895)	26.948	-63.6972
15.243004710367	9	(27.7279,305.95,1.895)	165.248	-81.1039
15.249164134695	6	(25.1012,233.771,1.895)	93.0634	-70.3249
15.306714331009	7	(28.2145,253.819,1.895)	115.114	-75.2568
15.313647731778	4	(28.7291,198.681,1.895)	60.0177	-68.1847
15.314938057924	0	(26.2436,111.375,1.895)	27.3526	-64.5813
15.330686788412	8	(27.9745,279.53,1.895)	140.818	-87.8447
15.337624808447	3	(28.9812,171.671,1.895)	33.0801	-64.9891
15.337166061508	5	(28.4834,225.006,1.895)	86.3164	-70.5122
15.338344002282	2	(25.7368,165.674,1.895)	26.9492	-63.6998
15.343004710367	9	(27.7455,304.06,1.895)	165.344	-81.0848
15.349164134695	6	(25.1199,231.769,1.895)	93.0471	-70.324
15.406714331009	7	(28.233,251.832,1.895)	115.126	-75.2613
15.413647731778	4	(28.7477,196.69,1.895)	60.0252	-68.1889
15.414938057924	0	(26.2624,109.369,1.895)	27.3597	-64.5961
15.430686788412	8	(27.9927,277.577,1.895)	140.863	-87.8511
15.437624808447	3	(28.9999,169.665,1.895)	33.0734	-64.9773
15.437166061508	5	(28.5016,223.053,1.895)	86.3616	-70.5065
15.438344002282	2	(25.7553,163.698,1.895)	26.9718	-63.7499
15.443004710367	9	(27.7632,302.165,1.895)	165.447	-81.064
15.449164134695	6	(25.1387,229.761,1.895)	93.0382	-70.3235
15.506714331009	7	(28.2515,249.85,1.895)	115.144	-75.2679
15.513647731778	4	(28.7663,194.696,1.895)	60.031	-68.1921
15.514938057924	0	(26.281,107.37,1.895)	27.3588	-64.5941
15.530686788412	8	(28.0109,275.625,1.895)	140.911	-87.8576
15.537624808447	3	(29.0187,167.653,1.895)	33.0617	-64.9569
15.537166061508	5	(28.5199,221.091,1.895)	86.3998	-70.5018
15.538344002282	2	(25.7738,161.712,1.895)	26.9855	-63.7802
15.543004710367	9	(27.7809,300.271,1.895)	165.553	-81.043
15.549164134695	6	(25.1574,227.756,1.895)	93.0324	-70.3232
15.606714331009	7	(28.2701,247.858,1.895)	115.138	-75.2654
15.613647731778	4	(28.7849,192.703,1.895)	60.0235	-68.1879
15.614938057924	0	(26.2997,105.364,1.895)	27.3793	-64.6363
15.630686788412	8	(28.0291,273.681,1.895)	140.953	-87.863
15.637624808447	3	(29.0374,165.646,1.895)	33.0396	-64.9183
15.637166061508	5	(28.5383,219.123,1.895)	86.4172	-70.4997
15.638344002282	2	(25.7924,159.723,1.895)	26.982	-63.7723
15.643004710367	9	(27.7987,298.368,1.895)	165.636	-81.0268
15.649164134695	6	(25.1761,225.745,1.895)	93.0076	-70.3219
15.706714331009	7	(28.2886,245.87,1.895)	115.147	-75.2691
15.713647731778	4	(28.8035,190.705,1.895)	60.0237	-68.188
15.714938057924	0	(26.3184,103.362,1.895)	27.3833	-64.6445
15.730686788412	8	(28.0473,271.728,1.895)	140.998	-87.8685
15.737624808447	3	(29.0561,163.638,1.895)	33.0296	-64.9011
15.737166061508	5	(28.5566,217.156,1.895)	86.4475	-70.496
15.738344002282	2	(25.8108,157.746,1.895)	27.0032	-63.8194
15.743004710367	9	(27.8163,296.479,1.895)	165.745	-81.0054
15.749164134695	6	(25.1949,223.739,1.895)	92.9987	-70.3214
15.806714331009	7	(28.3072,243.886,1.895)	115.15	-75.27
15.813647731778	4	(28.8221,188.718,1.895)	60.0232	-68.1877
15.814938057924	0	(26.3372,101.35,1.895)	27.4084	-64.6953
15.830686788412	8	(28.0655,269.779,1.895)	141.036	-87.873
15.837624808447	3	(29.0749,161.626,1.895)	33.0048	-64.8583
15.837166061508	5	(28.5751,215.184,1.895)	86.4623	-70.4942
15.838344002282	2	(25.8293,155.766,1.895)	27.0095	-63.8335
15.843004710367	9	(27.8341,294.575,1.895)	165.827	-80.9892
15.849164134695	6	(25.2136,221.736,1.895)	92.9826	-70.3206
15.906714331009	7	(28.3258,241.894,1.895)	115.155	-75.272
15.913647731778	4	(28.8407,186.726,1.895)	60.0284	-68.1906
15.914938057924	0	(26.3559,99.3467,1.895)	27.4146	-64.7077
15.930686788412	8	(28.0836,267.834,1.895)	141.088	-87.879
15.937624808447	3	(29.0936,159.623,1.895)	32.9991	-64.8486
15.937166061508	5	(28.5934,213.219,1.895)	86.4952	-70.4902
15.938344002282	2	(25.8478,153.786,1.895)	27.0269	-63.8721
15.943004710367	9	(27.8518,292.67,1.895)	165.919	-80.9713
15.949164134695	6	(25.2323,219.725,1.895)	92.9694	-70.3199
16.006714331009	7	(28.3443,239.908,1.895)	115.165	-75.2755
16.013647731778	4	(28.8592,184.735,1.895)	60.0329	-68.1932
16.014938057924	0	(26.3746,97.3432,1.895)	27.4227	-64.724
16.030686788412	8	(28.1019,265.881,1.895)	141.13	-87.8835
16.037624808447	3	(29.1123,157.617,1.895)	32.9888	-64.831
16.037166061508	5	(28.6117,211.256,1.895)	86.5268	-70.4865
16.038344002282	2	(25.8663,151.806,1.895)	27.0419	-63.9055
16.043004710367	9	(27.8695,290.774,1.895)	166.018	-80.9521
16.049164134695	6	(25.251,217.724,1.895)	92.9633	-70.3195
16.106714331009	7	(28.3628,237.922,1.895)	115.173	-75.2783
16.113647731778	4	(28.8779,182.741,1.895)	60.0329	-68.1931
16.114938057924	0	(26.3933,95.34,1.895)	27.4317	-64.7417
16.130686788412	8	(28.1201,263.928,1.895)	141.172	-87.8878
16.137624808447	3	(29.131,155.613,1.895)	32.9787	-64.8138
16.137166061508	5	(28.6301,209.285,1.895)	86.5504	-70.4837
16.138344002282	2	(25.8848,149.822,1.895)	27.0531	-63.9303
16.143004710367	9	(27.8873,288.872,1.895)	166.11	-80.9344
16.149164134695	6	(25.2698,215.715,1.895)	92.9489	-70.3188
16.206714331009	7	(28.3814,235.928,1.895)	115.172	-75.2781
16.213647731778	4	(28.8965,180.744,1.895)	60.0296	-68.1913
16.214938057924	0	(26.412,93.3319,1.895)	27.4465	-64.771
16.230686788412	8	(28.1383,261.977,1.895)	141.214	-87.8919
16.237624808447	3	(29.1497,153.612,1.895)	32.9712	-64.801
16.237166061508	5	(28.6485,207.31,1.895)	86.5687	-70.4815
16.238344002282	2	(25.9032,147.846,1.895)	27.0694	-63.9667
16.243004710367	9	(27.9051,286.962,1.895)	166.194	-80.9183
16.249164134695	6	(25.2885,213.707,1.895)	92.9337	-70.318
16.306714331009	7	(28.4001,233.932,1.895)	115.171	-75.2777
16.313647731778	4	(28.915,178.757,1.895)	60.0372	-68.1955
16.314938057924	0	(26.4308,91.3228,1.895)	27.461	-64.7992
16.330686788412	8	(28.1566,260.014,1.895)	141.245	-87.8948
16.337624808447	3	(29.1684,151.606,1.895)	32.9595	-64.7813
16.337166061508	5	(28.6669,205.341,1.895)	86.5939	-70.4786
16.338344002282	2	(25.9217,145.869,1.895)	27.0875	-64.0069
16.343004710367	9	(27.923,285.05,1.895)	166.277	-80.9025
16.349164134695	6	(25.3072,211.701,1.895)	92.9223	-70.3174
16.406714331009	7	(28.4187,231.937,1.895)	115.181	-75.2813
16.413647731778	4	(28.9336,176.771,1.895)	60.0554	-68.2057
16.414938057924	0	(26.4495,89.3138,1.895)	27.4657	-64.8083
16.430686788412	8	(28.1749,258.053,1.895)	141.289	-87.8988
16.437624808447	3	(29.1872,149.598,1.895)	32.9559	-64.7752
16.437166061508	5	(28.6852,203.378,1.895)	86.6354	-70.4738
16.438344002282	2	(25.9402,143.884,1.895)	27.1067	-64.0493
16.443004710367	9	(27.9409,283.128,1.895)	166.359	-80.8868
16.449164134695	6	(25.3259,209.696,1.895)	92.9217	-70.3174
16.506714331009	7	(28.4372,229.954,1.895)	115.202	-75.289
16.513647731778	4	(28.9522,174.774,1.895)	60.0629	-68.2098
16.514938057924	0	(26.4683,87.3022,1.895)	27.473	-64.8223
16.530686788412	8	(28.1933,256.089,1.895)	141.328	-87.9021
16.537624808447	3	(29.2059,147.589,1.895)	32.9508	-64.7666
16.537166061508	5	(28.7036,201.408,1.895)	86.6696	-70.4699
16.538344002282	2	(25.9588,141.889,1.895)	27.1162	-64.0705
16.543004710367	9	(27.9587,281.216,1.895)	166.452	-80.8693
16.549164134695	6	(25.3446,207.696,1.895)	92.9261	-70.3176
16.606714331009	7	(28.4557,227.968,1.895)	115.216	-75.2941
16.613647731778	4	(28.9708,172.781,1.895)	60.0696	-68.2136
16.614938057924	0	(26.4871,85.2933,1.895)	27.4819	-64.8394
16.630686788412	8	(28.2116,254.129,1.895)	141.369	-87.9053
16.637624808447	3	(29.2246,145.585,1.895)	32.9476	-64.7613
16.637166061508	5	(28.722,199.437,1.895)	86.6986	-70.4666
16.638344002282	2	(25.9774,139.895,1.895)	27.1225	-64.0845
16.643004710367	9	(27.9767,279.292,1.895)	166.527	-80.8551
16.649164134695	6	(25.3633,205.692,1.895)	92.9219	-70.3174
16.706714331009	7	(28.4743,225.979,1.895)	115.227	-75.2985
16.713647731778	4	(28.9894,170.793,1.895)	60.0819	-68.2204
16.714938057924	0	(26.5058,83.2854,1.895)	27.4892	-64.8532
16.730686788412	8	(28.2298,252.173,1.895)	141.413	-87.9086
16.737624808447	3	(29.2433,143.585,1.895)	32.9483	-64.7624
16.737166061508	5	(28.7404,197.467,1.895)	86.7297	-70.4631
16.738344002282	2	(25.9959,137.913,1.895)	27.1411	-64.1257
16.743004710367	9	(27.9946,277.37,1.895)	166.606	-80.8403
16.749164134695	6	(25.382,203.686,1.895)	92.9171	-70.3171
16.806714331009	7	(28.4929,223.986,1.895)	115.24	-75.3031
16.813647731778	4	(29.0079,168.806,1.895)	60.1006	-68.231
16.814938057924	0	(26.5245,81.2797,1.895)	27.4895	-64.8538
16.830686788412	8	(28.2481,250.215,1.895)	141.461	-87.9119
16.837624808447	3	(29.262,141.579,1.895)	32.9474	-64.7608
16.837166061508	5	(28.7587,195.504,1.895)	86.7718	-70.4584
16.838344002282	2	(26.0145,135.921,1.895)	27.1542	-64.1546
16.843004710367	9	(28.0126,275.449,1.895)	166.691	-80.8244
16.849164134695	6	(25.4008,201.679,1.895)	92.9154	-70.317
16.906714331009	7	(28.5114,222.003,1.895)	115.254	-75.3084
16.913647731778	4	(29.0265,166.816,1.895)	60.1081	-68.2352
16.914938057924	0	(26.5433,79.2734,1.895)	27.4983	-64.8705
16.930686788412	8	(28.2665,248.247,1.895)	141.491	-87.9138
16.937624808447	3	(29.2807,139.58,1.895)	32.9456	-64.7579
16.937166061508	5	(28.7771,193.532,1.895)	86.7973	-70.4556
16.938344002282	2	(26.0331,133.928,1.895)	27.159	-64.1652
16.943004710367	9	(28.0304,273.539,1.895)	166.778	-80.8082
16.949164134695	6	(25.4195,199.673,1.895)	92.9068	-70.3166
17.006714331009	7	(28.53,220.012,1.895)	115.263	-75.3115
17.013647731778	4	(29.0451,164.826,1.895)	60.1171	-68.2403
17.014938057924	0	(26.562,77.2699,1.895)	27.5026	-64.8785
17.030686788412	8	(28.2848,246.287,1.895)	141.53	-87.9161
17.037624808447	3	(29.2994,137.57,1.895)	32.9348	-64.7398
17.037166061508	5	(28.7955,191.564,1.895)	86.8287	-70.4522
17.038344002282	2	(26.0516,131.947,1.895)	27.1765	-64.2036
17.043004710367	9	(28.0484,271.608,1.895)	166.846	-80.7956
17.049164134695	6	(25.4382,197.673,1.895)	92.9059	-70.3166
17.106714331009	7	(28.5485,218.031,1.895)	115.281	-75.3181
17.113647731778	4	(29.0637,162.834,1.895)	60.1238	-68.244
17.114938057924	0	(26.5807,75.2663,1.895)	27.5073	-64.8873
17.130686788412	8	(28.303,244.327,1.895)	141.569	-87.9183
17.137624808447	3	(29.3182,135.561,1.895)	32.9246	-64.7227
17.137166061508	5	(28.8139,189.594,1.895)	86.8575	-70.4491
17.138344002282	2	(26.0702,129.961,1.895)	27.1898	-64.2328
17.143004710367	9	(28.0663,269.694,1.895)	166.93	-80.7799
17.149164134695	6	(25.4568,195.673,1.895)	92.9049	-70.3165
17.206714331009	7	(28.567,216.043,1.895)	115.283	-75.3191
17.213647731778	4	(29.0823,160.831,1.895)	60.1121	-68.2374
17.214938057924	0	(26.5994,73.2599,1.895)	27.5227	-64.9158
17.230686788412	8	(28.3212,242.378,1.895)	141.61	-87.9204
17.237624808447	3	(29.3369,133.552,1.895)	32.9076	-64.6945
17.237166061508	5	(28.8323,187.624,1.895)	86.8781	-70.4469
17.238344002282	2	(26.0887,127.978,1.895)	27.1976	-64.25
17.243004710367	9	(28.0843,267.768,1.895)	166.995	-80.768
17.249164134695	6	(25.4756,193.666,1.895)	92.8884	-70.3157
17.306714331009	7	(28.5855,214.06,1.895)	115.304	-75.3269
17.313647731778	4	(29.1009,158.839,1.895)	60.1244	-68.2444
17.314938057924	0	(26.6181,71.2531,1.895)	27.5249	-64.92
17.330686788412	8	(28.3396,240.411,1.895)	141.648	-87.9221
17.337624808447	3	(29.3557,131.541,1.895)	32.9009	-64.6834
17.337166061508	5	(28.8507,185.646,1.895)	86.9044	-70.4441
17.338344002282	2	(26.1072,125.995,1.895)	27.219	-64.2967
17.343004710367	9	(28.1021,265.855,1.895)	167.087	-80.7512
17.349164134695	6	(25.4943,191.656,1.895)	92.8836	-70.3154
17.406714331009	7	(28.6041,212.072,1.895)	115.317	-75.3315
17.413647731778	4	(29.1196,156.834,1.895)	60.1201	-68.242
17.414938057924	0	(26.6368,69.2481,1.895)	27.5298	-64.9289
17.430686788412	8	(28.3579,238.451,1.895)	141.688	-87.9238
17.437624808447	3	(29.3745,129.53,1.895)	32.8901	-64.6657
17.437166061508	5	(28.8691,183.677,1.895)	86.9354	-70.4408
17.438344002282	2	(26.1258,124.003,1.895)	27.2271	-64.3143
17.443004710367	9	(28.1201,263.93,1.895)	167.163	-80.7373
17.449164134695	6	(25.513,189.652,1.895)	92.8793	-70.3152
17.506714331009	7	(28.6226,210.09,1.895)	115.332	-75.3371
17.513647731778	4	(29.1383,154.832,1.895)	60.1147	-68.2389
17.514938057924	0	(26.6555,67.2428,1.895)	27.5379	-64.9437
17.530686788412	8	(28.3763,236.483,1.895)	141.718	-87.9249
17.537624808447	3	(29.3932,127.52,1.895)	32.8772	-64.6445
17.537166061508	5	(28.8877,181.688,1.895)	86.9439	-70.44
17.538344002282	2	(26.1444,122.011,1.895)	27.2327	-64.3264
17.543004710367	9	(28.138,262.012,1.895)	167.242	-80.723
17.549164134695	6	(25.5317,187.648,1.895)	92.8725	-70.3149
17.606714331009	7	(28.6412,208.094,1.895)	115.331	-75.3367
17.613647731778	4	(29.1569,152.839,1.895)	60.1164	-68.2398
17.614938057924	0	(26.6743,65.2323,1.895)	27.5536	-64.972
17.630686788412	8	(28.3945,234.529,1.895)	141.758	-87.9262
17.637624808447	3	(29.412,125.513,1.895)	32.8647	-64.6242
17.637166061508	5	(28.9062,179.699,1.895)	86.9499	-70.4393
17.638344002282	2	(26.1628,120.031,1.895)	27.2476	-64.3586
17.643004710367	9	(28.156,260.083,1.895)	167.307	-80.7111
17.649164134695	6	(25.5504,185.646,1.895)	92.8657	-70.3145
17.706714331009	7	(28.6599,206.095,1.895)	115.341	-75.3404
17.713647731778	4	(29.1755,150.849,1.895)	60.135	-68.2504
17.714938057924	0	(26.693,63.2307,1.895)	27.5467	-64.9596
17.730686788412	8	(28.4129,232.553,1.895)	141.79	-87.9271
17.737624808447	3	(29.4307,123.503,1.895)	32.8637	-64.6225
17.737166061508	5	(28.9247,177.724,1.895)	86.9834	-70.4358
17.738344002282	2	(26.1814,118.043,1.895)	27.2676	-64.4018
17.743004710367	9	(28.1739,258.169,1.895)	167.402	-80.694
17.749164134695	6	(25.5691,183.641,1.895)	92.8693	-70.3147
17.806714331009	7	(28.6785,204.105,1.895)	115.346	-75.3424
17.813647731778	4	(29.1942,148.851,1.895)	60.1339	-68.2498
17.814938057924	0	(26.7117,61.2259,1.895)	27.5551	-64.9746
17.830686788412	8	(28.4314,230.575,1.895)	141.809	-87.9276
17.837624808447	3	(29.4494,121.498,1.895)	32.855	-64.6084
17.837166061508	5	(28.9431,175.753,1.895)	87.0091	-70.4332
17.838344002282	2	(26.2001,116.043,1.895)	27.2641	-64.3942
17.843004710367	9	(28.1919,256.232,1.895)	167.461	-80.6833
17.849164134695	6	(25.5878,181.637,1.895)	92.8609	-70.3143
17.906714331009	7	(28.6969,202.123,1.895)	115.357	-75.3464
17.913647731778	4	(29.2127,146.861,1.895)	60.1356	-68.2507
17.914938057924	0	(26.7304,59.2252,1.895)	27.5637	-64.9899
17.930686788412	8	(28.4498,228.604,1.895)	141.83	-87.9281
17.937624808447	3	(29.4681,119.496,1.895)	32.8451	-64.5923
17.937166061508	5	(28.9615,173.776,1.895)	87.0238	-70.4317
17.938344002282	2	(26.2187,114.05,1.895)	27.2638	-64.3936
17.943004710367	9	(28.2101,254.289,1.895)	167.51	-80.6746
17.949164134695	6	(25.6065,179.637,1.895)	92.8531	-70.3139
18.006714331009	7	(28.7155,200.135,1.895)	115.368	-75.3504
18.013647731778	4	(29.2313,144.866,1.895)	60.1398	-68.2531
18.014938057924	0	(26.7491,57.2232,1.895)	27.5667	-64.9953
18.030686788412	8	(28.4681,226.644,1.895)	141.869	-87.9289
18.037624808447	3	(29.4868,117.495,1.895)	32.8433	-64.5894
18.037166061508	5	(28.9799,171.802,1.895)	87.0487	-70.4292
18.038344002282	2	(26.2371,112.071,1.895)	27.283	-64.4347
18.043004710367	9	(28.2281,252.355,1.895)	167.575	-80.663
18.049164134695	6	(25.6252,177.635,1.895)	92.8499	-70.3137
18.106714331009	7	(28.7341,198.146,1.895)	115.378	-75.3543
18.113647731778	4	(29.2499,142.881,1.895)	60.1537	-68.261
18.114938057924	0	(26.7677,55.2234,1.895)	27.567	-64.9958
18.130686788412	8	(28.4865,224.672,1.895)	141.896	-87.9293
18.137624808447	3	(29.5055,115.496,1.895)	32.8436	-64.59
18.137166061508	5	(28.9984,169.82,1.895)	87.0665	-70.4274
18.138344002282	2	(26.2557,110.087,1.895)	27.2985	-64.4677
18.143004710367	9	(28.2462,250.422,1.895)	167.642	-80.6511
18.149164134695	6	(25.6439,175.626,1.895)	92.8404	-70.3132
18.206714331009	7	(28.7527,196.153,1.895)	115.376	-75.3534
18.213647731778	4	(29.2684,140.894,1.895)	60.1585	-68.2637
18.214938057924	0	(26.7864,53.2217,1.895)	27.5776	-65.0145
18.230686788412	8	(28.5048,222.708,1.895)	141.924	-87.9297
18.237624808447	3	(29.5242,113.494,1.895)	32.8323	-64.5718
18.237166061508	5	(29.0168,167.849,1.895)	87.0865	-70.4254
18.238344002282	2	(26.2742,108.096,1.895)	27.2987	-64.4681
18.243004710367	9	(28.2643,248.478,1.895)	167.689	-80.6427
18.249164134695	6	(25.6627,173.619,1.895)	92.8252	-70.3125
18.306714331009	7	(28.7712,194.17,1.895)	115.393	-75.3597
18.313647731778	4	(29.2871,138.896,1.895)	60.1599	-68.2645
18.314938057924	0	(26.8051,51.215,1.895)	27.5851	-65.0274
18.330686788412	8	(28.5232,220.739,1.895)	141.954	-87.93
18.337624808447	3	(29.5428,111.492,1.895)	32.8297	-64.5675
18.337166061508	5	(29.0352,165.88,1.895)	87.1168	-70.4224
18.338344002282	2	(26.2927,106.116,1.895)	27.318	-64.509
18.343004710367	9	(28.2823,246.548,1.895)	167.758	-80.6305
18.349164134695	6	(25.6814,171.608,1.895)	92.8133	-70.3119
18.406714331009	7	(28.7897,192.185,1.895)	115.408	-75.3654
18.413647731778	4	(29.3056,136.906,1.895)	60.1694	-68.2699
18.414938057924	0	(26.8239,49.2062,1.895)	27.5937	-65.0423
18.430686788412	8	(28.5415,218.783,1.895)	141.998	-87.9302
18.437624808447	3	(29.5616,109.48,1.895)	32.8179	-64.5488
18.437166061508	5	(29.0537,163.902,1.895)	87.1383	-70.4202
18.438344002282	2	(26.3113,104.121,1.895)	27.3237	-64.521
18.443004710367	9	(28.3004,244.614,1.895)	167.825	-80.6187
18.449164134695	6	(25.7002,169.597,1.895)	92.8028	-70.3114
18.506714331009	7	(28.8082,190.2,1.895)	115.429	-75.3732
18.513647731778	4	(29.3243,134.902,1.895)	60.172	-68.2714
18.514938057924	0	(26.8426,47.2014,1.895)	27.5922	-65.0397
18.530686788412	8	(28.5597,216.823,1.895)	142.045	-87.9302
18.537624808447	3	(29.5804,107.471,1.895)	32.8152	-64.5444
18.537166061508	5	(29.0722,161.922,1.895)	87.1656	-70.4176
18.538344002282	2	(26.3299,102.128,1.895)	27.337	-64.5488
18.543004710367	9	(28.3184,242.684,1.895)	167.9	-80.6054
18.549164134695	6	(25.719,167.588,1.895)	92.7999	-70.3112
18.606714331009	7	(28.8268,188.211,1.895)	115.445	-75.3791
18.613647731778	4	(29.3431,132.898,1.895)	60.1726	-68.2718
18.614938057924	0	(26.8613,45.1937,1.895)	27.5948	-65.0441
18.630686788412	8	(28.5781,214.86,1.895)	142.086	-87.93
18.637624808447	3	(29.5991,105.46,1.895)	32.8102	-64.5364
18.637166061508	5	(29.0907,159.932,1.895)	87.1803	-70.4162
18.638344002282	2	(26.3486,100.132,1.895)	27.3459	-64.5674
18.643004710367	9	(28.3363,240.76,1.895)	167.982	-80.5912
18.649164134695	6	(25.7377,165.582,1.895)	92.7991	-70.3112
18.706714331009	7	(28.8455,186.212,1.895)	115.45	-75.3808
18.713647731778	4	(29.3618,130.891,1.895)	60.1699	-68.2702
18.714938057924	0	(26.8801,43.1863,1.895)	27.5988	-65.0509
18.730686788412	8	(28.5965,212.89,1.895)	142.12	-87.9297
18.737624808447	3	(29.6179,103.454,1.895)	32.8075	-64.5321
18.737166061508	5	(29.1093,157.948,1.895)	87.1994	-70.4143
18.738344002282	2	(26.3672,98.1395,1.895)	27.3568	-64.5901
18.743004710367	9	(28.3544,238.827,1.895)	168.052	-80.5788
18.749164134695	6	(25.7564,163.574,1.895)	92.794	-70.3109
18.806714331009	7	(28.864,184.223,1.895)	115.459	-75.3842
18.813647731778	4	(29.3804,128.892,1.895)	60.1687	-68.2695
18.814938057924	0	(26.8988,41.1825,1.895)	27.6039	-65.0596
18.830686788412	8	(28.6149,210.91,1.895)	142.139	-87.9294
18.837624808447	3	(29.6366,101.445,1.895)	32.7971	-64.5156
18.837166061508	5	(29.1278,155.957,1.895)	87.2073	-70.4135
18.838344002282	2	(26.3857,96.1508,1.895)	27.3668	-64.6106
18.843004710367	9	(28.3725,236.887,1.895)	168.11	-80.5687
18.849164134695	6	(25.7751,161.569,1.895)	92.7879	-70.3106
18.906714331009	7	(28.8827,182.222,1.895)	115.451	-75.3812
18.913647731778	4	(29.3991,126.891,1.895)	60.1608	-68.265
18.914938057924	0	(26.9175,39.1792,1.895)	27.6146	-65.0777
18.930686788412	8	(28.6333,208.94,1.895)	142.161	-87.9291
18.937624808447	3	(29.6553,99.4391,1.895)	32.7836	-64.4944
18.937166061508	5	(29.1463,153.976,1.895)	87.2184	-70.4125
18.938344002282	2	(26.4043,94.1561,1.895)	27.3647	-64.6063
18.943004710367	9	(28.3907,234.933,1.895)	168.15	-80.5619
18.949164134695	6	(25.7939,159.559,1.895)	92.7702	-70.3098
19.006714331009	7	(28.9013,180.225,1.895)	115.446	-75.3795
19.013647731778	4	(29.4178,124.889,1.895)	60.1504	-68.2591
19.014938057924	0	(26.9362,37.1772,1.895)	27.6246	-65.0943
19.030686788412	8	(28.6518,206.962,1.895)	142.175	-87.9289
19.037624808447	3	(29.6741,97.4328,1.895)	32.7694	-64.472
19.037166061508	5	(29.1648,151.995,1.895)	87.2295	-70.4114
19.038344002282	2	(26.4229,92.1712,1.895)	27.3718	-64.621
19.043004710367	9	(28.4088,232.997,1.895)	168.205	-80.5523
19.049164134695	6	(25.8126,157.559,1.895)	92.7626	-70.3094
19.106714331009	7	(28.9199,178.234,1.895)	115.448	-75.3801
19.113647731778	4	(29.4365,122.889,1.895)	60.1444	-68.2557
19.114938057924	0	(26.9549,35.1728,1.895)	27.6357	-65.1126
19.130686788412	8	(28.6703,204.979,1.895)	142.186	-87.9287
19.137624808447	3	(29.6928,95.4273,1.895)	32.7573	-64.4531
19.137166061508	5	(29.1833,150.011,1.895)	87.2391	-70.4105
19.138344002282	2	(26.4413,90.1924,1.895)	27.3863	-64.6505
19.143004710367	9	(28.427,231.051,1.895)	168.253	-80.5441
19.149164134695	6	(25.8312,155.559,1.895)	92.7559	-70.3091
19.206714331009	7	(28.9386,176.235,1.895)	115.443	-75.3783
19.213647731778	4	(29.4552,120.887,1.895)	60.1354	-68.2506
19.214938057924	0	(26.9736,33.1642,1.895)	27.6508	-65.1369
19.230686788412	8	(28.6887,203.011,1.895)	142.211	-87.9281
19.237624808447	3	(29.7115,93.4221,1.895)	32.7457	-64.4352
19.237166061508	5	(29.2019,148.021,1.895)	87.2427	-70.4102
19.238344002282	2	(26.4598,88.2091,1.895)	27.3966	-64.6715
19.243004710367	9	(28.4451,229.102,1.895)	168.297	-80.5365
19.249164134695	6	(25.8499,153.555,1.895)	92.7449	-70.3086
19.306714331009	7	(28.9572,174.241,1.895)	115.456	-75.3833
19.313647731778	4	(29.4737,118.895,1.895)	60.1515	-68.2598
19.314938057924	0	(26.9923,31.1632,1.895)	27.6443	-65.1265
19.330686788412	8	(28.7071,201.034,1.895)	142.241	-87.9274
19.337624808447	3	(29.7302,91.4172,1.895)	32.7482	-64.439
19.337166061508	5	(29.2204,146.038,1.895)	87.2671	-70.4079
19.338344002282	2	(26.4784,86.2164,1.895)	27.4113	-64.7011
19.343004710367	9	(28.4632,227.163,1.895)	168.366	-80.5246
19.349164134695	6	(25.8686,151.551,1.895)	92.7485	-70.3087
19.406714331009	7	(28.9758,172.243,1.895)	115.45	-75.3811
19.413647731778	4	(29.4924,116.899,1.895)	60.1475	-68.2575
19.414938057924	0	(27.011,29.1636,1.895)	27.6517	-65.1383
19.430686788412	8	(28.7256,199.056,1.895)	142.256	-87.9271
19.437624808447	3	(29.7489,89.4181,1.895)	32.7414	-64.4286
19.437166061508	5	(29.2389,144.053,1.895)	87.2742	-70.4072
19.438344002282	2	(26.4972,84.2121,1.895)	27.3993	-64.677
19.443004710367	9	(28.4814,225.214,1.895)	168.408	-80.5174
19.449164134695	6	(25.8874,149.539,1.895)	92.729	-70.3078
19.506714331009	7	(28.9945,170.248,1.895)	115.446	-75.3796
19.513647731778	4	(29.511,114.901,1.895)	60.141	-68.2538
19.514938057924	0	(27.0297,27.155,1.895)	27.669	-65.1656
19.530686788412	8	(28.7441,197.076,1.895)	142.267	-87.9267
19.537624808447	3	(29.7675,87.4168,1.895)	32.7315	-64.4133
19.537166061508	5	(29.2574,142.073,1.895)	87.2861	-70.4061
19.538344002282	2	(26.5156,82.2308,1.895)	27.4092	-64.6969
19.543004710367	9	(28.4996,223.265,1.895)	168.451	-80.5101
19.549164134695	6	(25.9061,147.535,1.895)	92.7164	-70.3072
19.606714331009	7	(29.013,168.263,1.895)	115.467	-75.3874
19.613647731778	4	(29.5296,112.907,1.895)	60.153	-68.2606
19.614938057924	0	(27.0484,25.1547,1.895)	27.6634	-65.1568
19.630686788412	8	(28.7625,195.105,1.895)	142.301	-87.9257
19.637624808447	3	(29.7863,85.4111,1.895)	32.7316	-64.4134
19.637166061508	5	(29.276,140.083,1.895)	87.3015	-70.4046
19.638344002282	2	(26.5342,80.246,1.895)	27.4303	-64.7389
19.643004710367	9	(28.5178,221.315,1.895)	168.507	-80.5005
19.649164134695	6	(25.9249,145.526,1.895)	92.7135	-70.3071
19.706714331009	7	(29.0316,166.266,1.895)	115.469	-75.388
19.713647731778	4	(29.5483,110.911,1.895)	60.1551	-68.2618
19.730686788412	8	(28.7808,193.138,1.895)	142.333	-87.9246
19.737624808447	3	(29.8049,83.4103,1.895)	32.7289	-64.4094
19.737166061508	5	(29.2945,138.1,1.895)	87.3162	-70.4033
19.738344002282	2	(26.5528,78.2491,1.895)	27.4316	-64.7415
19.743004710367	9	(28.536,219.364,1.895)	168.554	-80.4926
19.749164134695	6	(25.9436,143.521,1.895)	92.7068	-70.3068
19.806714331009	7	(29.0502,164.28,1.895)	115.493	-75.3968
19.813647731778	4	(29.5668,108.922,1.895)	60.1765	-68.274
19.830686788412	8	(28.7993,191.156,1.895)	142.362	-87.9236
19.837624808447	3	(29.8237,81.4008,1.895)	32.73	-64.411
19.837166061508	5	(29.313,136.121,1.895)	87.3482	-70.4003
19.838344002282	2	(26.5714,76.2592,1.895)	27.4522	-64.7821
19.843004710367	9	(28.5542,217.418,1.895)	168.618	-80.4817
19.849164134695	6	(25.9623,141.511,1.895)	92.7073	-70.3068
19.906714331009	7	(29.0687,162.294,1.895)	115.519	-75.4067
19.913647731778	4	(29.5856,106.914,1.895)	60.1805	-68.2762
19.930686788412	8	(28.8177,189.181,1.895)	142.398	-87.9221
19.937624808447	3	(29.8424,79.3906,1.895)	32.7317	-64.4135
19.937166061508	5	(29.3314,134.145,1.895)	87.3838	-70.3971
19.938344002282	2	(26.59,74.2619,1.895)	27.4667	-64.8103
19.943004710367	9	(28.5724,215.463,1.895)	168.675	-80.472
19.949164134695	6	(25.9811,139.5,1.895)	92.7074	-70.3068
20.006714331009	7	(29.0872,160.313,1.895)	115.54	-75.4145
20.013647731778	4	(29.6043,104.909,1.895)	60.1763	-68.2739
20.030686788412	8	(28.8361,187.213,1.895)	142.432	-87.9206
20.037624808447	3	(29.8612,77.3852,1.895)	32.7281	-64.4081
20.037166061508	5	(29.35,132.154,1.895)	87.3944	-70.3961
20.038344002282	2	(26.6087,72.2567,1.895)	27.4633	-64.8036
20.043004710367	9	(28.5907,213.507,1.895)	168.721	-80.4643
20.049164134695	6	(25.9999,137.493,1.895)	92.7026	-70.3066
20.106714331009	7	(29.1059,158.31,1.895)	115.545	-75.4164
20.113647731778	4	(29.6229,102.912,1.895)	60.1878	-68.2804
20.130686788412	8	(28.8545,185.242,1.895)	142.469	-87.9188
20.137624808447	3	(29.8799,75.3752,1.895)	32.7259	-64.4047
20.137166061508	5	(29.3686,130.162,1.895)	87.4107	-70.3947
20.138344002282	2	(26.6274,70.2582,1.895)	27.4727	-64.8217
20.143004710367	9	(28.6089,211.56,1.895)	168.782	-80.4541
20.149164134695	6	(26.0185,135.494,1.895)	92.711	-70.307
20.206714331009	7	(29.1245,156.316,1.895)	115.55	-75.4183
20.213647731778	4	(29.6416,100.915,1.895)	60.1901	-68.2817
20.230686788412	8	(28.873,183.255,1.895)	142.482	-87.9181
20.237624808447	3	(29.8987,73.3685,1.895)	32.7185	-64.3934
20.237166061508	5	(29.3872,128.173,1.895)	87.4206	-70.3938
20.238344002282	2	(26.6461,68.2536,1.895)	27.4673	-64.8113
20.243004710367	9	(28.6271,209.612,1.895)	168.834	-80.4454
20.249164134695	6	(26.0373,133.486,1.895)	92.7025	-70.3065
20.306714331009	7	(29.1431,154.321,1.895)	115.564	-75.4233
20.313647731778	4	(29.6602,98.9217,1.895)	60.2048	-68.2902
20.330686788412	8	(28.8915,181.277,1.895)	142.512	-87.9165
20.337624808447	3	(29.9174,71.3585,1.895)	32.7167	-64.3907
20.337166061508	5	(29.4057,126.185,1.895)	87.4412	-70.392
20.338344002282	2	(26.6647,66.266,1.895)	27.4879	-64.8509
20.343004710367	9	(28.6454,207.65,1.895)	168.879	-80.4378
20.349164134695	6	(26.056,131.477,1.895)	92.7022	-70.3065
20.406714331009	7	(29.1617,152.325,1.895)	115.573	-75.4269
20.413647731778	4	(29.6789,96.9183,1.895)	60.2077	-68.2918
20.430686788412	8	(28.9099,179.302,1.895)	142.543	-87.9147
20.437624808447	3	(29.9361,69.3546,1.895)	32.7191	-64.3943
20.437166061508	5	(29.4242,124.198,1.895)	87.4605	-70.3903
20.438344002282	2	(26.6834,64.2596,1.895)	27.4878	-64.8507
20.443004710367	9	(28.6636,205.698,1.895)	168.934	-80.4286
20.449164134695	6	(26.0747,129.47,1.895)	92.7012	-70.3065
20.506714331009	7	(29.1803,150.333,1.895)	115.59	-75.4331
20.513647731778	4	(29.6975,94.9183,1.895)	60.2162	-68.2967
20.530686788412	8	(28.9285,177.315,1.895)	142.565	-87.9134
20.537624808447	3	(29.9548,67.3506,1.895)	32.7236	-64.4012
20.537166061508	5	(29.4429,122.2,1.895)	87.4707	-70.3894
20.538344002282	2	(26.702,62.2653,1.895)	27.502	-64.8775
20.543004710367	9	(28.6818,203.743,1.895)	168.987	-80.4199
20.549164134695	6	(26.0934,127.466,1.895)	92.7056	-70.3067
20.606714331009	7	(29.199,148.334,1.895)	115.592	-75.4338
20.613647731778	4	(29.7162,92.9149,1.895)	60.2136	-68.2952
20.630686788412	8	(28.9469,175.338,1.895)	142.588	-87.9119
20.637624808447	3	(29.9736,65.3425,1.895)	32.7163	-64.3901
20.637166061508	5	(29.4615,120.211,1.895)	87.4826	-70.3883
20.638344002282	2	(26.7207,60.2626,1.895)	27.5001	-64.8739
20.643004710367	9	(28.7002,201.774,1.895)	169.02	-80.4144
20.649164134695	6	(26.1121,125.466,1.895)	92.706	-70.3067
20.706714331009	7	(29.2176,146.339,1.895)	115.601	-75.4374
20.713647731778	4	(29.7349,90.9094,1.895)	60.2128	-68.2948
20.730686788412	8	(28.9655,173.351,1.895)	142.606	-87.9108
20.737624808447	3	(29.9922,63.3411,1.895)	32.7196	-64.3951
20.737166061508	5	(29.48,118.224,1.895)	87.5005	-70.3868
20.738344002282	2	(26.7393,58.2678,1.895)	27.51	-64.8924
20.743004710367	9	(28.7184,199.824,1.895)	169.074	-80.4054
20.749164134695	6	(26.1308,123.461,1.895)	92.7061	-70.3067
20.806714331009	7	(29.2362,144.344,1.895)	115.61	-75.4405
20.813647731778	4	(29.7536,88.9132,1.895)	60.2196	-68.2987
20.830686788412	8	(28.984,171.372,1.895)	142.63	-87.9092
20.837624808447	3	(30.0109,61.3411,1.895)	32.7227	-64.3997
20.837166061508	5	(29.4986,116.227,1.895)	87.5061	-70.3863
20.838344002282	2	(26.758,56.2689,1.895)	27.5141	-64.9001
20.843004710367	9	(28.7367,197.867,1.895)	169.119	-80.3979
20.849164134695	6	(26.1496,121.452,1.895)	92.7002	-70.3064
20.906714331009	7	(29.2549,142.34,1.895)	115.614	-75.4421
20.913647731778	4	(29.7722,86.9121,1.895)	60.2265	-68.3027
20.930686788412	8	(29.0025,169.391,1.895)	142.657	-87.9073
20.937624808447	3	(30.0297,59.3298,1.895)	32.7194	-64.3947
20.937166061508	5	(29.5172,114.237,1.895)	87.524	-70.3847
20.938344002282	2	(26.7766,54.2706,1.895)	27.524	-64.9182
20.943004710367	9	(28.7549,195.915,1.895)	169.176	-80.3886
20.949164134695	6	(26.1683,119.447,1.895)	92.7034	-70.3066
