2.104416990746	1	(23.572,397.61,1.895)	18.6906	-59.4382
2.114938057924	0	(23.7721,376.178,1.895)	40.1239	-64.717
2.204416990746	1	(23.5896,395.73,1.895)	18.8497	-59.6032
2.214938057924	0	(23.7908,374.172,1.895)	40.4087	-64.7684
2.304416990746	1	(23.6071,393.85,1.895)	19.0024	-59.8564
2.314938057924	0	(23.8096,372.162,1.895)	40.6913	-64.8542
2.404416990746	1	(23.6248,391.962,1.895)	19.1666	-60.2134
2.414938057924	0	(23.8282,370.16,1.895)	40.9693	-64.9715
2.504416990746	1	(23.6423,390.079,1.895)	19.3106	-60.5755
2.514938057924	0	(23.8469,368.161,1.895)	41.2295	-65.1101
2.604416990746	1	(23.6599,388.194,1.895)	19.4601	-60.9676
2.614938057924	0	(23.8657,366.15,1.895)	41.5049	-65.2865
2.704416990746	1	(23.6776,386.3,1.895)	19.6197	-61.361
2.714938057924	0	(23.8843,364.15,1.895)	41.7706	-65.4847
2.804416990746	1	(23.6953,384.402,1.895)	19.7703	-61.6616
2.814938057924	0	(23.903,362.149,1.895)	42.0243	-65.6993
2.904416990746	1	(23.713,382.503,1.895)	19.9063	-61.8412
2.914938057924	0	(23.9218,360.137,1.895)	42.2735	-65.9335
3.004416990746	1	(23.7308,380.602,1.895)	20.049	-61.9171
3.014938057924	0	(23.9406,358.126,1.895)	42.5262	-66.1939
3.104416990746	1	(23.7486,378.696,1.895)	20.1886	-61.8797
3.114938057924	0	(23.9593,356.115,1.895)	42.7697	-66.4661
3.137624808447	3	(26.6976,416.34,1.895)	17.7365	-60.358
3.204416990746	1	(23.7664,376.787,1.895)	20.3199	-61.7586
3.214938057924	0	(23.9781,354.109,1.895)	42.9985	-66.7404
3.237624808447	3	(26.7163,414.341,1.895)	17.5187	-60.5229
3.304416990746	1	(23.7842,374.876,1.895)	20.4471	-61.5844
3.314938057924	0	(23.9968,352.101,1.895)	43.2235	-67.0266
3.337624808447	3	(26.735,412.338,1.895)	17.3028	-60.3598
3.404416990746	1	(23.802,372.969,1.895)	20.5706	-61.3846
3.414938057924	0	(24.0155,350.099,1.895)	43.4419	-67.3193
3.437624808447	3	(26.7536,410.335,1.895)	17.0872	-59.8942
3.504416990746	1	(23.8198,371.065,1.895)	20.6949	-61.1742
3.514938057924	0	(24.0343,348.088,1.895)	43.6733	-67.6443
3.537624808447	3	(26.7724,408.323,1.895)	16.8599	-59.2694
3.604416990746	1	(23.8377,369.151,1.895)	20.8248	-60.9632
3.614938057924	0	(24.053,346.084,1.895)	43.892	-67.9641
3.637624808447	3	(26.7911,406.324,1.895)	16.6497	-58.7683
3.704416990746	1	(23.8555,367.242,1.895)	20.9366	-60.8011
3.714938057924	0	(24.0717,344.078,1.895)	44.1009	-68.2796
3.737624808447	3	(26.8098,404.316,1.895)	16.4428	-58.475
3.804416990746	1	(23.8734,365.324,1.895)	21.0628	-60.6492
3.814938057924	0	(24.0905,342.067,1.895)	44.3206	-68.6199
3.837624808447	3	(26.8286,402.305,1.895)	16.228	-58.4392
3.904416990746	1	(23.8914,363.399,1.895)	21.1927	-60.5346
3.914938057924	0	(24.1092,340.057,1.895)	44.5357	-68.9593
3.937624808447	3	(26.8473,400.305,1.895)	16.0278	-58.6404
4.004416990746	1	(23.9094,361.47,1.895)	21.312	-60.4709
4.014938057924	0	(24.128,338.046,1.895)	44.7363	-69.2788
4.037624808447	3	(26.866,398.297,1.895)	15.8335	-58.9664
4.104416990746	1	(23.9273,359.546,1.895)	21.4252	-60.4493
4.113647731778	4	(26.6976,416.34,1.895)	35.4939	-68.2421
4.114938057924	0	(24.1468,336.035,1.895)	44.9372	-69.5985
4.137624808447	3	(26.8848,396.285,1.895)	15.6363	-59.2566
4.204416990746	1	(23.9453,357.619,1.895)	21.5413	-60.4673
4.213647731778	4	(26.715,414.476,1.895)	35.4413	-68.2529
4.214938057924	0	(24.1655,334.027,1.895)	45.1336	-69.9077
4.237624808447	3	(26.9034,394.285,1.895)	15.4521	-59.2998
4.304416990746	1	(23.9633,355.693,1.895)	21.6431	-60.5163
4.313647731778	4	(26.7323,412.622,1.895)	35.4116	-68.2567
4.314938057924	0	(24.1842,332.023,1.895)	45.3146	-70.1867
4.337624808447	3	(26.9222,392.274,1.895)	15.2686	-59.0328
4.404416990746	1	(23.9812,353.771,1.895)	21.7434	-60.5946
4.413647731778	4	(26.7497,410.757,1.895)	35.3685	-68.2595
4.414938057924	0	(24.2029,330.015,1.895)	45.5008	-70.4641
4.437624808447	3	(26.9409,390.274,1.895)	15.0957	-58.5743
4.504416990746	1	(23.9992,351.846,1.895)	21.8517	-60.7114
4.513647731778	4	(26.7671,408.898,1.895)	35.326	-68.2588
4.514938057924	0	(24.2217,328.008,1.895)	45.6912	-70.7338
4.537624808447	3	(26.9596,388.263,1.895)	14.906	-58.0375
4.604416990746	1	(24.0173,349.91,1.895)	21.9689	-60.8734
4.613647731778	4	(26.7845,407.025,1.895)	35.2721	-68.2531
4.614938057924	0	(24.2404,326.003,1.895)	45.8771	-70.9796
4.637624808447	3	(26.9784,386.258,1.895)	14.724	-57.6666
4.704416990746	1	(24.0353,347.976,1.895)	22.0694	-61.04
4.713647731778	4	(26.802,405.149,1.895)	35.2306	-68.2449
4.714938057924	0	(24.2591,324,1.895)	46.0462	-71.1842
4.737624808447	3	(26.9971,384.253,1.895)	14.5577	-57.539
4.804416990746	1	(24.0533,346.047,1.895)	22.168	-61.2254
4.813647731778	4	(26.8195,403.283,1.895)	35.1948	-68.2352
4.814938057924	0	(24.2779,321.988,1.895)	46.2273	-71.38
4.837624808447	3	(27.0158,382.251,1.895)	14.3909	-57.6292
4.904416990746	1	(24.0714,344.107,1.895)	22.27	-61.4375
4.913647731778	4	(26.8369,401.411,1.895)	35.1607	-68.2237
4.914938057924	0	(24.2966,319.978,1.895)	46.4002	-71.5411
4.937624808447	3	(27.0344,380.251,1.895)	14.2323	-57.8674
5.004416990746	1	(24.0895,342.167,1.895)	22.3674	-61.6559
5.013647731778	4	(26.8544,399.542,1.895)	35.1342	-68.2133
5.014938057924	0	(24.3154,317.971,1.895)	46.5647	-71.6684
5.037624808447	3	(27.0531,378.251,1.895)	14.0788	-58.1266
5.104416990746	1	(24.1076,340.228,1.895)	22.4589	-61.8715
5.113647731778	4	(26.8719,397.668,1.895)	35.1081	-68.2016
5.114938057924	0	(24.334,315.971,1.895)	46.7169	-71.7621
5.137624808447	3	(27.0719,376.241,1.895)	13.9212	-58.2585
5.137166061508	5	(26.6976,416.34,1.895)	53.7269	-67.1489
5.204416990746	1	(24.1256,338.301,1.895)	22.5422	-62.0733
5.213647731778	4	(26.8895,395.783,1.895)	35.0677	-68.181
5.214938057924	0	(24.3528,313.961,1.895)	46.8829	-71.8365
5.237624808447	3	(27.0905,374.239,1.895)	13.7678	-58.1312
5.237166061508	5	(26.7136,414.629,1.895)	53.8595	-67.1114
5.304416990746	1	(24.1438,336.356,1.895)	22.6516	-62.3408
5.313647731778	4	(26.907,393.903,1.895)	35.0227	-68.1545
5.314938057924	0	(24.3715,311.954,1.895)	47.0548	-71.8824
5.337624808447	3	(27.1092,372.235,1.895)	13.6043	-57.734
5.337166061508	5	(26.7297,412.905,1.895)	53.9705	-67.0825
5.404416990746	1	(24.1619,334.414,1.895)	22.7441	-62.5635
5.413647731778	4	(26.9246,392.015,1.895)	34.9847	-68.1291
5.414938057924	0	(24.3902,309.952,1.895)	47.2071	-71.8966
5.437624808447	3	(27.128,370.226,1.895)	13.4505	-57.2706
5.437166061508	5	(26.7457,411.183,1.895)	54.0985	-67.0518
5.504416990746	1	(24.18,332.477,1.895)	22.8202	-62.74
5.513647731778	4	(26.9424,390.116,1.895)	34.9467	-68.101
5.514938057924	0	(24.4089,307.946,1.895)	47.3519	-71.8875
5.537624808447	3	(27.1467,368.227,1.895)	13.316	-56.9345
5.537166061508	5	(26.7619,409.448,1.895)	54.2242	-67.0244
5.604416990746	1	(24.1981,330.534,1.895)	22.9095	-62.9352
5.613647731778	4	(26.9599,388.233,1.895)	34.9175	-68.0777
5.614938057924	0	(24.4277,305.935,1.895)	47.5093	-71.8538
5.637624808447	3	(27.1654,366.217,1.895)	13.1642	-56.7385
5.637166061508	5	(26.7782,407.705,1.895)	54.334	-67.0026
5.704416990746	1	(24.2163,328.582,1.895)	23.0059	-63.1251
5.713647731778	4	(26.9776,386.34,1.895)	34.8803	-68.0457
5.714938057924	0	(24.4464,303.928,1.895)	47.6608	-71.7993
5.737624808447	3	(27.1841,364.212,1.895)	13.02	-56.7674
5.737166061508	5	(26.7944,405.965,1.895)	54.4492	-66.9819
5.804416990746	1	(24.2345,326.63,1.895)	23.0937	-63.2746
5.813647731778	4	(26.9953,384.448,1.895)	34.853	-68.0206
5.814938057924	0	(24.4652,301.92,1.895)	47.8043	-71.7294
5.837624808447	3	(27.2028,362.212,1.895)	12.8888	-56.9433
5.837166061508	5	(26.8108,404.215,1.895)	54.5642	-66.9634
5.904416990746	1	(24.2527,324.682,1.895)	23.1645	-63.3756
5.913647731778	4	(27.013,382.55,1.895)	34.8313	-67.9998
5.914938057924	0	(24.4839,299.916,1.895)	47.9319	-71.6535
5.937624808447	3	(27.2215,360.208,1.895)	12.7659	-57.1555
5.937166061508	5	(26.8271,402.46,1.895)	54.6858	-66.9462
6.004416990746	1	(24.2708,322.742,1.895)	23.2409	-63.463
6.013647731778	4	(27.0307,380.653,1.895)	34.7991	-67.9674
6.014938057924	0	(24.5026,297.91,1.895)	48.0735	-71.556
6.037624808447	3	(27.2402,358.208,1.895)	12.6343	-57.3018
6.037166061508	5	(26.8436,400.697,1.895)	54.7868	-66.9337
6.104416990746	1	(24.289,320.799,1.895)	23.3246	-63.5312
6.113647731778	4	(27.0484,378.754,1.895)	34.7595	-67.9252
6.114938057924	0	(24.5213,295.902,1.895)	48.2229	-71.4396
6.137624808447	3	(27.2589,356.204,1.895)	12.4946	-57.2287
6.137166061508	5	(26.8601,398.929,1.895)	54.8772	-66.9239
6.149164134695	6	(23.3976,416.3,1.895)	72.1808	-77.1348
6.204416990746	1	(24.3072,318.847,1.895)	23.4053	-63.5684
6.213647731778	4	(27.0661,376.858,1.895)	34.7344	-67.897
6.214938057924	0	(24.5401,293.892,1.895)	48.3611	-71.3215
6.237624808447	3	(27.2776,354.199,1.895)	12.366	-56.9359
6.237166061508	5	(26.8766,397.157,1.895)	54.9763	-66.9146
6.249164134695	6	(23.4163,414.298,1.895)	72.0501	-77.1959
6.304416990746	1	(24.3255,316.887,1.895)	23.485	-63.5779
6.313647731778	4	(27.0839,374.948,1.895)	34.7042	-67.8619
6.314938057924	0	(24.5588,291.886,1.895)	48.4872	-71.2063
6.337624808447	3	(27.2962,352.199,1.895)	12.2503	-56.5764
6.337166061508	5	(26.8931,395.392,1.895)	55.0909	-66.9057
6.349164134695	6	(23.435,412.296,1.895)	71.9277	-77.2482
6.404416990746	1	(24.3437,314.93,1.895)	23.5612	-63.5624
6.413647731778	4	(27.1017,373.047,1.895)	34.6852	-67.8391
6.414938057924	0	(24.5775,289.886,1.895)	48.6059	-71.0925
6.437624808447	3	(27.315,350.194,1.895)	12.1309	-56.2331
6.437166061508	5	(26.9098,393.606,1.895)	55.1863	-66.8999
6.449164134695	6	(23.4537,410.291,1.895)	71.8038	-77.296
6.504416990746	1	(24.362,312.976,1.895)	23.6259	-63.5315
6.513647731778	4	(27.1195,371.133,1.895)	34.6597	-67.8075
6.514938057924	0	(24.5962,287.88,1.895)	48.7237	-70.9753
6.537624808447	3	(27.3337,348.183,1.895)	12.0141	-56.0196
6.537166061508	5	(26.9264,391.824,1.895)	55.2929	-66.895
6.549164134695	6	(23.4725,408.279,1.895)	71.6812	-77.338
6.604416990746	1	(24.3802,311.019,1.895)	23.7015	-63.4766
6.613647731778	4	(27.1374,369.213,1.895)	34.6215	-67.7585
6.614938057924	0	(24.6149,285.879,1.895)	48.8431	-70.853
6.637624808447	3	(27.3524,346.178,1.895)	11.8949	-55.9745
6.637166061508	5	(26.9432,390.028,1.895)	55.3781	-66.8923
6.649164134695	6	(23.4912,406.27,1.895)	71.5536	-77.3757
6.704416990746	1	(24.3985,309.065,1.895)	23.7669	-63.4145
6.713647731778	4	(27.1553,367.305,1.895)	34.6034	-67.7345
6.714938057924	0	(24.6336,283.871,1.895)	48.962	-70.7287
6.737624808447	3	(27.3712,344.173,1.895)	11.7841	-56.0799
6.737166061508	5	(26.9599,388.235,1.895)	55.4743	-66.8906
6.749164134695	6	(23.51,404.262,1.895)	71.4348	-77.4051
6.804416990746	1	(24.4168,307.106,1.895)	23.8404	-63.3308
6.813647731778	4	(27.1731,365.391,1.895)	34.5743	-67.695
6.814938057924	0	(24.6523,281.871,1.895)	49.0765	-70.6071
6.837624808447	3	(27.3899,342.163,1.895)	11.6633	-56.2821
6.837166061508	5	(26.9766,386.446,1.895)	55.5701	-66.8902
6.849164134695	6	(23.5287,402.255,1.895)	71.3124	-77.4292
6.904416990746	1	(24.435,305.152,1.895)	23.9074	-63.244
6.913647731778	4	(27.191,363.473,1.895)	34.5434	-67.6518
6.914938057924	0	(24.671,279.863,1.895)	49.1976	-70.4772
6.937624808447	3	(27.4087,340.151,1.895)	11.5437	-56.4343
6.937166061508	5	(26.9934,384.652,1.895)	55.6632	-66.8912
6.949164134695	6	(23.5474,400.254,1.895)	71.1981	-77.446
7.004416990746	1	(24.4533,303.197,1.895)	23.9786	-63.1428
7.013647731778	4	(27.209,361.547,1.895)	34.5019	-67.5917
7.014938057924	0	(24.6897,277.862,1.895)	49.3139	-70.3518
7.037624808447	3	(27.4274,338.147,1.895)	11.4292	-56.4035
7.037166061508	5	(27.0102,382.848,1.895)	55.743	-66.893
7.049164134695	6	(23.5661,398.247,1.895)	71.0761	-77.4576
7.104416990746	1	(24.4715,301.237,1.895)	24.0431	-63.0453
7.106714331009	7	(26.6976,416.34,1.895)	91.0937	-70.2593
7.113647731778	4	(27.2269,359.627,1.895)	34.4762	-67.5535
7.114938057924	0	(24.7084,275.855,1.895)	49.4262	-70.2305
7.137624808447	3	(27.4461,336.142,1.895)	11.324	-56.1879
7.137166061508	5	(27.0272,381.03,1.895)	55.8202	-66.8956
7.149164134695	6	(23.5849,396.237,1.895)	70.9606	-77.4624
7.204416990746	1	(24.4898,299.279,1.895)	24.1096	-62.9407
7.206714331009	7	(26.7162,414.347,1.895)	90.9928	-70.2583
7.213647731778	4	(27.2448,357.71,1.895)	34.4517	-67.5162
7.214938057924	0	(24.7272,273.846,1.895)	49.5434	-70.1044
7.237624808447	3	(27.4649,334.131,1.895)	11.2097	-55.8297
7.237166061508	5	(27.0441,379.215,1.895)	55.8966	-66.899
7.249164134695	6	(23.6036,394.225,1.895)	70.841	-77.4609
7.304416990746	1	(24.5082,297.314,1.895)	24.1856	-62.8184
7.306714331009	7	(26.7348,412.351,1.895)	90.8856	-70.2575
7.313647731778	4	(27.2628,355.783,1.895)	34.4135	-67.4569
7.314938057924	0	(24.746,271.835,1.895)	49.6654	-69.9739
7.337624808447	3	(27.4836,332.126,1.895)	11.0992	-55.4972
7.337166061508	5	(27.061,377.4,1.895)	55.9704	-66.903
7.349164134695	6	(23.6224,392.218,1.895)	70.7228	-77.4528
7.404416990746	1	(24.5265,295.345,1.895)	24.2561	-62.7042
7.406714331009	7	(26.7534,410.358,1.895)	90.791	-70.257
7.413647731778	4	(27.2808,353.855,1.895)	34.3844	-67.4105
7.414938057924	0	(24.7647,269.827,1.895)	49.7751	-69.8574
7.437624808447	3	(27.5023,330.122,1.895)	10.9983	-55.3057
7.437166061508	5	(27.0781,375.576,1.895)	56.0452	-66.908
7.449164134695	6	(23.6411,390.208,1.895)	70.6118	-77.4391
7.504416990746	1	(24.5449,293.375,1.895)	24.3231	-62.5966
7.506714331009	7	(26.772,408.364,1.895)	90.7004	-70.2567
7.513647731778	4	(27.2987,351.934,1.895)	34.3661	-67.381
7.514938057924	0	(24.7834,267.827,1.895)	49.8719	-69.7556
7.537624808447	3	(27.5211,328.112,1.895)	10.8963	-55.2664
7.537166061508	5	(27.0951,373.754,1.895)	56.1258	-66.9141
7.549164134695	6	(23.6598,388.206,1.895)	70.512	-77.4218
7.604416990746	1	(24.5631,291.425,1.895)	24.3692	-62.5238
7.606714331009	7	(26.7906,406.374,1.895)	90.6141	-70.2567
7.613647731778	4	(27.3168,349.999,1.895)	34.3355	-67.3307
7.614938057924	0	(24.8021,265.824,1.895)	49.9717	-69.652
7.637624808447	3	(27.5398,326.103,1.895)	10.7966	-55.3661
7.637166061508	5	(27.112,371.936,1.895)	56.211	-66.9216
7.649164134695	6	(23.6785,386.206,1.895)	70.4159	-77.4006
7.704416990746	1	(24.5815,289.458,1.895)	24.4429	-62.4104
7.706714331009	7	(26.8091,404.395,1.895)	90.5283	-70.2568
7.713647731778	4	(27.3348,348.069,1.895)	34.2993	-67.2701
7.714938057924	0	(24.8208,263.813,1.895)	50.0892	-69.5316
7.737624808447	3	(27.5586,324.093,1.895)	10.6858	-55.5503
7.737166061508	5	(27.1292,370.096,1.895)	56.2653	-66.9269
7.749164134695	6	(23.6972,384.205,1.895)	70.308	-77.3715
7.804416990746	1	(24.5999,287.49,1.895)	24.508	-62.3143
7.806714331009	7	(26.8277,402.4,1.895)	90.4366	-70.2572
7.813647731778	4	(27.3528,346.137,1.895)	34.2698	-67.2197
7.814938057924	0	(24.8396,261.805,1.895)	50.1945	-69.4254
7.837624808447	3	(27.5773,322.089,1.895)	10.5892	-55.6539
7.837166061508	5	(27.1463,368.267,1.895)	56.3382	-66.9346
7.849164134695	6	(23.7159,382.194,1.895)	70.2	-77.3369
7.904416990746	1	(24.6182,285.52,1.895)	24.5706	-62.2262
7.906714331009	7	(26.8462,400.417,1.895)	90.3604	-70.2576
7.913647731778	4	(27.3709,344.2,1.895)	34.2404	-67.1689
7.914938057924	0	(24.8583,259.8,1.895)	50.292	-69.3287
7.937624808447	3	(27.596,320.085,1.895)	10.4968	-55.6081
7.937166061508	5	(27.1634,366.431,1.895)	56.4093	-66.9429
7.949164134695	6	(23.7346,380.194,1.895)	70.1072	-77.3027
8.004416990746	1	(24.6365,283.56,1.895)	24.6163	-62.165
8.006714331009	7	(26.8648,398.427,1.895)	90.2851	-70.2582
8.013647731778	4	(27.389,342.266,1.895)	34.2214	-67.1357
8.014938057924	0	(24.8771,257.789,1.895)	50.388	-69.2351
8.037624808447	3	(27.6147,318.082,1.895)	10.4132	-55.4265
8.037166061508	5	(27.1806,364.588,1.895)	56.4809	-66.9518
8.049164134695	6	(23.7533,378.185,1.895)	70.0132	-77.264
8.104416990746	1	(24.655,281.585,1.895)	24.6786	-62.0861
8.106714331009	7	(26.8834,396.433,1.895)	90.2041	-70.259
8.113647731778	4	(27.4071,340.327,1.895)	34.1945	-67.0881
8.114938057924	0	(24.8958,255.787,1.895)	50.4776	-69.1492
8.130686788412	8	(26.6976,416.34,1.895)	110.101	-73.5745
8.137624808447	3	(27.6334,316.078,1.895)	10.3266	-55.1492
8.137166061508	5	(27.1978,362.744,1.895)	56.5496	-66.9611
8.149164134695	6	(23.7721,376.178,1.895)	69.9184	-77.2208
8.204416990746	1	(24.6733,279.622,1.895)	24.7219	-62.0346
8.206714331009	7	(26.902,394.443,1.895)	90.1337	-70.2598
8.213647731778	4	(27.4251,338.395,1.895)	34.1821	-67.0662
8.214938057924	0	(24.9145,253.783,1.895)	50.5619	-69.0698
8.230686788412	8	(26.7147,414.503,1.895)	110.183	-73.5995
8.237624808447	3	(27.6521,314.067,1.895)	10.2401	-54.8687
8.237166061508	5	(27.2151,360.893,1.895)	56.6179	-66.9709
8.249164134695	6	(23.7908,374.177,1.895)	69.8367	-77.1804
8.304416990746	1	(24.6916,277.66,1.895)	24.7743	-61.9761
8.306714331009	7	(26.9206,392.452,1.895)	90.0527	-70.2609
8.313647731778	4	(27.4432,336.454,1.895)	34.151	-67.0102
8.314938057924	0	(24.9331,251.781,1.895)	50.6544	-68.9842
8.330686788412	8	(26.732,412.655,1.895)	110.245	-73.6184
8.337624808447	3	(27.6708,312.067,1.895)	10.155	-54.6704
8.337166061508	5	(27.2323,359.049,1.895)	56.6834	-66.981
8.349164134695	6	(23.8094,372.175,1.895)	69.7448	-77.1314
8.404416990746	1	(24.71,275.694,1.895)	24.8259	-61.9228
8.406714331009	7	(26.939,390.477,1.895)	89.992	-70.2618
8.413647731778	4	(27.4612,334.524,1.895)	34.136	-66.9831
8.414938057924	0	(24.9519,249.769,1.895)	50.7514	-68.8962
8.430686788412	8	(26.7492,410.811,1.895)	110.316	-73.6401
8.437624808447	3	(27.6895,310.065,1.895)	10.0721	-54.5961
8.437166061508	5	(27.2496,357.193,1.895)	56.7424	-66.9905
8.449164134695	6	(23.8281,370.172,1.895)	69.6571	-77.0812
8.504416990746	1	(24.7284,273.721,1.895)	24.8797	-61.8718
8.506714331009	7	(26.9575,388.488,1.895)	89.9226	-70.263
8.513647731778	4	(27.4793,332.589,1.895)	34.1202	-66.9543
8.514938057924	0	(24.9706,247.769,1.895)	50.832	-68.8246
8.530686788412	8	(26.7663,408.981,1.895)	110.405	-73.6676
8.537624808447	3	(27.7082,308.061,1.895)	9.99211	-54.6388
8.537166061508	5	(27.2668,355.356,1.895)	56.8243	-67.0044
8.549164134695	6	(23.8468,368.172,1.895)	69.5763	-77.0321
8.604416990746	1	(24.7467,271.752,1.895)	24.9279	-61.8305
8.606714331009	7	(26.976,386.516,1.895)	89.8713	-70.2639
8.613647731778	4	(27.4974,330.65,1.895)	34.1018	-66.9207
8.614938057924	0	(24.9893,245.764,1.895)	50.9169	-68.7506
8.630686788412	8	(26.7836,407.129,1.895)	110.474	-73.6888
8.637624808447	3	(27.727,306.049,1.895)	9.90616	-54.7679
8.637166061508	5	(27.284,353.512,1.895)	56.901	-67.0183
8.649164134695	6	(23.8656,366.161,1.895)	69.4855	-76.9736
8.704416990746	1	(24.7651,269.78,1.895)	24.9811	-61.7896
8.706714331009	7	(26.9943,384.547,1.895)	89.8202	-70.2649
8.713647731778	4	(27.5156,328.7,1.895)	34.0704	-66.8628
8.714938057924	0	(25.008,243.757,1.895)	51.0059	-68.6745
8.730686788412	8	(26.8007,405.296,1.895)	110.559	-73.7151
8.737624808447	3	(27.7457,304.044,1.895)	9.82444	-54.8908
8.737166061508	5	(27.3013,351.663,1.895)	56.9698	-67.0313
8.749164134695	6	(23.8842,364.162,1.895)	69.4042	-76.9186
8.804416990746	1	(24.7835,267.811,1.895)	25.028	-61.7577
8.806714331009	7	(27.0128,382.567,1.895)	89.7628	-70.2661
8.813647731778	4	(27.5338,326.751,1.895)	34.0446	-66.8148
8.814938057924	0	(25.0268,241.747,1.895)	51.0935	-68.6013
8.830686788412	8	(26.8179,403.452,1.895)	110.637	-73.7395
8.837624808447	3	(27.7645,302.033,1.895)	9.74066	-54.9207
8.837166061508	5	(27.3187,349.795,1.895)	57.0249	-67.0422
8.849164134695	6	(23.903,362.15,1.895)	69.3149	-76.8552
8.904416990746	1	(24.802,265.829,1.895)	25.0872	-61.7231
8.906714331009	7	(27.0313,380.586,1.895)	89.7043	-70.2675
8.913647731778	4	(27.552,324.8,1.895)	34.0156	-66.7603
8.914938057924	0	(25.0455,239.739,1.895)	51.1788	-68.5316
8.930686788412	8	(26.8351,401.606,1.895)	110.713	-73.7632
8.937624808447	3	(27.7832,300.021,1.895)	9.65657	-54.7952
8.937166061508	5	(27.336,347.935,1.895)	57.0868	-67.0549
8.949164134695	6	(23.9218,360.14,1.895)	69.2276	-76.7902
9.004416990746	1	(24.8204,263.856,1.895)	25.1254	-61.7043
9.006714331009	7	(27.0498,378.602,1.895)	89.6553	-70.2687
9.013647731778	4	(27.5702,322.846,1.895)	33.9962	-66.7239
9.014938057924	0	(25.0642,237.738,1.895)	51.2453	-68.4784
9.030686788412	8	(26.8524,399.757,1.895)	110.8	-73.7902
9.037624808447	3	(27.802,298.011,1.895)	9.58554	-54.5851
9.037166061508	5	(27.3535,346.065,1.895)	57.1513	-67.0687
9.049164134695	6	(23.9405,358.132,1.895)	69.1543	-76.7336
9.104416990746	1	(24.8388,261.892,1.895)	25.1569	-61.6908
9.106714331009	7	(27.0683,376.623,1.895)	89.6088	-70.2698
9.113647731778	4	(27.5885,320.891,1.895)	33.9751	-66.6839
9.114938057924	0	(25.083,235.729,1.895)	51.321	-68.4189
9.130686788412	8	(26.8697,397.903,1.895)	110.879	-73.8149
9.137624808447	3	(27.8207,296.011,1.895)	9.52291	-54.3677
9.137166061508	5	(27.371,344.191,1.895)	57.2107	-67.0819
9.143004710367	9	(26.6976,416.34,1.895)	129.309	-81.96
9.149164134695	6	(23.9592,356.132,1.895)	69.0872	-76.6802
9.204416990746	1	(24.8573,259.911,1.895)	25.2172	-61.6701
9.206714331009	7	(27.0868,374.635,1.895)	89.5421	-70.2716
9.213647731778	4	(27.6066,318.946,1.895)	33.9505	-66.6371
9.214938057924	0	(25.1017,233.721,1.895)	51.4088	-68.3514
9.230686788412	8	(26.887,396.049,1.895)	110.945	-73.8358
9.237624808447	3	(27.8394,294.005,1.895)	9.44268	-54.1224
9.237166061508	5	(27.3885,342.316,1.895)	57.2557	-67.0921
9.243004710367	9	(26.7134,414.649,1.895)	129.538	-82.0945
9.249164134695	6	(23.9778,354.132,1.895)	69.008	-76.6152
9.304416990746	1	(24.8757,257.932,1.895)	25.2656	-61.6584
9.306714331009	7	(27.1053,372.657,1.895)	89.4943	-70.273
9.313647731778	4	(27.6248,316.993,1.895)	33.9284	-66.595
9.314938057924	0	(25.1204,231.714,1.895)	51.4843	-68.2947
9.330686788412	8	(26.9044,394.184,1.895)	111.01	-73.8563
9.337624808447	3	(27.8581,292.001,1.895)	9.37396	-53.9955
9.337166061508	5	(27.406,340.44,1.895)	57.3104	-67.1049
9.343004710367	9	(26.7292,412.95,1.895)	129.77	-82.2312
9.349164134695	6	(23.9965,352.132,1.895)	68.9381	-76.5561
9.404416990746	1	(24.8942,255.953,1.895)	25.3138	-61.6512
9.406714331009	7	(27.1238,370.678,1.895)	89.446	-70.2744
9.413647731778	4	(27.6431,315.04,1.895)	33.9057	-66.5516
9.414938057924	0	(25.1392,229.705,1.895)	51.5632	-68.2368
9.430686788412	8	(26.9218,392.323,1.895)	111.08	-73.8784
9.437624808447	3	(27.8768,289.993,1.895)	9.30175	-53.97
9.437166061508	5	(27.4235,338.567,1.895)	57.3683	-67.1189
9.443004710367	9	(26.7452,411.241,1.895)	129.992	-82.3629
9.449164134695	6	(24.0152,350.127,1.895)	68.8645	-76.4923
9.504416990746	1	(24.9127,253.974,1.895)	25.3635	-61.6483
9.506714331009	7	(27.1423,368.693,1.895)	89.3908	-70.2761
9.513647731778	4	(27.6614,313.08,1.895)	33.8755	-66.4935
9.514938057924	0	(25.1579,227.702,1.895)	51.6366	-68.1841
9.530686788412	8	(26.9392,390.457,1.895)	111.144	-73.8987
9.537624808447	3	(27.8955,287.989,1.895)	9.23225	-54.0376
9.537166061508	5	(27.4411,336.682,1.895)	57.4122	-67.1298
9.543004710367	9	(26.7612,409.527,1.895)	130.207	-82.4914
9.549164134695	6	(24.0339,348.123,1.895)	68.7898	-76.4259
9.604416990746	1	(24.9311,251.995,1.895)	25.4071	-61.6496
9.606714331009	7	(27.1608,366.71,1.895)	89.3431	-70.2777
9.613647731778	4	(27.6795,311.133,1.895)	33.8637	-66.4707
9.614938057924	0	(25.1765,225.703,1.895)	51.7008	-68.139
9.630686788412	8	(26.9567,388.584,1.895)	111.206	-73.9183
9.637624808447	3	(27.9143,285.977,1.895)	9.16048	-54.1529
9.637166061508	5	(27.4586,334.801,1.895)	57.4667	-67.1436
9.643004710367	9	(26.7772,407.808,1.895)	130.424	-82.6211
9.649164134695	6	(24.0527,346.113,1.895)	68.715	-76.3578
9.704416990746	1	(24.9495,250.027,1.895)	25.4394	-61.6528
9.706714331009	7	(27.1793,364.728,1.895)	89.2968	-70.2792
9.713647731778	4	(27.6979,309.17,1.895)	33.836	-66.4173
9.714938057924	0	(25.1953,223.694,1.895)	51.7734	-68.089
9.730686788412	8	(26.9741,386.713,1.895)	111.271	-73.939
9.737624808447	3	(27.933,283.976,1.895)	9.09929	-54.2299
9.737166061508	5	(27.4761,332.925,1.895)	57.5261	-67.1591
9.743004710367	9	(26.7934,406.081,1.895)	130.632	-82.7463
9.749164134695	6	(24.0714,344.11,1.895)	68.6477	-76.2952
9.804416990746	1	(24.9679,248.054,1.895)	25.489	-61.6616
9.806714331009	7	(27.1978,362.747,1.895)	89.2391	-70.2813
9.813647731778	4	(27.7161,307.213,1.895)	33.8031	-66.3536
9.814938057924	0	(25.214,221.692,1.895)	51.8525	-68.0358
9.830686788412	8	(26.9916,384.843,1.895)	111.324	-73.9561
9.837624808447	3	(27.9517,281.974,1.895)	9.02625	-54.2262
9.837166061508	5	(27.4938,331.037,1.895)	57.5621	-67.1687
9.843004710367	9	(26.8094,404.359,1.895)	130.833	-82.868
9.849164134695	6	(24.0902,342.098,1.895)	68.5596	-76.2116
9.904416990746	1	(24.9864,246.076,1.895)	25.5321	-61.673
9.906714331009	7	(27.2163,360.764,1.895)	89.1912	-70.283
9.913647731778	4	(27.7344,305.257,1.895)	33.7821	-66.313
9.914938057924	0	(25.2327,219.685,1.895)	51.9244	-67.9887
9.930686788412	8	(27.0091,382.967,1.895)	111.383	-73.975
9.937624808447	3	(27.9704,279.966,1.895)	8.95861	-54.1002
9.937166061508	5	(27.5114,329.151,1.895)	57.6109	-67.182
9.943004710367	9	(26.8256,402.628,1.895)	131.038	-82.9919
9.949164134695	6	(24.1089,340.087,1.895)	68.4831	-76.1374
10.004416990746	1	(25.0049,244.093,1.895)	25.5826	-61.6907
10.006714331009	7	(27.2348,358.779,1.895)	89.1392	-70.285
10.013647731778	4	(27.7527,303.298,1.895)	33.7565	-66.2631
10.014938057924	0	(25.2514,217.678,1.895)	51.9983	-67.9413
10.030686788412	8	(27.0266,381.09,1.895)	111.439	-73.9926
10.037624808447	3	(27.9892,277.959,1.895)	8.88956	-53.8785
10.037166061508	5	(27.529,327.26,1.895)	57.6518	-67.1933
10.043004710367	9	(26.8418,400.892,1.895)	131.234	-83.1113
10.049164134695	6	(24.1277,338.08,1.895)	68.409	-76.0644
10.104416990746	1	(25.0234,242.111,1.895)	25.6251	-61.7093
10.106714331009	7	(27.2534,356.795,1.895)	89.094	-70.2868
10.113647731778	4	(27.7709,301.342,1.895)	33.7399	-66.2309
10.114938057924	0	(25.2702,215.671,1.895)	52.0661	-67.8989
10.130686788412	8	(27.0442,379.207,1.895)	111.495	-74.0108
10.137624808447	3	(28.0078,275.956,1.895)	8.83061	-53.669
10.137166061508	5	(27.5467,325.364,1.895)	57.6953	-67.2056
10.143004710367	9	(26.8581,399.145,1.895)	131.427	-83.2287
10.149164134695	6	(24.1464,336.069,1.895)	68.3372	-75.9924
10.204416990746	1	(25.0419,240.125,1.895)	25.6644	-61.7294
10.206714331009	7	(27.2718,354.814,1.895)	89.0607	-70.2881
10.213647731778	4	(27.7891,299.391,1.895)	33.7358	-66.2231
10.214938057924	0	(25.2889,213.663,1.895)	52.1276	-67.8613
10.230686788412	8	(27.0617,377.325,1.895)	111.56	-74.0316
10.237624808447	3	(28.0265,273.955,1.895)	8.78089	-53.5173
10.237166061508	5	(27.5643,323.477,1.895)	57.7556	-67.2231
10.243004710367	9	(26.8744,397.397,1.895)	131.625	-83.3501
10.249164134695	6	(24.1652,334.061,1.895)	68.276	-75.9303
10.304416990746	1	(25.0605,238.138,1.895)	25.7062	-61.7539
10.306714331009	7	(27.2902,352.844,1.895)	89.0355	-70.2892
10.313647731778	4	(27.8074,297.436,1.895)	33.7258	-66.2036
10.314938057924	0	(25.3076,211.658,1.895)	52.1873	-67.8255
10.330686788412	8	(27.0793,375.446,1.895)	111.626	-74.053
10.337624808447	3	(28.0452,271.955,1.895)	8.72892	-53.4099
10.337166061508	5	(27.5819,321.589,1.895)	57.8121	-67.2398
10.343004710367	9	(26.8908,395.642,1.895)	131.815	-83.4665
10.349164134695	6	(24.184,332.05,1.895)	68.2094	-75.8618
10.404416990746	1	(25.0789,236.164,1.895)	25.7296	-61.769
10.406714331009	7	(27.3087,350.864,1.895)	89.0056	-70.2904
10.413647731778	4	(27.8256,295.479,1.895)	33.7195	-66.1913
10.414938057924	0	(25.3264,209.652,1.895)	52.2423	-67.7932
10.430686788412	8	(27.0968,373.571,1.895)	111.702	-74.0776
10.437624808447	3	(28.0639,269.949,1.895)	8.67862	-53.3688
10.437166061508	5	(27.5996,319.7,1.895)	57.8734	-67.2584
10.443004710367	9	(26.9072,393.886,1.895)	132.01	-83.5863
10.449164134695	6	(24.2027,330.046,1.895)	68.1567	-75.8069
10.504416990746	1	(25.0974,234.178,1.895)	25.7722	-61.7989
10.506714331009	7	(27.3271,348.892,1.895)	88.9777	-70.2916
10.513647731778	4	(27.8439,293.522,1.895)	33.7053	-66.1638
10.514938057924	0	(25.345,207.653,1.895)	52.2982	-67.761
10.530686788412	8	(27.1144,371.679,1.895)	111.753	-74.0942
10.537624808447	3	(28.0827,267.938,1.895)	8.61594	-53.4007
10.537166061508	5	(27.6173,317.802,1.895)	57.9187	-67.2724
10.543004710367	9	(26.9235,392.134,1.895)	132.201	-83.7035
10.549164134695	6	(24.2214,328.038,1.895)	68.0917	-75.7387
10.604416990746	1	(25.1159,232.199,1.895)	25.797	-61.8179
10.606714331009	7	(27.3456,346.908,1.895)	88.9472	-70.2929
10.613647731778	4	(27.8622,291.56,1.895)	33.6972	-66.1478
10.614938057924	0	(25.3637,205.649,1.895)	52.3488	-67.7324
10.630686788412	8	(27.132,369.802,1.895)	111.829	-74.1189
10.637624808447	3	(28.1014,265.937,1.895)	8.57211	-53.4616
10.637166061508	5	(27.635,315.909,1.895)	57.9797	-67.2917
10.643004710367	9	(26.94,390.369,1.895)	132.39	-83.82
10.649164134695	6	(24.2401,326.033,1.895)	68.0405	-75.6845
10.704416990746	1	(25.1343,230.224,1.895)	25.8256	-61.8411
10.706714331009	7	(27.3641,344.934,1.895)	88.9201	-70.2941
10.713647731778	4	(27.8805,289.605,1.895)	33.6894	-66.1328
10.714938057924	0	(25.3824,203.644,1.895)	52.4064	-67.7005
10.730686788412	8	(27.1497,367.905,1.895)	111.879	-74.1351
10.737624808447	3	(28.1201,263.931,1.895)	8.51739	-53.5478
10.737166061508	5	(27.6527,314.004,1.895)	58.0214	-67.3051
10.743004710367	9	(26.9564,388.616,1.895)	132.584	-83.9396
10.749164134695	6	(24.2589,324.023,1.895)	67.9769	-75.6167
10.804416990746	1	(25.1528,228.243,1.895)	25.8606	-61.8714
10.806714331009	7	(27.3825,342.952,1.895)	88.884	-70.2958
10.813647731778	4	(27.8988,287.641,1.895)	33.6714	-66.0978
10.814938057924	0	(25.4012,201.634,1.895)	52.4711	-67.6655
10.830686788412	8	(27.1673,366.016,1.895)	111.936	-74.1536
10.837624808447	3	(28.1387,261.931,1.895)	8.46733	-53.5986
10.837166061508	5	(27.6704,312.112,1.895)	58.075	-67.3227
10.843004710367	9	(26.9729,386.841,1.895)	132.754	-84.0445
10.849164134695	6	(24.2776,322.017,1.895)	67.917	-75.5521
10.904416990746	1	(25.1713,226.26,1.895)	25.9016	-61.9097
10.906714331009	7	(27.401,340.976,1.895)	88.8502	-70.2973
10.913647731778	4	(27.9171,285.679,1.895)	33.6515	-66.0591
10.914938057924	0	(25.4199,199.625,1.895)	52.5376	-67.6305
10.930686788412	8	(27.185,364.117,1.895)	111.98	-74.168
10.937624808447	3	(28.1575,259.926,1.895)	8.40917	-53.5812
10.937166061508	5	(27.6882,310.209,1.895)	58.1136	-67.3356
10.943004710367	9	(26.9895,385.069,1.895)	132.925	-84.1497
10.949164134695	6	(24.2964,320.006,1.895)	67.8481	-75.4773
11.004416990746	1	(25.1898,224.281,1.895)	25.9314	-61.9393
11.006714331009	7	(27.4194,339,1.895)	88.8238	-70.2986
11.013647731778	4	(27.9355,283.709,1.895)	33.6313	-66.0198
11.014938057924	0	(25.4387,197.615,1.895)	52.5985	-67.5991
11.030686788412	8	(27.2027,362.223,1.895)	112.034	-74.1861
11.037624808447	3	(28.1762,257.919,1.895)	8.35682	-53.4799
11.037166061508	5	(27.7059,308.304,1.895)	58.1582	-67.3507
11.043004710367	9	(27.0061,383.285,1.895)	133.09	-84.2514
11.049164134695	6	(24.315,318.004,1.895)	67.7961	-75.4204
11.104416990746	1	(25.2084,222.29,1.895)	25.9774	-61.9879
11.106714331009	7	(27.4379,337.019,1.895)	88.7879	-70.3003
11.113647731778	4	(27.9539,281.739,1.895)	33.6059	-65.9706
11.114938057924	0	(25.4574,195.61,1.895)	52.6582	-67.5691
11.130686788412	8	(27.2203,360.332,1.895)	112.089	-74.2038
11.137624808447	3	(28.1949,255.913,1.895)	8.30123	-53.302
11.137166061508	5	(27.7238,306.385,1.895)	58.1849	-67.3598
11.143004710367	9	(27.0227,381.506,1.895)	133.256	-84.3538
11.149164134695	6	(24.3338,315.999,1.895)	67.736	-75.3543
11.204416990746	1	(25.2269,220.312,1.895)	26.0004	-62.0136
11.206714331009	7	(27.4565,335.028,1.895)	88.7508	-70.3021
11.213647731778	4	(27.9722,279.778,1.895)	33.5993	-65.9578
11.214938057924	0	(25.4761,193.605,1.895)	52.7093	-67.544
11.230686788412	8	(27.2381,358.43,1.895)	112.14	-74.2209
11.237624808447	3	(28.2137,253.903,1.895)	8.24984	-53.1132
11.237166061508	5	(27.7417,304.473,1.895)	58.2265	-67.3743
11.243004710367	9	(27.0394,379.72,1.895)	133.424	-84.4569
11.249164134695	6	(24.3525,313.996,1.895)	67.6874	-75.3006
11.304416990746	1	(25.2454,218.328,1.895)	26.0392	-62.059
11.306714331009	7	(27.475,333.046,1.895)	88.7152	-70.3039
11.313647731778	4	(27.9906,277.804,1.895)	33.5715	-65.9038
11.314938057924	0	(25.4948,191.604,1.895)	52.7642	-67.5176
11.330686788412	8	(27.2559,356.526,1.895)	112.183	-74.2348
11.337624808447	3	(28.2324,251.892,1.895)	8.18975	-52.9224
11.337166061508	5	(27.7595,302.562,1.895)	58.2619	-67.3867
11.343004710367	9	(27.0562,377.922,1.895)	133.572	-84.5479
11.349164134695	6	(24.3712,311.984,1.895)	67.6216	-75.2274
11.404416990746	1	(25.2639,216.345,1.895)	26.0624	-62.0872
11.406714331009	7	(27.4935,331.065,1.895)	88.6927	-70.305
11.413647731778	4	(28.009,275.832,1.895)	33.5585	-65.8789
11.414938057924	0	(25.5135,189.603,1.895)	52.806	-67.4979
11.430686788412	8	(27.2736,354.627,1.895)	112.243	-74.2549
11.437624808447	3	(28.2511,249.891,1.895)	8.15161	-52.8418
11.437166061508	5	(27.7774,300.648,1.895)	58.3062	-67.4025
11.443004710367	9	(27.0729,376.127,1.895)	133.736	-84.6488
11.449164134695	6	(24.39,309.973,1.895)	67.5693	-75.1689
11.504416990746	1	(25.2823,214.368,1.895)	26.0819	-62.1116
11.506714331009	7	(27.5119,329.089,1.895)	88.6745	-70.3059
11.513647731778	4	(28.0273,273.87,1.895)	33.5544	-65.8709
11.514938057924	0	(25.5322,187.602,1.895)	52.8495	-67.4778
11.530686788412	8	(27.2913,352.725,1.895)	112.299	-74.2733
11.537624808447	3	(28.2698,247.887,1.895)	8.11002	-52.8005
11.537166061508	5	(27.7953,298.73,1.895)	58.3468	-67.4171
11.543004710367	9	(27.0897,374.333,1.895)	133.9	-84.7488
11.549164134695	6	(24.4087,307.969,1.895)	67.523	-75.117
11.604416990746	1	(25.3009,212.383,1.895)	26.1199	-62.1609
11.606714331009	7	(27.5305,327.106,1.895)	88.6381	-70.3078
11.613647731778	4	(28.0456,271.908,1.895)	33.5392	-65.8415
11.614938057924	0	(25.5509,185.593,1.895)	52.9113	-67.4498
11.630686788412	8	(27.3091,350.821,1.895)	112.342	-74.2875
11.637624808447	3	(28.2885,245.885,1.895)	8.05959	-52.8143
11.637166061508	5	(27.8131,296.821,1.895)	58.3838	-67.4307
11.643004710367	9	(27.1065,372.532,1.895)	134.045	-84.8375
11.649164134695	6	(24.4274,305.966,1.895)	67.4665	-75.0534
11.704416990746	1	(25.3195,210.39,1.895)	26.1644	-62.2216
11.706714331009	7	(27.5489,325.133,1.895)	88.6138	-70.3091
11.713647731778	4	(28.064,269.944,1.895)	33.524	-65.8122
11.714938057924	0	(25.5696,183.591,1.895)	52.9644	-67.4264
11.730686788412	8	(27.3269,348.913,1.895)	112.382	-74.3008
11.737624808447	3	(28.3072,243.878,1.895)	8.00603	-52.8836
11.737166061508	5	(27.8309,294.911,1.895)	58.4228	-67.4451
11.743004710367	9	(27.1233,370.731,1.895)	134.193	-84.9275
11.749164134695	6	(24.4461,303.959,1.895)	67.4091	-74.9885
11.804416990746	1	(25.338,208.407,1.895)	26.1906	-62.2588
11.806714331009	7	(27.5673,323.159,1.895)	88.5968	-70.31
11.813647731778	4	(28.0823,267.977,1.895)	33.514	-65.7929
11.814938057924	0	(25.5883,181.586,1.895)	53.0124	-67.4057
11.830686788412	8	(27.3446,347.017,1.895)	112.443	-74.3212
11.837624808447	3	(28.326,241.87,1.895)	7.95941	-52.9546
11.837166061508	5	(27.8489,292.99,1.895)	58.4587	-67.4585
11.843004710367	9	(27.1402,368.923,1.895)	134.342	-85.0178
11.849164134695	6	(24.4648,301.96,1.895)	67.3666	-74.9403
11.904416990746	1	(25.3565,206.426,1.895)	26.2117	-62.2893
11.906714331009	7	(27.5857,321.185,1.895)	88.5833	-70.3108
11.913647731778	4	(28.1008,265.999,1.895)	33.4958	-65.7579
11.914938057924	0	(25.607,179.581,1.895)	53.0576	-67.3866
11.930686788412	8	(27.3624,345.114,1.895)	112.5	-74.3403
11.937624808447	3	(28.3447,239.866,1.895)	7.91952	-52.9934
11.937166061508	5	(27.8667,291.077,1.895)	58.5053	-67.4762
11.943004710367	9	(27.1569,367.126,1.895)	134.505	-85.116
11.949164134695	6	(24.4835,299.954,1.895)	67.3205	-74.8878
12.004416990746	1	(25.3749,204.446,1.895)	26.232	-62.3195
12.006714331009	7	(27.6041,319.213,1.895)	88.5708	-70.3115
12.013647731778	4	(28.1191,264.033,1.895)	33.4895	-65.7458
12.014938057924	0	(25.6257,177.579,1.895)	53.1001	-67.369
12.030686788412	8	(27.3802,343.206,1.895)	112.552	-74.3574
12.037624808447	3	(28.3634,237.859,1.895)	7.87629	-52.9872
12.037166061508	5	(27.8848,289.141,1.895)	58.5288	-67.4852
12.043004710367	9	(27.1738,365.32,1.895)	134.658	-85.2083
12.049164134695	6	(24.5023,297.946,1.895)	67.2724	-74.833
12.104416990746	1	(25.3935,202.462,1.895)	26.2583	-62.3595
12.106714331009	7	(27.6226,317.227,1.895)	88.5423	-70.313
12.113647731778	4	(28.1375,262.061,1.895)	33.475	-65.7181
12.114938057924	0	(25.6444,175.576,1.895)	53.1456	-67.3505
12.130686788412	8	(27.3979,341.304,1.895)	112.607	-74.3761
12.137624808447	3	(28.3822,235.852,1.895)	7.83112	-52.914
12.137166061508	5	(27.9027,287.225,1.895)	58.5702	-67.5012
12.143004710367	9	(27.1907,363.505,1.895)	134.801	-85.2938
12.149164134695	6	(24.5209,295.945,1.895)	67.2289	-74.7833
12.204416990746	1	(25.412,200.475,1.895)	26.2855	-62.4019
12.206714331009	7	(27.6411,315.251,1.895)	88.5266	-70.3139
12.213647731778	4	(28.156,260.086,1.895)	33.4606	-65.6904
12.214938057924	0	(25.6632,173.567,1.895)	53.1947	-67.3311
12.230686788412	8	(27.4158,339.393,1.895)	112.656	-74.3926
12.237624808447	3	(28.4009,233.846,1.895)	7.78941	-52.7917
12.237166061508	5	(27.9206,285.299,1.895)	58.6047	-67.5148
12.243004710367	9	(27.2076,361.695,1.895)	134.951	-85.3828
12.249164134695	6	(24.5397,293.936,1.895)	67.1801	-74.7275
12.304416990746	1	(25.4305,198.49,1.895)	26.3103	-62.4414
12.306714331009	7	(27.6595,313.277,1.895)	88.513	-70.3147
12.313647731778	4	(28.1744,258.113,1.895)	33.4477	-65.6658
12.314938057924	0	(25.6819,171.556,1.895)	53.2454	-67.3114
12.330686788412	8	(27.4336,337.482,1.895)	112.706	-74.4092
12.337624808447	3	(28.4196,231.837,1.895)	7.7458	-52.6313
12.337166061508	5	(27.9386,283.373,1.895)	58.6385	-67.5281
12.343004710367	9	(27.2246,359.871,1.895)	135.087	-85.4634
12.349164134695	6	(24.5584,291.931,1.895)	67.1346	-74.6754
12.404416990746	1	(25.4492,196.494,1.895)	26.3484	-62.5039
12.406714331009	7	(27.678,311.295,1.895)	88.489	-70.316
12.413647731778	4	(28.1928,256.138,1.895)	33.4307	-65.6335
12.414938057924	0	(25.7007,169.544,1.895)	53.2992	-67.2911
12.430686788412	8	(27.4515,335.57,1.895)	112.751	-74.4245
12.437624808447	3	(28.4384,229.828,1.895)	7.69936	-52.4612
12.437166061508	5	(27.9566,281.447,1.895)	58.6706	-67.541
12.443004710367	9	(27.2416,358.049,1.895)	135.223	-85.5434
12.449164134695	6	(24.5772,289.92,1.895)	67.0817	-74.6146
12.504416990746	1	(25.4677,194.506,1.895)	26.3676	-62.5362
12.506714331009	7	(27.6965,309.318,1.895)	88.4797	-70.3165
12.513647731778	4	(28.2113,254.155,1.895)	33.4158	-65.605
12.514938057924	0	(25.7194,167.539,1.895)	53.3362	-67.2775
12.530686788412	8	(27.4693,333.655,1.895)	112.805	-74.4426
12.537624808447	3	(28.457,227.827,1.895)	7.66978	-52.3706
12.537166061508	5	(27.9746,279.514,1.895)	58.7055	-67.555
12.543004710367	9	(27.2586,356.228,1.895)	135.371	-85.6293
12.549164134695	6	(24.5959,287.911,1.895)	67.0409	-74.5677
12.604416990746	1	(25.4863,192.514,1.895)	26.3978	-62.5878
12.606714331009	7	(27.715,307.332,1.895)	88.4564	-70.3179
12.613647731778	4	(28.2297,252.185,1.895)	33.4088	-65.5919
12.614938057924	0	(25.7381,165.536,1.895)	53.3763	-67.263
12.630686788412	8	(27.4873,331.734,1.895)	112.846	-74.4565
12.637624808447	3	(28.4757,225.827,1.895)	7.63643	-52.2965
12.637166061508	5	(27.9927,277.578,1.895)	58.7323	-67.5659
12.643004710367	9	(27.2757,354.4,1.895)	135.505	-85.7075
12.649164134695	6	(24.6147,285.904,1.895)	66.9963	-74.5164
12.704416990746	1	(25.5049,190.527,1.895)	26.4164	-62.6203
12.706714331009	7	(27.7335,305.349,1.895)	88.4407	-70.3188
12.713647731778	4	(28.2482,250.208,1.895)	33.3995	-65.5741
12.714938057924	0	(25.7569,163.525,1.895)	53.4193	-67.2478
12.730686788412	8	(27.5052,329.807,1.895)	112.887	-74.4705
12.737624808447	3	(28.4944,223.828,1.895)	7.60783	-52.261
12.737166061508	5	(28.0107,275.646,1.895)	58.7676	-67.5804
12.743004710367	9	(27.2928,352.567,1.895)	135.64	-85.7847
12.749164134695	6	(24.6334,283.897,1.895)	66.957	-74.4711
12.804416990746	1	(25.5235,188.534,1.895)	26.4513	-62.6823
12.806714331009	7	(27.7521,303.362,1.895)	88.4134	-70.3204
12.813647731778	4	(28.2665,248.24,1.895)	33.39	-65.5562
12.814938057924	0	(25.7756,161.523,1.895)	53.4633	-67.2326
12.830686788412	8	(27.5231,327.889,1.895)	112.927	-74.4841
12.837624808447	3	(28.5131,221.817,1.895)	7.56123	-52.2591
12.837166061508	5	(28.0288,273.711,1.895)	58.7919	-67.5905
12.843004710367	9	(27.31,350.723,1.895)	135.755	-85.8504
12.849164134695	6	(24.6521,281.894,1.895)	66.9135	-74.4209
12.904416990746	1	(25.542,186.549,1.895)	26.4689	-62.7142
12.906714331009	7	(27.7706,301.379,1.895)	88.3969	-70.3214
12.913647731778	4	(28.285,246.263,1.895)	33.3804	-65.538
12.914938057924	0	(25.7943,159.521,1.895)	53.4974	-67.221
12.930686788412	8	(27.5411,325.961,1.895)	112.967	-74.4976
12.937624808447	3	(28.5319,219.81,1.895)	7.52492	-52.2963
12.937166061508	5	(28.0468,271.786,1.895)	58.834	-67.608
12.943004710367	9	(27.3271,348.89,1.895)	135.889	-85.9263
12.949164134695	6	(24.6709,279.882,1.895)	66.8689	-74.3695
13.004416990746	1	(25.5605,184.564,1.895)	26.4912	-62.7552
13.006714331009	7	(27.789,299.408,1.895)	88.3881	-70.3219
13.013647731778	4	(28.3034,244.286,1.895)	33.3656	-65.51
13.014938057924	0	(25.813,157.51,1.895)	53.5462	-67.2049
13.030686788412	8	(27.5592,324.03,1.895)	112.998	-74.5081
13.037624808447	3	(28.5506,217.8,1.895)	7.48195	-52.3605
13.037166061508	5	(28.0649,269.843,1.895)	58.8533	-67.6162
13.043004710367	9	(27.3443,347.046,1.895)	136.007	-85.9928
13.049164134695	6	(24.6896,277.878,1.895)	66.8266	-74.3208
13.104416990746	1	(25.5791,182.569,1.895)	26.5281	-62.8241
13.106714331009	7	(27.8074,297.428,1.895)	88.3671	-70.3232
13.113647731778	4	(28.322,242.301,1.895)	33.3398	-65.4616
13.114938057924	0	(25.8318,155.504,1.895)	53.5941	-67.1894
13.130686788412	8	(27.577,322.118,1.895)	113.045	-74.524
13.137624808447	3	(28.5694,215.789,1.895)	7.43563	-52.4149
13.137166061508	5	(28.083,267.899,1.895)	58.8677	-67.6223
13.143004710367	9	(27.3616,345.201,1.895)	136.121	-86.0562
13.149164134695	6	(24.7082,275.877,1.895)	66.7844	-74.2721
13.204416990746	1	(25.5978,180.572,1.895)	26.5564	-62.8782
13.206714331009	7	(27.826,295.443,1.895)	88.3498	-70.3242
13.213647731778	4	(28.3404,240.323,1.895)	33.3303	-65.4439
13.214938057924	0	(25.8505,153.498,1.895)	53.6319	-67.1776
13.230686788412	8	(27.595,320.194,1.895)	113.088	-74.5389
13.237624808447	3	(28.5881,213.783,1.895)	7.40152	-52.4201
13.237166061508	5	(28.1012,265.953,1.895)	58.8897	-67.6316
13.243004710367	9	(27.3787,343.367,1.895)	136.255	-86.1298
13.249164134695	6	(24.7269,273.878,1.895)	66.7534	-74.2362
13.304416990746	1	(25.6164,178.576,1.895)	26.5749	-62.9138
13.306714331009	7	(27.8445,293.462,1.895)	88.3471	-70.3244
13.313647731778	4	(28.3589,238.346,1.895)	33.3312	-65.4455
13.314938057924	0	(25.8692,151.496,1.895)	53.6559	-67.1702
13.330686788412	8	(27.613,318.258,1.895)	113.13	-74.5533
13.337624808447	3	(28.6069,211.776,1.895)	7.3757	-52.3961
13.337166061508	5	(28.1193,264.018,1.895)	58.9329	-67.6502
13.343004710367	9	(27.3959,341.521,1.895)	136.386	-86.2014
13.349164134695	6	(24.7456,271.875,1.895)	66.7287	-74.2077
13.404416990746	1	(25.635,176.586,1.895)	26.5975	-62.958
13.406714331009	7	(27.8629,291.486,1.895)	88.3389	-70.3249
13.413647731778	4	(28.3773,236.367,1.895)	33.3194	-65.4234
13.414938057924	0	(25.8879,149.484,1.895)	53.7003	-67.1567
13.430686788412	8	(27.631,316.332,1.895)	113.172	-74.5674
13.437624808447	3	(28.6256,209.772,1.895)	7.34311	-52.3296
13.437166061508	5	(28.1374,262.072,1.895)	58.9536	-67.6591
13.443004710367	9	(27.4133,339.656,1.895)	136.489	-86.2568
13.449164134695	6	(24.7643,269.874,1.895)	66.6944	-74.1681
13.504416990746	1	(25.6537,174.585,1.895)	26.6257	-63.014
13.506714331009	7	(27.8814,289.5,1.895)	88.326	-70.3257
13.513647731778	4	(28.3958,234.392,1.895)	33.3176	-65.42
13.514938057924	0	(25.9067,147.474,1.895)	53.7373	-67.1458
13.530686788412	8	(27.6489,314.413,1.895)	113.227	-74.5862
13.537624808447	3	(28.6442,207.772,1.895)	7.31885	-52.2571
13.537166061508	5	(28.1555,260.133,1.895)	58.9876	-67.6739
13.543004710367	9	(27.4306,337.806,1.895)	136.611	-86.3224
13.549164134695	6	(24.783,267.87,1.895)	66.6635	-74.1324
13.604416990746	1	(25.6722,172.595,1.895)	26.6399	-63.0424
13.606714331009	7	(27.8999,287.524,1.895)	88.325	-70.3257
13.613647731778	4	(28.4142,232.419,1.895)	33.3202	-65.4249
13.614938057924	0	(25.9254,145.475,1.895)	53.7608	-67.139
13.630686788412	8	(27.6669,312.485,1.895)	113.274	-74.6025
13.637624808447	3	(28.663,205.763,1.895)	7.28856	-52.1477
13.637166061508	5	(28.1736,258.194,1.895)	59.0248	-67.6903
13.643004710367	9	(27.4478,335.959,1.895)	136.74	-86.3902
13.649164134695	6	(24.8017,265.868,1.895)	66.6368	-74.1017
13.704416990746	1	(25.6907,170.611,1.895)	26.6504	-63.0635
13.706714331009	7	(27.9183,285.553,1.895)	88.327	-70.3256
13.713647731778	4	(28.4327,230.431,1.895)	33.3049	-65.3964
13.714938057924	0	(25.9441,143.467,1.895)	53.7961	-67.1289
13.730686788412	8	(27.6849,310.557,1.895)	113.319	-74.6182
13.737624808447	3	(28.6817,203.76,1.895)	7.26263	-52.0467
13.737166061508	5	(28.1917,256.261,1.895)	59.0644	-67.7079
13.743004710367	9	(27.4652,334.102,1.895)	136.857	-86.4509
13.749164134695	6	(24.8204,263.862,1.895)	66.6046	-74.0645
13.804416990746	1	(25.7093,168.619,1.895)	26.6822	-63.1281
13.806714331009	7	(27.9367,283.584,1.895)	88.3186	-70.3261
13.813647731778	4	(28.4512,228.456,1.895)	33.2902	-65.3691
13.814938057924	0	(25.9628,141.458,1.895)	53.8443	-67.1156
13.830686788412	8	(27.7029,308.63,1.895)	113.352	-74.6294
13.837624808447	3	(28.7004,201.75,1.895)	7.218	-51.8848
13.837166061508	5	(28.2099,254.312,1.895)	59.0758	-67.713
13.843004710367	9	(27.4825,332.248,1.895)	136.963	-86.5055
13.849164134695	6	(24.8391,261.858,1.895)	66.5606	-74.0137
13.904416990746	1	(25.728,166.625,1.895)	26.7021	-63.169
13.906714331009	7	(27.9551,281.605,1.895)	88.314	-70.3264
13.913647731778	4	(28.4698,226.466,1.895)	33.2744	-65.3398
13.914938057924	0	(25.9816,139.453,1.895)	53.875	-67.1073
13.930686788412	8	(27.7209,306.705,1.895)	113.402	-74.6465
13.937624808447	3	(28.7192,199.742,1.895)	7.18804	-51.8014
13.937166061508	5	(28.2279,252.376,1.895)	59.114	-67.7302
13.943004710367	9	(27.4998,330.392,1.895)	137.081	-86.5655
13.949164134695	6	(24.8578,259.856,1.895)	66.5329	-73.9818
14.004416990746	1	(25.7466,164.63,1.895)	26.7289	-63.2247
14.006714331009	7	(27.9735,279.636,1.895)	88.3135	-70.3265
14.013647731778	4	(28.4883,224.475,1.895)	33.2522	-65.2989
14.014938057924	0	(26.0003,137.448,1.895)	53.9121	-67.0975
14.030686788412	8	(27.7389,304.773,1.895)	113.438	-74.659
14.037624808447	3	(28.7378,197.742,1.895)	7.15968	-51.7501
14.037166061508	5	(28.2462,250.419,1.895)	59.1249	-67.7351
14.043004710367	9	(27.5172,328.527,1.895)	137.184	-86.6172
14.049164134695	6	(24.8765,257.855,1.895)	66.5002	-73.944
14.104416990746	1	(25.7652,162.633,1.895)	26.7506	-63.2701
14.106714331009	7	(27.9921,277.648,1.895)	88.2999	-70.3273
14.113647731778	4	(28.5068,222.493,1.895)	33.2452	-65.286
14.114938057924	0	(26.0191,135.436,1.895)	53.9488	-67.088
14.130686788412	8	(27.7568,302.855,1.895)	113.494	-74.6786
14.137624808447	3	(28.7566,195.73,1.895)	7.1271	-51.7275
14.137166061508	5	(28.2644,248.465,1.895)	59.146	-67.7447
14.143004710367	9	(27.5346,326.663,1.895)	137.295	-86.6718
14.149164134695	6	(24.8952,255.847,1.895)	66.467	-73.9059
14.204416990746	1	(25.7839,160.633,1.895)	26.7735	-63.3186
14.206714331009	7	(28.0106,275.666,1.895)	88.2949	-70.3276
14.213647731778	4	(28.5253,220.509,1.895)	33.2384	-65.2734
14.214938057924	0	(26.0377,133.433,1.895)	53.9744	-67.0815
14.230686788412	8	(27.7749,300.918,1.895)	113.535	-74.6926
14.237624808447	3	(28.7754,193.723,1.895)	7.1002	-51.7363
14.237166061508	5	(28.2826,246.52,1.895)	59.1779	-67.7593
14.243004710367	9	(27.5519,324.807,1.895)	137.417	-86.7309
14.249164134695	6	(24.9139,253.847,1.895)	66.4439	-73.8793
14.304416990746	1	(25.8025,158.639,1.895)	26.785	-63.3429
14.306714331009	7	(28.0291,273.683,1.895)	88.2954	-70.3276
14.313647731778	4	(28.5439,218.522,1.895)	33.2345	-65.2664
14.314938057924	0	(26.0565,131.429,1.895)	53.9961	-67.0761
14.330686788412	8	(27.793,298.975,1.895)	113.574	-74.7063
14.337624808447	3	(28.7941,191.719,1.895)	7.08155	-51.7541
14.337166061508	5	(28.3008,244.564,1.895)	59.2052	-67.7719
14.343004710367	9	(27.5693,322.939,1.895)	137.531	-86.7858
14.349164134695	6	(24.9325,251.845,1.895)	66.4254	-73.858
14.404416990746	1	(25.821,156.653,1.895)	26.7937	-63.3615
14.406714331009	7	(28.0476,271.696,1.895)	88.2852	-70.3282
14.413647731778	4	(28.5624,216.543,1.895)	33.2324	-65.2625
14.414938057924	0	(26.0752,129.42,1.895)	54.0276	-67.0684
14.430686788412	8	(27.8111,297.036,1.895)	113.613	-74.7198
14.437624808447	3	(28.8128,189.714,1.895)	7.05671	-51.7874
14.437166061508	5	(28.319,242.614,1.895)	59.2325	-67.7846
14.443004710367	9	(27.5869,321.055,1.895)	137.624	-86.8295
14.449164134695	6	(24.9513,249.834,1.895)	66.3914	-73.8189
14.504416990746	1	(25.8396,154.659,1.895)	26.8152	-63.4074
14.506714331009	7	(28.0661,269.715,1.895)	88.2761	-70.3288
14.513647731778	4	(28.5808,214.563,1.895)	33.2245	-65.248
14.514938057924	0	(26.0939,127.42,1.895)	54.0553	-67.0618
14.530686788412	8	(27.8292,295.098,1.895)	113.647	-74.7317
14.537624808447	3	(28.8314,187.714,1.895)	7.0324	-51.8234
14.537166061508	5	(28.3372,240.67,1.895)	59.2608	-67.7978
14.543004710367	9	(27.6045,319.177,1.895)	137.718	-86.8731
14.549164134695	6	(24.9701,247.824,1.895)	66.3535	-73.7753
14.604416990746	1	(25.8582,152.675,1.895)	26.8248	-63.4282
14.606714331009	7	(28.0846,267.736,1.895)	88.2714	-70.3291
14.613647731778	4	(28.5994,212.58,1.895)	33.2163	-65.2331
14.614938057924	0	(26.1126,125.411,1.895)	54.0906	-67.0536
14.630686788412	8	(27.8473,293.157,1.895)	113.68	-74.7433
14.637624808447	3	(28.8502,185.703,1.895)	7.00021	-51.8619
14.637166061508	5	(28.3554,238.716,1.895)	59.2803	-67.8069
14.643004710367	9	(27.622,317.295,1.895)	137.811	-86.9152
14.649164134695	6	(24.9888,245.813,1.895)	66.3173	-73.7336
14.704416990746	1	(25.8768,150.674,1.895)	26.855	-63.4935
14.706714331009	7	(28.1031,265.746,1.895)	88.253	-70.3303
14.713647731778	4	(28.6179,210.595,1.895)	33.2027	-65.2083
14.714938057924	0	(26.1313,123.408,1.895)	54.1222	-67.0464
14.730686788412	8	(27.8654,291.216,1.895)	113.71	-74.7537
14.737624808447	3	(28.8689,183.696,1.895)	6.969	-51.8732
14.737166061508	5	(28.3736,236.766,1.895)	59.302	-67.8172
14.743004710367	9	(27.6396,315.413,1.895)	137.9	-86.9553
14.749164134695	6	(25.0075,243.813,1.895)	66.288	-73.7
14.804416990746	1	(25.8955,148.677,1.895)	26.8717	-63.5299
14.806714331009	7	(28.1216,263.764,1.895)	88.2519	-70.3303
14.813647731778	4	(28.6364,208.607,1.895)	33.1953	-65.1948
14.814938057924	0	(26.1501,121.399,1.895)	54.1506	-67.0401
14.830686788412	8	(27.8836,289.263,1.895)	113.738	-74.7635
14.837624808447	3	(28.8876,181.692,1.895)	6.94791	-51.8598
14.837166061508	5	(28.3919,234.808,1.895)	59.3243	-67.8278
14.843004710367	9	(27.6572,313.527,1.895)	137.995	-86.9972
14.849164134695	6	(25.0263,241.803,1.895)	66.2584	-73.6661
14.904416990746	1	(25.9141,146.686,1.895)	26.8897	-63.569
14.906714331009	7	(28.1402,261.773,1.895)	88.2341	-70.3315
14.913647731778	4	(28.6549,206.625,1.895)	33.1857	-65.1775
14.914938057924	0	(26.1688,119.395,1.895)	54.1819	-67.0333
14.930686788412	8	(27.9018,287.318,1.895)	113.766	-74.7733
14.937624808447	3	(28.9064,179.686,1.895)	6.91945	-51.8117
14.937166061508	5	(28.4102,232.849,1.895)	59.3382	-67.8344
14.943004710367	9	(27.6748,311.635,1.895)	138.075	-87.0324
14.949164134695	6	(25.045,239.792,1.895)	66.221	-73.6233
15.004416990746	1	(25.9326,144.696,1.895)	26.9059	-63.6045
15.006714331009	7	(28.1588,259.782,1.895)	88.2163	-70.3326
15.013647731778	4	(28.6735,204.637,1.895)	33.1713	-65.1514
15.014938057924	0	(26.1874,117.394,1.895)	54.2085	-67.0276
15.030686788412	8	(27.9199,285.375,1.895)	113.796	-74.7839
15.037624808447	3	(28.925,177.685,1.895)	6.89513	-51.7449
15.037166061508	5	(28.4284,230.895,1.895)	59.3577	-67.8437
15.043004710367	9	(27.6925,309.744,1.895)	138.158	-87.068
15.049164134695	6	(25.0637,237.789,1.895)	66.1909	-73.5889
15.104416990746	1	(25.9512,142.711,1.895)	26.9151	-63.6247
15.106714331009	7	(28.1773,257.796,1.895)	88.2058	-70.3333
15.113647731778	4	(28.692,202.655,1.895)	33.1655	-65.1409
15.114938057924	0	(26.2062,115.388,1.895)	54.2387	-67.0214
15.130686788412	8	(27.9382,283.419,1.895)	113.816	-74.7907
15.137624808447	3	(28.9438,175.674,1.895)	6.86378	-51.633
15.137166061508	5	(28.4468,228.929,1.895)	59.3676	-67.8485
15.143004710367	9	(27.7102,307.851,1.895)	138.241	-87.1027
15.149164134695	6	(25.0825,235.781,1.895)	66.159	-73.5523
15.204416990746	1	(25.9698,140.712,1.895)	26.948	-63.6972
15.206714331009	7	(28.1959,255.81,1.895)	88.1867	-70.3346
15.213647731778	4	(28.7106,200.663,1.895)	33.1398	-65.0949
15.214938057924	0	(26.2249,113.386,1.895)	54.2744	-67.0141
15.230686788412	8	(27.9563,281.478,1.895)	113.841	-74.7995
15.237624808447	3	(28.9625,173.674,1.895)	6.83477	-51.5175
15.237166061508	5	(28.4651,226.969,1.895)	59.3739	-67.8515
15.243004710367	9	(27.7279,305.95,1.895)	138.306	-87.1299
15.249164134695	6	(25.1012,233.771,1.895)	66.1154	-73.5026
15.304416990746	1	(25.9883,138.726,1.895)	26.9492	-63.6998
15.306714331009	7	(28.2145,253.819,1.895)	88.1793	-70.335
15.313647731778	4	(28.7291,198.681,1.895)	33.1424	-65.0995
15.314938057924	0	(26.2436,111.375,1.895)	54.3018	-67.0088
15.330686788412	8	(27.9745,279.53,1.895)	113.878	-74.8125
15.337624808447	3	(28.9812,171.671,1.895)	6.81784	-51.4513
15.337166061508	5	(28.4834,225.006,1.895)	59.3958	-67.8621
15.343004710367	9	(27.7455,304.06,1.895)	138.401	-87.1684
15.349164134695	6	(25.1199,231.769,1.895)	66.0979	-73.4827
15.404416990746	1	(26.007,136.727,1.895)	26.9718	-63.7499
15.406714331009	7	(28.233,251.832,1.895)	88.1691	-70.3357
15.413647731778	4	(28.7477,196.69,1.895)	33.1274	-65.0728
15.414938057924	0	(26.2624,109.369,1.895)	54.3315	-67.003
15.430686788412	8	(27.9927,277.577,1.895)	113.901	-74.8204
15.437624808447	3	(28.9999,169.665,1.895)	6.79216	-51.3604
15.437166061508	5	(28.5016,223.053,1.895)	59.4184	-67.8731
15.443004710367	9	(27.7632,302.165,1.895)	138.482	-87.2009
15.449164134695	6	(25.1387,229.761,1.895)	66.0664	-73.4467
15.504416990746	1	(26.0257,134.727,1.895)	26.9855	-63.7802
15.506714331009	7	(28.2515,249.85,1.895)	88.1732	-70.3354
15.513647731778	4	(28.7663,194.696,1.895)	33.1196	-65.0588
15.514938057924	0	(26.281,107.37,1.895)	54.3443	-67.0006
15.530686788412	8	(28.0109,275.625,1.895)	113.935	-74.8326
15.537624808447	3	(29.0187,167.653,1.895)	6.76993	-51.297
15.537166061508	5	(28.5199,221.091,1.895)	59.4429	-67.885
15.543004710367	9	(27.7809,300.271,1.895)	138.574	-87.2372
15.549164134695	6	(25.1574,227.756,1.895)	66.0468	-73.4245
15.604416990746	1	(26.0442,132.742,1.895)	26.982	-63.7723
15.606714331009	7	(28.2701,247.858,1.895)	88.1701	-70.3356
15.613647731778	4	(28.7849,192.703,1.895)	33.1156	-65.0517
15.614938057924	0	(26.2997,105.364,1.895)	54.3613	-66.9975
15.630686788412	8	(28.0291,273.681,1.895)	113.981	-74.8487
15.637624808447	3	(29.0374,165.646,1.895)	6.75363	-51.262
15.637166061508	5	(28.5383,219.123,1.895)	59.4638	-67.8953
15.643004710367	9	(27.7987,298.368,1.895)	138.66	-87.2701
15.649164134695	6	(25.1761,225.745,1.895)	66.0256	-73.4004
15.704416990746	1	(26.0628,130.744,1.895)	27.0032	-63.8194
15.706714331009	7	(28.2886,245.87,1.895)	88.1588	-70.3364
15.713647731778	4	(28.8035,190.705,1.895)	33.0947	-65.0147
15.714938057924	0	(26.3184,103.362,1.895)	54.3865	-66.9929
15.730686788412	8	(28.0473,271.728,1.895)	114.004	-74.8569
15.737624808447	3	(29.0561,163.638,1.895)	6.72641	-51.2279
15.737166061508	5	(28.5566,217.156,1.895)	59.473	-67.8998
15.743004710367	9	(27.8163,296.479,1.895)	138.748	-87.3031
15.749164134695	6	(25.1949,223.739,1.895)	65.9956	-73.3662
15.804416990746	1	(26.0814,128.757,1.895)	27.0095	-63.8335
15.806714331009	7	(28.3072,243.886,1.895)	88.155	-70.3367
15.813647731778	4	(28.8221,188.718,1.895)	33.0878	-65.0026
15.814938057924	0	(26.3372,101.35,1.895)	54.4179	-66.9873
15.830686788412	8	(28.0655,269.779,1.895)	114.035	-74.868
15.837624808447	3	(29.0749,161.626,1.895)	6.69912	-51.2236
15.837166061508	5	(28.5751,215.184,1.895)	59.4814	-67.9039
15.843004710367	9	(27.8341,294.575,1.895)	138.824	-87.3312
15.849164134695	6	(25.2136,221.736,1.895)	65.973	-73.3406
15.904416990746	1	(26.1,126.76,1.895)	27.0269	-63.8721
15.906714331009	7	(28.3258,241.894,1.895)	88.1429	-70.3375
15.913647731778	4	(28.8407,186.726,1.895)	33.0757	-64.9814
15.914938057924	0	(26.3559,99.3467,1.895)	54.4415	-66.9832
15.930686788412	8	(28.0836,267.834,1.895)	114.07	-74.8804
15.937624808447	3	(29.0936,159.623,1.895)	6.67905	-51.2368
15.937166061508	5	(28.5934,213.219,1.895)	59.4969	-67.9116
15.943004710367	9	(27.8518,292.67,1.895)	138.899	-87.3581
15.949164134695	6	(25.2323,219.725,1.895)	65.9425	-73.306
16.004416990746	1	(26.1187,124.765,1.895)	27.0419	-63.9055
16.006714331009	7	(28.3443,239.908,1.895)	88.1375	-70.3378
16.013647731778	4	(28.8592,184.735,1.895)	33.0653	-64.9631
16.014938057924	0	(26.3746,97.3432,1.895)	54.4647	-66.9793
16.030686788412	8	(28.1019,265.881,1.895)	114.097	-74.8899
16.037624808447	3	(29.1123,157.617,1.895)	6.657	-51.2627
16.037166061508	5	(28.6117,211.256,1.895)	59.5135	-67.9199
16.043004710367	9	(27.8695,290.774,1.895)	138.983	-87.3877
16.049164134695	6	(25.251,217.724,1.895)	65.9214	-73.2821
16.104416990746	1	(26.1373,122.771,1.895)	27.0531	-63.9303
16.106714331009	7	(28.3628,237.922,1.895)	88.1341	-70.3381
16.113647731778	4	(28.8779,182.741,1.895)	33.0542	-64.9437
16.114938057924	0	(26.3933,95.34,1.895)	54.4848	-66.9759
16.130686788412	8	(28.1201,263.928,1.895)	114.128	-74.9007
16.137624808447	3	(29.131,155.613,1.895)	6.63846	-51.2891
16.137166061508	5	(28.6301,209.285,1.895)	59.5259	-67.926
16.143004710367	9	(27.8873,288.872,1.895)	139.064	-87.4156
16.149164134695	6	(25.2698,215.715,1.895)	65.8958	-73.2532
16.204416990746	1	(26.1559,120.777,1.895)	27.0694	-63.9667
16.206714331009	7	(28.3814,235.928,1.895)	88.117	-70.3392
16.213647731778	4	(28.8965,180.744,1.895)	33.0346	-64.9097
16.214938057924	0	(26.412,93.3319,1.895)	54.516	-66.9709
16.230686788412	8	(28.1383,261.977,1.895)	114.154	-74.9098
16.237624808447	3	(29.1497,153.612,1.895)	6.61774	-51.3177
16.237166061508	5	(28.6485,207.31,1.895)	59.5278	-67.927
16.243004710367	9	(27.9051,286.962,1.895)	139.131	-87.4384
16.249164134695	6	(25.2885,213.707,1.895)	65.8642	-73.2175
16.304416990746	1	(26.1745,118.783,1.895)	27.0875	-64.0069
16.306714331009	7	(28.4001,233.932,1.895)	88.098	-70.3405
16.313647731778	4	(28.915,178.757,1.895)	33.0242	-64.8917
16.314938057924	0	(26.4308,91.3228,1.895)	54.5486	-66.9658
16.330686788412	8	(28.1566,260.014,1.895)	114.167	-74.9145
16.337624808447	3	(29.1684,151.606,1.895)	6.59188	-51.3427
16.337166061508	5	(28.6669,205.341,1.895)	59.535	-67.9306
16.343004710367	9	(27.923,285.05,1.895)	139.195	-87.4597
16.349164134695	6	(25.3072,211.701,1.895)	65.8347	-73.1842
16.404416990746	1	(26.1932,116.778,1.895)	27.1067	-64.0493
16.406714331009	7	(28.4187,231.937,1.895)	88.0885	-70.3411
16.413647731778	4	(28.9336,176.771,1.895)	33.0233	-64.8902
16.414938057924	0	(26.4495,89.3138,1.895)	54.5724	-66.9622
16.430686788412	8	(28.1749,258.053,1.895)	114.192	-74.9234
16.437624808447	3	(29.1872,149.598,1.895)	6.57219	-51.3473
16.437166061508	5	(28.6852,203.378,1.895)	59.5574	-67.9418
16.443004710367	9	(27.9409,283.128,1.895)	139.259	-87.4803
16.449164134695	6	(25.3259,209.696,1.895)	65.815	-73.162
16.504416990746	1	(26.2119,114.774,1.895)	27.1162	-64.0705
16.506714331009	7	(28.4372,229.954,1.895)	88.1001	-70.3404
16.513647731778	4	(28.9522,174.774,1.895)	33.0212	-64.8866
16.514938057924	0	(26.4683,87.3022,1.895)	54.5892	-66.9597
16.530686788412	8	(28.1933,256.089,1.895)	114.221	-74.9339
16.537624808447	3	(29.2059,147.589,1.895)	6.55955	-51.3416
16.537166061508	5	(28.7036,201.408,1.895)	59.582	-67.9542
16.543004710367	9	(27.9587,281.216,1.895)	139.342	-87.5064
16.549164134695	6	(25.3446,207.696,1.895)	65.8098	-73.1562
16.604416990746	1	(26.2306,112.774,1.895)	27.1225	-64.0845
16.606714331009	7	(28.4557,227.968,1.895)	88.1075	-70.3398
16.613647731778	4	(28.9708,172.781,1.895)	33.0217	-64.8873
16.614938057924	0	(26.4871,85.2933,1.895)	54.6045	-66.9574
16.630686788412	8	(28.2116,254.129,1.895)	114.255	-74.9461
16.637624808447	3	(29.2246,145.585,1.895)	6.55131	-51.334
16.637166061508	5	(28.722,199.437,1.895)	59.6046	-67.9656
16.643004710367	9	(27.9767,279.292,1.895)	139.411	-87.5277
16.649164134695	6	(25.3633,205.692,1.895)	65.7994	-73.1445
16.704416990746	1	(26.2492,110.773,1.895)	27.1411	-64.1257
16.706714331009	7	(28.4743,225.979,1.895)	88.1008	-70.3403
16.713647731778	4	(28.9894,170.793,1.895)	33.0154	-64.8765
16.714938057924	0	(26.5058,83.2854,1.895)	54.6303	-66.9537
16.730686788412	8	(28.2298,252.173,1.895)	114.281	-74.9552
16.737624808447	3	(29.2433,143.585,1.895)	6.53583	-51.3109
16.737166061508	5	(28.7404,197.467,1.895)	59.6172	-67.972
16.743004710367	9	(27.9946,277.37,1.895)	139.471	-87.5458
16.749164134695	6	(25.382,203.686,1.895)	65.7759	-73.1181
16.804416990746	1	(26.268,108.768,1.895)	27.1542	-64.1546
16.806714331009	7	(28.4929,223.986,1.895)	88.1002	-70.3403
16.813647731778	4	(29.0079,168.806,1.895)	33.021	-64.8863
16.814938057924	0	(26.5245,81.2797,1.895)	54.6437	-66.9519
16.830686788412	8	(28.2481,250.215,1.895)	114.316	-74.9677
16.837624808447	3	(29.262,141.579,1.895)	6.52372	-51.2849
16.837166061508	5	(28.7587,195.504,1.895)	59.6462	-67.9868
16.843004710367	9	(28.0126,275.449,1.895)	139.543	-87.5669
16.849164134695	6	(25.4008,201.679,1.895)	65.7612	-73.1015
16.904416990746	1	(26.2866,106.771,1.895)	27.159	-64.1652
16.906714331009	7	(28.5114,222.003,1.895)	88.1097	-70.3397
16.913647731778	4	(29.0265,166.816,1.895)	33.0237	-64.8908
16.914938057924	0	(26.5433,79.2734,1.895)	54.6574	-66.95
16.930686788412	8	(28.2665,248.247,1.895)	114.341	-74.9766
16.937624808447	3	(29.2807,139.58,1.895)	6.51804	-51.2705
16.937166061508	5	(28.7771,193.532,1.895)	59.6668	-67.9974
16.943004710367	9	(28.0304,273.539,1.895)	139.625	-87.5905
16.949164134695	6	(25.4195,199.673,1.895)	65.7477	-73.0864
17.004416990746	1	(26.3053,104.771,1.895)	27.1765	-64.2036
17.006714331009	7	(28.53,220.012,1.895)	88.1007	-70.3403
17.013647731778	4	(29.0451,164.826,1.895)	33.0153	-64.8764
17.014938057924	0	(26.562,77.2699,1.895)	54.6791	-66.9471
17.030686788412	8	(28.2848,246.287,1.895)	114.362	-74.9843
17.037624808447	3	(29.2994,137.57,1.895)	6.49369	-51.1942
17.037166061508	5	(28.7955,191.564,1.895)	59.6808	-68.0046
17.043004710367	9	(28.0484,271.608,1.895)	139.675	-87.6045
17.049164134695	6	(25.4382,197.673,1.895)	65.7294	-73.0658
17.104416990746	1	(26.3239,102.772,1.895)	27.1898	-64.2328
17.106714331009	7	(28.5485,218.031,1.895)	88.1053	-70.34
17.113647731778	4	(29.0637,162.834,1.895)	33.0087	-64.8651
17.114938057924	0	(26.5807,75.2663,1.895)	54.6971	-66.9447
17.130686788412	8	(28.303,244.327,1.895)	114.388	-74.9935
17.137624808447	3	(29.3182,135.561,1.895)	6.47336	-51.1171
17.137166061508	5	(28.8139,189.594,1.895)	59.6963	-68.0126
17.143004710367	9	(28.0663,269.694,1.895)	139.747	-87.6239
17.149164134695	6	(25.4568,195.673,1.895)	65.7151	-73.0498
17.204416990746	1	(26.3425,100.781,1.895)	27.1976	-64.25
17.206714331009	7	(28.567,216.043,1.895)	88.1	-70.3404
17.213647731778	4	(29.0823,160.831,1.895)	32.9893	-64.8318
17.214938057924	0	(26.5994,73.2599,1.895)	54.7203	-66.9417
17.230686788412	8	(28.3212,242.378,1.895)	114.422	-75.0055
17.237624808447	3	(29.3369,133.552,1.895)	6.45191	-51.0295
17.237166061508	5	(28.8323,187.624,1.895)	59.709	-68.0192
17.243004710367	9	(28.0843,267.768,1.895)	139.804	-87.6391
17.249164134695	6	(25.4756,193.666,1.895)	65.6908	-73.0226
17.304416990746	1	(26.3612,98.7769,1.895)	27.219	-64.2967
17.306714331009	7	(28.5855,214.06,1.895)	88.0998	-70.3404
17.313647731778	4	(29.1009,158.839,1.895)	32.9803	-64.8165
17.314938057924	0	(26.6181,71.2531,1.895)	54.7439	-66.9388
17.330686788412	8	(28.3396,240.411,1.895)	114.439	-75.0116
17.337624808447	3	(29.3557,131.541,1.895)	6.42779	-50.933
17.337166061508	5	(28.8507,185.646,1.895)	59.7139	-68.0218
17.343004710367	9	(28.1021,265.855,1.895)	139.874	-87.6571
17.349164134695	6	(25.4943,191.656,1.895)	65.6646	-72.9934
17.404416990746	1	(26.3799,96.7767,1.895)	27.2271	-64.3143
17.406714331009	7	(28.6041,212.072,1.895)	88.1042	-70.3401
17.413647731778	4	(29.1196,156.834,1.895)	32.9679	-64.7956
17.414938057924	0	(26.6368,69.2481,1.895)	54.7569	-66.9372
17.430686788412	8	(28.3579,238.451,1.895)	114.471	-75.023
17.437624808447	3	(29.3745,129.53,1.895)	6.41158	-50.8742
17.437166061508	5	(28.8691,183.677,1.895)	59.7369	-68.0337
17.443004710367	9	(28.1201,263.93,1.895)	139.942	-87.674
17.449164134695	6	(25.513,189.652,1.895)	65.6522	-72.9795
17.504416990746	1	(26.3985,94.7795,1.895)	27.2327	-64.3264
17.506714331009	7	(28.6226,210.09,1.895)	88.1136	-70.3394
17.513647731778	4	(29.1383,154.832,1.895)	32.957	-64.777
17.514938057924	0	(26.6555,67.2428,1.895)	54.7706	-66.9356
17.530686788412	8	(28.3763,236.483,1.895)	114.494	-75.0315
17.537624808447	3	(29.3932,127.52,1.895)	6.39562	-50.8244
17.537166061508	5	(28.8877,181.688,1.895)	59.7398	-68.0352
17.543004710367	9	(28.138,262.012,1.895)	140.015	-87.6917
17.549164134695	6	(25.5317,187.648,1.895)	65.6398	-72.9657
17.604416990746	1	(26.4171,92.7847,1.895)	27.2476	-64.3586
17.606714331009	7	(28.6412,208.094,1.895)	88.0977	-70.3405
17.613647731778	4	(29.1569,152.839,1.895)	32.9438	-64.7549
17.614938057924	0	(26.6743,65.2323,1.895)	54.8012	-66.932
17.630686788412	8	(28.3945,234.529,1.895)	114.52	-75.0407
17.637624808447	3	(29.412,125.513,1.895)	6.37218	-50.7695
17.637166061508	5	(28.9062,179.699,1.895)	59.7309	-68.0306
17.643004710367	9	(28.156,260.083,1.895)	140.066	-87.7037
17.649164134695	6	(25.5504,185.646,1.895)	65.6181	-72.9414
17.704416990746	1	(26.4359,90.7761,1.895)	27.2676	-64.4018
17.706714331009	7	(28.6599,206.095,1.895)	88.0878	-70.3412
17.713647731778	4	(29.1755,150.849,1.895)	32.9425	-64.7526
17.714938057924	0	(26.693,63.2307,1.895)	54.8143	-66.9306
17.730686788412	8	(28.4129,232.553,1.895)	114.532	-75.0451
17.737624808447	3	(29.4307,123.503,1.895)	6.35417	-50.7442
17.737166061508	5	(28.9247,177.724,1.895)	59.7444	-68.0376
17.743004710367	9	(28.1739,258.169,1.895)	140.14	-87.7206
17.749164134695	6	(25.5691,183.641,1.895)	65.6017	-72.9232
17.804416990746	1	(26.4545,88.7798,1.895)	27.2641	-64.3942
17.806714331009	7	(28.6785,204.105,1.895)	88.0968	-70.3406
17.813647731778	4	(29.1942,148.851,1.895)	32.9449	-64.7568
17.814938057924	0	(26.7117,61.2259,1.895)	54.8191	-66.93
17.830686788412	8	(28.4314,230.575,1.895)	114.554	-75.0532
17.837624808447	3	(29.4494,121.498,1.895)	6.34972	-50.7402
17.837166061508	5	(28.9431,175.753,1.895)	59.7736	-68.053
17.843004710367	9	(28.1919,256.232,1.895)	140.204	-87.7344
17.849164134695	6	(25.5878,181.637,1.895)	65.5968	-72.9177
17.904416990746	1	(26.4731,86.7877,1.895)	27.2638	-64.3936
17.906714331009	7	(28.6969,202.123,1.895)	88.1077	-70.3398
17.913647731778	4	(29.2127,146.861,1.895)	32.9469	-64.76
17.914938057924	0	(26.7304,59.2252,1.895)	54.8275	-66.9291
17.930686788412	8	(28.4498,228.604,1.895)	114.576	-75.0608
17.937624808447	3	(29.4681,119.496,1.895)	6.34142	-50.7352
17.937166061508	5	(28.9615,173.776,1.895)	59.7886	-68.0608
17.943004710367	9	(28.2101,254.289,1.895)	140.252	-87.7448
17.949164134695	6	(25.6065,179.637,1.895)	65.5893	-72.9094
18.004416990746	1	(26.4918,84.7887,1.895)	27.283	-64.4347
18.006714331009	7	(28.7155,200.135,1.895)	88.0994	-70.3404
18.013647731778	4	(29.2313,144.866,1.895)	32.9319	-64.735
18.014938057924	0	(26.7491,57.2232,1.895)	54.8497	-66.9267
18.030686788412	8	(28.4681,226.644,1.895)	114.595	-75.0678
18.037624808447	3	(29.4868,117.495,1.895)	6.32354	-50.7345
18.037166061508	5	(28.9799,171.802,1.895)	59.7943	-68.0639
18.043004710367	9	(28.2281,252.355,1.895)	140.298	-87.7543
18.049164134695	6	(25.6252,177.635,1.895)	65.5669	-72.8845
18.104416990746	1	(26.5104,82.7892,1.895)	27.2985	-64.4677
18.106714331009	7	(28.7341,198.146,1.895)	88.0944	-70.3407
18.113647731778	4	(29.2499,142.881,1.895)	32.9304	-64.7325
18.114938057924	0	(26.7677,55.2234,1.895)	54.8655	-66.9251
18.130686788412	8	(28.4865,224.672,1.895)	114.607	-75.0722
18.137624808447	3	(29.5055,115.496,1.895)	6.31063	-50.7416
18.137166061508	5	(28.9984,169.82,1.895)	59.7966	-68.0651
18.143004710367	9	(28.2462,250.422,1.895)	140.349	-87.7646
18.149164134695	6	(25.6439,175.626,1.895)	65.542	-72.8568
18.204416990746	1	(26.529,80.7981,1.895)	27.2987	-64.4681
18.206714331009	7	(28.7527,196.153,1.895)	88.0918	-70.3409
18.213647731778	4	(29.2684,140.894,1.895)	32.935	-64.7402
18.214938057924	0	(26.7864,53.2217,1.895)	54.8763	-66.924
18.230686788412	8	(28.5048,222.708,1.895)	114.634	-75.082
18.237624808447	3	(29.5242,113.494,1.895)	6.30079	-50.7504
18.237166061508	5	(29.0168,167.849,1.895)	59.8164	-68.0756
18.243004710367	9	(28.2643,248.478,1.895)	140.397	-87.7739
18.249164134695	6	(25.6627,173.619,1.895)	65.5265	-72.8397
18.304416990746	1	(26.5477,78.7989,1.895)	27.318	-64.509
18.306714331009	7	(28.7712,194.17,1.895)	88.0894	-70.3411
18.313647731778	4	(29.2871,138.896,1.895)	32.9172	-64.7104
18.314938057924	0	(26.8051,51.215,1.895)	54.903	-66.9213
18.330686788412	8	(28.5232,220.739,1.895)	114.645	-75.0859
18.337624808447	3	(29.5428,111.492,1.895)	6.28206	-50.7731
18.337166061508	5	(29.0352,165.88,1.895)	59.8274	-68.0814
18.343004710367	9	(28.2823,246.548,1.895)	140.446	-87.7833
18.349164134695	6	(25.6814,171.608,1.895)	65.4953	-72.8052
18.404416990746	1	(26.5663,76.7987,1.895)	27.3237	-64.521
18.406714331009	7	(28.7897,192.185,1.895)	88.099	-70.3404
18.413647731778	4	(29.3056,136.906,1.895)	32.9209	-64.7167
18.414938057924	0	(26.8239,49.2062,1.895)	54.9174	-66.9199
18.430686788412	8	(28.5415,218.783,1.895)	114.683	-75.0996
18.437624808447	3	(29.5616,109.48,1.895)	6.26718	-50.7937
18.437166061508	5	(29.0537,163.902,1.895)	59.8432	-68.0898
18.443004710367	9	(28.3004,244.614,1.895)	140.507	-87.7945
18.449164134695	6	(25.7002,169.597,1.895)	65.4791	-72.7872
18.504416990746	1	(26.5851,74.7924,1.895)	27.337	-64.5488
18.506714331009	7	(28.8082,190.2,1.895)	88.1068	-70.3399
18.513647731778	4	(29.3243,134.902,1.895)	32.9104	-64.6992
18.514938057924	0	(26.8426,47.2014,1.895)	54.9292	-66.9188
18.530686788412	8	(28.5597,216.823,1.895)	114.717	-75.1119
18.537624808447	3	(29.5804,107.471,1.895)	6.25358	-50.812
18.537166061508	5	(29.0722,161.922,1.895)	59.8571	-68.0973
18.543004710367	9	(28.3184,242.684,1.895)	140.569	-87.8055
18.549164134695	6	(25.719,167.588,1.895)	65.4629	-72.7693
18.604416990746	1	(26.6038,72.7873,1.895)	27.3459	-64.5674
18.606714331009	7	(28.8268,188.211,1.895)	88.1138	-70.3394
18.613647731778	4	(29.3431,132.898,1.895)	32.9021	-64.6854
18.614938057924	0	(26.8613,45.1937,1.895)	54.9407	-66.9177
18.630686788412	8	(28.5781,214.86,1.895)	114.749	-75.1237
18.637624808447	3	(29.5991,105.46,1.895)	6.24172	-50.8257
18.637166061508	5	(29.0907,159.932,1.895)	59.863	-68.1004
18.643004710367	9	(28.3363,240.76,1.895)	140.642	-87.8177
18.649164134695	6	(25.7377,165.582,1.895)	65.4532	-72.7586
18.704416990746	1	(26.6225,70.7839,1.895)	27.3568	-64.5901
18.706714331009	7	(28.8455,186.212,1.895)	88.1075	-70.3399
18.713647731778	4	(29.3618,130.891,1.895)	32.8885	-64.663
18.714938057924	0	(26.8801,43.1863,1.895)	54.9556	-66.9164
18.730686788412	8	(28.5965,212.89,1.895)	114.772	-75.1319
18.737624808447	3	(29.6179,103.454,1.895)	6.2301	-50.8356
18.737166061508	5	(29.1093,157.948,1.895)	59.8712	-68.1048
18.743004710367	9	(28.3544,238.827,1.895)	140.702	-87.8273
18.749164134695	6	(25.7564,163.574,1.895)	65.4372	-72.741
18.804416990746	1	(26.6411,68.7852,1.895)	27.3668	-64.6106
18.806714331009	7	(28.864,184.223,1.895)	88.1066	-70.3399
18.813647731778	4	(29.3804,128.892,1.895)	32.8774	-64.6449
18.814938057924	0	(26.8988,41.1825,1.895)	54.9706	-66.9151
18.830686788412	8	(28.6149,210.91,1.895)	114.781	-75.1352
18.837624808447	3	(29.6366,101.445,1.895)	6.21284	-50.8414
18.837166061508	5	(29.1278,155.957,1.895)	59.8691	-68.1037
18.843004710367	9	(28.3725,236.887,1.895)	140.75	-87.8347
18.849164134695	6	(25.7751,161.569,1.895)	65.4211	-72.7233
18.904416990746	1	(26.6597,66.7926,1.895)	27.3647	-64.6063
18.906714331009	7	(28.8827,182.222,1.895)	88.1007	-70.3403
18.913647731778	4	(29.3991,126.891,1.895)	32.8716	-64.6354
18.914938057924	0	(26.9175,39.1792,1.895)	54.9793	-66.9143
18.930686788412	8	(28.6333,208.94,1.895)	114.805	-75.144
18.937624808447	3	(29.6553,99.4391,1.895)	6.20314	-50.8389
18.937166061508	5	(29.1463,153.976,1.895)	59.8822	-68.1108
18.943004710367	9	(28.3907,234.933,1.895)	140.791	-87.8408
18.949164134695	6	(25.7939,159.559,1.895)	65.4056	-72.7062
19.004416990746	1	(26.6783,64.8006,1.895)	27.3718	-64.621
19.006714331009	7	(28.9013,180.225,1.895)	88.0889	-70.3411
19.013647731778	4	(29.4178,124.889,1.895)	32.8542	-64.6071
19.014938057924	0	(26.9362,37.1772,1.895)	54.9964	-66.9129
19.030686788412	8	(28.6518,206.962,1.895)	114.812	-75.1464
19.037624808447	3	(29.6741,97.4328,1.895)	6.18498	-50.8214
19.037166061508	5	(29.1648,151.995,1.895)	59.8862	-68.1129
19.043004710367	9	(28.4088,232.997,1.895)	140.84	-87.8478
19.049164134695	6	(25.8126,157.559,1.895)	65.3907	-72.6899
19.104416990746	1	(26.6969,62.8073,1.895)	27.3863	-64.6505
19.106714331009	7	(28.9199,178.234,1.895)	88.076	-70.342
19.113647731778	4	(29.4365,122.889,1.895)	32.8338	-64.5741
19.114938057924	0	(26.9549,35.1728,1.895)	55.022	-66.9108
19.130686788412	8	(28.6703,204.979,1.895)	114.809	-75.1452
19.137624808447	3	(29.6928,95.4273,1.895)	6.16246	-50.7759
19.137166061508	5	(29.1833,150.011,1.895)	59.8813	-68.1103
19.143004710367	9	(28.427,231.051,1.895)	140.873	-87.8523
19.149164134695	6	(25.8312,155.559,1.895)	65.3696	-72.6667
19.204416990746	1	(26.7155,60.8137,1.895)	27.3966	-64.6715
19.206714331009	7	(28.9386,176.235,1.895)	88.0609	-70.3431
19.213647731778	4	(29.4552,120.887,1.895)	32.8145	-64.5433
19.214938057924	0	(26.9736,33.1642,1.895)	55.0474	-66.9088
19.230686788412	8	(28.6887,203.011,1.895)	114.824	-75.1507
19.237624808447	3	(29.7115,93.4221,1.895)	6.14394	-50.7203
19.237166061508	5	(29.2019,148.021,1.895)	59.8747	-68.1067
19.243004710367	9	(28.4451,229.102,1.895)	140.907	-87.8569
19.249164134695	6	(25.8499,153.555,1.895)	65.3483	-72.6434
19.304416990746	1	(26.7343,58.8063,1.895)	27.4113	-64.7011
19.306714331009	7	(28.9572,174.241,1.895)	88.0598	-70.3431
19.313647731778	4	(29.4737,118.895,1.895)	32.816	-64.5456
19.314938057924	0	(26.9923,31.1632,1.895)	55.0557	-66.9082
19.330686788412	8	(28.7071,201.034,1.895)	114.839	-75.1563
19.337624808447	3	(29.7302,91.4172,1.895)	6.13364	-50.6835
19.337166061508	5	(29.2204,146.038,1.895)	59.8844	-68.112
19.343004710367	9	(28.4632,227.163,1.895)	140.961	-87.8639
19.349164134695	6	(25.8686,151.551,1.895)	65.3372	-72.6312
19.404416990746	1	(26.7529,56.814,1.895)	27.3993	-64.677
19.406714331009	7	(28.9758,172.243,1.895)	88.0657	-70.3427
19.413647731778	4	(29.4924,116.899,1.895)	32.8239	-64.5582
19.414938057924	0	(27.011,29.1636,1.895)	55.051	-66.9086
19.430686788412	8	(28.7256,199.056,1.895)	114.866	-75.166
19.437624808447	3	(29.7489,89.4181,1.895)	6.13802	-50.6996
19.437166061508	5	(29.2389,144.053,1.895)	59.9034	-68.1222
19.443004710367	9	(28.4814,225.214,1.895)	141.015	-87.8706
19.449164134695	6	(25.8874,149.539,1.895)	65.3297	-72.623
19.504416990746	1	(26.7715,54.8227,1.895)	27.4092	-64.6969
19.506714331009	7	(28.9945,170.248,1.895)	88.0519	-70.3437
19.513647731778	4	(29.511,114.901,1.895)	32.8075	-64.5322
19.514938057924	0	(27.0297,27.155,1.895)	55.0782	-66.9066
19.530686788412	8	(28.7441,197.076,1.895)	114.867	-75.1664
19.537624808447	3	(29.7675,87.4168,1.895)	6.12127	-50.6352
19.537166061508	5	(29.2574,142.073,1.895)	59.9054	-68.1233
19.543004710367	9	(28.4996,223.265,1.895)	141.048	-87.8744
19.549164134695	6	(25.9061,147.535,1.895)	65.3072	-72.5984
19.604416990746	1	(26.7902,52.8169,1.895)	27.4303	-64.7389
19.606714331009	7	(29.013,168.263,1.895)	88.0519	-70.3437
19.613647731778	4	(29.5296,112.907,1.895)	32.7986	-64.518
19.614938057924	0	(27.0484,25.1547,1.895)	55.0936	-66.9055
19.630686788412	8	(28.7625,195.105,1.895)	114.88	-75.1712
19.637624808447	3	(29.7863,85.4111,1.895)	6.10363	-50.562
19.637166061508	5	(29.276,140.083,1.895)	59.8998	-68.1203
19.643004710367	9	(28.5178,221.315,1.895)	141.083	-87.8784
19.649164134695	6	(25.9249,145.526,1.895)	65.2833	-72.5723
19.704416990746	1	(26.8088,50.8188,1.895)	27.4316	-64.7415
19.706714331009	7	(29.0316,166.266,1.895)	88.0519	-70.3437
19.713647731778	4	(29.5483,110.911,1.895)	32.7993	-64.5192
19.730686788412	8	(28.7808,193.138,1.895)	114.911	-75.1823
19.737624808447	3	(29.8049,83.4103,1.895)	6.10029	-50.5479
19.737166061508	5	(29.2945,138.1,1.895)	59.9132	-68.1275
19.743004710367	9	(28.536,219.364,1.895)	141.128	-87.8833
19.749164134695	6	(25.9436,143.521,1.895)	65.2752	-72.5634
19.804416990746	1	(26.8276,48.8082,1.895)	27.4522	-64.7821
19.806714331009	7	(29.0502,164.28,1.895)	88.0552	-70.3435
19.813647731778	4	(29.5668,108.922,1.895)	32.8002	-64.5205
19.830686788412	8	(28.7993,191.156,1.895)	114.919	-75.1852
19.837624808447	3	(29.8237,81.4008,1.895)	6.08383	-50.4792
19.837166061508	5	(29.313,136.121,1.895)	59.9246	-68.1337
19.843004710367	9	(28.5542,217.418,1.895)	141.172	-87.8879
19.849164134695	6	(25.9623,141.511,1.895)	65.2551	-72.5415
19.904416990746	1	(26.8464,46.7963,1.895)	27.4667	-64.8103
19.906714331009	7	(29.0687,162.294,1.895)	88.0671	-70.3426
19.913647731778	4	(29.5856,106.914,1.895)	32.7896	-64.5039
19.930686788412	8	(28.8177,189.181,1.895)	114.94	-75.1932
19.937624808447	3	(29.8424,79.3906,1.895)	6.07304	-50.4364
19.937166061508	5	(29.3314,134.145,1.895)	59.9456	-68.1451
19.943004710367	9	(28.5724,215.463,1.895)	141.215	-87.892
19.949164134695	6	(25.9811,139.5,1.895)	65.2407	-72.5259
20.004416990746	1	(26.8651,44.7946,1.895)	27.4633	-64.8036
20.006714331009	7	(29.0872,160.313,1.895)	88.0914	-70.341
20.013647731778	4	(29.6043,104.909,1.895)	32.789	-64.5028
20.030686788412	8	(28.8361,187.213,1.895)	114.978	-75.2069
20.037624808447	3	(29.8612,77.3852,1.895)	6.07292	-50.436
20.037166061508	5	(29.35,132.154,1.895)	59.9597	-68.1528
20.043004710367	9	(28.5907,213.507,1.895)	141.264	-87.8966
20.049164134695	6	(25.9999,137.493,1.895)	65.2393	-72.5244
20.104416990746	1	(26.8838,42.7867,1.895)	27.4727	-64.8217
20.106714331009	7	(29.1059,158.31,1.895)	88.0872	-70.3412
20.113647731778	4	(29.6229,102.912,1.895)	32.7911	-64.5061
20.130686788412	8	(28.8545,185.242,1.895)	115.005	-75.2168
20.137624808447	3	(29.8799,75.3752,1.895)	6.06321	-50.4001
20.137166061508	5	(29.3686,130.162,1.895)	59.9665	-68.1566
20.143004710367	9	(28.6089,211.56,1.895)	141.316	-87.901
20.149164134695	6	(26.0185,135.494,1.895)	65.2383	-72.5233
20.204416990746	1	(26.9025,40.7875,1.895)	27.4673	-64.8113
20.206714331009	7	(29.1245,156.316,1.895)	88.0977	-70.3405
20.213647731778	4	(29.6416,100.915,1.895)	32.7987	-64.5182
20.230686788412	8	(28.873,183.255,1.895)	115.023	-75.2235
20.237624808447	3	(29.8987,73.3685,1.895)	6.06151	-50.3941
20.237166061508	5	(29.3872,128.173,1.895)	59.9819	-68.165
20.243004710367	9	(28.6271,209.612,1.895)	141.373	-87.9056
20.249164134695	6	(26.0373,133.486,1.895)	65.2352	-72.5199
20.304416990746	1	(26.9212,38.7792,1.895)	27.4879	-64.8509
20.306714331009	7	(29.1431,154.321,1.895)	88.0904	-70.341
20.313647731778	4	(29.6602,98.9217,1.895)	32.7928	-64.5089
20.330686788412	8	(28.8915,181.277,1.895)	115.033	-75.227
20.337624808447	3	(29.9174,71.3585,1.895)	6.04267	-50.3352
20.337166061508	5	(29.4057,126.185,1.895)	59.9818	-68.165
20.343004710367	9	(28.6454,207.65,1.895)	141.398	-87.9074
20.349164134695	6	(26.056,131.477,1.895)	65.2143	-72.4972
20.404416990746	1	(26.9399,36.773,1.895)	27.4878	-64.8507
20.406714331009	7	(29.1617,152.325,1.895)	88.1002	-70.3403
20.413647731778	4	(29.6789,96.9183,1.895)	32.7958	-64.5135
20.430686788412	8	(28.9099,179.302,1.895)	115.064	-75.2384
20.437624808447	3	(29.9361,69.3546,1.895)	6.04475	-50.3409
20.437166061508	5	(29.4242,124.198,1.895)	60.0012	-68.1756
20.443004710367	9	(28.6636,205.698,1.895)	141.453	-87.9113
20.449164134695	6	(26.0747,129.47,1.895)	65.2134	-72.4962
20.504416990746	1	(26.9587,34.7644,1.895)	27.502	-64.8775
20.506714331009	7	(29.1803,150.333,1.895)	88.1026	-70.3402
20.513647731778	4	(29.6975,94.9183,1.895)	32.7901	-64.5046
20.530686788412	8	(28.9285,177.315,1.895)	115.072	-75.2412
20.537624808447	3	(29.9548,67.3506,1.895)	6.03668	-50.3196
20.537166061508	5	(29.4429,122.2,1.895)	59.9972	-68.1734
20.543004710367	9	(28.6818,203.743,1.895)	141.491	-87.9138
20.549164134695	6	(26.0934,127.466,1.895)	65.2035	-72.4855
20.604416990746	1	(26.9774,32.7636,1.895)	27.5001	-64.8739
20.606714331009	7	(29.199,148.334,1.895)	88.1062	-70.3399
20.613647731778	4	(29.7162,92.9149,1.895)	32.7895	-64.5036
20.630686788412	8	(28.9469,175.338,1.895)	115.097	-75.2504
20.637624808447	3	(29.9736,65.3425,1.895)	6.03215	-50.309
20.637166061508	5	(29.4615,120.211,1.895)	60.011	-68.181
20.643004710367	9	(28.7002,201.774,1.895)	141.526	-87.9159
20.649164134695	6	(26.1121,125.466,1.895)	65.2059	-72.4881
20.704416990746	1	(26.9961,30.759,1.895)	27.51	-64.8924
20.706714331009	7	(29.2176,146.339,1.895)	88.1061	-70.3399
20.713647731778	4	(29.7349,90.9094,1.895)	32.7788	-64.4868
20.730686788412	8	(28.9655,173.351,1.895)	115.105	-75.2534
20.737624808447	3	(29.9922,63.3411,1.895)	6.02662	-50.2974
20.737166061508	5	(29.48,118.224,1.895)	60.019	-68.1855
20.743004710367	9	(28.7184,199.824,1.895)	141.571	-87.9184
20.749164134695	6	(26.1308,123.461,1.895)	65.1961	-72.4774
20.804416990746	1	(27.0148,28.7559,1.895)	27.5141	-64.9001
20.806714331009	7	(29.2362,144.344,1.895)	88.1103	-70.3397
20.813647731778	4	(29.7536,88.9132,1.895)	32.7815	-64.491
20.830686788412	8	(28.984,171.372,1.895)	115.125	-75.2607
20.837624808447	3	(30.0109,61.3411,1.895)	6.02573	-50.2957
20.837166061508	5	(29.4986,116.227,1.895)	60.0205	-68.1863
20.843004710367	9	(28.7367,197.867,1.895)	141.612	-87.9204
20.849164134695	6	(26.1496,121.452,1.895)	65.186	-72.4666
20.904416990746	1	(27.0335,26.7479,1.895)	27.524	-64.9182
20.906714331009	7	(29.2549,142.34,1.895)	88.1046	-70.34
20.913647731778	4	(29.7722,86.9121,1.895)	32.7786	-64.4865
20.930686788412	8	(29.0025,169.391,1.895)	115.142	-75.2669
20.937624808447	3	(30.0297,59.3298,1.895)	6.01477	-50.2778
20.937166061508	5	(29.5172,114.237,1.895)	60.0286	-68.1908
20.943004710367	9	(28.7549,195.915,1.895)	141.658	-87.9226
20.949164134695	6	(26.1683,119.447,1.895)	65.1794	-72.4594
21.006714331009	7	(29.2735,140.349,1.895)	88.1129	-70.3395
21.013647731778	4	(29.7909,84.9112,1.895)	32.7774	-64.4846
21.030686788412	8	(29.021,167.4,1.895)	115.151	-75.2703
21.037624808447	3	(30.0484,57.328,1.895)	6.01296	-50.2754
21.037166061508	5	(29.5358,112.241,1.895)	60.0329	-68.1931
21.043004710367	9	(28.7732,193.958,1.895)	141.701	-87.9243
21.049164134695	6	(26.187,117.445,1.895)	65.1765	-72.4562
21.106714331009	7	(29.2922,138.351,1.895)	88.1259	-70.3386
21.113647731778	4	(29.8095,82.9173,1.895)	32.7949	-64.5121
21.130686788412	8	(29.0395,165.426,1.895)	115.188	-75.2838
21.137624808447	3	(30.0671,55.3182,1.895)	6.01442	-50.2773
21.137166061508	5	(29.5544,110.249,1.895)	60.0523	-68.2039
21.143004710367	9	(28.7916,191.987,1.895)	141.741	-87.9257
21.149164134695	6	(26.2057,115.442,1.895)	65.1851	-72.4655
21.206714331009	7	(29.3108,136.351,1.895)	88.1365	-70.3379
21.213647731778	4	(29.8283,80.9105,1.895)	32.7979	-64.5168
21.230686788412	8	(29.058,163.442,1.895)	115.213	-75.2933
21.237624808447	3	(30.0858,53.3126,1.895)	6.01785	-50.2822
21.237166061508	5	(29.573,108.264,1.895)	60.0769	-68.2177
21.243004710367	9	(28.8098,190.03,1.895)	141.794	-87.9272
21.249164134695	6	(26.2244,113.434,1.895)	65.1875	-72.4682
21.306714331009	7	(29.3294,134.361,1.895)	88.1529	-70.3368
21.313647731778	4	(29.847,78.9049,1.895)	32.799	-64.5187
21.330686788412	8	(29.0765,161.452,1.895)	115.231	-75.2997
21.337624808447	3	(30.1045,51.3089,1.895)	6.02052	-50.2864
21.337166061508	5	(29.5916,106.264,1.895)	60.084	-68.2217
21.343004710367	9	(28.8281,188.069,1.895)	141.84	-87.9283
21.349164134695	6	(26.2431,111.431,1.895)	65.1905	-72.4714
21.406714331009	7	(29.3481,132.352,1.895)	88.1456	-70.3373
21.413647731778	4	(29.8656,76.9085,1.895)	32.8041	-64.5267
21.430686788412	8	(29.095,159.475,1.895)	115.254	-75.3085
21.437624808447	3	(30.1233,49.3035,1.895)	6.01713	-50.2811
21.437166061508	5	(29.6103,104.265,1.895)	60.0855	-68.2225
21.443004710367	9	(28.8465,186.096,1.895)	141.869	-87.9289
21.449164134695	6	(26.2618,109.425,1.895)	65.1866	-72.4672
21.506714331009	7	(29.3669,130.344,1.895)	88.1369	-70.3379
21.513647731778	4	(29.8842,74.9136,1.895)	32.8087	-64.5341
21.530686788412	8	(29.1135,157.487,1.895)	115.267	-75.3131
21.537624808447	3	(30.142,47.2933,1.895)	6.00832	-50.2701
21.537166061508	5	(29.6288,102.28,1.895)	60.1009	-68.2311
21.543004710367	9	(28.8648,184.137,1.895)	141.909	-87.9295
21.549164134695	6	(26.2806,107.419,1.895)	65.1799	-72.46
21.606714331009	7	(29.3855,128.348,1.895)	88.1426	-70.3375
21.613647731778	4	(29.9029,72.9095,1.895)	32.8058	-64.5295
21.630686788412	8	(29.1321,155.496,1.895)	115.276	-75.3166
21.637624808447	3	(30.1608,45.2858,1.895)	6.00297	-50.2654
21.637166061508	5	(29.6473,100.296,1.895)	60.1176	-68.2406
21.643004710367	9	(28.8832,182.168,1.895)	141.941	-87.9299
21.649164134695	6	(26.2993,105.41,1.895)	65.1726	-72.452
21.706714331009	7	(29.4041,126.361,1.895)	88.1609	-70.3363
21.713647731778	4	(29.9216,70.9121,1.895)	32.8138	-64.5421
21.730686788412	8	(29.1506,153.515,1.895)	115.301	-75.3256
21.737624808447	3	(30.1794,43.2848,1.895)	6.00671	-50.2685
21.737166061508	5	(29.6659,98.3019,1.895)	60.1291	-68.247
21.743004710367	9	(28.9016,180.196,1.895)	141.974	-87.9301
21.749164134695	6	(26.318,103.406,1.895)	65.174	-72.4535
21.806714331009	7	(29.4227,124.363,1.895)	88.1715	-70.3356
21.813647731778	4	(29.9403,68.9109,1.895)	32.8219	-64.5551
21.830686788412	8	(29.1691,151.538,1.895)	115.334	-75.3378
21.837624808447	3	(30.1982,41.273,1.895)	6.00468	-50.2667
21.837166061508	5	(29.6845,96.3153,1.895)	60.1518	-68.2599
21.843004710367	9	(28.9199,178.23,1.895)	142.018	-87.9302
21.849164134695	6	(26.3367,101.406,1.895)	65.1827	-72.463
21.906714331009	7	(29.4413,122.372,1.895)	88.1916	-70.3342
21.913647731778	4	(29.959,66.9077,1.895)	32.8298	-64.5677
21.930686788412	8	(29.1876,149.555,1.895)	115.361	-75.348
21.937624808447	3	(30.2169,39.2722,1.895)	6.01334	-50.2759
21.937166061508	5	(29.703,94.3267,1.895)	60.1743	-68.2727
21.943004710367	9	(28.9383,176.266,1.895)	142.065	-87.9301
21.949164134695	6	(26.3554,99.4,1.895)	65.188	-72.4687
22.006714331009	7	(29.4599,120.383,1.895)	88.215	-70.3327
22.013647731778	4	(29.9775,64.9174,1.895)	32.8513	-64.6023
22.030686788412	8	(29.2061,147.576,1.895)	115.394	-75.3603
22.037624808447	3	(30.2357,37.2604,1.895)	6.0134	-50.276
22.037166061508	5	(29.7216,92.3384,1.895)	60.1978	-68.2862
22.043004710367	9	(28.9566,174.303,1.895)	142.114	-87.9297
22.049164134695	6	(26.3742,97.3901,1.895)	65.19	-72.4709
22.106714331009	7	(29.4785,118.39,1.895)	88.2217	-70.3323
22.113647731778	4	(29.9962,62.9137,1.895)	32.8476	-64.5963
22.130686788412	8	(29.2245,145.598,1.895)	115.417	-75.3685
22.137624808447	3	(30.2544,35.2546,1.895)	6.00846	-50.2703
22.137166061508	5	(29.7401,90.3548,1.895)	60.2141	-68.2955
22.143004710367	9	(28.9749,172.341,1.895)	142.151	-87.9292
22.149164134695	6	(26.3929,95.3837,1.895)	65.1836	-72.4639
22.206714331009	7	(29.497,116.404,1.895)	88.2417	-70.331
22.213647731778	4	(30.0149,60.9138,1.895)	32.8532	-64.6054
22.230686788412	8	(29.243,143.613,1.895)	115.437	-75.3761
22.237624808447	3	(30.2731,33.2511,1.895)	6.01014	-50.2721
22.237166061508	5	(29.7588,88.3537,1.895)	60.2186	-68.2981
22.243004710367	9	(28.9932,170.383,1.895)	142.199	-87.9284
22.249164134695	6	(26.4116,93.3794,1.895)	65.1847	-72.4651
22.306714331009	7	(29.5158,114.394,1.895)	88.2426	-70.3309
22.313647731778	4	(30.0335,58.92,1.895)	32.8703	-64.6333
22.330686788412	8	(29.2615,141.637,1.895)	115.472	-75.389
22.337624808447	3	(30.2918,31.2445,1.895)	6.01389	-50.2766
22.337166061508	5	(29.7774,86.3591,1.895)	60.235	-68.3075
22.343004710367	9	(29.0115,168.422,1.895)	142.249	-87.9272
22.349164134695	6	(26.4304,91.3681,1.895)	65.1846	-72.465
