3.104416990746	1	(23.7486,378.696,1.895)	37.7598	-65.7829
3.114938057924	0	(23.9593,356.115,1.895)	60.2869	-68.3376
3.138344002282	2	(23.5602,398.883,1.895)	17.7365	-60.358
3.204416990746	1	(23.7664,376.787,1.895)	37.6698	-65.8782
3.214938057924	0	(23.9781,354.109,1.895)	60.2939	-68.3417
3.238344002282	2	(23.5768,397.106,1.895)	17.5187	-60.5229
3.304416990746	1	(23.7842,374.876,1.895)	37.5775	-65.9794
3.314938057924	0	(23.9968,352.101,1.895)	60.2991	-68.3448
3.338344002282	2	(23.5934,395.322,1.895)	17.3028	-60.3598
3.404416990746	1	(23.802,372.969,1.895)	37.4816	-66.0884
3.414938057924	0	(24.0155,350.099,1.895)	60.2978	-68.344
3.438344002282	2	(23.61,393.539,1.895)	17.0872	-59.8942
3.504416990746	1	(23.8198,371.065,1.895)	37.3746	-66.2144
3.514938057924	0	(24.0343,348.088,1.895)	60.2975	-68.3439
3.538344002282	2	(23.6267,391.759,1.895)	16.8599	-59.2694
3.604416990746	1	(23.8377,369.151,1.895)	37.2905	-66.3165
3.614938057924	0	(24.053,346.084,1.895)	60.3017	-68.3463
3.638344002282	2	(23.6433,389.974,1.895)	16.6497	-58.7683
3.704416990746	1	(23.8555,367.242,1.895)	37.1915	-66.4395
3.714938057924	0	(24.0717,344.078,1.895)	60.2995	-68.345
3.738344002282	2	(23.6601,388.177,1.895)	16.4428	-58.475
3.804416990746	1	(23.8734,365.324,1.895)	37.0988	-66.5572
3.814938057924	0	(24.0905,342.067,1.895)	60.2998	-68.3452
3.838344002282	2	(23.6768,386.386,1.895)	16.228	-58.4392
3.904416990746	1	(23.8914,363.399,1.895)	37.0244	-66.6531
3.914938057924	0	(24.1092,340.057,1.895)	60.3103	-68.3514
3.938344002282	2	(23.6936,384.59,1.895)	16.0278	-58.6404
4.004416990746	1	(23.9094,361.47,1.895)	36.9455	-66.7561
4.014938057924	0	(24.128,338.046,1.895)	60.3125	-68.3526
4.038344002282	2	(23.7105,382.781,1.895)	15.8335	-58.9664
4.104416990746	1	(23.9273,359.546,1.895)	36.8573	-66.8721
4.113647731778	4	(26.6976,416.34,1.895)	20.0561	-61.9178
4.114938057924	0	(24.1468,336.035,1.895)	60.3116	-68.3521
4.138344002282	2	(23.7273,380.971,1.895)	15.6363	-59.2566
4.204416990746	1	(23.9453,357.619,1.895)	36.7852	-66.9675
4.213647731778	4	(26.715,414.476,1.895)	20.1918	-61.8777
4.214938057924	0	(24.1655,334.027,1.895)	60.3195	-68.3567
4.238344002282	2	(23.7443,379.159,1.895)	15.4521	-59.2998
4.304416990746	1	(23.9633,355.693,1.895)	36.6995	-67.0807
4.313647731778	4	(26.7323,412.622,1.895)	20.3498	-61.7218
4.314938057924	0	(24.1842,332.023,1.895)	60.3127	-68.3527
4.338344002282	2	(23.7613,377.336,1.895)	15.2686	-59.0328
4.404416990746	1	(23.9812,353.771,1.895)	36.6229	-67.1815
4.413647731778	4	(26.7497,410.757,1.895)	20.4837	-61.5274
4.414938057924	0	(24.2029,330.015,1.895)	60.3216	-68.358
4.438344002282	2	(23.7783,375.513,1.895)	15.0957	-58.5743
4.504416990746	1	(23.9992,351.846,1.895)	36.5371	-67.2935
4.513647731778	4	(26.7671,408.898,1.895)	20.6354	-61.2748
4.514938057924	0	(24.2217,328.008,1.895)	60.3175	-68.3556
4.538344002282	2	(23.7952,373.697,1.895)	14.906	-58.0375
4.604416990746	1	(24.0173,349.91,1.895)	36.4679	-67.3824
4.613647731778	4	(26.7845,407.025,1.895)	20.768	-61.0532
4.614938057924	0	(24.2404,326.003,1.895)	60.3169	-68.3552
4.638344002282	2	(23.8122,371.878,1.895)	14.724	-57.6666
4.704416990746	1	(24.0353,347.976,1.895)	36.398	-67.4706
4.713647731778	4	(26.802,405.149,1.895)	20.897	-60.8559
4.714938057924	0	(24.2591,324,1.895)	60.3152	-68.3542
4.738344002282	2	(23.8293,370.044,1.895)	14.5577	-57.539
4.804416990746	1	(24.0533,346.047,1.895)	36.3256	-67.5598
4.813647731778	4	(26.8195,403.283,1.895)	21.0323	-60.6824
4.814938057924	0	(24.2779,321.988,1.895)	60.325	-68.36
4.838344002282	2	(23.8464,368.214,1.895)	14.3909	-57.6292
4.904416990746	1	(24.0714,344.107,1.895)	36.2648	-67.6327
4.913647731778	4	(26.8369,401.411,1.895)	21.1612	-60.5582
4.914938057924	0	(24.2966,319.978,1.895)	60.3349	-68.3658
4.938344002282	2	(23.8636,366.376,1.895)	14.2323	-57.8674
5.004416990746	1	(24.0895,342.167,1.895)	36.2047	-67.7024
5.013647731778	4	(26.8544,399.542,1.895)	21.2923	-60.4786
5.014938057924	0	(24.3154,317.971,1.895)	60.3415	-68.3697
5.038344002282	2	(23.8808,364.534,1.895)	14.0788	-58.1266
5.104416990746	1	(24.1076,340.228,1.895)	36.1343	-67.7809
5.113647731778	4	(26.8719,397.668,1.895)	21.4282	-60.4493
5.114938057924	0	(24.334,315.971,1.895)	60.3316	-68.3638
5.137166061508	5	(26.6976,416.34,1.895)	40.101	-64.7145
5.138344002282	2	(23.898,362.686,1.895)	13.9212	-58.2585
5.204416990746	1	(24.1256,338.301,1.895)	36.06	-67.8594
5.213647731778	4	(26.8895,395.783,1.895)	21.5456	-60.4687
5.214938057924	0	(24.3528,313.961,1.895)	60.3396	-68.3686
5.237166061508	5	(26.7136,414.629,1.895)	40.3918	-64.7644
5.238344002282	2	(23.9152,360.842,1.895)	13.7678	-58.1312
5.304416990746	1	(24.1438,336.356,1.895)	36.0011	-67.9179
5.313647731778	4	(26.907,393.903,1.895)	21.6689	-60.5337
5.314938057924	0	(24.3715,311.954,1.895)	60.3431	-68.3706
5.337166061508	5	(26.7297,412.905,1.895)	40.6716	-64.8471
5.338344002282	2	(23.9324,359.007,1.895)	13.6043	-57.734
5.404416990746	1	(24.1619,334.414,1.895)	35.9354	-67.9792
5.413647731778	4	(26.9246,392.015,1.895)	21.7893	-60.6401
5.414938057924	0	(24.3902,309.952,1.895)	60.3368	-68.3669
5.437166061508	5	(26.7457,411.183,1.895)	40.9583	-64.9663
5.438344002282	2	(23.9496,357.157,1.895)	13.4505	-57.2706
5.504416990746	1	(24.18,332.477,1.895)	35.873	-68.0328
5.513647731778	4	(26.9424,390.116,1.895)	21.8899	-60.7603
5.514938057924	0	(24.4089,307.946,1.895)	60.3428	-68.3704
5.537166061508	5	(26.7619,409.448,1.895)	41.2231	-65.1064
5.538344002282	2	(23.967,355.296,1.895)	13.316	-56.9345
5.604416990746	1	(24.1981,330.534,1.895)	35.8058	-68.0851
5.613647731778	4	(26.9599,388.233,1.895)	22.0174	-60.9508
5.614938057924	0	(24.4277,305.935,1.895)	60.3434	-68.3708
5.637166061508	5	(26.7782,407.705,1.895)	41.4898	-65.276
5.638344002282	2	(23.9843,353.442,1.895)	13.1642	-56.7385
5.704416990746	1	(24.2163,328.582,1.895)	35.7533	-68.1218
5.713647731778	4	(26.9776,386.34,1.895)	22.1291	-61.1497
5.714938057924	0	(24.4464,303.928,1.895)	60.3459	-68.3723
5.737166061508	5	(26.7944,405.965,1.895)	41.7543	-65.4718
5.738344002282	2	(24.0016,351.587,1.895)	13.02	-56.7674
5.804416990746	1	(24.2345,326.63,1.895)	35.7057	-68.1517
5.813647731778	4	(26.9953,384.448,1.895)	22.2373	-61.3674
5.814938057924	0	(24.4652,301.92,1.895)	60.3537	-68.3768
5.837166061508	5	(26.8108,404.215,1.895)	42.0052	-65.6822
5.838344002282	2	(24.019,349.723,1.895)	12.8888	-56.9433
5.904416990746	1	(24.2527,324.682,1.895)	35.6495	-68.1827
5.913647731778	4	(27.013,382.55,1.895)	22.3426	-61.599
5.914938057924	0	(24.4839,299.916,1.895)	60.3541	-68.3771
5.937166061508	5	(26.8271,402.46,1.895)	42.2542	-65.9145
5.938344002282	2	(24.0365,347.846,1.895)	12.7659	-57.1555
6.004416990746	1	(24.2708,322.742,1.895)	35.5899	-68.2102
6.013647731778	4	(27.0307,380.653,1.895)	22.4465	-61.8418
6.014938057924	0	(24.5026,297.91,1.895)	60.3595	-68.3803
6.037166061508	5	(26.8436,400.697,1.895)	42.4916	-66.1569
6.038344002282	2	(24.0539,345.982,1.895)	12.6343	-57.3018
6.104416990746	1	(24.289,320.799,1.895)	35.5291	-68.2322
6.113647731778	4	(27.0484,378.754,1.895)	22.5517	-62.0964
6.114938057924	0	(24.5213,295.902,1.895)	60.364	-68.383
6.137166061508	5	(26.8601,398.929,1.895)	42.7271	-66.417
6.138344002282	2	(24.0713,344.123,1.895)	12.4946	-57.2287
6.149164134695	6	(23.3976,416.3,1.895)	60.2205	-68.2992
6.204416990746	1	(24.3072,318.847,1.895)	35.4766	-68.2462
6.213647731778	4	(27.0661,376.858,1.895)	22.6597	-62.3605
6.214938057924	0	(24.5401,293.892,1.895)	60.3689	-68.3858
6.237166061508	5	(26.8766,397.157,1.895)	42.9596	-66.6926
6.238344002282	2	(24.0887,342.251,1.895)	12.366	-56.9359
6.249164134695	6	(23.4163,414.298,1.895)	60.223	-68.3007
6.304416990746	1	(24.3255,316.887,1.895)	35.4365	-68.2536
6.313647731778	4	(27.0839,374.948,1.895)	22.7495	-62.5761
6.314938057924	0	(24.5588,291.886,1.895)	60.3749	-68.3894
6.337166061508	5	(26.8931,395.392,1.895)	43.1945	-66.9888
6.338344002282	2	(24.1063,340.371,1.895)	12.2503	-56.5764
6.349164134695	6	(23.435,412.296,1.895)	60.2208	-68.2994
6.404416990746	1	(24.3437,314.93,1.895)	35.3888	-68.2586
6.413647731778	4	(27.1017,373.047,1.895)	22.8545	-62.8168
6.414938057924	0	(24.5775,289.886,1.895)	60.3695	-68.3862
6.437166061508	5	(26.9098,393.606,1.895)	43.4142	-67.2814
6.438344002282	2	(24.1238,338.49,1.895)	12.1309	-56.2331
6.449164134695	6	(23.4537,410.291,1.895)	60.221	-68.2995
6.504416990746	1	(24.362,312.976,1.895)	35.3323	-68.2591
6.513647731778	4	(27.1195,371.133,1.895)	22.9503	-63.0185
6.514938057924	0	(24.5962,287.88,1.895)	60.3659	-68.3841
6.537166061508	5	(26.9264,391.824,1.895)	43.6424	-67.6001
6.538344002282	2	(24.1415,336.601,1.895)	12.0141	-56.0196
6.549164134695	6	(23.4725,408.279,1.895)	60.2198	-68.2988
6.604416990746	1	(24.3802,311.019,1.895)	35.2841	-68.2548
6.613647731778	4	(27.1374,369.213,1.895)	23.036	-63.1791
6.614938057924	0	(24.6149,285.879,1.895)	60.3613	-68.3813
6.637166061508	5	(26.9432,390.028,1.895)	43.8518	-67.9045
6.638344002282	2	(24.159,334.72,1.895)	11.8949	-55.9745
6.649164134695	6	(23.4912,406.27,1.895)	60.2162	-68.2967
6.704416990746	1	(24.3985,309.065,1.895)	35.2343	-68.2458
6.713647731778	4	(27.1553,367.305,1.895)	23.1331	-63.333
6.714938057924	0	(24.6336,283.871,1.895)	60.3648	-68.3834
6.737166061508	5	(26.9599,388.235,1.895)	44.0634	-68.2224
6.738344002282	2	(24.1767,332.83,1.895)	11.7841	-56.0799
6.749164134695	6	(23.51,404.262,1.895)	60.2127	-68.2947
6.804416990746	1	(24.4168,307.106,1.895)	35.1821	-68.2312
6.813647731778	4	(27.1731,365.391,1.895)	23.2298	-63.4518
6.814938057924	0	(24.6523,281.871,1.895)	60.3534	-68.3767
6.837166061508	5	(26.9766,386.446,1.895)	44.2854	-68.5649
6.838344002282	2	(24.1943,330.946,1.895)	11.6633	-56.2821
6.849164134695	6	(23.5287,402.255,1.895)	60.2163	-68.2968
6.904416990746	1	(24.435,305.152,1.895)	35.1247	-68.2092
6.913647731778	4	(27.191,363.473,1.895)	23.3235	-63.5304
6.914938057924	0	(24.671,279.863,1.895)	60.3498	-68.3746
6.937166061508	5	(26.9934,384.652,1.895)	44.5033	-68.908
6.938344002282	2	(24.2119,329.059,1.895)	11.5437	-56.4343
6.949164134695	6	(23.5474,400.254,1.895)	60.2266	-68.3027
7.004416990746	1	(24.4533,303.197,1.895)	35.0765	-68.1858
7.013647731778	4	(27.209,361.547,1.895)	23.4013	-63.5672
7.014938057924	0	(24.6897,277.862,1.895)	60.3465	-68.3726
7.037166061508	5	(27.0102,382.848,1.895)	44.7029	-69.2254
7.038344002282	2	(24.2295,327.174,1.895)	11.4292	-56.4035
7.049164134695	6	(23.5661,398.247,1.895)	60.2243	-68.3014
7.104416990746	1	(24.4715,301.237,1.895)	35.0313	-68.1599
7.106714331009	7	(26.6976,416.34,1.895)	80.2015	-72.079
7.113647731778	4	(27.2269,359.627,1.895)	23.4855	-63.5779
7.114938057924	0	(24.7084,275.855,1.895)	60.349	-68.3741
7.137166061508	5	(27.0272,381.03,1.895)	44.8901	-69.5237
7.138344002282	2	(24.2471,325.279,1.895)	11.324	-56.1879
7.149164134695	6	(23.5849,396.237,1.895)	60.2187	-68.2982
7.204416990746	1	(24.4898,299.279,1.895)	34.9785	-68.1247
7.206714331009	7	(26.7162,414.347,1.895)	80.2201	-72.0713
7.213647731778	4	(27.2448,357.71,1.895)	23.5804	-63.5548
7.214938057924	0	(24.7272,273.846,1.895)	60.3466	-68.3726
7.237166061508	5	(27.0441,379.215,1.895)	45.0862	-69.8336
7.238344002282	2	(24.2648,323.388,1.895)	11.2097	-55.8297
7.249164134695	6	(23.6036,394.225,1.895)	60.2186	-68.2981
7.304416990746	1	(24.5082,297.314,1.895)	34.939	-68.095
7.306714331009	7	(26.7348,412.351,1.895)	80.2284	-72.0678
7.313647731778	4	(27.2628,355.783,1.895)	23.6577	-63.5107
7.314938057924	0	(24.746,271.835,1.895)	60.3529	-68.3764
7.337166061508	5	(27.061,377.4,1.895)	45.2758	-70.1276
7.338344002282	2	(24.2824,321.499,1.895)	11.0992	-55.4972
7.349164134695	6	(23.6224,392.218,1.895)	60.2161	-68.2967
7.404416990746	1	(24.5265,295.345,1.895)	34.9039	-68.0663
7.406714331009	7	(26.7534,410.358,1.895)	80.2395	-72.0632
7.413647731778	4	(27.2808,353.855,1.895)	23.7342	-63.4471
7.414938057924	0	(24.7647,269.827,1.895)	60.3569	-68.3787
7.437166061508	5	(27.0781,375.576,1.895)	45.4565	-70.3992
7.438344002282	2	(24.3002,319.6,1.895)	10.9983	-55.3057
7.449164134695	6	(23.6411,390.208,1.895)	60.2109	-68.2937
7.504416990746	1	(24.5449,293.375,1.895)	34.8642	-68.0311
7.506714331009	7	(26.772,408.364,1.895)	80.2558	-72.0565
7.513647731778	4	(27.2987,351.934,1.895)	23.8228	-63.3521
7.514938057924	0	(24.7834,267.827,1.895)	60.3468	-68.3728
7.537166061508	5	(27.0951,373.754,1.895)	45.6441	-70.6688
7.538344002282	2	(24.3179,317.697,1.895)	10.8963	-55.2664
7.549164134695	6	(23.6598,388.206,1.895)	60.218	-68.2978
7.604416990746	1	(24.5631,291.425,1.895)	34.8058	-67.9743
7.606714331009	7	(26.7906,406.374,1.895)	80.2741	-72.049
7.613647731778	4	(27.3168,349.999,1.895)	23.8967	-63.2584
7.614938057924	0	(24.8021,265.824,1.895)	60.3418	-68.3698
7.637166061508	5	(27.112,371.936,1.895)	45.8342	-70.9246
7.638344002282	2	(24.3357,315.793,1.895)	10.7966	-55.3661
7.649164134695	6	(23.6785,386.206,1.895)	60.2265	-68.3027
7.704416990746	1	(24.5815,289.458,1.895)	34.7633	-67.9293
7.706714331009	7	(26.8091,404.395,1.895)	80.3048	-72.0364
7.713647731778	4	(27.3348,348.069,1.895)	23.9768	-63.1454
7.714938057924	0	(24.8208,263.813,1.895)	60.3429	-68.3705
7.737166061508	5	(27.1292,370.096,1.895)	46.005	-71.1362
7.738344002282	2	(24.3534,313.9,1.895)	10.6858	-55.5503
7.749164134695	6	(23.6972,384.205,1.895)	60.2351	-68.3076
7.804416990746	1	(24.5999,287.49,1.895)	34.727	-67.8886
7.806714331009	7	(26.8277,402.4,1.895)	80.3146	-72.0324
7.813647731778	4	(27.3528,346.137,1.895)	24.0487	-63.0366
7.814938057924	0	(24.8396,261.805,1.895)	60.3466	-68.3727
7.837166061508	5	(27.1463,368.267,1.895)	46.1796	-71.331
7.838344002282	2	(24.3711,311.997,1.895)	10.5892	-55.6539
7.849164134695	6	(23.7159,382.194,1.895)	60.2287	-68.3039
7.904416990746	1	(24.6182,285.52,1.895)	34.6925	-67.8479
7.906714331009	7	(26.8462,400.417,1.895)	80.3356	-72.0238
7.913647731778	4	(27.3709,344.2,1.895)	24.1164	-62.9299
7.914938057924	0	(24.8583,259.8,1.895)	60.3469	-68.3728
7.937166061508	5	(27.1634,366.431,1.895)	46.3481	-71.4954
7.938344002282	2	(24.3889,310.09,1.895)	10.4968	-55.6081
7.949164134695	6	(23.7346,380.194,1.895)	60.2331	-68.3065
8.004416990746	1	(24.6365,283.56,1.895)	34.6502	-67.7956
8.006714331009	7	(26.8648,398.427,1.895)	80.3484	-72.0186
8.013647731778	4	(27.389,342.266,1.895)	24.1855	-62.8186
8.014938057924	0	(24.8771,257.789,1.895)	60.3547	-68.3774
8.037166061508	5	(27.1806,364.588,1.895)	46.508	-71.6276
8.038344002282	2	(24.4068,308.175,1.895)	10.4132	-55.4265
8.049164134695	6	(23.7533,378.185,1.895)	60.2273	-68.3031
8.104416990746	1	(24.655,281.585,1.895)	34.6214	-67.7583
8.106714331009	7	(26.8834,396.433,1.895)	80.3586	-72.0145
8.113647731778	4	(27.4071,340.327,1.895)	24.2497	-62.7145
8.114938057924	0	(24.8958,255.787,1.895)	60.353	-68.3765
8.130686788412	8	(26.6976,416.34,1.895)	100.267	-71.1878
8.137166061508	5	(27.1978,362.744,1.895)	46.6682	-71.7347
8.138344002282	2	(24.4246,306.262,1.895)	10.3266	-55.1492
8.149164134695	6	(23.7721,376.178,1.895)	60.2238	-68.3011
8.204416990746	1	(24.6733,279.622,1.895)	34.5734	-67.6938
8.206714331009	7	(26.902,394.443,1.895)	80.3795	-72.006
8.213647731778	4	(27.4251,338.395,1.895)	24.3288	-62.5876
8.214938057924	0	(24.9145,253.783,1.895)	60.3459	-68.3723
8.230686788412	8	(26.7147,414.503,1.895)	100.44	-71.2188
8.237166061508	5	(27.2151,360.893,1.895)	46.828	-71.8152
8.238344002282	2	(24.4426,304.343,1.895)	10.2401	-54.8687
8.249164134695	6	(23.7908,374.177,1.895)	60.2335	-68.3067
8.304416990746	1	(24.6916,277.66,1.895)	34.5361	-67.6414
8.306714331009	7	(26.9206,392.452,1.895)	80.3885	-72.0024
8.313647731778	4	(27.4432,336.454,1.895)	24.3874	-62.4954
8.314938057924	0	(24.9331,251.781,1.895)	60.3484	-68.3737
8.330686788412	8	(26.732,412.655,1.895)	100.592	-71.2463
8.337166061508	5	(27.2323,359.049,1.895)	46.9835	-71.8673
8.338344002282	2	(24.4604,302.433,1.895)	10.155	-54.6704
8.349164134695	6	(23.8094,372.175,1.895)	60.2315	-68.3056
8.404416990746	1	(24.71,275.694,1.895)	34.5001	-67.5891
8.406714331009	7	(26.939,390.477,1.895)	80.4154	-71.9915
8.413647731778	4	(27.4612,334.524,1.895)	24.46	-62.3847
8.414938057924	0	(24.9519,249.769,1.895)	60.3578	-68.3793
8.430686788412	8	(26.7492,410.811,1.895)	100.75	-71.2753
8.437166061508	5	(27.2496,357.193,1.895)	47.1303	-71.8925
8.438344002282	2	(24.4783,300.518,1.895)	10.0721	-54.5961
8.449164134695	6	(23.8281,370.172,1.895)	60.2315	-68.3055
8.504416990746	1	(24.7284,273.721,1.895)	34.4695	-67.5433
8.506714331009	7	(26.9575,388.488,1.895)	80.4307	-71.9854
8.513647731778	4	(27.4793,332.589,1.895)	24.5288	-62.2845
8.514938057924	0	(24.9706,247.769,1.895)	60.3537	-68.3769
8.530686788412	8	(26.7663,408.981,1.895)	100.924	-71.3077
8.537166061508	5	(27.2668,355.356,1.895)	47.297	-71.8935
8.538344002282	2	(24.4962,298.599,1.895)	9.99211	-54.6388
8.549164134695	6	(23.8468,368.172,1.895)	60.2354	-68.3078
8.604416990746	1	(24.7467,271.752,1.895)	34.4267	-67.4776
8.606714331009	7	(26.976,386.516,1.895)	80.4704	-71.9695
8.613647731778	4	(27.4974,330.65,1.895)	24.6015	-62.1846
8.614938057924	0	(24.9893,245.764,1.895)	60.3475	-68.3732
8.630686788412	8	(26.7836,407.129,1.895)	101.084	-71.3377
8.637166061508	5	(27.284,353.512,1.895)	47.465	-71.8657
8.638344002282	2	(24.5141,296.678,1.895)	9.90616	-54.7679
8.649164134695	6	(23.8656,366.161,1.895)	60.2357	-68.3079
8.704416990746	1	(24.7651,269.78,1.895)	34.3934	-67.4249
8.706714331009	7	(26.9943,384.547,1.895)	80.5059	-71.9554
8.713647731778	4	(27.5156,328.7,1.895)	24.6567	-62.1133
8.714938057924	0	(25.008,243.757,1.895)	60.3498	-68.3745
8.730686788412	8	(26.8007,405.296,1.895)	101.256	-71.3705
8.737166061508	5	(27.3013,351.663,1.895)	47.6206	-71.8158
8.738344002282	2	(24.532,294.76,1.895)	9.82444	-54.8908
8.749164134695	6	(23.8842,364.162,1.895)	60.2411	-68.3111
8.804416990746	1	(24.7835,267.811,1.895)	34.3515	-67.357
8.806714331009	7	(27.0128,382.567,1.895)	80.5375	-71.9429
8.813647731778	4	(27.5338,326.751,1.895)	24.7197	-62.0371
8.814938057924	0	(25.0268,241.747,1.895)	60.3484	-68.3737
8.830686788412	8	(26.8179,403.452,1.895)	101.423	-71.4027
8.837166061508	5	(27.3187,349.795,1.895)	47.7647	-71.7503
8.838344002282	2	(24.5499,292.838,1.895)	9.74066	-54.9207
8.849164134695	6	(23.903,362.15,1.895)	60.2409	-68.3109
8.904416990746	1	(24.802,265.829,1.895)	34.3214	-67.3072
8.906714331009	7	(27.0313,380.586,1.895)	80.5684	-71.9307
8.913647731778	4	(27.552,324.8,1.895)	24.78	-61.97
8.914938057924	0	(25.0455,239.739,1.895)	60.3443	-68.3713
8.930686788412	8	(26.8351,401.606,1.895)	101.589	-71.435
8.937166061508	5	(27.336,347.935,1.895)	47.9162	-71.6635
8.938344002282	2	(24.5679,290.916,1.895)	9.65657	-54.7952
8.949164134695	6	(23.9218,360.14,1.895)	60.2429	-68.3121
9.004416990746	1	(24.8204,263.856,1.895)	34.2841	-67.2442
9.006714331009	7	(27.0498,378.602,1.895)	80.595	-71.9203
9.013647731778	4	(27.5702,322.846,1.895)	24.8362	-61.9127
9.014938057924	0	(25.0642,237.738,1.895)	60.3351	-68.3659
9.030686788412	8	(26.8524,399.757,1.895)	101.751	-71.467
9.037166061508	5	(27.3535,346.065,1.895)	48.0564	-71.5684
9.038344002282	2	(24.5859,288.981,1.895)	9.58554	-54.5851
9.049164134695	6	(23.9405,358.132,1.895)	60.2452	-68.3135
9.104416990746	1	(24.8388,261.892,1.895)	34.249	-67.1839
9.106714331009	7	(27.0683,376.623,1.895)	80.6152	-71.9124
9.113647731778	4	(27.5885,320.891,1.895)	24.8816	-61.8701
9.114938057924	0	(25.083,235.729,1.895)	60.3441	-68.3712
9.130686788412	8	(26.8697,397.903,1.895)	101.897	-71.496
9.137166061508	5	(27.371,344.191,1.895)	48.1827	-71.4722
9.138344002282	2	(24.604,287.048,1.895)	9.52291	-54.3677
9.143004710367	9	(26.6976,416.34,1.895)	120.335	-77.3607
9.149164134695	6	(23.9592,356.132,1.895)	60.2448	-68.3132
9.204416990746	1	(24.8573,259.911,1.895)	34.2239	-67.14
9.206714331009	7	(27.0868,374.635,1.895)	80.6341	-71.9051
9.213647731778	4	(27.6066,318.946,1.895)	24.9425	-61.8188
9.214938057924	0	(25.1017,233.721,1.895)	60.3463	-68.3725
9.230686788412	8	(26.887,396.049,1.895)	102.049	-71.5267
9.237166061508	5	(27.3885,342.316,1.895)	48.3133	-71.3634
9.238344002282	2	(24.6219,285.127,1.895)	9.44268	-54.1224
9.243004710367	9	(26.7134,414.649,1.895)	120.649	-77.4999
9.249164134695	6	(23.9778,354.132,1.895)	60.2513	-68.317
9.304416990746	1	(24.8757,257.932,1.895)	34.199	-67.0962
9.306714331009	7	(27.1053,372.657,1.895)	80.6596	-71.8952
9.313647731778	4	(27.6248,316.993,1.895)	24.9937	-61.7806
9.314938057924	0	(25.1204,231.714,1.895)	60.3484	-68.3737
9.330686788412	8	(26.9044,394.184,1.895)	102.187	-71.5549
9.337166061508	5	(27.406,340.44,1.895)	48.4415	-71.2488
9.338344002282	2	(24.6399,283.196,1.895)	9.37396	-53.9955
9.343004710367	9	(26.7292,412.95,1.895)	120.954	-77.6363
9.349164134695	6	(23.9965,352.132,1.895)	60.2547	-68.319
9.404416990746	1	(24.8942,255.953,1.895)	34.1701	-67.0447
9.406714331009	7	(27.1238,370.678,1.895)	80.6885	-71.884
9.413647731778	4	(27.6431,315.04,1.895)	25.0481	-61.7453
9.414938057924	0	(25.1392,229.705,1.895)	60.3501	-68.3747
9.430686788412	8	(26.9218,392.323,1.895)	102.334	-71.5851
9.437166061508	5	(27.4235,338.567,1.895)	48.5766	-71.121
9.438344002282	2	(24.6579,281.266,1.895)	9.30175	-53.97
9.443004710367	9	(26.7452,411.241,1.895)	121.253	-77.7716
9.449164134695	6	(24.0152,350.127,1.895)	60.2583	-68.3211
9.504416990746	1	(24.9127,253.974,1.895)	34.1456	-67.0005
9.506714331009	7	(27.1423,368.693,1.895)	80.7076	-71.8767
9.513647731778	4	(27.6614,313.08,1.895)	25.0921	-61.7206
9.514938057924	0	(25.1579,227.702,1.895)	60.3492	-68.3742
9.530686788412	8	(26.9392,390.457,1.895)	102.473	-71.6138
9.537166061508	5	(27.4411,336.682,1.895)	48.6951	-71.0041
9.538344002282	2	(24.676,279.336,1.895)	9.23225	-54.0376
9.543004710367	9	(26.7612,409.527,1.895)	121.543	-77.9039
9.549164134695	6	(24.0339,348.123,1.895)	60.2579	-68.3208
9.604416990746	1	(24.9311,251.995,1.895)	34.1125	-66.9403
9.606714331009	7	(27.1608,366.71,1.895)	80.7368	-71.8655
9.613647731778	4	(27.6795,311.133,1.895)	25.1571	-61.6907
9.614938057924	0	(25.1765,225.703,1.895)	60.3365	-68.3667
9.630686788412	8	(26.9567,388.584,1.895)	102.612	-71.6428
9.637166061508	5	(27.4586,334.801,1.895)	48.8265	-70.8702
9.638344002282	2	(24.694,277.401,1.895)	9.16048	-54.1529
9.643004710367	9	(26.7772,407.808,1.895)	121.837	-78.0391
9.649164134695	6	(24.0527,346.113,1.895)	60.26	-68.322
9.704416990746	1	(24.9495,250.027,1.895)	34.0793	-66.8793
9.706714331009	7	(27.1793,364.728,1.895)	80.7561	-71.8581
9.713647731778	4	(27.6979,309.17,1.895)	25.1949	-61.677
9.714938057924	0	(25.1953,223.694,1.895)	60.3435	-68.3708
9.730686788412	8	(26.9741,386.713,1.895)	102.742	-71.6704
9.737166061508	5	(27.4761,332.925,1.895)	48.9516	-70.7396
9.738344002282	2	(24.7121,275.466,1.895)	9.09929	-54.2299
9.743004710367	9	(26.7934,406.081,1.895)	122.11	-78.1666
9.749164134695	6	(24.0714,344.11,1.895)	60.2584	-68.3211
9.804416990746	1	(24.9679,248.054,1.895)	34.0506	-66.8259
9.806714331009	7	(27.1978,362.747,1.895)	80.7768	-71.8502
9.813647731778	4	(27.7161,307.213,1.895)	25.2403	-61.664
9.814938057924	0	(25.214,221.692,1.895)	60.3441	-68.3712
9.830686788412	8	(26.9916,384.843,1.895)	102.874	-71.6984
9.837166061508	5	(27.4938,331.037,1.895)	49.0661	-70.6182
9.838344002282	2	(24.73,273.542,1.895)	9.02625	-54.2262
9.843004710367	9	(26.8094,404.359,1.895)	122.39	-78.2981
9.849164134695	6	(24.0902,342.098,1.895)	60.2488	-68.3155
9.904416990746	1	(24.9864,246.076,1.895)	34.0211	-66.7707
9.906714331009	7	(27.2163,360.764,1.895)	80.8015	-71.8408
9.913647731778	4	(27.7344,305.257,1.895)	25.292	-61.6539
9.914938057924	0	(25.2327,219.685,1.895)	60.3433	-68.3707
9.930686788412	8	(27.0091,382.967,1.895)	103.006	-71.7267
9.937166061508	5	(27.5114,329.151,1.895)	49.1877	-70.4879
9.938344002282	2	(24.7481,271.607,1.895)	8.95861	-54.1002
9.943004710367	9	(26.8256,402.628,1.895)	122.668	-78.4296
9.949164134695	6	(24.1089,340.087,1.895)	60.2449	-68.3133
10.004416990746	1	(25.0049,244.093,1.895)	33.9974	-66.7261
10.006714331009	7	(27.2348,358.779,1.895)	80.8239	-71.8324
10.013647731778	4	(27.7527,303.298,1.895)	25.3405	-61.6491
10.014938057924	0	(25.2514,217.678,1.895)	60.3429	-68.3705
10.030686788412	8	(27.0266,381.09,1.895)	103.135	-71.7547
10.037166061508	5	(27.529,327.26,1.895)	49.303	-70.3636
10.038344002282	2	(24.7661,269.674,1.895)	8.88956	-53.8785
10.043004710367	9	(26.8418,400.892,1.895)	122.938	-78.5592
10.049164134695	6	(24.1277,338.08,1.895)	60.2452	-68.3135
10.104416990746	1	(25.0234,242.111,1.895)	33.9765	-66.6867
10.106714331009	7	(27.2534,356.795,1.895)	80.8421	-71.8255
10.113647731778	4	(27.7709,301.342,1.895)	25.3873	-61.6485
10.114938057924	0	(25.2702,215.671,1.895)	60.3471	-68.373
10.130686788412	8	(27.0442,379.207,1.895)	103.256	-71.7809
10.137166061508	5	(27.5467,325.364,1.895)	49.41	-70.248
10.138344002282	2	(24.7842,267.735,1.895)	8.83061	-53.669
10.143004710367	9	(26.8581,399.145,1.895)	123.194	-78.6829
10.149164134695	6	(24.1464,336.069,1.895)	60.2369	-68.3087
10.204416990746	1	(25.0419,240.125,1.895)	33.9623	-66.6596
10.206714331009	7	(27.2718,354.814,1.895)	80.8625	-71.8179
10.213647731778	4	(27.7891,299.391,1.895)	25.4369	-61.6525
10.214938057924	0	(25.2889,213.663,1.895)	60.355	-68.3776
10.230686788412	8	(27.0617,377.325,1.895)	103.374	-71.8068
10.237166061508	5	(27.5643,323.477,1.895)	49.5241	-70.1251
10.238344002282	2	(24.8024,265.788,1.895)	8.78089	-53.5173
10.243004710367	9	(26.8744,397.397,1.895)	123.447	-78.8057
10.249164134695	6	(24.1652,334.061,1.895)	60.2294	-68.3043
10.304416990746	1	(25.0605,238.138,1.895)	33.948	-66.6325
10.306714331009	7	(27.2902,352.844,1.895)	80.8933	-71.8063
10.313647731778	4	(27.8074,297.436,1.895)	25.4829	-61.6603
10.314938057924	0	(25.3076,211.658,1.895)	60.3586	-68.3798
10.330686788412	8	(27.0793,375.446,1.895)	103.496	-71.8338
10.337166061508	5	(27.5819,321.589,1.895)	49.6368	-70.0043
10.338344002282	2	(24.8206,263.843,1.895)	8.72892	-53.4099
10.343004710367	9	(26.8908,395.642,1.895)	123.693	-78.9265
10.349164134695	6	(24.184,332.05,1.895)	60.2189	-68.2983
10.404416990746	1	(25.0789,236.164,1.895)	33.9172	-66.5735
10.406714331009	7	(27.3087,350.864,1.895)	80.9177	-71.7972
10.413647731778	4	(27.8256,295.479,1.895)	25.5309	-61.6727
10.414938057924	0	(25.3264,209.652,1.895)	60.3593	-68.3801
10.430686788412	8	(27.0968,373.571,1.895)	103.627	-71.8629
10.437166061508	5	(27.5996,319.7,1.895)	49.7525	-69.8813
10.438344002282	2	(24.8388,261.892,1.895)	8.67862	-53.3688
10.443004710367	9	(26.9072,393.886,1.895)	123.942	-79.0501
10.449164134695	6	(24.2027,330.046,1.895)	60.2205	-68.2992
10.504416990746	1	(25.0974,234.178,1.895)	33.8921	-66.5254
10.506714331009	7	(27.3271,348.892,1.895)	80.9577	-71.7824
10.513647731778	4	(27.8439,293.522,1.895)	25.5845	-61.6915
10.514938057924	0	(25.345,207.653,1.895)	60.3473	-68.3731
10.530686788412	8	(27.1144,371.679,1.895)	103.746	-71.8896
10.537166061508	5	(27.6173,317.802,1.895)	49.8657	-69.7621
10.538344002282	2	(24.8569,259.949,1.895)	8.61594	-53.4007
10.543004710367	9	(26.9235,392.134,1.895)	124.201	-79.1792
10.549164134695	6	(24.2214,328.038,1.895)	60.2233	-68.3008
10.604416990746	1	(25.1159,232.199,1.895)	33.8696	-66.4821
10.606714331009	7	(27.3456,346.908,1.895)	80.9745	-71.7762
10.613647731778	4	(27.8622,291.56,1.895)	25.6238	-61.7087
10.614938057924	0	(25.3637,205.649,1.895)	60.3504	-68.3749
10.630686788412	8	(27.132,369.802,1.895)	103.869	-71.9175
10.637166061508	5	(27.635,315.909,1.895)	49.9744	-69.6492
10.638344002282	2	(24.8751,257.995,1.895)	8.57211	-53.4616
10.643004710367	9	(26.94,390.369,1.895)	124.437	-79.2984
10.649164134695	6	(24.2401,326.033,1.895)	60.2196	-68.2987
10.704416990746	1	(25.1343,230.224,1.895)	33.839	-66.4231
10.706714331009	7	(27.3641,344.934,1.895)	81.0068	-71.7643
10.713647731778	4	(27.8805,289.605,1.895)	25.6753	-61.7355
10.714938057924	0	(25.3824,203.644,1.895)	60.3488	-68.3739
10.730686788412	8	(27.1497,367.905,1.895)	103.978	-71.9422
10.737166061508	5	(27.6527,314.004,1.895)	50.0754	-69.5456
10.738344002282	2	(24.8933,256.049,1.895)	8.51739	-53.5478
10.743004710367	9	(26.9564,388.616,1.895)	124.691	-79.4271
10.749164134695	6	(24.2589,324.023,1.895)	60.2154	-68.2963
10.804416990746	1	(25.1528,228.243,1.895)	33.8197	-66.3858
10.806714331009	7	(27.3825,342.952,1.895)	81.025	-71.7577
10.813647731778	4	(27.8988,287.641,1.895)	25.7116	-61.7573
10.814938057924	0	(25.4012,201.634,1.895)	60.3592	-68.3801
10.830686788412	8	(27.1673,366.016,1.895)	104.089	-71.9677
10.837166061508	5	(27.6704,312.112,1.895)	50.1834	-69.4365
10.838344002282	2	(24.9115,254.103,1.895)	8.46733	-53.5986
10.843004710367	9	(26.9729,386.841,1.895)	124.915	-79.5419
10.849164134695	6	(24.2776,322.017,1.895)	60.2098	-68.293
10.904416990746	1	(25.1713,226.26,1.895)	33.7976	-66.343
10.906714331009	7	(27.401,340.976,1.895)	81.0543	-71.747
10.913647731778	4	(27.9171,285.679,1.895)	25.7548	-61.7863
10.914938057924	0	(25.4199,199.625,1.895)	60.3624	-68.382
10.930686788412	8	(27.185,364.117,1.895)	104.196	-71.9923
10.937166061508	5	(27.6882,310.209,1.895)	50.2853	-69.3353
10.938344002282	2	(24.9296,252.161,1.895)	8.40917	-53.5812
10.943004710367	9	(26.9895,385.069,1.895)	125.149	-79.6625
10.949164134695	6	(24.2964,320.006,1.895)	60.2041	-68.2898
11.004416990746	1	(25.1898,224.281,1.895)	33.7706	-66.2907
11.006714331009	7	(27.4194,339,1.895)	81.0849	-71.7359
11.013647731778	4	(27.9355,283.709,1.895)	25.7914	-61.8135
11.014938057924	0	(25.4387,197.615,1.895)	60.3664	-68.3844
11.030686788412	8	(27.2027,362.223,1.895)	104.308	-72.0183
11.037166061508	5	(27.7059,308.304,1.895)	50.387	-69.2361
11.038344002282	2	(24.9478,250.211,1.895)	8.35682	-53.4799
11.043004710367	9	(27.0061,383.285,1.895)	125.371	-79.7779
11.049164134695	6	(24.315,318.004,1.895)	60.209	-68.2926
11.104416990746	1	(25.2084,222.29,1.895)	33.7561	-66.2624
11.106714331009	7	(27.4379,337.019,1.895)	81.1096	-71.727
11.113647731778	4	(27.9539,281.739,1.895)	25.8264	-61.8418
11.114938057924	0	(25.4574,195.61,1.895)	60.3655	-68.3838
11.130686788412	8	(27.2203,360.332,1.895)	104.423	-72.045
11.137166061508	5	(27.7238,306.385,1.895)	50.4742	-69.1524
11.138344002282	2	(24.966,248.266,1.895)	8.30123	-53.302
11.143004710367	9	(27.0227,381.506,1.895)	125.598	-79.8965
11.149164134695	6	(24.3338,315.999,1.895)	60.2095	-68.2929
11.204416990746	1	(25.2269,220.312,1.895)	33.7232	-66.1985
11.206714331009	7	(27.4565,335.028,1.895)	81.1285	-71.7202
11.213647731778	4	(27.9722,279.778,1.895)	25.8758	-61.8853
11.214938057924	0	(25.4761,193.605,1.895)	60.3606	-68.3809
11.230686788412	8	(27.2381,358.43,1.895)	104.531	-72.0703
11.237166061508	5	(27.7417,304.473,1.895)	50.5719	-69.0604
11.238344002282	2	(24.9842,246.312,1.895)	8.24984	-53.1132
11.243004710367	9	(27.0394,379.72,1.895)	125.822	-80.0144
11.249164134695	6	(24.3525,313.996,1.895)	60.2169	-68.2971
11.304416990746	1	(25.2454,218.328,1.895)	33.6966	-66.1468
11.306714331009	7	(27.475,333.046,1.895)	81.1584	-71.7094
11.313647731778	4	(27.9906,277.804,1.895)	25.9135	-61.9213
11.314938057924	0	(25.4948,191.604,1.895)	60.3498	-68.3746
11.330686788412	8	(27.2559,356.526,1.895)	104.639	-72.0957
11.337166061508	5	(27.7595,302.562,1.895)	50.673	-68.9672
11.338344002282	2	(25.0024,244.366,1.895)	8.18975	-52.9224
11.343004710367	9	(27.0562,377.922,1.895)	126.036	-80.1279
11.349164134695	6	(24.3712,311.984,1.895)	60.2167	-68.297
11.404416990746	1	(25.2639,216.345,1.895)	33.6782	-66.111
11.406714331009	7	(27.4935,331.065,1.895)	81.1776	-71.7026
11.413647731778	4	(28.009,275.832,1.895)	25.9422	-61.9504
11.414938057924	0	(25.5135,189.603,1.895)	60.35	-68.3746
11.430686788412	8	(27.2736,354.627,1.895)	104.741	-72.1201
11.437166061508	5	(27.7774,300.648,1.895)	50.759	-68.8894
11.438344002282	2	(25.0206,242.407,1.895)	8.15161	-52.8418
11.443004710367	9	(27.0729,376.127,1.895)	126.242	-80.2381
11.449164134695	6	(24.39,309.973,1.895)	60.2061	-68.2909
11.504416990746	1	(25.2823,214.368,1.895)	33.6523	-66.0606
11.506714331009	7	(27.5119,329.089,1.895)	81.2049	-71.6929
11.513647731778	4	(28.0273,273.87,1.895)	25.9836	-61.9948
11.514938057924	0	(25.5322,187.602,1.895)	60.348	-68.3735
11.530686788412	8	(27.2913,352.725,1.895)	104.842	-72.1442
11.537166061508	5	(27.7953,298.73,1.895)	50.8452	-68.813
11.538344002282	2	(25.0389,240.449,1.895)	8.11002	-52.8005
11.543004710367	9	(27.0897,374.333,1.895)	126.451	-80.3505
11.549164134695	6	(24.4087,307.969,1.895)	60.2053	-68.2905
11.604416990746	1	(25.3009,212.383,1.895)	33.6351	-66.0273
11.606714331009	7	(27.5305,327.106,1.895)	81.2237	-71.6862
11.613647731778	4	(28.0456,271.908,1.895)	26.0235	-62.0403
11.614938057924	0	(25.5509,185.593,1.895)	60.3546	-68.3774
11.630686788412	8	(27.3091,350.821,1.895)	104.94	-72.1677
11.637166061508	5	(27.8131,296.821,1.895)	50.9375	-68.7328
11.638344002282	2	(25.0571,238.502,1.895)	8.05959	-52.8143
11.643004710367	9	(27.1065,372.532,1.895)	126.652	-80.4591
11.649164134695	6	(24.4274,305.966,1.895)	60.2041	-68.2898
11.704416990746	1	(25.3195,210.39,1.895)	33.621	-65.9998
11.706714331009	7	(27.5489,325.133,1.895)	81.2582	-71.674
11.713647731778	4	(28.064,269.944,1.895)	26.067	-62.0928
11.714938057924	0	(25.5696,183.591,1.895)	60.3489	-68.374
11.730686788412	8	(27.3269,348.913,1.895)	105.039	-72.1915
11.737166061508	5	(27.8309,294.911,1.895)	51.0353	-68.6498
11.738344002282	2	(25.0753,236.553,1.895)	8.00603	-52.8836
11.743004710367	9	(27.1233,370.731,1.895)	126.858	-80.5716
11.749164134695	6	(24.4461,303.959,1.895)	60.2055	-68.2906
11.804416990746	1	(25.338,208.407,1.895)	33.5961	-65.9516
11.806714331009	7	(27.5673,323.159,1.895)	81.2923	-71.662
11.813647731778	4	(28.0823,267.977,1.895)	26.1081	-62.1454
11.814938057924	0	(25.5883,181.586,1.895)	60.3457	-68.3721
11.830686788412	8	(27.3446,347.017,1.895)	105.152	-72.2188
11.837166061508	5	(27.8489,292.99,1.895)	51.1225	-68.5775
11.838344002282	2	(25.0935,234.596,1.895)	7.95941	-52.9546
11.843004710367	9	(27.1402,368.923,1.895)	127.059	-80.6814
11.849164134695	6	(24.4648,301.96,1.895)	60.2141	-68.2955
11.904416990746	1	(25.3565,206.426,1.895)	33.5734	-65.9076
11.906714331009	7	(27.5857,321.185,1.895)	81.3226	-71.6514
11.913647731778	4	(28.1008,265.999,1.895)	26.1337	-62.1794
11.914938057924	0	(25.607,179.581,1.895)	60.3471	-68.3729
11.930686788412	8	(27.3624,345.114,1.895)	105.253	-72.2434
11.937166061508	5	(27.8667,291.077,1.895)	51.213	-68.5041
11.938344002282	2	(25.1118,232.637,1.895)	7.91952	-52.9934
11.943004710367	9	(27.1569,367.126,1.895)	127.265	-80.7953
11.949164134695	6	(24.4835,299.954,1.895)	60.2119	-68.2942
12.004416990746	1	(25.3749,204.446,1.895)	33.5462	-65.8551
12.006714331009	7	(27.6041,319.213,1.895)	81.3578	-71.6392
12.013647731778	4	(28.1191,264.033,1.895)	26.1749	-62.2364
12.014938057924	0	(25.6257,177.579,1.895)	60.3419	-68.3699
12.030686788412	8	(27.3802,343.206,1.895)	105.352	-72.2676
12.037166061508	5	(27.8848,289.141,1.895)	51.2841	-68.4477
12.038344002282	2	(25.1301,230.677,1.895)	7.87629	-52.9872
12.043004710367	9	(27.1738,365.32,1.895)	127.466	-80.9069
12.049164134695	6	(24.5023,297.946,1.895)	60.2114	-68.294
12.104416990746	1	(25.3935,202.462,1.895)	33.5229	-65.8101
12.106714331009	7	(27.6226,317.227,1.895)	81.379	-71.6319
12.113647731778	4	(28.1375,262.061,1.895)	26.2102	-62.2872
12.114938057924	0	(25.6444,175.576,1.895)	60.3377	-68.3674
12.130686788412	8	(27.3979,341.304,1.895)	105.457	-72.2936
12.137166061508	5	(27.9027,287.225,1.895)	51.3754	-68.3769
12.138344002282	2	(25.1484,228.719,1.895)	7.83112	-52.914
12.143004710367	9	(27.1907,363.505,1.895)	127.659	-81.0145
12.149164134695	6	(24.5209,295.945,1.895)	60.2176	-68.2975
12.204416990746	1	(25.412,200.475,1.895)	33.5042	-65.7741
12.206714331009	7	(27.6411,315.251,1.895)	81.4093	-71.6214
12.213647731778	4	(28.156,260.086,1.895)	26.2417	-62.3341
12.214938057924	0	(25.6632,173.567,1.895)	60.3407	-68.3692
12.230686788412	8	(27.4158,339.393,1.895)	105.552	-72.3172
12.237166061508	5	(27.9206,285.299,1.895)	51.456	-68.3158
12.238344002282	2	(25.1667,226.759,1.895)	7.78941	-52.7917
12.243004710367	9	(27.2076,361.695,1.895)	127.855	-81.1244
12.249164134695	6	(24.5397,293.936,1.895)	60.2148	-68.2959
12.304416990746	1	(25.4305,198.49,1.895)	33.4809	-65.7293
12.306714331009	7	(27.6595,313.277,1.895)	81.4439	-71.6096
12.313647731778	4	(28.1744,258.113,1.895)	26.2769	-62.3884
12.314938057924	0	(25.6819,171.556,1.895)	60.3433	-68.3707
12.330686788412	8	(27.4336,337.482,1.895)	105.65	-72.3415
12.337166061508	5	(27.9386,283.373,1.895)	51.538	-68.2552
12.338344002282	2	(25.185,224.799,1.895)	7.7458	-52.6313
12.343004710367	9	(27.2246,359.871,1.895)	128.039	-81.2285
12.349164134695	6	(24.5584,291.931,1.895)	60.2175	-68.2975
12.404416990746	1	(25.4492,196.494,1.895)	33.4677	-65.7041
12.406714331009	7	(27.678,311.295,1.895)	81.4712	-71.6003
12.413647731778	4	(28.1928,256.138,1.895)	26.3112	-62.443
12.414938057924	0	(25.7007,169.544,1.895)	60.3457	-68.3721
12.430686788412	8	(27.4515,335.57,1.895)	105.747	-72.3657
12.437166061508	5	(27.9566,281.447,1.895)	51.6215	-68.1949
12.438344002282	2	(25.2033,222.841,1.895)	7.69936	-52.4612
12.443004710367	9	(27.2416,358.049,1.895)	128.227	-81.3349
12.449164134695	6	(24.5772,289.92,1.895)	60.216	-68.2966
12.504416990746	1	(25.4677,194.506,1.895)	33.4542	-65.6783
12.506714331009	7	(27.6965,309.318,1.895)	81.4946	-71.5923
12.513647731778	4	(28.2113,254.155,1.895)	26.3289	-62.4718
12.514938057924	0	(25.7194,167.539,1.895)	60.3499	-68.3746
12.530686788412	8	(27.4693,333.655,1.895)	105.833	-72.3874
12.537166061508	5	(27.9746,279.514,1.895)	51.6892	-68.1471
12.538344002282	2	(25.2216,220.873,1.895)	7.66978	-52.3706
12.543004710367	9	(27.2586,356.228,1.895)	128.407	-81.4375
12.549164134695	6	(24.5959,287.911,1.895)	60.2079	-68.292
12.604416990746	1	(25.4863,192.514,1.895)	33.4475	-65.6654
12.606714331009	7	(27.715,307.332,1.895)	81.5083	-71.5877
12.613647731778	4	(28.2297,252.185,1.895)	26.3589	-62.5216
12.614938057924	0	(25.7381,165.536,1.895)	60.3531	-68.3765
12.630686788412	8	(27.4873,331.734,1.895)	105.911	-72.4071
12.637166061508	5	(27.9927,277.578,1.895)	51.753	-68.1029
12.638344002282	2	(25.2399,218.91,1.895)	7.63643	-52.2965
12.643004710367	9	(27.2757,354.4,1.895)	128.579	-81.536
12.649164134695	6	(24.6147,285.904,1.895)	60.2004	-68.2876
12.704416990746	1	(25.5049,190.527,1.895)	33.4345	-65.6406
12.706714331009	7	(27.7335,305.349,1.895)	81.5244	-71.5823
12.713647731778	4	(28.2482,250.208,1.895)	26.3813	-62.5594
12.714938057924	0	(25.7569,163.525,1.895)	60.3643	-68.3831
12.730686788412	8	(27.5052,329.807,1.895)	105.984	-72.4256
12.737166061508	5	(28.0107,275.646,1.895)	51.8201	-68.0575
12.738344002282	2	(25.2583,216.942,1.895)	7.60783	-52.261
12.743004710367	9	(27.2928,352.567,1.895)	128.745	-81.6317
12.749164134695	6	(24.6334,283.897,1.895)	60.1928	-68.2833
12.804416990746	1	(25.5235,188.534,1.895)	33.4176	-65.6086
12.806714331009	7	(27.7521,303.362,1.895)	81.5487	-71.5741
12.813647731778	4	(28.2665,248.24,1.895)	26.4235	-62.6328
12.814938057924	0	(25.7756,161.523,1.895)	60.3566	-68.3786
12.830686788412	8	(27.5231,327.889,1.895)	106.076	-72.4489
12.837166061508	5	(28.0288,273.711,1.895)	51.8962	-68.007
12.838344002282	2	(25.2766,214.984,1.895)	7.56123	-52.2591
12.843004710367	9	(27.31,350.723,1.895)	128.912	-81.7282
12.849164134695	6	(24.6521,281.894,1.895)	60.201	-68.288
12.904416990746	1	(25.542,186.549,1.895)	33.395	-65.5656
12.906714331009	7	(27.7706,301.379,1.895)	81.5726	-71.5661
12.913647731778	4	(28.285,246.263,1.895)	26.4542	-62.6876
12.914938057924	0	(25.7943,159.521,1.895)	60.3503	-68.3749
12.930686788412	8	(27.5411,325.961,1.895)	106.156	-72.4694
12.937166061508	5	(28.0468,271.786,1.895)	51.9787	-67.9538
12.938344002282	2	(25.295,213.017,1.895)	7.52492	-52.2963
12.943004710367	9	(27.3271,348.89,1.895)	129.086	-81.8295
12.949164134695	6	(24.6709,279.882,1.895)	60.1967	-68.2856
13.004416990746	1	(25.5605,184.564,1.895)	33.3696	-65.5177
13.006714331009	7	(27.789,299.408,1.895)	81.6117	-71.553
13.013647731778	4	(28.3034,244.286,1.895)	26.4871	-62.7477
13.014938057924	0	(25.813,157.51,1.895)	60.3513	-68.3754
13.030686788412	8	(27.5592,324.03,1.895)	106.235	-72.4896
13.037166061508	5	(28.0649,269.843,1.895)	52.0459	-67.9114
13.038344002282	2	(25.3133,211.054,1.895)	7.48195	-52.3605
13.043004710367	9	(27.3443,347.046,1.895)	129.252	-81.9266
13.049164134695	6	(24.6896,277.878,1.895)	60.2024	-68.2888
13.104416990746	1	(25.5791,182.569,1.895)	33.3549	-65.49
13.106714331009	7	(27.8074,297.428,1.895)	81.6423	-71.5429
13.113647731778	4	(28.322,242.301,1.895)	26.5129	-62.7955
13.114938057924	0	(25.8318,155.504,1.895)	60.3476	-68.3732
13.130686788412	8	(27.577,322.118,1.895)	106.333	-72.5149
13.137166061508	5	(28.083,267.899,1.895)	52.112	-67.8707
13.138344002282	2	(25.3316,209.095,1.895)	7.43563	-52.4149
13.143004710367	9	(27.3616,345.201,1.895)	129.418	-82.0236
13.149164134695	6	(24.7082,275.877,1.895)	60.2118	-68.2942
13.204416990746	1	(25.5978,180.572,1.895)	33.3452	-65.4717
13.206714331009	7	(27.826,295.443,1.895)	81.6631	-71.536
13.213647731778	4	(28.3404,240.323,1.895)	26.5415	-62.8496
13.214938057924	0	(25.8505,153.498,1.895)	60.3473	-68.3731
13.230686788412	8	(27.595,320.194,1.895)	106.415	-72.536
13.237166061508	5	(28.1012,265.953,1.895)	52.1721	-67.8345
13.238344002282	2	(25.3499,207.127,1.895)	7.40152	-52.4201
13.243004710367	9	(27.3787,343.367,1.895)	129.59	-82.1246
13.249164134695	6	(24.7269,273.878,1.895)	60.2189	-68.2983
13.304416990746	1	(25.6164,178.576,1.895)	33.3348	-65.4523
13.306714331009	7	(27.8445,293.462,1.895)	81.6893	-71.5274
13.313647731778	4	(28.3589,238.346,1.895)	26.5712	-62.9067
13.314938057924	0	(25.8692,151.496,1.895)	60.3424	-68.3702
13.330686788412	8	(27.613,318.258,1.895)	106.486	-72.5544
13.337166061508	5	(28.1193,264.018,1.895)	52.2442	-67.7921
13.338344002282	2	(25.3684,205.15,1.895)	7.3757	-52.3961
13.343004710367	9	(27.3959,341.521,1.895)	129.75	-82.2193
13.349164134695	6	(24.7456,271.875,1.895)	60.223	-68.3007
13.404416990746	1	(25.635,176.586,1.895)	33.321	-65.4265
13.406714331009	7	(27.8629,291.486,1.895)	81.7175	-71.5181
13.413647731778	4	(28.3773,236.367,1.895)	26.5958	-62.9548
13.414938057924	0	(25.8879,149.484,1.895)	60.3503	-68.3749
13.430686788412	8	(27.631,316.332,1.895)	106.564	-72.5747
13.437166061508	5	(28.1374,262.072,1.895)	52.3014	-67.7592
13.438344002282	2	(25.3867,203.182,1.895)	7.34311	-52.3296
13.443004710367	9	(27.4133,339.656,1.895)	129.889	-82.3017
13.449164134695	6	(24.7643,269.874,1.895)	60.2251	-68.3019
13.504416990746	1	(25.6537,174.585,1.895)	33.3221	-65.4285
13.506714331009	7	(27.8814,289.5,1.895)	81.7317	-71.5135
13.513647731778	4	(28.3958,234.392,1.895)	26.6212	-63.0049
13.514938057924	0	(25.9067,147.474,1.895)	60.3601	-68.3807
13.530686788412	8	(27.6489,314.413,1.895)	106.646	-72.5961
13.537166061508	5	(28.1555,260.133,1.895)	52.3626	-67.7247
13.538344002282	2	(25.4052,201.209,1.895)	7.31885	-52.2571
13.543004710367	9	(27.4306,337.806,1.895)	130.039	-82.391
13.549164134695	6	(24.783,267.87,1.895)	60.2214	-68.2997
13.604416990746	1	(25.6722,172.595,1.895)	33.3024	-65.3918
13.606714331009	7	(27.8999,287.524,1.895)	81.7647	-71.5028
13.613647731778	4	(28.4142,232.419,1.895)	26.6577	-63.0783
13.614938057924	0	(25.9254,145.475,1.895)	60.3497	-68.3745
13.630686788412	8	(27.6669,312.485,1.895)	106.727	-72.6174
13.637166061508	5	(28.1736,258.194,1.895)	52.4338	-67.6856
13.638344002282	2	(25.4236,199.234,1.895)	7.28856	-52.1477
13.643004710367	9	(27.4478,335.959,1.895)	130.202	-82.488
13.649164134695	6	(24.8017,265.868,1.895)	60.2287	-68.3039
13.704416990746	1	(25.6907,170.611,1.895)	33.2839	-65.3575
13.706714331009	7	(27.9183,285.553,1.895)	81.7958	-71.4928
13.713647731778	4	(28.4327,230.431,1.895)	26.6715	-63.1063
13.714938057924	0	(25.9441,143.467,1.895)	60.3559	-68.3781
13.730686788412	8	(27.6849,310.557,1.895)	106.802	-72.6371
13.737166061508	5	(28.1917,256.261,1.895)	52.5026	-67.6488
13.738344002282	2	(25.442,197.26,1.895)	7.26263	-52.0467
13.743004710367	9	(27.4652,334.102,1.895)	130.347	-82.5753
13.749164134695	6	(24.8204,263.862,1.895)	60.2256	-68.3021
13.804416990746	1	(25.7093,168.619,1.895)	33.2657	-65.3237
13.806714331009	7	(27.9367,283.584,1.895)	81.8375	-71.4793
13.813647731778	4	(28.4512,228.456,1.895)	26.7069	-63.1789
13.814938057924	0	(25.9628,141.458,1.895)	60.3539	-68.377
13.830686788412	8	(27.7029,308.63,1.895)	106.885	-72.659
13.837166061508	5	(28.2099,254.312,1.895)	52.5641	-67.6167
13.838344002282	2	(25.4603,195.3,1.895)	7.218	-51.8848
13.843004710367	9	(27.4825,332.248,1.895)	130.504	-82.6692
13.849164134695	6	(24.8391,261.858,1.895)	60.2317	-68.3057
13.904416990746	1	(25.728,166.625,1.895)	33.2519	-65.2983
13.906714331009	7	(27.9551,281.605,1.895)	81.8666	-71.4701
13.913647731778	4	(28.4698,226.466,1.895)	26.7247	-63.2159
13.914938057924	0	(25.9816,139.453,1.895)	60.351	-68.3753
13.930686788412	8	(27.7209,306.705,1.895)	106.968	-72.6811
13.937166061508	5	(28.2279,252.376,1.895)	52.6361	-67.5801
13.938344002282	2	(25.4787,193.326,1.895)	7.18804	-51.8014
13.943004710367	9	(27.4998,330.392,1.895)	130.656	-82.7607
13.949164134695	6	(24.8578,259.856,1.895)	60.2377	-68.3091
14.004416990746	1	(25.7466,164.63,1.895)	33.2468	-65.2889
14.006714331009	7	(27.9735,279.636,1.895)	81.8981	-71.4601
14.013647731778	4	(28.4883,224.475,1.895)	26.7344	-63.2361
14.014938057924	0	(26.0003,137.448,1.895)	60.3561	-68.3783
14.030686788412	8	(27.7389,304.773,1.895)	107.036	-72.6992
14.037166061508	5	(28.2462,250.419,1.895)	52.679	-67.5588
14.038344002282	2	(25.4971,191.358,1.895)	7.15968	-51.7501
14.043004710367	9	(27.5172,328.527,1.895)	130.791	-82.8424
14.049164134695	6	(24.8765,257.855,1.895)	60.2369	-68.3087
14.104416990746	1	(25.7652,162.633,1.895)	33.2318	-65.2614
14.106714331009	7	(27.9921,277.648,1.895)	81.9212	-71.4527
14.113647731778	4	(28.5068,222.493,1.895)	26.764	-63.2984
14.114938057924	0	(26.0191,135.436,1.895)	60.3561	-68.3783
14.130686788412	8	(27.7568,302.855,1.895)	107.129	-72.7242
14.137166061508	5	(28.2644,248.465,1.895)	52.7368	-67.5307
14.138344002282	2	(25.5155,189.383,1.895)	7.1271	-51.7275
14.143004710367	9	(27.5346,326.663,1.895)	130.938	-82.9317
14.149164134695	6	(24.8952,255.847,1.895)	60.2405	-68.3108
14.204416990746	1	(25.7839,160.633,1.895)	33.2245	-65.248
14.206714331009	7	(28.0106,275.666,1.895)	81.9465	-71.4448
14.213647731778	4	(28.5253,220.509,1.895)	26.7875	-63.3483
14.214938057924	0	(26.0377,133.433,1.895)	60.3513	-68.3755
14.230686788412	8	(27.7749,300.918,1.895)	107.2	-72.7431
14.237166061508	5	(28.2826,246.52,1.895)	52.7992	-67.5011
14.238344002282	2	(25.534,187.405,1.895)	7.1002	-51.7363
14.243004710367	9	(27.5519,324.807,1.895)	131.09	-83.0239
14.249164134695	6	(24.9139,253.847,1.895)	60.2478	-68.3149
14.304416990746	1	(25.8025,158.639,1.895)	33.2149	-65.2305
14.306714331009	7	(28.0291,273.683,1.895)	81.9681	-71.438
14.313647731778	4	(28.5439,218.522,1.895)	26.8047	-63.385
14.314938057924	0	(26.0565,131.429,1.895)	60.352	-68.3758
14.330686788412	8	(27.793,298.975,1.895)	107.261	-72.7594
14.337166061508	5	(28.3008,244.564,1.895)	52.8476	-67.4786
14.338344002282	2	(25.5525,185.423,1.895)	7.08155	-51.7541
14.343004710367	9	(27.5693,322.939,1.895)	131.226	-83.1066
14.349164134695	6	(24.9325,251.845,1.895)	60.2503	-68.3164
14.404416990746	1	(25.821,156.653,1.895)	33.1956	-65.1954
14.406714331009	7	(28.0476,271.696,1.895)	81.9861	-71.4324
14.413647731778	4	(28.5624,216.543,1.895)	26.8307	-63.4408
14.414938057924	0	(26.0752,129.42,1.895)	60.3554	-68.3779
14.430686788412	8	(27.8111,297.036,1.895)	107.327	-72.7775
14.437166061508	5	(28.319,242.614,1.895)	52.903	-67.4535
14.438344002282	2	(25.571,183.446,1.895)	7.05671	-51.7874
14.443004710367	9	(27.5869,321.055,1.895)	131.347	-83.1804
14.449164134695	6	(24.9513,249.834,1.895)	60.2444	-68.313
14.504416990746	1	(25.8396,154.659,1.895)	33.1896	-65.1845
14.506714331009	7	(28.0661,269.715,1.895)	82.0044	-71.4267
14.513647731778	4	(28.5808,214.563,1.895)	26.8502	-63.483
14.514938057924	0	(26.0939,127.42,1.895)	60.3555	-68.3779
14.530686788412	8	(27.8292,295.098,1.895)	107.389	-72.7942
14.537166061508	5	(28.3372,240.67,1.895)	52.9589	-67.4288
14.538344002282	2	(25.5894,181.473,1.895)	7.0324	-51.8234
14.543004710367	9	(27.6045,319.177,1.895)	131.469	-83.2546
14.549164134695	6	(24.9701,247.824,1.895)	60.234	-68.307
14.604416990746	1	(25.8582,152.675,1.895)	33.1629	-65.1363
14.606714331009	7	(28.0846,267.736,1.895)	82.0362	-71.4168
14.613647731778	4	(28.5994,212.58,1.895)	26.8785	-63.5446
14.614938057924	0	(26.1126,125.411,1.895)	60.3543	-68.3772
14.630686788412	8	(27.8473,293.157,1.895)	107.459	-72.8131
14.637166061508	5	(28.3554,238.716,1.895)	53.0149	-67.4046
14.638344002282	2	(25.6078,179.499,1.895)	7.00021	-51.8619
14.643004710367	9	(27.622,317.295,1.895)	131.598	-83.3333
14.649164134695	6	(24.9888,245.813,1.895)	60.2343	-68.3071
14.704416990746	1	(25.8768,150.674,1.895)	33.1577	-65.127
14.706714331009	7	(28.1031,265.746,1.895)	82.0532	-71.4115
14.713647731778	4	(28.6179,210.595,1.895)	26.9002	-63.592
14.714938057924	0	(26.1313,123.408,1.895)	60.3505	-68.375
14.730686788412	8	(27.8654,291.216,1.895)	107.524	-72.8309
14.737166061508	5	(28.3736,236.766,1.895)	53.072	-67.3806
14.738344002282	2	(25.6262,177.528,1.895)	6.969	-51.8732
14.743004710367	9	(27.6396,315.413,1.895)	131.722	-83.4096
14.749164134695	6	(25.0075,243.813,1.895)	60.2404	-68.3107
14.804416990746	1	(25.8955,148.677,1.895)	33.1505	-65.1141
14.806714331009	7	(28.1216,263.764,1.895)	82.0761	-71.4045
14.813647731778	4	(28.6364,208.607,1.895)	26.9167	-63.6282
14.814938057924	0	(26.1501,121.399,1.895)	60.355	-68.3776
14.830686788412	8	(27.8836,289.263,1.895)	107.576	-72.8451
14.837166061508	5	(28.3919,234.808,1.895)	53.1183	-67.3615
14.838344002282	2	(25.6447,175.547,1.895)	6.94791	-51.8598
14.843004710367	9	(27.6572,313.527,1.895)	131.841	-83.4825
14.849164134695	6	(25.0263,241.803,1.895)	60.2348	-68.3074
14.904416990746	1	(25.9141,146.686,1.895)	33.1362	-65.0884
14.906714331009	7	(28.1402,261.773,1.895)	82.0906	-71.4
14.913647731778	4	(28.6549,206.625,1.895)	26.9395	-63.6784
14.914938057924	0	(26.1688,119.395,1.895)	60.354	-68.377
14.930686788412	8	(27.9018,287.318,1.895)	107.636	-72.8616
14.937166061508	5	(28.4102,232.849,1.895)	53.1647	-67.3429
14.938344002282	2	(25.6631,173.574,1.895)	6.91945	-51.8117
14.943004710367	9	(27.6748,311.635,1.895)	131.954	-83.552
14.949164134695	6	(25.045,239.792,1.895)	60.2298	-68.3045
15.004416990746	1	(25.9326,144.696,1.895)	33.1248	-65.068
15.006714331009	7	(28.1588,259.782,1.895)	82.1005	-71.397
15.013647731778	4	(28.6735,204.637,1.895)	26.9527	-63.7075
15.014938057924	0	(26.1874,117.394,1.895)	60.3528	-68.3763
15.030686788412	8	(27.9199,285.375,1.895)	107.695	-72.8775
15.037166061508	5	(28.4284,230.895,1.895)	53.2118	-67.3244
15.038344002282	2	(25.6815,171.6,1.895)	6.89513	-51.7449
15.043004710367	9	(27.6925,309.744,1.895)	132.065	-83.62
15.049164134695	6	(25.0637,237.789,1.895)	60.2273	-68.3031
15.104416990746	1	(25.9512,142.711,1.895)	33.0984	-65.0212
15.106714331009	7	(28.1773,257.796,1.895)	82.1257	-71.3893
15.113647731778	4	(28.692,202.655,1.895)	26.9825	-63.7736
15.114938057924	0	(26.2062,115.388,1.895)	60.3473	-68.3731
15.130686788412	8	(27.9382,283.419,1.895)	107.75	-72.8927
15.137166061508	5	(28.4468,228.929,1.895)	53.2574	-67.3068
15.138344002282	2	(25.7,169.625,1.895)	6.86378	-51.633
15.143004710367	9	(27.7102,307.851,1.895)	132.183	-83.6927
15.149164134695	6	(25.0825,235.781,1.895)	60.2311	-68.3053
15.204416990746	1	(25.9698,140.712,1.895)	33.0982	-65.0209
15.206714331009	7	(28.1959,255.81,1.895)	82.1397	-71.385
15.213647731778	4	(28.7106,200.663,1.895)	26.9899	-63.7899
15.214938057924	0	(26.2249,113.386,1.895)	60.35	-68.3747
15.230686788412	8	(27.9563,281.478,1.895)	107.808	-72.9088
15.237166061508	5	(28.4651,226.969,1.895)	53.2969	-67.292
15.238344002282	2	(25.7183,167.659,1.895)	6.83477	-51.5175
15.243004710367	9	(27.7279,305.95,1.895)	132.282	-83.7534
15.249164134695	6	(25.1012,233.771,1.895)	60.2207	-68.2993
15.304416990746	1	(25.9883,138.726,1.895)	33.0801	-64.9891
15.306714331009	7	(28.2145,253.819,1.895)	82.1516	-71.3814
15.313647731778	4	(28.7291,198.681,1.895)	27.0118	-63.8385
15.314938057924	0	(26.2436,111.375,1.895)	60.358	-68.3794
15.330686788412	8	(27.9745,279.53,1.895)	107.864	-72.9244
15.337166061508	5	(28.4834,225.006,1.895)	53.3382	-67.2768
15.338344002282	2	(25.7368,165.674,1.895)	6.81784	-51.4513
15.343004710367	9	(27.7455,304.06,1.895)	132.396	-83.8235
15.349164134695	6	(25.1199,231.769,1.895)	60.2225	-68.3004
15.404416990746	1	(26.007,136.727,1.895)	33.0734	-64.9773
15.406714331009	7	(28.233,251.832,1.895)	82.1708	-71.3756
15.413647731778	4	(28.7477,196.69,1.895)	27.0261	-63.8703
15.414938057924	0	(26.2624,109.369,1.895)	60.3584	-68.3796
15.430686788412	8	(27.9927,277.577,1.895)	107.916	-72.9388
15.437166061508	5	(28.5016,223.053,1.895)	53.3901	-67.2581
15.438344002282	2	(25.7553,163.698,1.895)	6.79216	-51.3604
15.443004710367	9	(27.7632,302.165,1.895)	132.506	-83.8916
15.449164134695	6	(25.1387,229.761,1.895)	60.2203	-68.2991
15.504416990746	1	(26.0257,134.727,1.895)	33.0617	-64.9569
15.506714331009	7	(28.2515,249.85,1.895)	82.2003	-71.3667
15.513647731778	4	(28.7663,194.696,1.895)	27.0437	-63.9094
15.514938057924	0	(26.281,107.37,1.895)	60.3457	-68.3721
15.530686788412	8	(28.0109,275.625,1.895)	107.976	-72.9554
15.537166061508	5	(28.5199,221.091,1.895)	53.4402	-67.2405
15.538344002282	2	(25.7738,161.712,1.895)	6.76993	-51.297
15.543004710367	9	(27.7809,300.271,1.895)	132.624	-83.9642
15.549164134695	6	(25.1574,227.756,1.895)	60.2263	-68.3025
15.604416990746	1	(26.0442,132.742,1.895)	33.0396	-64.9183
15.606714331009	7	(28.2701,247.858,1.895)	82.2159	-71.362
15.613647731778	4	(28.7849,192.703,1.895)	27.0583	-63.942
15.614938057924	0	(26.2997,105.364,1.895)	60.344	-68.3711
15.630686788412	8	(28.0291,273.681,1.895)	108.04	-72.9734
15.637166061508	5	(28.5383,219.123,1.895)	53.4798	-67.227
15.638344002282	2	(25.7924,159.723,1.895)	6.75363	-51.262
15.643004710367	9	(27.7987,298.368,1.895)	132.728	-84.0286
15.649164134695	6	(25.1761,225.745,1.895)	60.2237	-68.3011
15.704416990746	1	(26.0628,130.744,1.895)	33.0296	-64.9011
15.706714331009	7	(28.2886,245.87,1.895)	82.2358	-71.356
15.713647731778	4	(28.8035,190.705,1.895)	27.0685	-63.9646
15.714938057924	0	(26.3184,103.362,1.895)	60.338	-68.3676
15.730686788412	8	(28.0473,271.728,1.895)	108.095	-72.9886
15.737166061508	5	(28.5566,217.156,1.895)	53.5202	-67.2134
15.738344002282	2	(25.8108,157.746,1.895)	6.72641	-51.2279
15.743004710367	9	(27.8163,296.479,1.895)	132.847	-84.1019
15.749164134695	6	(25.1949,223.739,1.895)	60.2249	-68.3017
15.804416990746	1	(26.0814,128.757,1.895)	33.0048	-64.8583
15.806714331009	7	(28.3072,243.886,1.895)	82.2633	-71.3478
15.813647731778	4	(28.8221,188.718,1.895)	27.093	-64.019
15.814938057924	0	(26.3372,101.35,1.895)	60.3381	-68.3677
15.830686788412	8	(28.0655,269.779,1.895)	108.158	-73.0062
15.837166061508	5	(28.5751,215.184,1.895)	53.5599	-67.2004
15.838344002282	2	(25.8293,155.766,1.895)	6.69912	-51.2236
15.843004710367	9	(27.8341,294.575,1.895)	132.955	-84.1683
15.849164134695	6	(25.2136,221.736,1.895)	60.2337	-68.3068
15.904416990746	1	(26.1,126.76,1.895)	32.9991	-64.8486
15.906714331009	7	(28.3258,241.894,1.895)	82.2743	-71.3445
15.913647731778	4	(28.8407,186.726,1.895)	27.1039	-64.0432
15.914938057924	0	(26.3559,99.3467,1.895)	60.3386	-68.3679
15.930686788412	8	(28.0836,267.834,1.895)	108.216	-73.0225
15.937166061508	5	(28.5934,213.219,1.895)	53.5986	-67.188
15.938344002282	2	(25.8478,153.786,1.895)	6.67905	-51.2368
15.943004710367	9	(27.8518,292.67,1.895)	133.053	-84.2286
15.949164134695	6	(25.2323,219.725,1.895)	60.2262	-68.3025
16.004416990746	1	(26.1187,124.765,1.895)	32.9888	-64.831
16.006714331009	7	(28.3443,239.908,1.895)	82.2943	-71.3386
16.013647731778	4	(28.8592,184.735,1.895)	27.1188	-64.0763
16.014938057924	0	(26.3746,97.3432,1.895)	60.3364	-68.3667
16.030686788412	8	(28.1019,265.881,1.895)	108.268	-73.0372
16.037166061508	5	(28.6117,211.256,1.895)	53.6405	-67.1749
16.038344002282	2	(25.8663,151.806,1.895)	6.657	-51.2627
16.043004710367	9	(27.8695,290.774,1.895)	133.162	-84.2959
16.049164134695	6	(25.251,217.724,1.895)	60.2305	-68.305
16.104416990746	1	(26.1373,122.771,1.895)	32.9787	-64.8138
16.106714331009	7	(28.3628,237.922,1.895)	82.3122	-71.3333
16.113647731778	4	(28.8779,182.741,1.895)	27.129	-64.0987
16.114938057924	0	(26.3933,95.34,1.895)	60.3351	-68.3659
16.130686788412	8	(28.1201,263.928,1.895)	108.32	-73.0519
16.137166061508	5	(28.6301,209.285,1.895)	53.6744	-67.1645
16.138344002282	2	(25.8848,149.822,1.895)	6.63846	-51.2891
16.143004710367	9	(27.8873,288.872,1.895)	133.264	-84.3589
16.149164134695	6	(25.2698,215.715,1.895)	60.2262	-68.3025
16.204416990746	1	(26.1559,120.777,1.895)	32.9712	-64.801
16.206714331009	7	(28.3814,235.928,1.895)	82.319	-71.3313
16.213647731778	4	(28.8965,180.744,1.895)	27.1332	-64.1082
16.214938057924	0	(26.412,93.3319,1.895)	60.3424	-68.3702
16.230686788412	8	(28.1383,261.977,1.895)	108.37	-73.0659
16.237166061508	5	(28.6485,207.31,1.895)	53.7001	-67.1568
16.238344002282	2	(25.9032,147.846,1.895)	6.61774	-51.3177
16.243004710367	9	(27.9051,286.962,1.895)	133.356	-84.4151
16.249164134695	6	(25.2885,213.707,1.895)	60.2186	-68.2981
16.304416990746	1	(26.1745,118.783,1.895)	32.9595	-64.7813
16.306714331009	7	(28.4001,233.932,1.895)	82.3299	-71.3281
16.313647731778	4	(28.915,178.757,1.895)	27.1526	-64.151
16.314938057924	0	(26.4308,91.3228,1.895)	60.3452	-68.3718
16.330686788412	8	(28.1566,260.014,1.895)	108.413	-73.0781
16.337166061508	5	(28.6669,205.341,1.895)	53.7371	-67.1458
16.338344002282	2	(25.9217,145.869,1.895)	6.59188	-51.3427
16.343004710367	9	(27.923,285.05,1.895)	133.45	-84.4731
16.349164134695	6	(25.3072,211.701,1.895)	60.2189	-68.2983
16.404416990746	1	(26.1932,116.778,1.895)	32.9559	-64.7752
16.406714331009	7	(28.4187,231.937,1.895)	82.3431	-71.3242
16.413647731778	4	(28.9336,176.771,1.895)	27.1745	-64.1992
16.414938057924	0	(26.4495,89.3138,1.895)	60.3462	-68.3725
16.430686788412	8	(28.1749,258.053,1.895)	108.46	-73.0916
16.437166061508	5	(28.6852,203.378,1.895)	53.7823	-67.1328
16.438344002282	2	(25.9402,143.884,1.895)	6.57219	-51.3473
16.443004710367	9	(27.9409,283.128,1.895)	133.536	-84.5262
16.449164134695	6	(25.3259,209.696,1.895)	60.222	-68.3001
16.504416990746	1	(26.2119,114.774,1.895)	32.9508	-64.7666
16.506714331009	7	(28.4372,229.954,1.895)	82.3693	-71.3165
16.513647731778	4	(28.9522,174.774,1.895)	27.187	-64.2267
16.514938057924	0	(26.4683,87.3022,1.895)	60.3484	-68.3737
16.530686788412	8	(28.1933,256.089,1.895)	108.505	-73.1042
16.537166061508	5	(28.7036,201.408,1.895)	53.8216	-67.1218
16.538344002282	2	(25.9588,141.889,1.895)	6.55955	-51.3416
16.543004710367	9	(27.9587,281.216,1.895)	133.634	-84.5858
16.549164134695	6	(25.3446,207.696,1.895)	60.2314	-68.3055
16.604416990746	1	(26.2306,112.774,1.895)	32.9476	-64.7613
16.606714331009	7	(28.4557,227.968,1.895)	82.3863	-71.3116
16.613647731778	4	(28.9708,172.781,1.895)	27.197	-64.2485
16.614938057924	0	(26.4871,85.2933,1.895)	60.3541	-68.3771
16.630686788412	8	(28.2116,254.129,1.895)	108.548	-73.1167
16.637166061508	5	(28.722,199.437,1.895)	53.8538	-67.113
16.638344002282	2	(25.9774,139.895,1.895)	6.55131	-51.334
16.643004710367	9	(27.9767,279.292,1.895)	133.712	-84.6341
16.649164134695	6	(25.3633,205.692,1.895)	60.2305	-68.305
16.704416990746	1	(26.2492,110.773,1.895)	32.9483	-64.7624
16.706714331009	7	(28.4743,225.979,1.895)	82.3975	-71.3083
16.713647731778	4	(28.9894,170.793,1.895)	27.2086	-64.2739
16.714938057924	0	(26.5058,83.2854,1.895)	60.362	-68.3818
16.730686788412	8	(28.2298,252.173,1.895)	108.592	-73.1291
16.737166061508	5	(28.7404,197.467,1.895)	53.8843	-67.1048
16.738344002282	2	(25.9959,137.913,1.895)	6.53583	-51.3109
16.743004710367	9	(27.9946,277.37,1.895)	133.79	-84.6819
16.749164134695	6	(25.382,203.686,1.895)	60.2249	-68.3018
16.804416990746	1	(26.268,108.768,1.895)	32.9474	-64.7608
16.806714331009	7	(28.4929,223.986,1.895)	82.411	-71.3044
16.813647731778	4	(29.0079,168.806,1.895)	27.2283	-64.3169
16.814938057924	0	(26.5245,81.2797,1.895)	60.3614	-68.3814
16.830686788412	8	(28.2481,250.215,1.895)	108.641	-73.1432
16.837166061508	5	(28.7587,195.504,1.895)	53.9274	-67.0935
16.838344002282	2	(26.0145,135.921,1.895)	6.52372	-51.2849
16.843004710367	9	(28.0126,275.449,1.895)	133.876	-84.7343
16.849164134695	6	(25.4008,201.679,1.895)	60.2242	-68.3013
16.904416990746	1	(26.2866,106.771,1.895)	32.9456	-64.7579
16.906714331009	7	(28.5114,222.003,1.895)	82.427	-71.2998
16.913647731778	4	(29.0265,166.816,1.895)	27.2375	-64.3369
16.914938057924	0	(26.5433,79.2734,1.895)	60.3685	-68.3856
16.930686788412	8	(28.2665,248.247,1.895)	108.672	-73.1522
16.937166061508	5	(28.7771,193.532,1.895)	53.9547	-67.0865
16.938344002282	2	(26.0331,133.928,1.895)	6.51804	-51.2705
16.943004710367	9	(28.0304,273.539,1.895)	133.965	-84.7887
16.949164134695	6	(25.4195,199.673,1.895)	60.2174	-68.2974
17.004416990746	1	(26.3053,104.771,1.895)	32.9348	-64.7398
17.006714331009	7	(28.53,220.012,1.895)	82.4463	-71.2942
17.013647731778	4	(29.0451,164.826,1.895)	27.2574	-64.3798
17.014938057924	0	(26.562,77.2699,1.895)	60.362	-68.3817
17.030686788412	8	(28.2848,246.287,1.895)	108.722	-73.1665
17.037166061508	5	(28.7955,191.564,1.895)	53.9969	-67.0759
17.038344002282	2	(26.0516,131.947,1.895)	6.49369	-51.1942
17.043004710367	9	(28.0484,271.608,1.895)	134.044	-84.8366
17.049164134695	6	(25.4382,197.673,1.895)	60.2273	-68.3031
17.104416990746	1	(26.3239,102.772,1.895)	32.9246	-64.7227
17.106714331009	7	(28.5485,218.031,1.895)	82.4745	-71.2861
17.113647731778	4	(29.0637,162.834,1.895)	27.2744	-64.4163
17.114938057924	0	(26.5807,75.2663,1.895)	60.3564	-68.3784
17.130686788412	8	(28.303,244.327,1.895)	108.772	-73.1807
17.137166061508	5	(28.8139,189.594,1.895)	54.0361	-67.0664
17.138344002282	2	(26.0702,129.961,1.895)	6.47336	-51.1171
17.143004710367	9	(28.0663,269.694,1.895)	134.139	-84.8946
17.149164134695	6	(25.4568,195.673,1.895)	60.2366	-68.3085
17.204416990746	1	(26.3425,100.781,1.895)	32.9076	-64.6945
17.206714331009	7	(28.567,216.043,1.895)	82.4942	-71.2804
17.213647731778	4	(29.0823,160.831,1.895)	27.2798	-64.4279
17.214938057924	0	(26.5994,73.2599,1.895)	60.3546	-68.3774
17.230686788412	8	(28.3212,242.378,1.895)	108.83	-73.1976
17.237166061508	5	(28.8323,187.624,1.895)	54.0738	-67.0575
17.238344002282	2	(26.0887,127.978,1.895)	6.45191	-51.0295
17.243004710367	9	(28.0843,267.768,1.895)	134.221	-84.9444
17.249164134695	6	(25.4756,193.666,1.895)	60.2372	-68.3089
17.304416990746	1	(26.3612,98.7769,1.895)	32.9009	-64.6834
17.306714331009	7	(28.5855,214.06,1.895)	82.5221	-71.2725
17.313647731778	4	(29.1009,158.839,1.895)	27.2988	-64.4684
17.314938057924	0	(26.6181,71.2531,1.895)	60.3502	-68.3748
17.330686788412	8	(28.3396,240.411,1.895)	108.875	-73.2106
17.337166061508	5	(28.8507,185.646,1.895)	54.1067	-67.0499
17.338344002282	2	(26.1072,125.995,1.895)	6.42779	-50.933
17.343004710367	9	(28.1021,265.855,1.895)	134.319	-85.004
17.349164134695	6	(25.4943,191.656,1.895)	60.2392	-68.31
17.404416990746	1	(26.3799,96.7767,1.895)	32.8901	-64.6657
17.406714331009	7	(28.6041,212.072,1.895)	82.5454	-71.2659
17.413647731778	4	(29.1196,156.834,1.895)	27.3053	-64.4822
17.414938057924	0	(26.6368,69.2481,1.895)	60.3443	-68.3713
17.430686788412	8	(28.3579,238.451,1.895)	108.926	-73.2253
17.437166061508	5	(28.8691,183.677,1.895)	54.1486	-67.0405
17.438344002282	2	(26.1258,124.003,1.895)	6.41158	-50.8742
17.443004710367	9	(28.1201,263.93,1.895)	134.406	-85.0563
17.449164134695	6	(25.513,189.652,1.895)	60.2457	-68.3137
17.504416990746	1	(26.3985,94.7795,1.895)	32.8772	-64.6445
17.506714331009	7	(28.6226,210.09,1.895)	82.5734	-71.2579
17.513647731778	4	(29.1383,154.832,1.895)	27.3129	-64.4983
17.514938057924	0	(26.6555,67.2428,1.895)	60.3393	-68.3684
17.530686788412	8	(28.3763,236.483,1.895)	108.968	-73.2376
17.537166061508	5	(28.8877,181.688,1.895)	54.1702	-67.0358
17.538344002282	2	(26.1444,122.011,1.895)	6.39562	-50.8244
17.543004710367	9	(28.138,262.012,1.895)	134.498	-85.1118
17.549164134695	6	(25.5317,187.648,1.895)	60.2519	-68.3173
17.604416990746	1	(26.4171,92.7847,1.895)	32.8647	-64.6242
17.606714331009	7	(28.6412,208.094,1.895)	82.5849	-71.2547
17.613647731778	4	(29.1569,152.839,1.895)	27.3271	-64.5281
17.614938057924	0	(26.6743,65.2323,1.895)	60.3425	-68.3703
17.630686788412	8	(28.3945,234.529,1.895)	109.021	-73.2529
17.637166061508	5	(28.9062,179.699,1.895)	54.1887	-67.0318
17.638344002282	2	(26.1628,120.031,1.895)	6.37218	-50.7695
17.643004710367	9	(28.156,260.083,1.895)	134.576	-85.1589
17.649164134695	6	(25.5504,185.646,1.895)	60.2575	-68.3206
17.704416990746	1	(26.4359,90.7761,1.895)	32.8637	-64.6225
17.706714331009	7	(28.6599,206.095,1.895)	82.596	-71.2516
17.713647731778	4	(29.1755,150.849,1.895)	27.3468	-64.5692
17.714938057924	0	(26.693,63.2307,1.895)	60.3346	-68.3656
17.730686788412	8	(28.4129,232.553,1.895)	109.054	-73.2627
17.737166061508	5	(28.9247,177.724,1.895)	54.2232	-67.0246
17.738344002282	2	(26.1814,118.043,1.895)	6.35417	-50.7442
17.743004710367	9	(28.1739,258.169,1.895)	134.672	-85.2162
17.749164134695	6	(25.5691,183.641,1.895)	60.2622	-68.3233
17.804416990746	1	(26.4545,88.7798,1.895)	32.855	-64.6084
17.806714331009	7	(28.6785,204.105,1.895)	82.6102	-71.2476
17.813647731778	4	(29.1942,148.851,1.895)	27.3545	-64.5852
17.814938057924	0	(26.7117,61.2259,1.895)	60.3342	-68.3654
17.830686788412	8	(28.4314,230.575,1.895)	109.082	-73.2707
17.837166061508	5	(28.9431,175.753,1.895)	54.2577	-67.0175
17.838344002282	2	(26.2001,116.043,1.895)	6.34972	-50.7402
17.843004710367	9	(28.1919,256.232,1.895)	134.74	-85.2571
17.849164134695	6	(25.5878,181.637,1.895)	60.2625	-68.3235
17.904416990746	1	(26.4731,86.7877,1.895)	32.8451	-64.5923
17.906714331009	7	(28.6969,202.123,1.895)	82.6309	-71.2418
17.913647731778	4	(29.2127,146.861,1.895)	27.3661	-64.6093
17.914938057924	0	(26.7304,59.2252,1.895)	60.3328	-68.3646
17.930686788412	8	(28.4498,228.604,1.895)	109.113	-73.2798
17.937166061508	5	(28.9615,173.776,1.895)	54.2824	-67.0126
17.938344002282	2	(26.2187,114.05,1.895)	6.34142	-50.7352
17.943004710367	9	(28.2101,254.289,1.895)	134.798	-85.292
17.949164134695	6	(25.6065,179.637,1.895)	60.2647	-68.3248
18.004416990746	1	(26.4918,84.7887,1.895)	32.8433	-64.5894
18.006714331009	7	(28.7155,200.135,1.895)	82.6435	-71.2383
18.013647731778	4	(29.2313,144.866,1.895)	27.3721	-64.6215
18.014938057924	0	(26.7491,57.2232,1.895)	60.3341	-68.3653
18.030686788412	8	(28.4681,226.644,1.895)	109.153	-73.2916
18.037166061508	5	(28.9799,171.802,1.895)	54.3091	-67.0073
18.038344002282	2	(26.2371,112.071,1.895)	6.32354	-50.7345
18.043004710367	9	(28.2281,252.355,1.895)	134.865	-85.3319
18.049164134695	6	(25.6252,177.635,1.895)	60.2633	-68.3239
18.104416990746	1	(26.5104,82.7892,1.895)	32.8436	-64.59
18.106714331009	7	(28.7341,198.146,1.895)	82.6536	-71.2355
18.113647731778	4	(29.2499,142.881,1.895)	27.3857	-64.6493
18.114938057924	0	(26.7677,55.2234,1.895)	60.3347	-68.3657
18.130686788412	8	(28.4865,224.672,1.895)	109.181	-73.2996
18.137166061508	5	(28.9984,169.82,1.895)	54.3265	-67.004
18.138344002282	2	(26.2557,110.087,1.895)	6.31063	-50.7416
18.143004710367	9	(28.2462,250.422,1.895)	134.932	-85.3713
18.149164134695	6	(25.6439,175.626,1.895)	60.2535	-68.3182
18.204416990746	1	(26.529,80.7981,1.895)	32.8323	-64.5718
18.206714331009	7	(28.7527,196.153,1.895)	82.6626	-71.233
18.213647731778	4	(29.2684,140.894,1.895)	27.4019	-64.6821
18.214938057924	0	(26.7864,53.2217,1.895)	60.334	-68.3653
18.230686788412	8	(28.5048,222.708,1.895)	109.22	-73.311
18.237166061508	5	(29.0168,167.849,1.895)	54.3579	-66.9981
18.238344002282	2	(26.2742,108.096,1.895)	6.30079	-50.7504
18.243004710367	9	(28.2643,248.478,1.895)	134.99	-85.4061
18.249164134695	6	(25.6627,173.619,1.895)	60.2495	-68.316
18.304416990746	1	(26.5477,78.7989,1.895)	32.8297	-64.5675
18.306714331009	7	(28.7712,194.17,1.895)	82.6822	-71.2275
18.313647731778	4	(29.2871,138.896,1.895)	27.4059	-64.6903
18.314938057924	0	(26.8051,51.215,1.895)	60.3388	-68.368
18.330686788412	8	(28.5232,220.739,1.895)	109.252	-73.3206
18.337166061508	5	(29.0352,165.88,1.895)	54.3909	-66.9921
18.338344002282	2	(26.2927,106.116,1.895)	6.28206	-50.7731
18.343004710367	9	(28.2823,246.548,1.895)	135.062	-85.4486
18.349164134695	6	(25.6814,171.608,1.895)	60.2404	-68.3107
18.404416990746	1	(26.5663,76.7987,1.895)	32.8179	-64.5488
18.406714331009	7	(28.7897,192.185,1.895)	82.7092	-71.2201
18.413647731778	4	(29.3056,136.906,1.895)	27.4272	-64.7328
18.414938057924	0	(26.8239,49.2062,1.895)	60.3356	-68.3662
18.430686788412	8	(28.5415,218.783,1.895)	109.308	-73.3369
18.437166061508	5	(29.0537,163.902,1.895)	54.4242	-66.9862
18.438344002282	2	(26.3113,104.121,1.895)	6.26718	-50.7937
18.443004710367	9	(28.3004,244.614,1.895)	135.141	-85.4947
18.449164134695	6	(25.7002,169.597,1.895)	60.2416	-68.3114
18.504416990746	1	(26.5851,74.7924,1.895)	32.8152	-64.5444
18.506714331009	7	(28.8082,190.2,1.895)	82.7331	-71.2135
18.513647731778	4	(29.3243,134.902,1.895)	27.4326	-64.7435
18.514938057924	0	(26.8426,47.2014,1.895)	60.3314	-68.3637
18.530686788412	8	(28.5597,216.823,1.895)	109.358	-73.3516
18.537166061508	5	(29.0722,161.922,1.895)	54.4542	-66.981
18.538344002282	2	(26.3299,102.128,1.895)	6.25358	-50.812
18.543004710367	9	(28.3184,242.684,1.895)	135.219	-85.5407
18.549164134695	6	(25.719,167.588,1.895)	60.2414	-68.3113
18.604416990746	1	(26.6038,72.7873,1.895)	32.8102	-64.5364
18.606714331009	7	(28.8268,188.211,1.895)	82.754	-71.2078
18.613647731778	4	(29.3431,132.898,1.895)	27.4382	-64.7546
18.614938057924	0	(26.8613,45.1937,1.895)	60.3289	-68.3623
18.630686788412	8	(28.5781,214.86,1.895)	109.404	-73.3653
18.637166061508	5	(29.0907,159.932,1.895)	54.474	-66.9777
18.638344002282	2	(26.3486,100.132,1.895)	6.24172	-50.8257
18.643004710367	9	(28.3363,240.76,1.895)	135.305	-85.5913
18.649164134695	6	(25.7377,165.582,1.895)	60.2457	-68.3138
18.704416990746	1	(26.6225,70.7839,1.895)	32.8075	-64.5321
18.706714331009	7	(28.8455,186.212,1.895)	82.7614	-71.2058
18.713647731778	4	(29.3618,130.891,1.895)	27.4382	-64.7546
18.714938057924	0	(26.8801,43.1863,1.895)	60.3302	-68.363
18.730686788412	8	(28.5965,212.89,1.895)	109.44	-73.3761
18.737166061508	5	(29.1093,157.948,1.895)	54.4959	-66.9741
18.738344002282	2	(26.3672,98.1395,1.895)	6.2301	-50.8356
18.743004710367	9	(28.3544,238.827,1.895)	135.379	-85.6342
18.749164134695	6	(25.7564,163.574,1.895)	60.2434	-68.3124
18.804416990746	1	(26.6411,68.7852,1.895)	32.7971	-64.5156
18.806714331009	7	(28.864,184.223,1.895)	82.7809	-71.2005
18.813647731778	4	(29.3804,128.892,1.895)	27.4475	-64.7729
18.814938057924	0	(26.8988,41.1825,1.895)	60.3248	-68.3599
18.830686788412	8	(28.6149,210.91,1.895)	109.47	-73.3848
18.837166061508	5	(29.1278,155.957,1.895)	54.5142	-66.9712
18.838344002282	2	(26.3857,96.1508,1.895)	6.21284	-50.8414
18.843004710367	9	(28.3725,236.887,1.895)	135.447	-85.6739
18.849164134695	6	(25.7751,161.569,1.895)	60.2477	-68.3149
18.904416990746	1	(26.6597,66.7926,1.895)	32.7836	-64.4944
18.906714331009	7	(28.8827,182.222,1.895)	82.7864	-71.199
18.913647731778	4	(29.3991,126.891,1.895)	27.4531	-64.7838
18.914938057924	0	(26.9175,39.1792,1.895)	60.3221	-68.3582
18.930686788412	8	(28.6333,208.94,1.895)	109.506	-73.3954
18.937166061508	5	(29.1463,153.976,1.895)	54.5388	-66.9673
18.938344002282	2	(26.4043,94.1561,1.895)	6.20314	-50.8389
18.943004710367	9	(28.3907,234.933,1.895)	135.5	-85.7044
18.949164134695	6	(25.7939,159.559,1.895)	60.2436	-68.3125
19.004416990746	1	(26.6783,64.8006,1.895)	32.7694	-64.472
19.006714331009	7	(28.9013,180.225,1.895)	82.7961	-71.1964
19.013647731778	4	(29.4178,124.889,1.895)	27.457	-64.7915
19.014938057924	0	(26.9362,37.1772,1.895)	60.3177	-68.3557
19.030686788412	8	(28.6518,206.962,1.895)	109.534	-73.4038
19.037166061508	5	(29.1648,151.995,1.895)	54.5642	-66.9634
19.038344002282	2	(26.4229,92.1712,1.895)	6.18498	-50.8214
19.043004710367	9	(28.4088,232.997,1.895)	135.57	-85.7448
19.049164134695	6	(25.8126,157.559,1.895)	60.2502	-68.3164
19.104416990746	1	(26.6969,62.8073,1.895)	32.7573	-64.4531
19.106714331009	7	(28.9199,178.234,1.895)	82.8098	-71.1926
19.113647731778	4	(29.4365,122.889,1.895)	27.4632	-64.8034
19.114938057924	0	(26.9549,35.1728,1.895)	60.3167	-68.3551
19.130686788412	8	(28.6703,204.979,1.895)	109.557	-73.4107
19.137166061508	5	(29.1833,150.011,1.895)	54.586	-66.9601
19.138344002282	2	(26.4413,90.1924,1.895)	6.16246	-50.7759
19.143004710367	9	(28.427,231.051,1.895)	135.63	-85.779
19.149164134695	6	(25.8312,155.559,1.895)	60.2557	-68.3195
19.204416990746	1	(26.7155,60.8137,1.895)	32.7457	-64.4352
19.206714331009	7	(28.9386,176.235,1.895)	82.8167	-71.1908
19.213647731778	4	(29.4552,120.887,1.895)	27.4658	-64.8084
19.214938057924	0	(26.9736,33.1642,1.895)	60.3201	-68.3571
19.230686788412	8	(28.6887,203.011,1.895)	109.594	-73.4217
19.237166061508	5	(29.2019,148.021,1.895)	54.6013	-66.9579
19.238344002282	2	(26.4598,88.2091,1.895)	6.14394	-50.7203
19.243004710367	9	(28.4451,229.102,1.895)	135.686	-85.8111
19.249164134695	6	(25.8499,153.555,1.895)	60.2564	-68.3199
19.304416990746	1	(26.7343,58.8063,1.895)	32.7482	-64.439
19.306714331009	7	(28.9572,174.241,1.895)	82.8277	-71.1878
19.313647731778	4	(29.4737,118.895,1.895)	27.4794	-64.8347
19.314938057924	0	(26.9923,31.1632,1.895)	60.3162	-68.3548
19.330686788412	8	(28.7071,201.034,1.895)	109.622	-73.43
19.337166061508	5	(29.2204,146.038,1.895)	54.6232	-66.9547
19.338344002282	2	(26.4784,86.2164,1.895)	6.13364	-50.6835
19.343004710367	9	(28.4632,227.163,1.895)	135.752	-85.849
19.349164134695	6	(25.8686,151.551,1.895)	60.2575	-68.3206
19.404416990746	1	(26.7529,56.814,1.895)	32.7414	-64.4286
19.406714331009	7	(28.9758,172.243,1.895)	82.8285	-71.1876
19.413647731778	4	(29.4924,116.899,1.895)	27.4822	-64.8399
19.414938057924	0	(27.011,29.1636,1.895)	60.3167	-68.3551
19.430686788412	8	(28.7256,199.056,1.895)	109.643	-73.4364
19.437166061508	5	(29.2389,144.053,1.895)	54.6371	-66.9528
19.438344002282	2	(26.4972,84.2121,1.895)	6.13802	-50.6996
19.443004710367	9	(28.4814,225.214,1.895)	135.801	-85.8769
19.449164134695	6	(25.8874,149.539,1.895)	60.2448	-68.3132
19.504416990746	1	(26.7715,54.8227,1.895)	32.7315	-64.4133
19.506714331009	7	(28.9945,170.248,1.895)	82.8346	-71.1859
19.513647731778	4	(29.511,114.901,1.895)	27.4857	-64.8465
19.514938057924	0	(27.0297,27.155,1.895)	60.324	-68.3594
19.530686788412	8	(28.7441,197.076,1.895)	109.664	-73.4427
19.537166061508	5	(29.2574,142.073,1.895)	54.659	-66.9498
19.538344002282	2	(26.5156,82.2308,1.895)	6.12127	-50.6352
19.543004710367	9	(28.4996,223.265,1.895)	135.854	-85.9066
19.549164134695	6	(25.9061,147.535,1.895)	60.2422	-68.3117
19.604416990746	1	(26.7902,52.8169,1.895)	32.7316	-64.4134
19.606714331009	7	(29.013,168.263,1.895)	82.8555	-71.1803
19.613647731778	4	(29.5296,112.907,1.895)	27.4976	-64.8691
19.614938057924	0	(27.0484,25.1547,1.895)	60.3185	-68.3561
19.630686788412	8	(28.7625,195.105,1.895)	109.698	-73.4529
19.637166061508	5	(29.276,140.083,1.895)	54.6743	-66.9477
19.638344002282	2	(26.5342,80.246,1.895)	6.10363	-50.562
19.643004710367	9	(28.5178,221.315,1.895)	135.91	-85.9383
19.649164134695	6	(25.9249,145.526,1.895)	60.2392	-68.31
19.704416990746	1	(26.8088,50.8188,1.895)	32.7289	-64.4094
19.706714331009	7	(29.0316,166.266,1.895)	82.8595	-71.1793
19.713647731778	4	(29.5483,110.911,1.895)	27.5023	-64.878
19.730686788412	8	(28.7808,193.138,1.895)	109.733	-73.4632
19.737166061508	5	(29.2945,138.1,1.895)	54.6917	-66.9454
19.738344002282	2	(26.5528,78.2491,1.895)	6.10029	-50.5479
19.743004710367	9	(28.536,219.364,1.895)	135.959	-85.9659
19.749164134695	6	(25.9436,143.521,1.895)	60.2351	-68.3076
19.804416990746	1	(26.8276,48.8082,1.895)	32.73	-64.411
19.806714331009	7	(29.0502,164.28,1.895)	82.8823	-71.1731
19.813647731778	4	(29.5668,108.922,1.895)	27.5228	-64.916
19.830686788412	8	(28.7993,191.156,1.895)	109.76	-73.4715
19.837166061508	5	(29.313,136.121,1.895)	54.7227	-66.9414
19.838344002282	2	(26.5714,76.2592,1.895)	6.08383	-50.4792
19.843004710367	9	(28.5542,217.418,1.895)	136.023	-86.0015
19.849164134695	6	(25.9623,141.511,1.895)	60.2346	-68.3073
19.904416990746	1	(26.8464,46.7963,1.895)	32.7317	-64.4135
19.906714331009	7	(29.0687,162.294,1.895)	82.9072	-71.1665
19.913647731778	4	(29.5856,106.914,1.895)	27.525	-64.9202
19.930686788412	8	(28.8177,189.181,1.895)	109.795	-73.4819
19.937166061508	5	(29.3314,134.145,1.895)	54.7566	-66.9372
19.938344002282	2	(26.59,74.2619,1.895)	6.07304	-50.4364
19.943004710367	9	(28.5724,215.463,1.895)	136.078	-86.0324
19.949164134695	6	(25.9811,139.5,1.895)	60.2331	-68.3064
20.004416990746	1	(26.8651,44.7946,1.895)	32.7281	-64.4081
20.006714331009	7	(29.0872,160.313,1.895)	82.9315	-71.1601
20.013647731778	4	(29.6043,104.909,1.895)	27.5245	-64.9192
20.030686788412	8	(28.8361,187.213,1.895)	109.833	-73.4933
20.037166061508	5	(29.35,132.154,1.895)	54.7708	-66.9356
20.038344002282	2	(26.6087,72.2567,1.895)	6.07292	-50.436
20.043004710367	9	(28.5907,213.507,1.895)	136.127	-86.0597
20.049164134695	6	(25.9999,137.493,1.895)	60.2318	-68.3057
20.104416990746	1	(26.8838,42.7867,1.895)	32.7259	-64.4047
20.106714331009	7	(29.1059,158.31,1.895)	82.939	-71.1581
20.113647731778	4	(29.6229,102.912,1.895)	27.5382	-64.9442
20.130686788412	8	(28.8545,185.242,1.895)	109.871	-73.5049
20.137166061508	5	(29.3686,130.162,1.895)	54.7892	-66.9334
20.138344002282	2	(26.6274,70.2582,1.895)	6.06321	-50.4001
20.143004710367	9	(28.6089,211.56,1.895)	136.191	-86.0946
20.149164134695	6	(26.0185,135.494,1.895)	60.2424	-68.3118
20.204416990746	1	(26.9025,40.7875,1.895)	32.7185	-64.3934
20.206714331009	7	(29.1245,156.316,1.895)	82.9515	-71.1548
20.213647731778	4	(29.6416,100.915,1.895)	27.5479	-64.9617
20.230686788412	8	(28.873,183.255,1.895)	109.892	-73.511
20.237166061508	5	(29.3872,128.173,1.895)	54.8066	-66.9314
20.238344002282	2	(26.6461,68.2536,1.895)	6.06151	-50.3941
20.243004710367	9	(28.6271,209.612,1.895)	136.25	-86.1271
20.249164134695	6	(26.0373,133.486,1.895)	60.2413	-68.3112
20.304416990746	1	(26.9212,38.7792,1.895)	32.7167	-64.3907
20.306714331009	7	(29.1431,154.321,1.895)	82.9666	-71.1508
20.313647731778	4	(29.6602,98.9217,1.895)	27.5644	-64.9913
20.330686788412	8	(28.8915,181.277,1.895)	109.924	-73.5207
20.337166061508	5	(29.4057,126.185,1.895)	54.8291	-66.9289
20.338344002282	2	(26.6647,66.266,1.895)	6.04267	-50.3352
20.343004710367	9	(28.6454,207.65,1.895)	136.297	-86.1531
20.349164134695	6	(26.056,131.477,1.895)	60.2428	-68.3121
20.404416990746	1	(26.9399,36.773,1.895)	32.7191	-64.3943
20.406714331009	7	(29.1617,152.325,1.895)	82.974	-71.1489
20.413647731778	4	(29.6789,96.9183,1.895)	27.5649	-64.9922
20.430686788412	8	(28.9099,179.302,1.895)	109.952	-73.5293
20.437166061508	5	(29.4242,124.198,1.895)	54.846	-66.9271
20.438344002282	2	(26.6834,64.2596,1.895)	6.04475	-50.3409
20.443004710367	9	(28.6636,205.698,1.895)	136.35	-86.1817
20.449164134695	6	(26.0747,129.47,1.895)	60.2395	-68.3101
20.504416990746	1	(26.9587,34.7644,1.895)	32.7236	-64.4012
20.506714331009	7	(29.1803,150.333,1.895)	82.986	-71.1457
20.513647731778	4	(29.6975,94.9183,1.895)	27.5689	-64.9991
20.530686788412	8	(28.9285,177.315,1.895)	109.97	-73.5346
20.537166061508	5	(29.4429,122.2,1.895)	54.8517	-66.9265
20.538344002282	2	(26.702,62.2653,1.895)	6.03668	-50.3196
20.543004710367	9	(28.6818,203.743,1.895)	136.398	-86.2079
20.549164134695	6	(26.0934,127.466,1.895)	60.2392	-68.31
20.604416990746	1	(26.9774,32.7636,1.895)	32.7163	-64.3901
20.606714331009	7	(29.199,148.334,1.895)	82.995	-71.1434
20.613647731778	4	(29.7162,92.9149,1.895)	27.5736	-65.0075
20.630686788412	8	(28.9469,175.338,1.895)	110	-73.5439
20.637166061508	5	(29.4615,120.211,1.895)	54.8709	-66.9245
20.638344002282	2	(26.7207,60.2626,1.895)	6.03215	-50.309
20.643004710367	9	(28.7002,201.774,1.895)	136.438	-86.2295
20.649164134695	6	(26.1121,125.466,1.895)	60.247	-68.3145
20.704416990746	1	(26.9961,30.759,1.895)	32.7196	-64.3951
20.706714331009	7	(29.2176,146.339,1.895)	83.0016	-71.1417
20.713647731778	4	(29.7349,90.9094,1.895)	27.5695	-65.0003
20.730686788412	8	(28.9655,173.351,1.895)	110.015	-73.5483
20.737166061508	5	(29.48,118.224,1.895)	54.8855	-66.923
20.738344002282	2	(26.7393,58.2678,1.895)	6.02662	-50.2974
20.743004710367	9	(28.7184,199.824,1.895)	136.489	-86.2572
20.749164134695	6	(26.1308,123.461,1.895)	60.2438	-68.3126
20.804416990746	1	(27.0148,28.7559,1.895)	32.7227	-64.3997
20.806714331009	7	(29.2362,144.344,1.895)	83.0068	-71.1403
20.813647731778	4	(29.7536,88.9132,1.895)	27.5733	-65.0069
20.830686788412	8	(28.984,171.372,1.895)	110.036	-73.5547
20.837166061508	5	(29.4986,116.227,1.895)	54.888	-66.9228
20.838344002282	2	(26.758,56.2689,1.895)	6.02573	-50.2957
20.843004710367	9	(28.7367,197.867,1.895)	136.531	-86.2797
20.849164134695	6	(26.1496,121.452,1.895)	60.2348	-68.3075
20.904416990746	1	(27.0335,26.7479,1.895)	32.7194	-64.3947
20.906714331009	7	(29.2549,142.34,1.895)	83.0142	-71.1384
20.913647731778	4	(29.7722,86.9121,1.895)	27.5835	-65.0247
20.930686788412	8	(29.0025,169.391,1.895)	110.066	-73.5638
20.937166061508	5	(29.5172,114.237,1.895)	54.9092	-66.9207
20.938344002282	2	(26.7766,54.2706,1.895)	6.01477	-50.2778
20.943004710367	9	(28.7549,195.915,1.895)	136.591	-86.3116
20.949164134695	6	(26.1683,119.447,1.895)	60.2413	-68.3112
21.006714331009	7	(29.2735,140.349,1.895)	83.0247	-71.1356
21.013647731778	4	(29.7909,84.9112,1.895)	27.5845	-65.0264
21.030686788412	8	(29.021,167.4,1.895)	110.077	-73.5673
21.037166061508	5	(29.5358,112.241,1.895)	54.9157	-66.9201
21.038344002282	2	(26.7953,52.271,1.895)	6.01296	-50.2754
21.043004710367	9	(28.7732,193.958,1.895)	136.636	-86.3357
21.049164134695	6	(26.187,117.445,1.895)	60.2405	-68.3108
21.106714331009	7	(29.2922,138.351,1.895)	83.0359	-71.1327
21.113647731778	4	(29.8095,82.9173,1.895)	27.6003	-65.0535
21.130686788412	8	(29.0395,165.426,1.895)	110.112	-73.5779
21.137166061508	5	(29.5544,110.249,1.895)	54.9334	-66.9184
21.138344002282	2	(26.8141,50.2595,1.895)	6.01442	-50.2773
21.143004710367	9	(28.7916,191.987,1.895)	136.675	-86.3559
21.149164134695	6	(26.2057,115.442,1.895)	60.2474	-68.3147
21.206714331009	7	(29.3108,136.351,1.895)	83.0425	-71.131
21.213647731778	4	(29.8283,80.9105,1.895)	27.5992	-65.0516
21.230686788412	8	(29.058,163.442,1.895)	110.134	-73.5845
21.237166061508	5	(29.573,108.264,1.895)	54.954	-66.9165
21.238344002282	2	(26.8328,48.2497,1.895)	6.01785	-50.2822
21.243004710367	9	(28.8098,190.03,1.895)	136.723	-86.3815
21.249164134695	6	(26.2244,113.434,1.895)	60.2458	-68.3138
21.306714331009	7	(29.3294,134.361,1.895)	83.0556	-71.1276
21.313647731778	4	(29.847,78.9049,1.895)	27.5971	-65.0482
21.330686788412	8	(29.0765,161.452,1.895)	110.148	-73.5888
21.337166061508	5	(29.5916,106.264,1.895)	54.9579	-66.9162
21.338344002282	2	(26.8515,46.2429,1.895)	6.02052	-50.2864
21.343004710367	9	(28.8281,188.069,1.895)	136.767	-86.4041
21.349164134695	6	(26.2431,111.431,1.895)	60.2455	-68.3136
21.406714331009	7	(29.3481,132.352,1.895)	83.0524	-71.1284
21.413647731778	4	(29.8656,76.9085,1.895)	27.6062	-65.0636
21.430686788412	8	(29.095,159.475,1.895)	110.176	-73.5973
21.437166061508	5	(29.6103,104.265,1.895)	54.9634	-66.9157
21.438344002282	2	(26.8702,44.2415,1.895)	6.01713	-50.2811
21.443004710367	9	(28.8465,186.096,1.895)	136.799	-86.4209
21.449164134695	6	(26.2618,109.425,1.895)	60.2457	-68.3137
21.506714331009	7	(29.3669,130.344,1.895)	83.0542	-71.128
21.513647731778	4	(29.8842,74.9136,1.895)	27.6215	-65.0891
21.530686788412	8	(29.1135,157.487,1.895)	110.199	-73.6043
21.537166061508	5	(29.6288,102.28,1.895)	54.9894	-66.9135
21.538344002282	2	(26.8889,42.2419,1.895)	6.00832	-50.2701
21.543004710367	9	(28.8648,184.137,1.895)	136.85	-86.4474
21.549164134695	6	(26.2806,107.419,1.895)	60.2495	-68.316
21.606714331009	7	(29.3855,128.348,1.895)	83.0663	-71.1249
21.613647731778	4	(29.9029,72.9095,1.895)	27.625	-65.0949
21.630686788412	8	(29.1321,155.496,1.895)	110.215	-73.6092
21.637166061508	5	(29.6473,100.296,1.895)	55.0125	-66.9116
21.638344002282	2	(26.9076,40.2407,1.895)	6.00297	-50.2654
21.643004710367	9	(28.8832,182.168,1.895)	136.888	-86.4672
21.649164134695	6	(26.2993,105.41,1.895)	60.2486	-68.3154
21.706714331009	7	(29.4041,126.361,1.895)	83.0801	-71.1213
21.713647731778	4	(29.9216,70.9121,1.895)	27.6285	-65.1007
21.730686788412	8	(29.1506,153.515,1.895)	110.235	-73.6153
21.737166061508	5	(29.6659,98.3019,1.895)	55.0195	-66.911
21.738344002282	2	(26.9263,38.2353,1.895)	6.00671	-50.2685
21.743004710367	9	(28.9016,180.196,1.895)	136.917	-86.4819
21.749164134695	6	(26.318,103.406,1.895)	60.2455	-68.3136
21.806714331009	7	(29.4227,124.363,1.895)	83.0932	-71.1179
21.813647731778	4	(29.9403,68.9109,1.895)	27.6391	-65.118
21.830686788412	8	(29.1691,151.538,1.895)	110.27	-73.6261
21.837166061508	5	(29.6845,96.3153,1.895)	55.0447	-66.909
21.838344002282	2	(26.945,36.2259,1.895)	6.00468	-50.2667
21.843004710367	9	(28.9199,178.23,1.895)	136.963	-86.5058
21.849164134695	6	(26.3367,101.406,1.895)	60.2566	-68.3201
21.906714331009	7	(29.4413,122.372,1.895)	83.103	-71.1154
21.913647731778	4	(29.959,66.9077,1.895)	27.6366	-65.114
21.930686788412	8	(29.1876,149.555,1.895)	110.287	-73.6314
21.937166061508	5	(29.703,94.3267,1.895)	55.0569	-66.9081
21.938344002282	2	(26.9638,34.2148,1.895)	6.01334	-50.2759
21.943004710367	9	(28.9383,176.266,1.895)	137	-86.5245
21.949164134695	6	(26.3554,99.4,1.895)	60.2516	-68.3172
22.006714331009	7	(29.4599,120.383,1.895)	83.1263	-71.1095
22.013647731778	4	(29.9775,64.9174,1.895)	27.6582	-65.1486
22.030686788412	8	(29.2061,147.576,1.895)	110.32	-73.6415
22.037166061508	5	(29.7216,92.3384,1.895)	55.0803	-66.9065
22.038344002282	2	(26.9826,32.2029,1.895)	6.0134	-50.276
22.043004710367	9	(28.9566,174.303,1.895)	137.048	-86.549
22.049164134695	6	(26.3742,97.3901,1.895)	60.2535	-68.3183
22.106714331009	7	(29.4785,118.39,1.895)	83.1389	-71.1062
22.113647731778	4	(29.9962,62.9137,1.895)	27.6603	-65.1521
22.130686788412	8	(29.2245,145.598,1.895)	110.348	-73.6502
22.137166061508	5	(29.7401,90.3548,1.895)	55.1026	-66.9049
22.138344002282	2	(27.0013,30.203,1.895)	6.00846	-50.2703
22.143004710367	9	(28.9749,172.341,1.895)	137.092	-86.5711
22.149164134695	6	(26.3929,95.3837,1.895)	60.253	-68.318
22.206714331009	7	(29.497,116.404,1.895)	83.1569	-71.1017
22.213647731778	4	(30.0149,60.9138,1.895)	27.6639	-65.1577
22.230686788412	8	(29.243,143.613,1.895)	110.367	-73.6558
22.237166061508	5	(29.7588,88.3537,1.895)	55.105	-66.9048
22.238344002282	2	(27.02,28.1975,1.895)	6.01014	-50.2721
22.243004710367	9	(28.9932,170.383,1.895)	137.138	-86.594
22.249164134695	6	(26.4116,93.3794,1.895)	60.2521	-68.3175
22.306714331009	7	(29.5158,114.394,1.895)	83.1533	-71.1026
22.313647731778	4	(30.0335,58.92,1.895)	27.6767	-65.1776
22.330686788412	8	(29.2615,141.637,1.895)	110.397	-73.6651
22.337166061508	5	(29.7774,86.3591,1.895)	55.117	-66.904
22.338344002282	2	(27.0387,26.1864,1.895)	6.01389	-50.2766
22.343004710367	9	(29.0115,168.422,1.895)	137.183	-86.6166
22.349164134695	6	(26.4304,91.3681,1.895)	60.2475	-68.3148
22.406714331009	7	(29.5344,112.394,1.895)	83.1638	-71.0999
22.413647731778	4	(30.0522,56.914,1.895)	27.6812	-65.1844
22.430686788412	8	(29.2801,139.644,1.895)	110.415	-73.6706
22.437166061508	5	(29.7959,84.3776,1.895)	55.146	-66.9022
22.443004710367	9	(29.0298,166.456,1.895)	137.228	-86.6387
22.449164134695	6	(26.4491,89.3644,1.895)	60.2542	-68.3187
22.506714331009	7	(29.553,110.403,1.895)	83.1774	-71.0965
22.513647731778	4	(30.071,54.9028,1.895)	27.6743	-65.1738
22.530686788412	8	(29.2986,137.657,1.895)	110.432	-73.676
22.537166061508	5	(29.8145,82.3852,1.895)	55.1579	-66.9015
22.543004710367	9	(29.0483,164.475,1.895)	137.252	-86.6505
22.549164134695	6	(26.4678,87.3611,1.895)	60.2553	-68.3193
22.606714331009	7	(29.5717,108.401,1.895)	83.1778	-71.0964
22.613647731778	4	(30.0897,52.899,1.895)	27.6733	-65.1723
22.630686788412	8	(29.3171,135.674,1.895)	110.452	-73.6821
22.637166061508	5	(29.8332,80.3851,1.895)	55.1606	-66.9013
22.643004710367	9	(29.0668,162.5,1.895)	137.279	-86.6639
22.649164134695	6	(26.4865,85.3516,1.895)	60.2486	-68.3154
