4.104416990746	1	(23.9273,359.546,1.895)	56.8612	-67.011
4.114938057924	0	(24.1468,336.035,1.895)	80.3451	-72.0199
4.137624808447	3	(26.8848,396.285,1.895)	20.0561	-61.9178
4.138344002282	2	(23.7273,380.971,1.895)	35.4939	-68.2421
4.204416990746	1	(23.9453,357.619,1.895)	56.9243	-67.0226
4.214938057924	0	(24.1655,334.027,1.895)	80.4886	-71.9623
4.237624808447	3	(26.9034,394.285,1.895)	20.1918	-61.8777
4.238344002282	2	(23.7443,379.159,1.895)	35.4413	-68.2529
4.304416990746	1	(23.9633,355.693,1.895)	56.9962	-67.0365
4.314938057924	0	(24.1842,332.023,1.895)	80.6396	-71.9029
4.337624808447	3	(26.9222,392.274,1.895)	20.3498	-61.7218
4.338344002282	2	(23.7613,377.336,1.895)	35.4116	-68.2567
4.404416990746	1	(23.9812,353.771,1.895)	57.0531	-67.048
4.414938057924	0	(24.2029,330.015,1.895)	80.7824	-71.8481
4.437624808447	3	(26.9409,390.274,1.895)	20.4837	-61.5274
4.438344002282	2	(23.7783,375.513,1.895)	35.3685	-68.2595
4.504416990746	1	(23.9992,351.846,1.895)	57.1186	-67.0617
4.514938057924	0	(24.2217,328.008,1.895)	80.9299	-71.7927
4.537624808447	3	(26.9596,388.263,1.895)	20.6354	-61.2748
4.538344002282	2	(23.7952,373.697,1.895)	35.326	-68.2588
4.604416990746	1	(24.0173,349.91,1.895)	57.1816	-67.0754
4.614938057924	0	(24.2404,326.003,1.895)	81.0617	-71.7443
4.637624808447	3	(26.9784,386.258,1.895)	20.768	-61.0532
4.638344002282	2	(23.8122,371.878,1.895)	35.2721	-68.2531
4.704416990746	1	(24.0353,347.976,1.895)	57.2403	-67.0886
4.714938057924	0	(24.2591,324,1.895)	81.1889	-71.6985
4.737624808447	3	(26.9971,384.253,1.895)	20.897	-60.8559
4.738344002282	2	(23.8293,370.044,1.895)	35.2306	-68.2449
4.804416990746	1	(24.0533,346.047,1.895)	57.3028	-67.1031
4.814938057924	0	(24.2779,321.988,1.895)	81.334	-71.6475
4.837624808447	3	(27.0158,382.251,1.895)	21.0323	-60.6824
4.838344002282	2	(23.8464,368.214,1.895)	35.1948	-68.2352
4.904416990746	1	(24.0714,344.107,1.895)	57.3705	-67.1194
4.914938057924	0	(24.2966,319.978,1.895)	81.4726	-71.5998
4.937624808447	3	(27.0344,380.251,1.895)	21.1612	-60.5582
4.938344002282	2	(23.8636,366.376,1.895)	35.1607	-68.2237
5.004416990746	1	(24.0895,342.167,1.895)	57.4412	-67.1371
5.014938057924	0	(24.3154,317.971,1.895)	81.6103	-71.5535
5.037624808447	3	(27.0531,378.251,1.895)	21.2923	-60.4786
5.038344002282	2	(23.8808,364.534,1.895)	35.1342	-68.2133
5.104416990746	1	(24.1076,340.228,1.895)	57.5063	-67.1539
5.114938057924	0	(24.334,315.971,1.895)	81.7362	-71.5121
5.137624808447	3	(27.0719,376.241,1.895)	21.4282	-60.4493
5.137166061508	5	(26.6976,416.34,1.895)	18.6728	-59.4264
5.138344002282	2	(23.898,362.686,1.895)	35.1081	-68.2016
5.204416990746	1	(24.1256,338.301,1.895)	57.549	-67.1652
5.214938057924	0	(24.3528,313.961,1.895)	81.8615	-71.4717
5.237624808447	3	(27.0905,374.239,1.895)	21.5456	-60.4687
5.237166061508	5	(26.7136,414.629,1.895)	18.8462	-59.5984
5.238344002282	2	(23.9152,360.842,1.895)	35.0677	-68.181
5.304416990746	1	(24.1438,336.356,1.895)	57.6131	-67.1826
5.314938057924	0	(24.3715,311.954,1.895)	81.9882	-71.4317
5.337624808447	3	(27.1092,372.235,1.895)	21.6689	-60.5337
5.337166061508	5	(26.7297,412.905,1.895)	19.0027	-59.8568
5.338344002282	2	(23.9324,359.007,1.895)	35.0227	-68.1545
5.404416990746	1	(24.1619,334.414,1.895)	57.6673	-67.1977
5.414938057924	0	(24.3902,309.952,1.895)	82.1021	-71.3965
5.437624808447	3	(27.128,370.226,1.895)	21.7893	-60.6401
5.437166061508	5	(26.7457,411.183,1.895)	19.169	-60.2192
5.438344002282	2	(23.9496,357.157,1.895)	34.9847	-68.1291
5.504416990746	1	(24.18,332.477,1.895)	57.7052	-67.2085
5.514938057924	0	(24.4089,307.946,1.895)	82.2087	-71.3642
5.537624808447	3	(27.1467,368.227,1.895)	21.8899	-60.7603
5.537166061508	5	(26.7619,409.448,1.895)	19.3331	-60.6343
5.538344002282	2	(23.967,355.296,1.895)	34.9467	-68.101
5.604416990746	1	(24.1981,330.534,1.895)	57.7651	-67.2259
5.614938057924	0	(24.4277,305.935,1.895)	82.3367	-71.3261
5.637624808447	3	(27.1654,366.217,1.895)	22.0174	-60.9508
5.637166061508	5	(26.7782,407.705,1.895)	19.4724	-60.9997
5.638344002282	2	(23.9843,353.442,1.895)	34.9175	-68.0777
5.704416990746	1	(24.2163,328.582,1.895)	57.824	-67.2434
5.714938057924	0	(24.4464,303.928,1.895)	82.4508	-71.2929
5.737624808447	3	(27.1841,364.212,1.895)	22.1291	-61.1497
5.737166061508	5	(26.7944,405.965,1.895)	19.6252	-61.3735
5.738344002282	2	(24.0016,351.587,1.895)	34.8803	-68.0457
5.804416990746	1	(24.2345,326.63,1.895)	57.8843	-67.2617
5.814938057924	0	(24.4652,301.92,1.895)	82.5666	-71.2598
5.837624808447	3	(27.2028,362.212,1.895)	22.2373	-61.3674
5.837166061508	5	(26.8108,404.215,1.895)	19.7679	-61.6574
5.838344002282	2	(24.019,349.723,1.895)	34.853	-68.0206
5.904416990746	1	(24.2527,324.682,1.895)	57.9331	-67.2769
5.914938057924	0	(24.4839,299.916,1.895)	82.6723	-71.2303
5.937624808447	3	(27.2215,360.208,1.895)	22.3426	-61.599
5.937166061508	5	(26.8271,402.46,1.895)	19.9116	-61.8461
5.938344002282	2	(24.0365,347.846,1.895)	34.8313	-67.9998
6.004416990746	1	(24.2708,322.742,1.895)	57.9771	-67.2909
6.014938057924	0	(24.5026,297.91,1.895)	82.7815	-71.2003
6.037624808447	3	(27.2402,358.208,1.895)	22.4465	-61.8418
6.037166061508	5	(26.8436,400.697,1.895)	20.0451	-61.9166
6.038344002282	2	(24.0539,345.982,1.895)	34.7991	-67.9674
6.104416990746	1	(24.289,320.799,1.895)	58.0211	-67.305
6.114938057924	0	(24.5213,295.902,1.895)	82.8911	-71.1708
6.137624808447	3	(27.2589,356.204,1.895)	22.5517	-62.0964
6.137166061508	5	(26.8601,398.929,1.895)	20.1754	-61.8876
6.138344002282	2	(24.0713,344.123,1.895)	34.7595	-67.9252
6.149164134695	6	(23.3976,416.3,1.895)	37.723	-65.8215
6.204416990746	1	(24.3072,318.847,1.895)	58.0763	-67.3232
6.214938057924	0	(24.5401,293.892,1.895)	83.004	-71.141
6.237624808447	3	(27.2776,354.199,1.895)	22.6597	-62.3605
6.237166061508	5	(26.8766,397.157,1.895)	20.2999	-61.7815
6.238344002282	2	(24.0887,342.251,1.895)	34.7344	-67.897
6.249164134695	6	(23.4163,414.298,1.895)	37.6179	-65.9346
6.304416990746	1	(24.3255,316.887,1.895)	58.1257	-67.3397
6.314938057924	0	(24.5588,291.886,1.895)	83.0997	-71.1163
6.337624808447	3	(27.2962,352.199,1.895)	22.7495	-62.5761
6.337166061508	5	(26.8931,395.392,1.895)	20.445	-61.5876
6.338344002282	2	(24.1063,340.371,1.895)	34.7042	-67.8619
6.349164134695	6	(23.435,412.296,1.895)	37.5262	-66.0373
6.404416990746	1	(24.3437,314.93,1.895)	58.1828	-67.3591
6.414938057924	0	(24.5775,289.886,1.895)	83.1992	-71.091
6.437624808447	3	(27.315,350.194,1.895)	22.8545	-62.8168
6.437166061508	5	(26.9098,393.606,1.895)	20.5597	-61.4029
6.438344002282	2	(24.1238,338.49,1.895)	34.6852	-67.8391
6.449164134695	6	(23.4537,410.291,1.895)	37.4218	-66.1584
6.504416990746	1	(24.362,312.976,1.895)	58.2218	-67.3726
6.514938057924	0	(24.5962,287.88,1.895)	83.2913	-71.068
6.537624808447	3	(27.3337,348.183,1.895)	22.9503	-63.0185
6.537166061508	5	(26.9264,391.824,1.895)	20.6921	-61.1788
6.538344002282	2	(24.1415,336.601,1.895)	34.6597	-67.8075
6.549164134695	6	(23.4725,408.279,1.895)	37.3251	-66.2741
6.604416990746	1	(24.3802,311.019,1.895)	58.2589	-67.3856
6.614938057924	0	(24.6149,285.879,1.895)	83.3724	-71.0481
6.637624808447	3	(27.3524,346.178,1.895)	23.036	-63.1791
6.637166061508	5	(26.9432,390.028,1.895)	20.8158	-60.9772
6.638344002282	2	(24.159,334.72,1.895)	34.6215	-67.7585
6.649164134695	6	(23.4912,406.27,1.895)	37.2363	-66.3835
6.704416990746	1	(24.3985,309.065,1.895)	58.306	-67.4024
6.714938057924	0	(24.6336,283.871,1.895)	83.4729	-71.0238
6.737624808447	3	(27.3712,344.173,1.895)	23.1331	-63.333
6.737166061508	5	(26.9599,388.235,1.895)	20.9304	-60.8095
6.738344002282	2	(24.1767,332.83,1.895)	34.6034	-67.7345
6.749164134695	6	(23.51,404.262,1.895)	37.1361	-66.5096
6.804416990746	1	(24.4168,307.106,1.895)	58.3502	-67.4184
6.814938057924	0	(24.6523,281.871,1.895)	83.5581	-71.0036
6.837624808447	3	(27.3899,342.163,1.895)	23.2298	-63.4518
6.837166061508	5	(26.9766,386.446,1.895)	21.0556	-60.6569
6.838344002282	2	(24.1943,330.946,1.895)	34.5743	-67.695
6.849164134695	6	(23.5287,402.255,1.895)	37.0433	-66.6286
6.904416990746	1	(24.435,305.152,1.895)	58.3861	-67.4315
6.914938057924	0	(24.671,279.863,1.895)	83.6481	-70.9826
6.937624808447	3	(27.4087,340.151,1.895)	23.3235	-63.5304
6.937166061508	5	(26.9934,384.652,1.895)	21.1798	-60.5439
6.938344002282	2	(24.2119,329.059,1.895)	34.5434	-67.6518
6.949164134695	6	(23.5474,400.254,1.895)	36.9603	-66.7367
7.004416990746	1	(24.4533,303.197,1.895)	58.4156	-67.4424
7.014938057924	0	(24.6897,277.862,1.895)	83.7226	-70.9655
7.037624808447	3	(27.4274,338.147,1.895)	23.4013	-63.5672
7.037166061508	5	(27.0102,382.848,1.895)	21.3015	-60.4749
7.038344002282	2	(24.2295,327.174,1.895)	34.5019	-67.5917
7.049164134695	6	(23.5661,398.247,1.895)	36.8804	-66.8416
7.104416990746	1	(24.4715,301.237,1.895)	58.4542	-67.4569
7.106714331009	7	(26.6976,416.34,1.895)	56.716	-66.9861
7.114938057924	0	(24.7084,275.855,1.895)	83.8091	-70.9459
7.137624808447	3	(27.4461,336.142,1.895)	23.4855	-63.5779
7.137166061508	5	(27.0272,381.03,1.895)	21.4046	-60.4504
7.138344002282	2	(24.2471,325.279,1.895)	34.4762	-67.5535
7.149164134695	6	(23.5849,396.237,1.895)	36.791	-66.9597
7.204416990746	1	(24.4898,299.279,1.895)	58.496	-67.4727
7.206714331009	7	(26.7162,414.347,1.895)	56.6397	-66.9742
7.214938057924	0	(24.7272,273.846,1.895)	83.9016	-70.9254
7.237624808447	3	(27.4649,334.131,1.895)	23.5804	-63.5548
7.237166061508	5	(27.0441,379.215,1.895)	21.5059	-60.4575
7.238344002282	2	(24.2648,323.388,1.895)	34.4517	-67.5162
7.249164134695	6	(23.6036,394.225,1.895)	36.6965	-67.0848
7.304416990746	1	(24.5082,297.314,1.895)	58.5336	-67.4871
7.306714331009	7	(26.7348,412.351,1.895)	56.5707	-66.9641
7.314938057924	0	(24.746,271.835,1.895)	83.9851	-70.9072
7.337624808447	3	(27.4836,332.126,1.895)	23.6577	-63.5107
7.337166061508	5	(27.061,377.4,1.895)	21.6181	-60.5014
7.338344002282	2	(24.2824,321.499,1.895)	34.4135	-67.4569
7.349164134695	6	(23.6224,392.218,1.895)	36.6169	-67.1895
7.404416990746	1	(24.5265,295.345,1.895)	58.5748	-67.5031
7.406714331009	7	(26.7534,410.358,1.895)	56.5053	-66.9551
7.414938057924	0	(24.7647,269.827,1.895)	84.0656	-70.8899
7.437624808447	3	(27.5023,330.122,1.895)	23.7342	-63.4471
7.437166061508	5	(27.0781,375.576,1.895)	21.7223	-60.5757
7.438344002282	2	(24.3002,319.6,1.895)	34.3844	-67.4105
7.449164134695	6	(23.6411,390.208,1.895)	36.5355	-67.2955
7.504416990746	1	(24.5449,293.375,1.895)	58.6234	-67.5221
7.506714331009	7	(26.772,408.364,1.895)	56.433	-66.9458
7.514938057924	0	(24.7834,267.827,1.895)	84.144	-70.8733
7.537624808447	3	(27.5211,328.112,1.895)	23.8228	-63.3521
7.537166061508	5	(27.0951,373.754,1.895)	21.8214	-60.6754
7.538344002282	2	(24.3179,317.697,1.895)	34.3661	-67.381
7.549164134695	6	(23.6598,388.206,1.895)	36.4544	-67.3996
7.604416990746	1	(24.5631,291.425,1.895)	58.6386	-67.5282
7.606714331009	7	(26.7906,406.374,1.895)	56.3774	-66.9391
7.614938057924	0	(24.8021,265.824,1.895)	84.2129	-70.859
7.637624808447	3	(27.5398,326.103,1.895)	23.8967	-63.2584
7.637166061508	5	(27.112,371.936,1.895)	21.9375	-60.8265
7.638344002282	2	(24.3357,315.793,1.895)	34.3355	-67.3307
7.649164134695	6	(23.6785,386.206,1.895)	36.3893	-67.4815
7.704416990746	1	(24.5815,289.458,1.895)	58.676	-67.5431
7.706714331009	7	(26.8091,404.395,1.895)	56.328	-66.9335
7.714938057924	0	(24.8208,263.813,1.895)	84.294	-70.8424
7.737624808447	3	(27.5586,324.093,1.895)	23.9768	-63.1454
7.737166061508	5	(27.1292,370.096,1.895)	22.0282	-60.9688
7.738344002282	2	(24.3534,313.9,1.895)	34.2993	-67.2701
7.749164134695	6	(23.6972,384.205,1.895)	36.3181	-67.569
7.804416990746	1	(24.5999,287.49,1.895)	58.7113	-67.5574
7.806714331009	7	(26.8277,402.4,1.895)	56.2659	-66.9269
7.814938057924	0	(24.8396,261.805,1.895)	84.3695	-70.8271
7.837624808447	3	(27.5773,322.089,1.895)	24.0487	-63.0366
7.837166061508	5	(27.1463,368.267,1.895)	22.1309	-61.1533
7.838344002282	2	(24.3711,311.997,1.895)	34.2698	-67.2197
7.849164134695	6	(23.7159,382.194,1.895)	36.2401	-67.6616
7.904416990746	1	(24.6182,285.52,1.895)	58.7444	-67.5709
7.906714331009	7	(26.8462,400.417,1.895)	56.2191	-66.9224
7.914938057924	0	(24.8583,259.8,1.895)	84.4375	-70.8136
7.937624808447	3	(27.596,320.085,1.895)	24.1164	-62.9299
7.937166061508	5	(27.1634,366.431,1.895)	22.2317	-61.3556
7.938344002282	2	(24.3889,310.09,1.895)	34.2404	-67.1689
7.949164134695	6	(23.7346,380.194,1.895)	36.1771	-67.7337
8.004416990746	1	(24.6365,283.56,1.895)	58.7709	-67.5818
8.006714331009	7	(26.8648,398.427,1.895)	56.1629	-66.9172
8.014938057924	0	(24.8771,257.789,1.895)	84.5144	-70.7986
8.037624808447	3	(27.6147,318.082,1.895)	24.1855	-62.8186
8.037166061508	5	(27.1806,364.588,1.895)	22.3225	-61.5536
8.038344002282	2	(24.4068,308.175,1.895)	34.2214	-67.1357
8.049164134695	6	(23.7533,378.185,1.895)	36.1024	-67.8152
8.104416990746	1	(24.655,281.585,1.895)	58.8061	-67.5964
8.106714331009	7	(26.8834,396.433,1.895)	56.1089	-66.9127
8.114938057924	0	(24.8958,255.787,1.895)	84.5769	-70.7866
8.130686788412	8	(26.6976,416.34,1.895)	76.0169	-74.4209
8.137624808447	3	(27.6334,316.078,1.895)	24.2497	-62.7145
8.137166061508	5	(27.1978,362.744,1.895)	22.4184	-61.7751
8.138344002282	2	(24.4246,306.262,1.895)	34.1945	-67.0881
8.149164134695	6	(23.7721,376.178,1.895)	36.035	-67.8847
8.204416990746	1	(24.6733,279.622,1.895)	58.8369	-67.6093
8.206714331009	7	(26.902,394.443,1.895)	56.0508	-66.9083
8.214938057924	0	(24.9145,253.783,1.895)	84.6487	-70.7729
8.230686788412	8	(26.7147,414.503,1.895)	76.1113	-74.3544
8.237624808447	3	(27.6521,314.067,1.895)	24.3288	-62.5876
8.237166061508	5	(27.2151,360.893,1.895)	22.4992	-61.9686
8.238344002282	2	(24.4426,304.343,1.895)	34.1821	-67.0662
8.249164134695	6	(23.7908,374.177,1.895)	35.966	-67.9513
8.304416990746	1	(24.6916,277.66,1.895)	58.858	-67.6182
8.306714331009	7	(26.9206,392.452,1.895)	56.0011	-66.905
8.314938057924	0	(24.9331,251.781,1.895)	84.7098	-70.7615
8.330686788412	8	(26.732,412.655,1.895)	76.2043	-74.2895
8.337624808447	3	(27.6708,312.067,1.895)	24.3874	-62.4954
8.337166061508	5	(27.2323,359.049,1.895)	22.5961	-62.2052
8.338344002282	2	(24.4604,302.433,1.895)	34.151	-67.0102
8.349164134695	6	(23.8094,372.175,1.895)	35.9056	-68.0053
8.404416990746	1	(24.71,275.694,1.895)	58.8945	-67.6337
8.406714331009	7	(26.939,390.477,1.895)	55.9554	-66.9022
8.414938057924	0	(24.9519,249.769,1.895)	84.7917	-70.7464
8.430686788412	8	(26.7492,410.811,1.895)	76.2901	-74.2302
8.437624808447	3	(27.6895,310.065,1.895)	24.46	-62.3847
8.437166061508	5	(27.2496,357.193,1.895)	22.6703	-62.3862
8.438344002282	2	(24.4783,300.518,1.895)	34.136	-66.9831
8.449164134695	6	(23.8281,370.172,1.895)	35.8333	-68.0644
8.504416990746	1	(24.7284,273.721,1.895)	58.9324	-67.65
8.506714331009	7	(26.9575,388.488,1.895)	55.9018	-66.8992
8.514938057924	0	(24.9706,247.769,1.895)	84.8564	-70.7346
8.530686788412	8	(26.7663,408.981,1.895)	76.3954	-74.1579
8.537624808447	3	(27.7082,308.061,1.895)	24.5288	-62.2845
8.537166061508	5	(27.2668,355.356,1.895)	22.7682	-62.6201
8.538344002282	2	(24.4962,298.599,1.895)	34.1202	-66.9543
8.549164134695	6	(23.8468,368.172,1.895)	35.7687	-68.1114
8.604416990746	1	(24.7467,271.752,1.895)	58.962	-67.6628
8.606714331009	7	(26.976,386.516,1.895)	55.8689	-66.8976
8.614938057924	0	(24.9893,245.764,1.895)	84.9228	-70.7227
8.630686788412	8	(26.7836,407.129,1.895)	76.4827	-74.0987
8.637624808447	3	(27.727,306.049,1.895)	24.6015	-62.1846
8.637166061508	5	(27.284,353.512,1.895)	22.8635	-62.8365
8.638344002282	2	(24.5141,296.678,1.895)	34.1018	-66.9207
8.649164134695	6	(23.8656,366.161,1.895)	35.6966	-68.1571
8.704416990746	1	(24.7651,269.78,1.895)	58.9837	-67.6723
8.706714331009	7	(26.9943,384.547,1.895)	55.8493	-66.8968
8.714938057924	0	(25.008,243.757,1.895)	84.9802	-70.7126
8.730686788412	8	(26.8007,405.296,1.895)	76.5994	-74.0202
8.737624808447	3	(27.7457,304.044,1.895)	24.6567	-62.1133
8.737166061508	5	(27.3013,351.663,1.895)	22.9639	-63.0454
8.738344002282	2	(24.532,294.76,1.895)	34.0704	-66.8628
8.749164134695	6	(23.8842,364.162,1.895)	35.647	-68.184
8.804416990746	1	(24.7835,267.811,1.895)	59.0047	-67.6814
8.806714331009	7	(27.0128,382.567,1.895)	55.8178	-66.8955
8.814938057924	0	(25.0268,241.747,1.895)	85.0419	-70.7019
8.830686788412	8	(26.8179,403.452,1.895)	76.7037	-73.9509
8.837624808447	3	(27.7645,302.033,1.895)	24.7197	-62.0371
8.837166061508	5	(27.3187,349.795,1.895)	23.045	-63.1947
8.838344002282	2	(24.5499,292.838,1.895)	34.0446	-66.8148
8.849164134695	6	(23.903,362.15,1.895)	35.584	-68.2126
8.904416990746	1	(24.802,265.829,1.895)	59.0347	-67.6947
8.906714331009	7	(27.0313,380.586,1.895)	55.7884	-66.8944
8.914938057924	0	(25.0455,239.739,1.895)	85.098	-70.6922
8.930686788412	8	(26.8351,401.606,1.895)	76.8091	-73.8817
8.937624808447	3	(27.7832,300.021,1.895)	24.78	-61.97
8.937166061508	5	(27.336,347.935,1.895)	23.1362	-63.3375
8.938344002282	2	(24.5679,290.916,1.895)	34.0156	-66.7603
8.949164134695	6	(23.9218,360.14,1.895)	35.5261	-68.2332
9.004416990746	1	(24.8204,263.856,1.895)	59.0533	-67.703
9.006714331009	7	(27.0498,378.602,1.895)	55.7589	-66.8934
9.014938057924	0	(25.0642,237.738,1.895)	85.1449	-70.6843
9.030686788412	8	(26.8524,399.757,1.895)	76.9148	-73.813
9.037624808447	3	(27.802,298.011,1.895)	24.8362	-61.9127
9.037166061508	5	(27.3535,346.065,1.895)	23.2203	-63.4417
9.038344002282	2	(24.5859,288.981,1.895)	33.9962	-66.7239
9.049164134695	6	(23.9405,358.132,1.895)	35.4725	-68.2471
9.104416990746	1	(24.8388,261.892,1.895)	59.0635	-67.7075
9.106714331009	7	(27.0683,376.623,1.895)	55.7336	-66.8927
9.114938057924	0	(25.083,235.729,1.895)	85.1994	-70.6751
9.130686788412	8	(26.8697,397.903,1.895)	77.015	-73.7487
9.137624808447	3	(27.8207,296.011,1.895)	24.8816	-61.8701
9.137166061508	5	(27.371,344.191,1.895)	23.301	-63.515
9.138344002282	2	(24.604,287.048,1.895)	33.9751	-66.6839
9.143004710367	9	(26.6976,416.34,1.895)	95.4529	-70.5116
9.149164134695	6	(23.9592,356.132,1.895)	35.4268	-68.2549
9.204416990746	1	(24.8573,259.911,1.895)	59.0991	-67.7235
9.206714331009	7	(27.0868,374.635,1.895)	55.6916	-66.8917
9.214938057924	0	(25.1017,233.721,1.895)	85.2624	-70.6647
9.230686788412	8	(26.887,396.049,1.895)	77.1062	-73.6907
9.237624808447	3	(27.8394,294.005,1.895)	24.9425	-61.8188
9.237166061508	5	(27.3885,342.316,1.895)	23.3708	-63.5559
9.238344002282	2	(24.6219,285.127,1.895)	33.9505	-66.6371
9.243004710367	9	(26.7134,414.649,1.895)	95.7067	-70.5377
9.249164134695	6	(23.9778,354.132,1.895)	35.3726	-68.2593
9.304416990746	1	(24.8757,257.932,1.895)	59.1252	-67.7353
9.306714331009	7	(27.1053,372.657,1.895)	55.6659	-66.8912
9.314938057924	0	(25.1204,231.714,1.895)	85.3156	-70.656
9.330686788412	8	(26.9044,394.184,1.895)	77.1936	-73.6358
9.337624808447	3	(27.8581,292.001,1.895)	24.9937	-61.7806
9.337166061508	5	(27.406,340.44,1.895)	23.4478	-63.5768
9.338344002282	2	(24.6399,283.196,1.895)	33.9284	-66.595
9.343004710367	9	(26.7292,412.95,1.895)	95.9605	-70.5649
9.349164134695	6	(23.9965,352.132,1.895)	35.3251	-68.2588
9.404416990746	1	(24.8942,255.953,1.895)	59.1506	-67.7468
9.406714331009	7	(27.1238,370.678,1.895)	55.6404	-66.8908
9.414938057924	0	(25.1392,229.705,1.895)	85.3717	-70.647
9.430686788412	8	(26.9218,392.323,1.895)	77.2863	-73.5782
9.437624808447	3	(27.8768,289.993,1.895)	25.0481	-61.7453
9.437166061508	5	(27.4235,338.567,1.895)	23.5286	-63.5719
9.438344002282	2	(24.6579,281.266,1.895)	33.9057	-66.5516
9.443004710367	9	(26.7452,411.241,1.895)	96.2052	-70.5923
9.449164134695	6	(24.0152,350.127,1.895)	35.2745	-68.2535
9.504416990746	1	(24.9127,253.974,1.895)	59.17	-67.7557
9.506714331009	7	(27.1423,368.693,1.895)	55.6155	-66.8905
9.514938057924	0	(25.1579,227.702,1.895)	85.4147	-70.6401
9.530686788412	8	(26.9392,390.457,1.895)	77.3809	-73.52
9.537624808447	3	(27.8955,287.989,1.895)	25.0921	-61.7206
9.537166061508	5	(27.4411,336.682,1.895)	23.603	-63.5442
9.538344002282	2	(24.676,279.336,1.895)	33.8755	-66.4935
9.543004710367	9	(26.7612,409.527,1.895)	96.4511	-70.6208
9.549164134695	6	(24.0339,348.123,1.895)	35.2303	-68.2449
9.604416990746	1	(24.9311,251.995,1.895)	59.2017	-67.7703
9.606714331009	7	(27.1608,366.71,1.895)	55.5797	-66.8903
9.614938057924	0	(25.1765,225.703,1.895)	85.467	-70.6319
9.630686788412	8	(26.9567,388.584,1.895)	77.4544	-73.4752
9.637624808447	3	(27.9143,285.977,1.895)	25.1571	-61.6907
9.637166061508	5	(27.4586,334.801,1.895)	23.6694	-63.5022
9.638344002282	2	(24.694,277.401,1.895)	33.8637	-66.4707
9.643004710367	9	(26.7772,407.808,1.895)	96.6795	-70.6482
9.649164134695	6	(24.0527,346.113,1.895)	35.1677	-68.2263
9.704416990746	1	(24.9495,250.027,1.895)	59.2062	-67.7723
9.706714331009	7	(27.1793,364.728,1.895)	55.5611	-66.8902
9.714938057924	0	(25.1953,223.694,1.895)	85.5118	-70.6249
9.730686788412	8	(26.9741,386.713,1.895)	77.5472	-73.4192
9.737624808447	3	(27.933,283.976,1.895)	25.1949	-61.677
9.737166061508	5	(27.4761,332.925,1.895)	23.7567	-63.425
9.738344002282	2	(24.7121,275.466,1.895)	33.836	-66.4173
9.743004710367	9	(26.7934,406.081,1.895)	96.9154	-70.6774
9.749164134695	6	(24.0714,344.11,1.895)	35.1284	-68.2108
9.804416990746	1	(24.9679,248.054,1.895)	59.2226	-67.78
9.806714331009	7	(27.1978,362.747,1.895)	55.5365	-66.8902
9.814938057924	0	(25.214,221.692,1.895)	85.5578	-70.6178
9.830686788412	8	(26.9916,384.843,1.895)	77.6339	-73.3675
9.837624808447	3	(27.9517,281.974,1.895)	25.2403	-61.664
9.837166061508	5	(27.4938,331.037,1.895)	23.8258	-63.3485
9.838344002282	2	(24.73,273.542,1.895)	33.8031	-66.3536
9.843004710367	9	(26.8094,404.359,1.895)	97.1501	-70.7074
9.849164134695	6	(24.0902,342.098,1.895)	35.0736	-68.1843
9.904416990746	1	(24.9864,246.076,1.895)	59.2446	-67.7902
9.906714331009	7	(27.2163,360.764,1.895)	55.5096	-66.8903
9.914938057924	0	(25.2327,219.685,1.895)	85.6086	-70.6101
9.930686788412	8	(27.0091,382.967,1.895)	77.714	-73.3203
9.937624808447	3	(27.9704,279.966,1.895)	25.292	-61.6539
9.937166061508	5	(27.5114,329.151,1.895)	23.8957	-63.2597
9.938344002282	2	(24.7481,271.607,1.895)	33.7821	-66.313
9.943004710367	9	(26.8256,402.628,1.895)	97.3756	-70.737
9.949164134695	6	(24.1089,340.087,1.895)	35.0184	-68.1517
10.004416990746	1	(25.0049,244.093,1.895)	59.2693	-67.8018
10.006714331009	7	(27.2348,358.779,1.895)	55.4834	-66.8905
10.014938057924	0	(25.2514,217.678,1.895)	85.6566	-70.6029
10.030686788412	8	(27.0266,381.09,1.895)	77.795	-73.273
10.037624808447	3	(27.9892,277.959,1.895)	25.3405	-61.6491
10.037166061508	5	(27.529,327.26,1.895)	23.9625	-63.1664
10.038344002282	2	(24.7661,269.674,1.895)	33.7565	-66.2631
10.043004710367	9	(26.8418,400.892,1.895)	97.5978	-70.7671
10.049164134695	6	(24.1277,338.08,1.895)	34.9704	-68.1188
10.104416990746	1	(25.0234,242.111,1.895)	59.2951	-67.8139
10.106714331009	7	(27.2534,356.795,1.895)	55.4548	-66.8909
10.114938057924	0	(25.2702,215.671,1.895)	85.7077	-70.5953
10.130686788412	8	(27.0442,379.207,1.895)	77.8682	-73.2306
10.137624808447	3	(28.0078,275.956,1.895)	25.3873	-61.6485
10.137166061508	5	(27.5467,325.364,1.895)	24.0227	-63.0766
10.138344002282	2	(24.7842,267.735,1.895)	33.7399	-66.2309
10.143004710367	9	(26.8581,399.145,1.895)	97.807	-70.7961
10.149164134695	6	(24.1464,336.069,1.895)	34.9154	-68.0759
10.204416990746	1	(25.0419,240.125,1.895)	59.3303	-67.8307
10.206714331009	7	(27.2718,354.814,1.895)	55.4255	-66.8913
10.214938057924	0	(25.2889,213.663,1.895)	85.7651	-70.5869
10.230686788412	8	(27.0617,377.325,1.895)	77.9368	-73.1913
10.237624808447	3	(28.0265,273.955,1.895)	25.4369	-61.6525
10.237166061508	5	(27.5643,323.477,1.895)	24.0872	-62.9763
10.238344002282	2	(24.8024,265.788,1.895)	33.7358	-66.2231
10.243004710367	9	(26.8744,397.397,1.895)	98.0096	-70.8249
10.249164134695	6	(24.1652,334.061,1.895)	34.8586	-68.0259
10.304416990746	1	(25.0605,238.138,1.895)	59.362	-67.8458
10.306714331009	7	(27.2902,352.844,1.895)	55.4103	-66.8916
10.314938057924	0	(25.3076,211.658,1.895)	85.8148	-70.5797
10.330686788412	8	(27.0793,375.446,1.895)	78.0131	-73.1479
10.337624808447	3	(28.0452,271.955,1.895)	25.4829	-61.6603
10.337166061508	5	(27.5819,321.589,1.895)	24.1539	-62.8697
10.338344002282	2	(24.8206,263.843,1.895)	33.7258	-66.2036
10.343004710367	9	(26.8908,395.642,1.895)	98.2097	-70.8539
10.349164134695	6	(24.184,332.05,1.895)	34.8023	-67.9707
10.404416990746	1	(25.0789,236.164,1.895)	59.3789	-67.854
10.406714331009	7	(27.3087,350.864,1.895)	55.3868	-66.8921
10.414938057924	0	(25.3264,209.652,1.895)	85.8634	-70.5728
10.430686788412	8	(27.0968,373.571,1.895)	78.0956	-73.1015
10.437624808447	3	(28.0639,269.949,1.895)	25.5309	-61.6727
10.437166061508	5	(27.5996,319.7,1.895)	24.2216	-62.7601
10.438344002282	2	(24.8388,261.892,1.895)	33.7195	-66.1913
10.443004710367	9	(26.9072,393.886,1.895)	98.4113	-70.8838
10.449164134695	6	(24.2027,330.046,1.895)	34.7561	-67.9214
10.504416990746	1	(25.0974,234.178,1.895)	59.4073	-67.8677
10.506714331009	7	(27.3271,348.892,1.895)	55.3731	-66.8925
10.514938057924	0	(25.345,207.653,1.895)	85.905	-70.5669
10.530686788412	8	(27.1144,371.679,1.895)	78.161	-73.0651
10.537624808447	3	(28.0827,267.938,1.895)	25.5845	-61.6915
10.537166061508	5	(27.6173,317.802,1.895)	24.2812	-62.6638
10.538344002282	2	(24.8569,259.949,1.895)	33.7053	-66.1638
10.543004710367	9	(26.9235,392.134,1.895)	98.6161	-70.9148
10.549164134695	6	(24.2214,328.038,1.895)	34.7055	-67.8635
10.604416990746	1	(25.1159,232.199,1.895)	59.4239	-67.8758
10.606714331009	7	(27.3456,346.908,1.895)	55.3507	-66.8931
10.614938057924	0	(25.3637,205.649,1.895)	85.9473	-70.561
10.630686788412	8	(27.132,369.802,1.895)	78.2454	-73.0185
10.637624808447	3	(28.1014,265.937,1.895)	25.6238	-61.7087
10.637166061508	5	(27.635,315.909,1.895)	24.3506	-62.5531
10.638344002282	2	(24.8751,257.995,1.895)	33.6972	-66.1478
10.643004710367	9	(26.94,390.369,1.895)	98.8136	-70.9453
10.649164134695	6	(24.2401,326.033,1.895)	34.6628	-67.8114
10.704416990746	1	(25.1343,230.224,1.895)	59.4447	-67.8859
10.706714331009	7	(27.3641,344.934,1.895)	55.3315	-66.8937
10.714938057924	0	(25.3824,203.644,1.895)	85.9971	-70.5541
10.730686788412	8	(27.1497,367.905,1.895)	78.3027	-72.9872
10.737624808447	3	(28.1201,263.931,1.895)	25.6753	-61.7355
10.737166061508	5	(27.6527,314.004,1.895)	24.4001	-62.4758
10.738344002282	2	(24.8933,256.049,1.895)	33.6894	-66.1328
10.743004710367	9	(26.9564,388.616,1.895)	99.0156	-70.9771
10.749164134695	6	(24.2589,324.023,1.895)	34.6073	-67.7397
10.804416990746	1	(25.1528,228.243,1.895)	59.4615	-67.8942
10.806714331009	7	(27.3825,342.952,1.895)	55.3134	-66.8943
10.814938057924	0	(25.4012,201.634,1.895)	86.0438	-70.5478
10.830686788412	8	(27.1673,366.016,1.895)	78.3775	-72.9467
10.837624808447	3	(28.1387,261.931,1.895)	25.7116	-61.7573
10.837166061508	5	(27.6704,312.112,1.895)	24.4718	-62.3672
10.838344002282	2	(24.9115,254.103,1.895)	33.6714	-66.0978
10.843004710367	9	(26.9729,386.841,1.895)	99.2038	-71.0073
10.849164134695	6	(24.2776,322.017,1.895)	34.5656	-67.683
10.904416990746	1	(25.1713,226.26,1.895)	59.4825	-67.9045
10.906714331009	7	(27.401,340.976,1.895)	55.2996	-66.8948
10.914938057924	0	(25.4199,199.625,1.895)	86.0901	-70.5415
10.930686788412	8	(27.185,364.117,1.895)	78.4416	-72.9123
10.937624808447	3	(28.1575,259.926,1.895)	25.7548	-61.7863
10.937166061508	5	(27.6882,310.209,1.895)	24.5306	-62.282
10.938344002282	2	(24.9296,252.161,1.895)	33.6515	-66.0591
10.943004710367	9	(26.9895,385.069,1.895)	99.3945	-71.0385
10.949164134695	6	(24.2964,320.006,1.895)	34.5169	-67.6137
11.004416990746	1	(25.1898,224.281,1.895)	59.492	-67.9092
11.006714331009	7	(27.4194,339,1.895)	55.2934	-66.895
11.014938057924	0	(25.4387,197.615,1.895)	86.1308	-70.5361
11.030686788412	8	(27.2027,362.223,1.895)	78.5169	-72.8723
11.037624808447	3	(28.1762,257.919,1.895)	25.7914	-61.8135
11.037166061508	5	(27.7059,308.304,1.895)	24.5955	-62.1925
11.038344002282	2	(24.9478,250.211,1.895)	33.6313	-66.0198
11.043004710367	9	(27.0061,383.285,1.895)	99.58	-71.0693
11.049164134695	6	(24.315,318.004,1.895)	34.4853	-67.5672
11.104416990746	1	(25.2084,222.29,1.895)	59.5124	-67.9193
11.106714331009	7	(27.4379,337.019,1.895)	55.2831	-66.8954
11.114938057924	0	(25.4574,195.61,1.895)	86.1649	-70.5316
11.130686788412	8	(27.2203,360.332,1.895)	78.5965	-72.8304
11.137624808447	3	(28.1949,255.913,1.895)	25.8264	-61.8418
11.137166061508	5	(27.7238,306.385,1.895)	24.6478	-62.1245
11.138344002282	2	(24.966,248.266,1.895)	33.6059	-65.9706
11.143004710367	9	(27.0227,381.506,1.895)	99.7718	-71.1017
11.149164134695	6	(24.3338,315.999,1.895)	34.4509	-67.5151
11.204416990746	1	(25.2269,220.312,1.895)	59.5287	-67.9274
11.206714331009	7	(27.4565,335.028,1.895)	55.2526	-66.8967
11.214938057924	0	(25.4761,193.605,1.895)	86.2093	-70.5258
11.230686788412	8	(27.2381,358.43,1.895)	78.6551	-72.7999
11.237624808447	3	(28.2137,253.903,1.895)	25.8758	-61.8853
11.237166061508	5	(27.7417,304.473,1.895)	24.6961	-62.0649
11.238344002282	2	(24.9842,246.312,1.895)	33.5993	-65.9578
11.243004710367	9	(27.0394,379.72,1.895)	99.9461	-71.1316
11.249164134695	6	(24.3525,313.996,1.895)	34.4092	-67.4501
11.304416990746	1	(25.2454,218.328,1.895)	59.5396	-67.9329
11.306714331009	7	(27.475,333.046,1.895)	55.2449	-66.897
11.314938057924	0	(25.4948,191.604,1.895)	86.2362	-70.5224
11.330686788412	8	(27.2559,356.526,1.895)	78.7251	-72.7637
11.337624808447	3	(28.2324,251.892,1.895)	25.9135	-61.9213
11.337166061508	5	(27.7595,302.562,1.895)	24.7596	-61.9921
11.338344002282	2	(25.0024,244.366,1.895)	33.5715	-65.9038
11.343004710367	9	(27.0562,377.922,1.895)	100.122	-71.1623
11.349164134695	6	(24.3712,311.984,1.895)	34.3715	-67.3897
11.404416990746	1	(25.2639,216.345,1.895)	59.5498	-67.938
11.406714331009	7	(27.4935,331.065,1.895)	55.2354	-66.8974
11.414938057924	0	(25.5135,189.603,1.895)	86.265	-70.5187
11.430686788412	8	(27.2736,354.627,1.895)	78.799	-72.7259
11.437624808447	3	(28.2511,249.891,1.895)	25.9422	-61.9504
11.437166061508	5	(27.7774,300.648,1.895)	24.8168	-61.9318
11.438344002282	2	(25.0206,242.407,1.895)	33.5585	-65.8789
11.443004710367	9	(27.0729,376.127,1.895)	100.3	-71.1937
11.449164134695	6	(24.39,309.973,1.895)	34.3324	-67.3255
11.504416990746	1	(25.2823,214.368,1.895)	59.5651	-67.9457
11.506714331009	7	(27.5119,329.089,1.895)	55.2213	-66.8981
11.514938057924	0	(25.5322,187.602,1.895)	86.3044	-70.5137
11.530686788412	8	(27.2913,352.725,1.895)	78.8588	-72.6956
11.537624808447	3	(28.2698,247.887,1.895)	25.9836	-61.9948
11.537166061508	5	(27.7953,298.73,1.895)	24.8617	-61.8884
11.538344002282	2	(25.0389,240.449,1.895)	33.5544	-65.8709
11.543004710367	9	(27.0897,374.333,1.895)	100.468	-71.2238
11.549164134695	6	(24.4087,307.969,1.895)	34.2904	-67.255
11.604416990746	1	(25.3009,212.383,1.895)	59.5878	-67.9571
11.606714331009	7	(27.5305,327.106,1.895)	55.2003	-66.8992
11.614938057924	0	(25.5509,185.593,1.895)	86.3509	-70.5078
11.630686788412	8	(27.3091,350.821,1.895)	78.9169	-72.6664
11.637624808447	3	(28.2885,245.885,1.895)	26.0235	-62.0403
11.637166061508	5	(27.8131,296.821,1.895)	24.914	-61.842
11.638344002282	2	(25.0571,238.502,1.895)	33.5392	-65.8415
11.643004710367	9	(27.1065,372.532,1.895)	100.628	-71.253
11.649164134695	6	(24.4274,305.966,1.895)	34.2495	-67.1847
11.704416990746	1	(25.3195,210.39,1.895)	59.617	-67.9719
11.706714331009	7	(27.5489,325.133,1.895)	55.1912	-66.8996
11.714938057924	0	(25.5696,183.591,1.895)	86.3886	-70.5032
11.730686788412	8	(27.3269,348.913,1.895)	78.9722	-72.6388
11.737624808447	3	(28.3072,243.878,1.895)	26.067	-62.0928
11.737166061508	5	(27.8309,294.911,1.895)	24.9683	-61.799
11.738344002282	2	(25.0753,236.553,1.895)	33.524	-65.8122
11.743004710367	9	(27.1233,370.731,1.895)	100.791	-71.283
11.749164134695	6	(24.4461,303.959,1.895)	34.2075	-67.1113
11.804416990746	1	(25.338,208.407,1.895)	59.6331	-67.9801
11.806714331009	7	(27.5673,323.159,1.895)	55.1842	-66.9
11.814938057924	0	(25.5883,181.586,1.895)	86.4265	-70.4985
11.830686788412	8	(27.3446,347.017,1.895)	79.0434	-72.6036
11.837624808447	3	(28.326,241.87,1.895)	26.1081	-62.1454
11.837166061508	5	(27.8489,292.99,1.895)	25.0143	-61.7666
11.838344002282	2	(25.0935,234.596,1.895)	33.514	-65.7929
11.843004710367	9	(27.1402,368.923,1.895)	100.951	-71.3126
11.849164134695	6	(24.4648,301.96,1.895)	34.1752	-67.0539
11.904416990746	1	(25.3565,206.426,1.895)	59.6359	-67.9815
11.906714331009	7	(27.5857,321.185,1.895)	55.1889	-66.8998
11.914938057924	0	(25.607,179.581,1.895)	86.4534	-70.4952
11.930686788412	8	(27.3624,345.114,1.895)	79.119	-72.5666
11.937624808447	3	(28.3447,239.866,1.895)	26.1337	-62.1794
11.937166061508	5	(27.8667,291.077,1.895)	25.0793	-61.7274
11.938344002282	2	(25.1118,232.637,1.895)	33.4958	-65.7579
11.943004710367	9	(27.1569,367.126,1.895)	101.132	-71.3467
11.949164134695	6	(24.4835,299.954,1.895)	34.1475	-67.004
12.004416990746	1	(25.3749,204.446,1.895)	59.6498	-67.9887
12.006714331009	7	(27.6041,319.213,1.895)	55.1828	-66.9001
12.014938057924	0	(25.6257,177.579,1.895)	86.4895	-70.4909
12.030686788412	8	(27.3802,343.206,1.895)	79.1766	-72.5387
12.037624808447	3	(28.3634,237.859,1.895)	26.1749	-62.2364
12.037166061508	5	(27.8848,289.141,1.895)	25.1092	-61.712
12.038344002282	2	(25.1301,230.677,1.895)	33.4895	-65.7458
12.043004710367	9	(27.1738,365.32,1.895)	101.292	-71.3773
12.049164134695	6	(24.5023,297.946,1.895)	34.106	-66.9283
12.104416990746	1	(25.3935,202.462,1.895)	59.6616	-67.9947
12.106714331009	7	(27.6226,317.227,1.895)	55.1688	-66.9009
12.114938057924	0	(25.6444,175.576,1.895)	86.5205	-70.4872
12.130686788412	8	(27.3979,341.304,1.895)	79.2468	-72.505
12.137624808447	3	(28.3822,235.852,1.895)	26.2102	-62.2872
12.137166061508	5	(27.9027,287.225,1.895)	25.1652	-61.6876
12.138344002282	2	(25.1484,228.719,1.895)	33.475	-65.7181
12.143004710367	9	(27.1907,363.505,1.895)	101.449	-71.4077
12.149164134695	6	(24.5209,295.945,1.895)	34.0771	-66.8752
12.204416990746	1	(25.412,200.475,1.895)	59.6742	-68.0012
12.206714331009	7	(27.6411,315.251,1.895)	55.1676	-66.9009
12.214938057924	0	(25.6632,173.567,1.895)	86.555	-70.4831
12.230686788412	8	(27.4158,339.393,1.895)	79.3105	-72.4747
12.237624808447	3	(28.4009,233.846,1.895)	26.2417	-62.3341
12.237166061508	5	(27.9206,285.299,1.895)	25.2143	-61.6709
12.238344002282	2	(25.1667,226.759,1.895)	33.4606	-65.6904
12.243004710367	9	(27.2076,361.695,1.895)	101.613	-71.4398
12.249164134695	6	(24.5397,293.936,1.895)	34.043	-66.8118
12.304416990746	1	(25.4305,198.49,1.895)	59.686	-68.0073
12.306714331009	7	(27.6595,313.277,1.895)	55.167	-66.901
12.314938057924	0	(25.6819,171.556,1.895)	86.5928	-70.4787
12.330686788412	8	(27.4336,337.482,1.895)	79.373	-72.4452
12.337624808447	3	(28.4196,231.837,1.895)	26.2769	-62.3884
12.337166061508	5	(27.9386,283.373,1.895)	25.2611	-61.6593
12.338344002282	2	(25.185,224.799,1.895)	33.4477	-65.6658
12.343004710367	9	(27.2246,359.871,1.895)	101.763	-71.4693
12.349164134695	6	(24.5584,291.931,1.895)	34.0106	-66.7511
12.404416990746	1	(25.4492,196.494,1.895)	59.7071	-68.0182
12.406714331009	7	(27.678,311.295,1.895)	55.16	-66.9014
12.414938057924	0	(25.7007,169.544,1.895)	86.6295	-70.4745
12.430686788412	8	(27.4515,335.57,1.895)	79.4354	-72.4161
12.437624808447	3	(28.4384,229.828,1.895)	26.3112	-62.443
12.437166061508	5	(27.9566,281.447,1.895)	25.3102	-61.6516
12.438344002282	2	(25.2033,222.841,1.895)	33.4307	-65.6335
12.443004710367	9	(27.2416,358.049,1.895)	101.916	-71.4999
12.449164134695	6	(24.5772,289.92,1.895)	33.9749	-66.6836
12.504416990746	1	(25.4677,194.506,1.895)	59.7113	-68.0204
12.506714331009	7	(27.6965,309.318,1.895)	55.1657	-66.901
12.514938057924	0	(25.7194,167.539,1.895)	86.6514	-70.4719
12.530686788412	8	(27.4693,333.655,1.895)	79.5042	-72.3842
12.537624808447	3	(28.457,227.827,1.895)	26.3289	-62.4718
12.537166061508	5	(27.9746,279.514,1.895)	25.3602	-61.6483
12.538344002282	2	(25.2216,220.873,1.895)	33.4158	-65.605
12.543004710367	9	(27.2586,356.228,1.895)	102.078	-71.5326
12.549164134695	6	(24.5959,287.911,1.895)	33.9493	-66.6349
12.604416990746	1	(25.4863,192.514,1.895)	59.7345	-68.0324
12.606714331009	7	(27.715,307.332,1.895)	55.1493	-66.902
12.614938057924	0	(25.7381,165.536,1.895)	86.6846	-70.4682
12.630686788412	8	(27.4873,331.734,1.895)	79.5522	-72.3622
12.637624808447	3	(28.4757,225.827,1.895)	26.3589	-62.5216
12.637166061508	5	(27.9927,277.578,1.895)	25.3941	-61.6488
12.638344002282	2	(25.2399,218.91,1.895)	33.4088	-65.5919
12.643004710367	9	(27.2757,354.4,1.895)	102.22	-71.5615
12.649164134695	6	(24.6147,285.904,1.895)	33.9119	-66.5634
12.704416990746	1	(25.5049,190.527,1.895)	59.7437	-68.0373
12.706714331009	7	(27.7335,305.349,1.895)	55.1431	-66.9024
12.714938057924	0	(25.7569,163.525,1.895)	86.7182	-70.4644
12.730686788412	8	(27.5052,329.807,1.895)	79.6029	-72.3391
12.737624808447	3	(28.4944,223.828,1.895)	26.3813	-62.5594
12.737166061508	5	(28.0107,275.646,1.895)	25.4388	-61.6528
12.738344002282	2	(25.2583,216.942,1.895)	33.3995	-65.5741
12.743004710367	9	(27.2928,352.567,1.895)	102.363	-71.5911
12.749164134695	6	(24.6334,283.897,1.895)	33.8821	-66.5062
12.804416990746	1	(25.5235,188.534,1.895)	59.769	-68.0505
12.806714331009	7	(27.7521,303.362,1.895)	55.1252	-66.9035
12.814938057924	0	(25.7756,161.523,1.895)	86.7526	-70.4606
12.830686788412	8	(27.5231,327.889,1.895)	79.6525	-72.3166
12.837624808447	3	(28.5131,221.817,1.895)	26.4235	-62.6328
12.837166061508	5	(28.0288,273.711,1.895)	25.4727	-61.6582
12.838344002282	2	(25.2766,214.984,1.895)	33.39	-65.5562
12.843004710367	9	(27.31,350.723,1.895)	102.488	-71.617
12.849164134695	6	(24.6521,281.894,1.895)	33.8482	-66.441
12.904416990746	1	(25.542,186.549,1.895)	59.7769	-68.0547
12.906714331009	7	(27.7706,301.379,1.895)	55.1184	-66.9039
12.914938057924	0	(25.7943,159.521,1.895)	86.777	-70.4579
12.930686788412	8	(27.5411,325.961,1.895)	79.7021	-72.2944
12.937624808447	3	(28.5319,219.81,1.895)	26.4542	-62.6876
12.937166061508	5	(28.0468,271.786,1.895)	25.5245	-61.6708
12.938344002282	2	(25.295,213.017,1.895)	33.3804	-65.538
12.943004710367	9	(27.3271,348.89,1.895)	102.632	-71.647
12.949164134695	6	(24.6709,279.882,1.895)	33.8134	-66.3737
13.004416990746	1	(25.5605,184.564,1.895)	59.7843	-68.0586
13.006714331009	7	(27.789,299.408,1.895)	55.1246	-66.9035
13.014938057924	0	(25.813,157.51,1.895)	86.8109	-70.4542
13.030686788412	8	(27.5592,324.03,1.895)	79.7478	-72.274
13.037624808447	3	(28.5506,217.8,1.895)	26.4871	-62.7477
13.037166061508	5	(28.0649,269.843,1.895)	25.5588	-61.6818
13.038344002282	2	(25.3133,211.054,1.895)	33.3656	-65.51
13.043004710367	9	(27.3443,347.046,1.895)	102.765	-71.6752
13.049164134695	6	(24.6896,277.878,1.895)	33.7863	-66.321
13.104416990746	1	(25.5791,182.569,1.895)	59.7953	-68.0644
13.106714331009	7	(27.8074,297.428,1.895)	55.1294	-66.9032
13.114938057924	0	(25.8318,155.504,1.895)	86.8329	-70.4518
13.130686788412	8	(27.577,322.118,1.895)	79.8205	-72.2418
13.137624808447	3	(28.5694,215.789,1.895)	26.5129	-62.7955
13.137166061508	5	(28.083,267.899,1.895)	25.5991	-61.6975
13.138344002282	2	(25.3316,209.095,1.895)	33.3398	-65.4616
13.143004710367	9	(27.3616,345.201,1.895)	102.905	-71.705
13.149164134695	6	(24.7082,275.877,1.895)	33.7701	-66.2895
13.204416990746	1	(25.5978,180.572,1.895)	59.8141	-68.0744
13.206714331009	7	(27.826,295.443,1.895)	55.1216	-66.9037
13.214938057924	0	(25.8505,153.498,1.895)	86.8612	-70.4487
13.230686788412	8	(27.595,320.194,1.895)	79.8736	-72.2186
13.237624808447	3	(28.5881,213.783,1.895)	26.5415	-62.8496
13.237166061508	5	(28.1012,265.953,1.895)	25.6306	-61.7119
13.238344002282	2	(25.3499,207.127,1.895)	33.3303	-65.4439
13.243004710367	9	(27.3787,343.367,1.895)	103.048	-71.7358
13.249164134695	6	(24.7269,273.878,1.895)	33.7486	-66.2478
13.304416990746	1	(25.6164,178.576,1.895)	59.8334	-68.0846
13.306714331009	7	(27.8445,293.462,1.895)	55.1181	-66.9039
13.314938057924	0	(25.8692,151.496,1.895)	86.886	-70.4461
13.330686788412	8	(27.613,318.258,1.895)	79.9148	-72.2007
13.337624808447	3	(28.6069,211.776,1.895)	26.5712	-62.9067
13.337166061508	5	(28.1193,264.018,1.895)	25.673	-61.7342
13.338344002282	2	(25.3684,205.15,1.895)	33.3312	-65.4455
13.343004710367	9	(27.3959,341.521,1.895)	103.179	-71.7641
13.349164134695	6	(24.7456,271.875,1.895)	33.7232	-66.1985
13.404416990746	1	(25.635,176.586,1.895)	59.8441	-68.0903
13.406714331009	7	(27.8629,291.486,1.895)	55.1217	-66.9037
13.414938057924	0	(25.8879,149.484,1.895)	86.9185	-70.4426
13.430686788412	8	(27.631,316.332,1.895)	79.968	-72.1777
13.437624808447	3	(28.6256,209.772,1.895)	26.5958	-62.9548
13.437166061508	5	(28.1374,262.072,1.895)	25.7056	-61.7535
13.438344002282	2	(25.3867,203.182,1.895)	33.3194	-65.4234
13.443004710367	9	(27.4133,339.656,1.895)	103.293	-71.7891
13.449164134695	6	(24.7643,269.874,1.895)	33.7008	-66.1549
13.504416990746	1	(25.6537,174.585,1.895)	59.8705	-68.1045
13.506714331009	7	(27.8814,289.5,1.895)	55.1105	-66.9044
13.514938057924	0	(25.9067,147.474,1.895)	86.9537	-70.4389
13.530686788412	8	(27.6489,314.413,1.895)	80.0247	-72.1534
13.537624808447	3	(28.6442,207.772,1.895)	26.6212	-63.0049
13.537166061508	5	(28.1555,260.133,1.895)	25.7414	-61.777
13.538344002282	2	(25.4052,201.209,1.895)	33.3176	-65.42
13.543004710367	9	(27.4306,337.806,1.895)	103.418	-71.8165
13.549164134695	6	(24.783,267.87,1.895)	33.6719	-66.0986
13.604416990746	1	(25.6722,172.595,1.895)	59.8873	-68.1135
13.606714331009	7	(27.8999,287.524,1.895)	55.1069	-66.9046
13.614938057924	0	(25.9254,145.475,1.895)	86.9797	-70.4362
13.630686788412	8	(27.6669,312.485,1.895)	80.0695	-72.1344
13.637624808447	3	(28.663,205.763,1.895)	26.6577	-63.0783
13.637166061508	5	(28.1736,258.194,1.895)	25.7761	-61.8019
13.638344002282	2	(25.4236,199.234,1.895)	33.3202	-65.4249
13.643004710367	9	(27.4478,335.959,1.895)	103.544	-71.8444
13.649164134695	6	(24.8017,265.868,1.895)	33.6427	-66.042
13.704416990746	1	(25.6907,170.611,1.895)	59.8824	-68.1109
13.706714331009	7	(27.9183,285.553,1.895)	55.1243	-66.9035
13.714938057924	0	(25.9441,143.467,1.895)	86.9997	-70.4342
13.730686788412	8	(27.6849,310.557,1.895)	80.1303	-72.1087
13.737624808447	3	(28.6817,203.76,1.895)	26.6715	-63.1063
13.737166061508	5	(28.1917,256.261,1.895)	25.8311	-61.8457
13.738344002282	2	(25.442,197.26,1.895)	33.3049	-65.3964
13.743004710367	9	(27.4652,334.102,1.895)	103.676	-71.8739
13.749164134695	6	(24.8204,263.862,1.895)	33.6259	-66.0095
13.804416990746	1	(25.7093,168.619,1.895)	59.8994	-68.12
13.806714331009	7	(27.9367,283.584,1.895)	55.1307	-66.9031
13.814938057924	0	(25.9628,141.458,1.895)	87.0331	-70.4308
13.830686788412	8	(27.7029,308.63,1.895)	80.1777	-72.0889
13.837624808447	3	(28.7004,201.75,1.895)	26.7069	-63.1789
13.837166061508	5	(28.2099,254.312,1.895)	25.8573	-61.8685
13.838344002282	2	(25.4603,195.3,1.895)	33.2902	-65.3691
13.843004710367	9	(27.4825,332.248,1.895)	103.797	-71.9011
13.849164134695	6	(24.8391,261.858,1.895)	33.5968	-65.953
13.904416990746	1	(25.728,166.625,1.895)	59.9034	-68.1222
13.906714331009	7	(27.9551,281.605,1.895)	55.1419	-66.9024
13.914938057924	0	(25.9816,139.453,1.895)	87.048	-70.4293
13.930686788412	8	(27.7209,306.705,1.895)	80.2432	-72.0617
13.937624808447	3	(28.7192,199.742,1.895)	26.7247	-63.2159
13.937166061508	5	(28.2279,252.376,1.895)	25.9114	-61.9193
13.938344002282	2	(25.4787,193.326,1.895)	33.2744	-65.3398
13.943004710367	9	(27.4998,330.392,1.895)	103.931	-71.9315
13.949164134695	6	(24.8578,259.856,1.895)	33.5851	-65.9303
14.004416990746	1	(25.7466,164.63,1.895)	59.9079	-68.1246
14.006714331009	7	(27.9735,279.636,1.895)	55.1637	-66.9012
14.014938057924	0	(26.0003,137.448,1.895)	87.0628	-70.4278
14.030686788412	8	(27.7389,304.773,1.895)	80.3017	-72.0377
14.037624808447	3	(28.7378,197.742,1.895)	26.7344	-63.2361
14.037166061508	5	(28.2462,250.419,1.895)	25.9447	-61.953
14.038344002282	2	(25.4971,191.358,1.895)	33.2522	-65.2989
14.043004710367	9	(27.5172,328.527,1.895)	104.057	-71.9602
14.049164134695	6	(24.8765,257.855,1.895)	33.5747	-65.9101
14.104416990746	1	(25.7652,162.633,1.895)	59.9225	-68.1325
14.106714331009	7	(27.9921,277.648,1.895)	55.1572	-66.9015
14.114938057924	0	(26.0191,135.436,1.895)	87.0924	-70.4248
14.130686788412	8	(27.7568,302.855,1.895)	80.3653	-72.0118
14.137624808447	3	(28.7566,195.73,1.895)	26.764	-63.2984
14.137166061508	5	(28.2644,248.465,1.895)	25.9728	-61.983
14.138344002282	2	(25.5155,189.383,1.895)	33.2452	-65.286
14.143004710367	9	(27.5346,326.663,1.895)	104.174	-71.9873
14.149164134695	6	(24.8952,255.847,1.895)	33.5488	-65.86
14.204416990746	1	(25.7839,160.633,1.895)	59.9386	-68.1413
14.206714331009	7	(28.0106,275.666,1.895)	55.159	-66.9014
14.214938057924	0	(26.0377,133.433,1.895)	87.1111	-70.4229
14.230686788412	8	(27.7749,300.918,1.895)	80.4125	-71.9927
14.237624808447	3	(28.7754,193.723,1.895)	26.7875	-63.3483
14.237166061508	5	(28.2826,246.52,1.895)	26.0117	-62.0266
14.238344002282	2	(25.534,187.405,1.895)	33.2384	-65.2734
14.243004710367	9	(27.5519,324.807,1.895)	104.303	-72.017
14.249164134695	6	(24.9139,253.847,1.895)	33.5326	-65.8288
14.304416990746	1	(25.8025,158.639,1.895)	59.9461	-68.1454
14.306714331009	7	(28.0291,273.683,1.895)	55.1634	-66.9012
14.314938057924	0	(26.0565,131.429,1.895)	87.1289	-70.4212
14.330686788412	8	(27.793,298.975,1.895)	80.4559	-71.9753
14.337624808447	3	(28.7941,191.719,1.895)	26.8047	-63.385
14.337166061508	5	(28.3008,244.564,1.895)	26.0429	-62.0634
14.338344002282	2	(25.5525,185.423,1.895)	33.2345	-65.2664
14.343004710367	9	(27.5693,322.939,1.895)	104.422	-72.0447
14.349164134695	6	(24.9325,251.845,1.895)	33.518	-65.8007
14.404416990746	1	(25.821,156.653,1.895)	59.9527	-68.149
14.406714331009	7	(28.0476,271.696,1.895)	55.1554	-66.9016
14.414938057924	0	(26.0752,129.42,1.895)	87.1583	-70.4183
14.430686788412	8	(27.8111,297.036,1.895)	80.4967	-71.9591
14.437624808447	3	(28.8128,189.714,1.895)	26.8307	-63.4408
14.437166061508	5	(28.319,242.614,1.895)	26.0724	-62.0996
14.438344002282	2	(25.571,183.446,1.895)	33.2324	-65.2625
14.443004710367	9	(27.5869,321.055,1.895)	104.517	-72.067
14.449164134695	6	(24.9513,249.834,1.895)	33.4863	-65.7397
14.504416990746	1	(25.8396,154.659,1.895)	59.9662	-68.1564
14.506714331009	7	(28.0661,269.715,1.895)	55.1542	-66.9017
14.514938057924	0	(26.0939,127.42,1.895)	87.1779	-70.4164
14.530686788412	8	(27.8292,295.098,1.895)	80.539	-71.9423
14.537624808447	3	(28.8314,187.714,1.895)	26.8502	-63.483
14.537166061508	5	(28.3372,240.67,1.895)	26.1087	-62.1461
14.538344002282	2	(25.5894,181.473,1.895)	33.2245	-65.248
14.543004710367	9	(27.6045,319.177,1.895)	104.619	-72.091
14.549164134695	6	(24.9701,247.824,1.895)	33.4565	-65.6827
14.604416990746	1	(25.8582,152.675,1.895)	59.9677	-68.1572
14.606714331009	7	(28.0846,267.736,1.895)	55.1577	-66.9015
14.614938057924	0	(26.1126,125.411,1.895)	87.205	-70.4138
14.630686788412	8	(27.8473,293.157,1.895)	80.5805	-71.926
14.637624808447	3	(28.8502,185.703,1.895)	26.8785	-63.5446
14.637166061508	5	(28.3554,238.716,1.895)	26.1364	-62.183
14.638344002282	2	(25.6078,179.499,1.895)	33.2163	-65.2331
14.643004710367	9	(27.622,317.295,1.895)	104.719	-72.1148
14.649164134695	6	(24.9888,245.813,1.895)	33.4286	-65.6294
14.704416990746	1	(25.8768,150.674,1.895)	59.9841	-68.1662
14.706714331009	7	(28.1031,265.746,1.895)	55.153	-66.9018
14.714938057924	0	(26.1313,123.408,1.895)	87.2229	-70.4121
14.730686788412	8	(27.8654,291.216,1.895)	80.6241	-71.909
14.737624808447	3	(28.8689,183.696,1.895)	26.9002	-63.592
14.737166061508	5	(28.3736,236.766,1.895)	26.1718	-62.232
14.738344002282	2	(25.6262,177.528,1.895)	33.2027	-65.2083
14.743004710367	9	(27.6396,315.413,1.895)	104.822	-72.1393
14.749164134695	6	(25.0075,243.813,1.895)	33.4131	-65.5999
14.804416990746	1	(25.8955,148.677,1.895)	59.9934	-68.1713
14.806714331009	7	(28.1216,263.764,1.895)	55.1594	-66.9014
14.814938057924	0	(26.1501,121.399,1.895)	87.2438	-70.4101
14.830686788412	8	(27.8836,289.263,1.895)	80.6594	-71.8953
14.837624808447	3	(28.8876,181.692,1.895)	26.9167	-63.6282
14.837166061508	5	(28.3919,234.808,1.895)	26.2016	-62.2746
14.838344002282	2	(25.6447,175.547,1.895)	33.1953	-65.1948
14.843004710367	9	(27.6572,313.527,1.895)	104.924	-72.1638
14.849164134695	6	(25.0263,241.803,1.895)	33.3911	-65.5582
14.904416990746	1	(25.9141,146.686,1.895)	60.0018	-68.1759
14.906714331009	7	(28.1402,261.773,1.895)	55.1511	-66.9019
14.914938057924	0	(26.1688,119.395,1.895)	87.2656	-70.408
14.930686788412	8	(27.9018,287.318,1.895)	80.697	-71.8807
14.937624808447	3	(28.9064,179.686,1.895)	26.9395	-63.6784
14.937166061508	5	(28.4102,232.849,1.895)	26.2252	-62.3093
14.938344002282	2	(25.6631,173.574,1.895)	33.1857	-65.1775
14.943004710367	9	(27.6748,311.635,1.895)	105.015	-72.1856
14.949164134695	6	(25.045,239.792,1.895)	33.3634	-65.506
15.004416990746	1	(25.9326,144.696,1.895)	60.0034	-68.1768
15.006714331009	7	(28.1588,259.782,1.895)	55.1479	-66.9021
15.014938057924	0	(26.1874,117.394,1.895)	87.2776	-70.4069
15.030686788412	8	(27.9199,285.375,1.895)	80.7419	-71.8635
15.037624808447	3	(28.925,177.685,1.895)	26.9527	-63.7075
15.037166061508	5	(28.4284,230.895,1.895)	26.2591	-62.3608
15.038344002282	2	(25.6815,171.6,1.895)	33.1713	-65.1514
15.043004710367	9	(27.6925,309.744,1.895)	105.112	-72.2092
15.049164134695	6	(25.0637,237.789,1.895)	33.3479	-65.4768
15.104416990746	1	(25.9512,142.711,1.895)	60.0068	-68.1787
15.106714331009	7	(28.1773,257.796,1.895)	55.1432	-66.9024
15.114938057924	0	(26.2062,115.388,1.895)	87.3019	-70.4046
15.130686788412	8	(27.9382,283.419,1.895)	80.7671	-71.8539
15.137624808447	3	(28.9438,175.674,1.895)	26.9825	-63.7736
15.137166061508	5	(28.4468,228.929,1.895)	26.2749	-62.3853
15.138344002282	2	(25.7,169.625,1.895)	33.1655	-65.1409
15.143004710367	9	(27.7102,307.851,1.895)	105.201	-72.2307
15.149164134695	6	(25.0825,235.781,1.895)	33.322	-65.4282
15.204416990746	1	(25.9698,140.712,1.895)	60.0139	-68.1826
15.206714331009	7	(28.1959,255.81,1.895)	55.1498	-66.902
15.214938057924	0	(26.2249,113.386,1.895)	87.3119	-70.4037
15.230686788412	8	(27.9563,281.478,1.895)	80.8181	-71.8346
15.237624808447	3	(28.9625,173.674,1.895)	26.9899	-63.7899
15.237166061508	5	(28.4651,226.969,1.895)	26.307	-62.4362
15.238344002282	2	(25.7183,167.659,1.895)	33.1398	-65.0949
15.243004710367	9	(27.7279,305.95,1.895)	105.292	-72.253
15.249164134695	6	(25.1012,233.771,1.895)	33.3042	-65.3951
15.304416990746	1	(25.9883,138.726,1.895)	60.0177	-68.1847
15.306714331009	7	(28.2145,253.819,1.895)	55.1399	-66.9026
15.314938057924	0	(26.2436,111.375,1.895)	87.3418	-70.4009
15.330686788412	8	(27.9745,279.53,1.895)	80.8525	-71.8216
15.337624808447	3	(28.9812,171.671,1.895)	27.0118	-63.8385
15.337166061508	5	(28.4834,225.006,1.895)	26.3264	-62.4676
15.338344002282	2	(25.7368,165.674,1.895)	33.1424	-65.0995
15.343004710367	9	(27.7455,304.06,1.895)	105.384	-72.2755
15.349164134695	6	(25.1199,231.769,1.895)	33.2842	-65.358
15.404416990746	1	(26.007,136.727,1.895)	60.0252	-68.1889
15.406714331009	7	(28.233,251.832,1.895)	55.1447	-66.9023
15.414938057924	0	(26.2624,109.369,1.895)	87.3565	-70.3996
15.430686788412	8	(27.9927,277.577,1.895)	80.8901	-71.8075
15.437624808447	3	(28.9999,169.665,1.895)	27.0261	-63.8703
15.437166061508	5	(28.5016,223.053,1.895)	26.364	-62.5301
15.438344002282	2	(25.7553,163.698,1.895)	33.1274	-65.0728
15.443004710367	9	(27.7632,302.165,1.895)	105.48	-72.2993
15.449164134695	6	(25.1387,229.761,1.895)	33.2678	-65.3276
15.504416990746	1	(26.0257,134.727,1.895)	60.031	-68.1921
15.506714331009	7	(28.2515,249.85,1.895)	55.1567	-66.9016
15.514938057924	0	(26.281,107.37,1.895)	87.3614	-70.3991
15.530686788412	8	(28.0109,275.625,1.895)	80.9326	-71.7917
15.537624808447	3	(29.0187,167.653,1.895)	27.0437	-63.9094
15.537166061508	5	(28.5199,221.091,1.895)	26.3965	-62.5856
15.538344002282	2	(25.7738,161.712,1.895)	33.1196	-65.0588
15.543004710367	9	(27.7809,300.271,1.895)	105.58	-72.3242
15.549164134695	6	(25.1574,227.756,1.895)	33.2563	-65.3063
15.604416990746	1	(26.0442,132.742,1.895)	60.0235	-68.1879
15.606714331009	7	(28.2701,247.858,1.895)	55.1575	-66.9015
15.614938057924	0	(26.2997,105.364,1.895)	87.3744	-70.398
15.630686788412	8	(28.0291,273.681,1.895)	80.9821	-71.7734
15.637624808447	3	(29.0374,165.646,1.895)	27.0583	-63.942
15.637166061508	5	(28.5383,219.123,1.895)	26.4214	-62.6292
15.638344002282	2	(25.7924,159.723,1.895)	33.1156	-65.0517
15.643004710367	9	(27.7987,298.368,1.895)	105.67	-72.3465
15.649164134695	6	(25.1761,225.745,1.895)	33.2391	-65.2748
15.704416990746	1	(26.0628,130.744,1.895)	60.0237	-68.188
15.706714331009	7	(28.2886,245.87,1.895)	55.1672	-66.901
15.714938057924	0	(26.3184,103.362,1.895)	87.3786	-70.3976
15.730686788412	8	(28.0473,271.728,1.895)	81.0265	-71.7571
15.737624808447	3	(29.0561,163.638,1.895)	27.0685	-63.9646
15.737166061508	5	(28.5566,217.156,1.895)	26.4516	-62.6829
15.738344002282	2	(25.8108,157.746,1.895)	33.0947	-65.0147
15.743004710367	9	(27.8163,296.479,1.895)	105.779	-72.3737
15.749164134695	6	(25.1949,223.739,1.895)	33.2301	-65.2583
15.804416990746	1	(26.0814,128.757,1.895)	60.0232	-68.1877
15.806714331009	7	(28.3072,243.886,1.895)	55.1703	-66.9008
15.814938057924	0	(26.3372,101.35,1.895)	87.4031	-70.3954
15.830686788412	8	(28.0655,269.779,1.895)	81.0648	-71.7432
15.837624808447	3	(29.0749,161.626,1.895)	27.093	-64.019
15.837166061508	5	(28.5751,215.184,1.895)	26.4669	-62.7106
15.838344002282	2	(25.8293,155.766,1.895)	33.0878	-65.0026
15.843004710367	9	(27.8341,294.575,1.895)	105.862	-72.3947
15.849164134695	6	(25.2136,221.736,1.895)	33.2146	-65.2299
15.904416990746	1	(26.1,126.76,1.895)	60.0284	-68.1906
15.906714331009	7	(28.3258,241.894,1.895)	55.1704	-66.9008
15.914938057924	0	(26.3559,99.3467,1.895)	87.4145	-70.3943
15.930686788412	8	(28.0836,267.834,1.895)	81.112	-71.7261
15.937624808447	3	(29.0936,159.623,1.895)	27.1039	-64.0432
15.937166061508	5	(28.5934,213.219,1.895)	26.4947	-62.7615
15.938344002282	2	(25.8478,153.786,1.895)	33.0757	-64.9814
15.943004710367	9	(27.8518,292.67,1.895)	105.949	-72.4166
15.949164134695	6	(25.2323,219.725,1.895)	33.1962	-65.1965
16.004416990746	1	(26.1187,124.765,1.895)	60.0329	-68.1932
16.006714331009	7	(28.3443,239.908,1.895)	55.1755	-66.9005
16.014938057924	0	(26.3746,97.3432,1.895)	87.4272	-70.3932
16.030686788412	8	(28.1019,265.881,1.895)	81.1492	-71.7127
16.037624808447	3	(29.1123,157.617,1.895)	27.1188	-64.0763
16.037166061508	5	(28.6117,211.256,1.895)	26.5217	-62.8121
16.038344002282	2	(25.8663,151.806,1.895)	33.0653	-64.9631
16.043004710367	9	(27.8695,290.774,1.895)	106.043	-72.4406
16.049164134695	6	(25.251,217.724,1.895)	33.1857	-65.1774
16.104416990746	1	(26.1373,122.771,1.895)	60.0329	-68.1931
16.106714331009	7	(28.3628,237.922,1.895)	55.1833	-66.9001
16.114938057924	0	(26.3933,95.34,1.895)	87.4361	-70.3924
16.130686788412	8	(28.1201,263.928,1.895)	81.1911	-71.6977
16.137624808447	3	(29.131,155.613,1.895)	27.129	-64.0987
16.137166061508	5	(28.6301,209.285,1.895)	26.5454	-62.857
16.138344002282	2	(25.8848,149.822,1.895)	33.0542	-64.9437
16.143004710367	9	(27.8873,288.872,1.895)	106.135	-72.464
16.149164134695	6	(25.2698,215.715,1.895)	33.1714	-65.1515
16.204416990746	1	(26.1559,120.777,1.895)	60.0296	-68.1913
16.206714331009	7	(28.3814,235.928,1.895)	55.1858	-66.8999
16.214938057924	0	(26.412,93.3319,1.895)	87.4477	-70.3914
16.230686788412	8	(28.1383,261.977,1.895)	81.2364	-71.6817
16.237624808447	3	(29.1497,153.612,1.895)	27.1332	-64.1082
16.237166061508	5	(28.6485,207.31,1.895)	26.5669	-62.8984
16.238344002282	2	(25.9032,147.846,1.895)	33.0346	-64.9097
16.243004710367	9	(27.9051,286.962,1.895)	106.223	-72.4864
16.249164134695	6	(25.2885,213.707,1.895)	33.1595	-65.1301
16.304416990746	1	(26.1745,118.783,1.895)	60.0372	-68.1955
16.306714331009	7	(28.4001,233.932,1.895)	55.1773	-66.9004
16.314938057924	0	(26.4308,91.3228,1.895)	87.4697	-70.3895
16.330686788412	8	(28.1566,260.014,1.895)	81.26	-71.6734
16.337624808447	3	(29.1684,151.606,1.895)	27.1526	-64.151
16.337166061508	5	(28.6669,205.341,1.895)	26.5845	-62.9327
16.338344002282	2	(25.9217,145.869,1.895)	33.0242	-64.8917
16.343004710367	9	(27.923,285.05,1.895)	106.297	-72.5056
16.349164134695	6	(25.3072,211.701,1.895)	33.1406	-65.0962
16.404416990746	1	(26.1932,116.778,1.895)	60.0554	-68.2057
16.406714331009	7	(28.4187,231.937,1.895)	55.1687	-66.9009
16.414938057924	0	(26.4495,89.3138,1.895)	87.4927	-70.3875
16.430686788412	8	(28.1749,258.053,1.895)	81.2858	-71.6643
16.437624808447	3	(29.1872,149.598,1.895)	27.1745	-64.1992
16.437166061508	5	(28.6852,203.378,1.895)	26.6078	-62.9784
16.438344002282	2	(25.9402,143.884,1.895)	33.0233	-64.8902
16.443004710367	9	(27.9409,283.128,1.895)	106.362	-72.5223
16.449164134695	6	(25.3259,209.696,1.895)	33.1218	-65.0628
16.504416990746	1	(26.2119,114.774,1.895)	60.0629	-68.2098
16.506714331009	7	(28.4372,229.954,1.895)	55.1823	-66.9001
16.514938057924	0	(26.4683,87.3022,1.895)	87.5074	-70.3862
16.530686788412	8	(28.1933,256.089,1.895)	81.3177	-71.6531
16.537624808447	3	(29.2059,147.589,1.895)	27.187	-64.2267
16.537166061508	5	(28.7036,201.408,1.895)	26.6346	-63.0317
16.538344002282	2	(25.9588,141.889,1.895)	33.0212	-64.8866
16.543004710367	9	(27.9587,281.216,1.895)	106.447	-72.5442
16.549164134695	6	(25.3446,207.696,1.895)	33.1188	-65.0574
16.604416990746	1	(26.2306,112.774,1.895)	60.0696	-68.2136
16.606714331009	7	(28.4557,227.968,1.895)	55.1894	-66.8997
16.614938057924	0	(26.4871,85.2933,1.895)	87.523	-70.3848
16.630686788412	8	(28.2116,254.129,1.895)	81.3514	-71.6414
16.637624808447	3	(29.2246,145.585,1.895)	27.197	-64.2485
16.637166061508	5	(28.722,199.437,1.895)	26.6569	-63.0765
16.638344002282	2	(25.9774,139.895,1.895)	33.0217	-64.8873
16.643004710367	9	(27.9767,279.292,1.895)	106.515	-72.5621
16.649164134695	6	(25.3633,205.692,1.895)	33.108	-65.0382
16.704416990746	1	(26.2492,110.773,1.895)	60.0819	-68.2204
16.706714331009	7	(28.4743,225.979,1.895)	55.1889	-66.8998
16.714938057924	0	(26.5058,83.2854,1.895)	87.5425	-70.3832
16.730686788412	8	(28.2298,252.173,1.895)	81.3834	-71.6304
16.737624808447	3	(29.2433,143.585,1.895)	27.2086	-64.2739
16.737166061508	5	(28.7404,197.467,1.895)	26.6757	-63.1149
16.738344002282	2	(25.9959,137.913,1.895)	33.0154	-64.8765
16.743004710367	9	(27.9946,277.37,1.895)	106.582	-72.5794
16.749164134695	6	(25.382,203.686,1.895)	33.0909	-65.008
16.804416990746	1	(26.268,108.768,1.895)	60.1006	-68.231
16.806714331009	7	(28.4929,223.986,1.895)	55.1827	-66.9001
16.814938057924	0	(26.5245,81.2797,1.895)	87.5617	-70.3815
16.830686788412	8	(28.2481,250.215,1.895)	81.4126	-71.6203
16.837624808447	3	(29.262,141.579,1.895)	27.2283	-64.3169
16.837166061508	5	(28.7587,195.504,1.895)	26.6991	-63.1629
16.838344002282	2	(26.0145,135.921,1.895)	33.021	-64.8863
16.843004710367	9	(28.0126,275.449,1.895)	106.648	-72.5966
16.849164134695	6	(25.4008,201.679,1.895)	33.0705	-64.9722
16.904416990746	1	(26.2866,106.771,1.895)	60.1081	-68.2352
16.906714331009	7	(28.5114,222.003,1.895)	55.1895	-66.8997
16.914938057924	0	(26.5433,79.2734,1.895)	87.5779	-70.3802
16.930686788412	8	(28.2665,248.247,1.895)	81.4349	-71.6127
16.937624808447	3	(29.2807,139.58,1.895)	27.2375	-64.3369
16.937166061508	5	(28.7771,193.532,1.895)	26.7171	-63.2002
16.938344002282	2	(26.0331,133.928,1.895)	33.0237	-64.8908
16.943004710367	9	(28.0304,273.539,1.895)	106.728	-72.6176
16.949164134695	6	(25.4195,199.673,1.895)	33.0545	-64.9443
17.004416990746	1	(26.3053,104.771,1.895)	60.1171	-68.2403
17.006714331009	7	(28.53,220.012,1.895)	55.1889	-66.8998
17.014938057924	0	(26.562,77.2699,1.895)	87.5912	-70.379
17.030686788412	8	(28.2848,246.287,1.895)	81.4649	-71.6024
17.037624808447	3	(29.2994,137.57,1.895)	27.2574	-64.3798
17.037166061508	5	(28.7955,191.564,1.895)	26.7396	-63.247
17.038344002282	2	(26.0516,131.947,1.895)	33.0153	-64.8764
17.043004710367	9	(28.0484,271.608,1.895)	106.786	-72.6331
17.049164134695	6	(25.4382,197.673,1.895)	33.0446	-64.9271
17.104416990746	1	(26.3239,102.772,1.895)	60.1238	-68.244
17.106714331009	7	(28.5485,218.031,1.895)	55.2001	-66.8992
17.114938057924	0	(26.5807,75.2663,1.895)	87.6026	-70.3781
17.130686788412	8	(28.303,244.327,1.895)	81.4972	-71.5915
17.137624808447	3	(29.3182,135.561,1.895)	27.2744	-64.4163
17.137166061508	5	(28.8139,189.594,1.895)	26.7617	-63.2935
17.138344002282	2	(26.0702,129.961,1.895)	33.0087	-64.8651
17.143004710367	9	(28.0663,269.694,1.895)	106.865	-72.6537
17.149164134695	6	(25.4568,195.673,1.895)	33.037	-64.9139
17.204416990746	1	(26.3425,100.781,1.895)	60.1121	-68.2374
17.206714331009	7	(28.567,216.043,1.895)	55.2144	-66.8984
17.214938057924	0	(26.5994,73.2599,1.895)	87.6063	-70.3778
17.230686788412	8	(28.3212,242.378,1.895)	81.5503	-71.5735
17.237624808447	3	(29.3369,133.552,1.895)	27.2798	-64.4279
17.237166061508	5	(28.8323,187.624,1.895)	26.794	-63.3621
17.238344002282	2	(26.0887,127.978,1.895)	32.9893	-64.8318
17.243004710367	9	(28.0843,267.768,1.895)	106.941	-72.674
17.249164134695	6	(25.4756,193.666,1.895)	33.0323	-64.9056
17.304416990746	1	(26.3612,98.7769,1.895)	60.1244	-68.2444
17.306714331009	7	(28.5855,214.06,1.895)	55.2233	-66.898
17.314938057924	0	(26.6181,71.2531,1.895)	87.6208	-70.3766
17.330686788412	8	(28.3396,240.411,1.895)	81.5762	-71.5648
17.337624808447	3	(29.3557,131.541,1.895)	27.2988	-64.4684
17.337166061508	5	(28.8507,185.646,1.895)	26.808	-63.392
17.338344002282	2	(26.1072,125.995,1.895)	32.9803	-64.8165
17.343004710367	9	(28.1021,265.855,1.895)	107.021	-72.6951
17.349164134695	6	(25.4943,191.656,1.895)	33.0153	-64.8763
17.404416990746	1	(26.3799,96.7767,1.895)	60.1201	-68.242
17.406714331009	7	(28.6041,212.072,1.895)	55.24	-66.8972
17.414938057924	0	(26.6368,69.2481,1.895)	87.6214	-70.3765
17.430686788412	8	(28.3579,238.451,1.895)	81.6206	-71.5501
17.437624808447	3	(29.3745,129.53,1.895)	27.3053	-64.4822
17.437166061508	5	(28.8691,183.677,1.895)	26.8433	-63.4681
17.438344002282	2	(26.1258,124.003,1.895)	32.9679	-64.7956
17.443004710367	9	(28.1201,263.93,1.895)	107.101	-72.7165
17.449164134695	6	(25.513,189.652,1.895)	33.0152	-64.8763
17.504416990746	1	(26.3985,94.7795,1.895)	60.1147	-68.2389
17.506714331009	7	(28.6226,210.09,1.895)	55.2605	-66.8963
17.514938057924	0	(26.6555,67.2428,1.895)	87.6241	-70.3763
17.530686788412	8	(28.3763,236.483,1.895)	81.6553	-71.5386
17.537624808447	3	(29.3932,127.52,1.895)	27.3129	-64.4983
17.537166061508	5	(28.8877,181.688,1.895)	26.8572	-63.4983
17.538344002282	2	(26.1444,122.011,1.895)	32.957	-64.777
17.543004710367	9	(28.138,262.012,1.895)	107.185	-72.7391
17.549164134695	6	(25.5317,187.648,1.895)	33.0139	-64.8739
17.604416990746	1	(26.4171,92.7847,1.895)	60.1164	-68.2398
17.606714331009	7	(28.6412,208.094,1.895)	55.2578	-66.8964
17.614938057924	0	(26.6743,65.2323,1.895)	87.6415	-70.3749
17.630686788412	8	(28.3945,234.529,1.895)	81.6939	-71.5259
17.637624808447	3	(29.412,125.513,1.895)	27.3271	-64.5281
17.637166061508	5	(28.9062,179.699,1.895)	26.8616	-63.5077
17.638344002282	2	(26.1628,120.031,1.895)	32.9438	-64.7549
17.643004710367	9	(28.156,260.083,1.895)	107.249	-72.7563
17.649164134695	6	(25.5504,185.646,1.895)	33.0054	-64.8593
17.704416990746	1	(26.4359,90.7761,1.895)	60.135	-68.2504
17.706714331009	7	(28.6599,206.095,1.895)	55.2492	-66.8968
17.714938057924	0	(26.693,63.2307,1.895)	87.6532	-70.3739
17.730686788412	8	(28.4129,232.553,1.895)	81.7077	-71.5214
17.737624808447	3	(29.4307,123.503,1.895)	27.3468	-64.5692
17.737166061508	5	(28.9247,177.724,1.895)	26.8764	-63.5401
17.738344002282	2	(26.1814,118.043,1.895)	32.9425	-64.7526
17.743004710367	9	(28.1739,258.169,1.895)	107.325	-72.7768
17.749164134695	6	(25.5691,183.641,1.895)	32.9904	-64.8338
17.804416990746	1	(26.4545,88.7798,1.895)	60.1339	-68.2498
17.806714331009	7	(28.6785,204.105,1.895)	55.2557	-66.8965
17.814938057924	0	(26.7117,61.2259,1.895)	87.6605	-70.3733
17.830686788412	8	(28.4314,230.575,1.895)	81.7276	-71.5149
17.837624808447	3	(29.4494,121.498,1.895)	27.3545	-64.5852
17.837166061508	5	(28.9431,175.753,1.895)	26.9032	-63.5986
17.838344002282	2	(26.2001,116.043,1.895)	32.9449	-64.7568
17.843004710367	9	(28.1919,256.232,1.895)	107.385	-72.7932
17.849164134695	6	(25.5878,181.637,1.895)	32.9831	-64.8212
17.904416990746	1	(26.4731,86.7877,1.895)	60.1356	-68.2507
17.906714331009	7	(28.6969,202.123,1.895)	55.2647	-66.8961
17.914938057924	0	(26.7304,59.2252,1.895)	87.6708	-70.3725
17.930686788412	8	(28.4498,228.604,1.895)	81.7469	-71.5086
17.937624808447	3	(29.4681,119.496,1.895)	27.3661	-64.6093
17.937166061508	5	(28.9615,173.776,1.895)	26.9162	-63.6272
17.938344002282	2	(26.2187,114.05,1.895)	32.9469	-64.76
17.943004710367	9	(28.2101,254.289,1.895)	107.432	-72.8059
17.949164134695	6	(25.6065,179.637,1.895)	32.9737	-64.8053
18.004416990746	1	(26.4918,84.7887,1.895)	60.1398	-68.2531
18.006714331009	7	(28.7155,200.135,1.895)	55.2714	-66.8959
18.014938057924	0	(26.7491,57.2232,1.895)	87.678	-70.3719
18.030686788412	8	(28.4681,226.644,1.895)	81.7813	-71.4974
18.037624808447	3	(29.4868,117.495,1.895)	27.3721	-64.6215
18.037166061508	5	(28.9799,171.802,1.895)	26.937	-63.6729
18.038344002282	2	(26.2371,112.071,1.895)	32.9319	-64.735
18.043004710367	9	(28.2281,252.355,1.895)	107.493	-72.8225
18.049164134695	6	(25.6252,177.635,1.895)	32.9663	-64.7928
18.104416990746	1	(26.5104,82.7892,1.895)	60.1537	-68.261
18.106714331009	7	(28.7341,198.146,1.895)	55.2679	-66.896
18.114938057924	0	(26.7677,55.2234,1.895)	87.6922	-70.3707
18.130686788412	8	(28.4865,224.672,1.895)	81.795	-71.493
18.137624808447	3	(29.5055,115.496,1.895)	27.3857	-64.6493
18.137166061508	5	(28.9984,169.82,1.895)	26.9408	-63.6813
18.138344002282	2	(26.2557,110.087,1.895)	32.9304	-64.7325
18.143004710367	9	(28.2462,250.422,1.895)	107.546	-72.8368
18.149164134695	6	(25.6439,175.626,1.895)	32.943	-64.7536
18.204416990746	1	(26.529,80.7981,1.895)	60.1585	-68.2637
18.206714331009	7	(28.7527,196.153,1.895)	55.2607	-66.8963
18.214938057924	0	(26.7864,53.2217,1.895)	87.7077	-70.3695
18.230686788412	8	(28.5048,222.708,1.895)	81.8177	-71.4857
18.237624808447	3	(29.5242,113.494,1.895)	27.4019	-64.6821
18.237166061508	5	(29.0168,167.849,1.895)	26.9561	-63.715
18.238344002282	2	(26.2742,108.096,1.895)	32.935	-64.7402
18.243004710367	9	(28.2643,248.478,1.895)	107.589	-72.8485
18.249164134695	6	(25.6627,173.619,1.895)	32.9231	-64.7202
18.304416990746	1	(26.5477,78.7989,1.895)	60.1599	-68.2645
18.306714331009	7	(28.7712,194.17,1.895)	55.2763	-66.8957
18.314938057924	0	(26.8051,51.215,1.895)	87.7165	-70.3688
18.330686788412	8	(28.5232,220.739,1.895)	81.8463	-71.4765
18.337624808447	3	(29.5428,111.492,1.895)	27.4059	-64.6903
18.337166061508	5	(29.0352,165.88,1.895)	26.985	-63.779
18.338344002282	2	(26.2927,106.116,1.895)	32.9172	-64.7104
18.343004710367	9	(28.2823,246.548,1.895)	107.656	-72.8671
18.349164134695	6	(25.6814,171.608,1.895)	32.9099	-64.6984
18.404416990746	1	(26.5663,76.7987,1.895)	60.1694	-68.2699
18.406714331009	7	(28.7897,192.185,1.895)	55.282	-66.8954
18.414938057924	0	(26.8239,49.2062,1.895)	87.7346	-70.3673
18.430686788412	8	(28.5415,218.783,1.895)	81.8805	-71.4656
18.437624808447	3	(29.5616,109.48,1.895)	27.4272	-64.7328
18.437166061508	5	(29.0537,163.902,1.895)	26.997	-63.8057
18.438344002282	2	(26.3113,104.121,1.895)	32.9209	-64.7167
18.443004710367	9	(28.3004,244.614,1.895)	107.713	-72.8827
18.449164134695	6	(25.7002,169.597,1.895)	32.89	-64.6655
18.504416990746	1	(26.5851,74.7924,1.895)	60.172	-68.2714
18.506714331009	7	(28.8082,190.2,1.895)	55.3005	-66.8947
18.514938057924	0	(26.8426,47.2014,1.895)	87.7358	-70.3673
18.530686788412	8	(28.5597,216.823,1.895)	81.9249	-71.4516
18.537624808447	3	(29.5804,107.471,1.895)	27.4326	-64.7435
18.537166061508	5	(29.0722,161.922,1.895)	27.0216	-63.8603
18.538344002282	2	(26.3299,102.128,1.895)	32.9104	-64.6992
18.543004710367	9	(28.3184,242.684,1.895)	107.786	-72.9028
18.549164134695	6	(25.719,167.588,1.895)	32.8844	-64.6563
18.604416990746	1	(26.6038,72.7873,1.895)	60.1726	-68.2718
18.606714331009	7	(28.8268,188.211,1.895)	55.3158	-66.8942
18.614938057924	0	(26.8613,45.1937,1.895)	87.7389	-70.367
18.630686788412	8	(28.5781,214.86,1.895)	81.9658	-71.4387
18.637624808447	3	(29.5991,105.46,1.895)	27.4382	-64.7546
18.637166061508	5	(29.0907,159.932,1.895)	27.0358	-63.8918
18.638344002282	2	(26.3486,100.132,1.895)	32.9021	-64.6854
18.643004710367	9	(28.3363,240.76,1.895)	107.867	-72.9251
18.649164134695	6	(25.7377,165.582,1.895)	32.8831	-64.6541
18.704416990746	1	(26.6225,70.7839,1.895)	60.1699	-68.2702
18.706714331009	7	(28.8455,186.212,1.895)	55.3232	-66.8939
18.714938057924	0	(26.8801,43.1863,1.895)	87.7401	-70.3669
18.730686788412	8	(28.5965,212.89,1.895)	82.0022	-71.4273
18.737624808447	3	(29.6179,103.454,1.895)	27.4382	-64.7546
18.737166061508	5	(29.1093,157.948,1.895)	27.0577	-63.9405
18.738344002282	2	(26.3672,98.1395,1.895)	32.8885	-64.663
18.743004710367	9	(28.3544,238.827,1.895)	107.941	-72.9456
18.749164134695	6	(25.7564,163.574,1.895)	32.8808	-64.6504
18.804416990746	1	(26.6411,68.7852,1.895)	60.1687	-68.2695
18.806714331009	7	(28.864,184.223,1.895)	55.3334	-66.8936
18.814938057924	0	(26.8988,41.1825,1.895)	87.7441	-70.3666
18.830686788412	8	(28.6149,210.91,1.895)	82.0223	-71.4211
18.837624808447	3	(29.6366,101.445,1.895)	27.4475	-64.7729
18.837166061508	5	(29.1278,155.957,1.895)	27.0667	-63.9606
18.838344002282	2	(26.3857,96.1508,1.895)	32.8774	-64.6449
18.843004710367	9	(28.3725,236.887,1.895)	108	-72.962
18.849164134695	6	(25.7751,161.569,1.895)	32.8758	-64.6423
18.904416990746	1	(26.6597,66.7926,1.895)	60.1608	-68.265
18.906714331009	7	(28.8827,182.222,1.895)	55.3333	-66.8936
18.914938057924	0	(26.9175,39.1792,1.895)	87.7469	-70.3664
18.930686788412	8	(28.6333,208.94,1.895)	82.0524	-71.4118
18.937624808447	3	(29.6553,99.4391,1.895)	27.4531	-64.7838
18.937166061508	5	(29.1463,153.976,1.895)	27.0857	-64.0027
18.938344002282	2	(26.4043,94.1561,1.895)	32.8716	-64.6354
18.943004710367	9	(28.3907,234.933,1.895)	108.047	-72.9751
18.949164134695	6	(25.7939,159.559,1.895)	32.8661	-64.6265
19.004416990746	1	(26.6783,64.8006,1.895)	60.1504	-68.2591
19.006714331009	7	(28.9013,180.225,1.895)	55.339	-66.8934
19.014938057924	0	(26.9362,37.1772,1.895)	87.7465	-70.3664
19.030686788412	8	(28.6518,206.962,1.895)	82.0767	-71.4043
19.037624808447	3	(29.6741,97.4328,1.895)	27.457	-64.7915
19.037166061508	5	(29.1648,151.995,1.895)	27.1072	-64.0504
19.038344002282	2	(26.4229,92.1712,1.895)	32.8542	-64.6071
19.043004710367	9	(28.4088,232.997,1.895)	108.113	-72.9936
19.049164134695	6	(25.8126,157.559,1.895)	32.8688	-64.6308
19.104416990746	1	(26.6969,62.8073,1.895)	60.1444	-68.2557
19.106714331009	7	(28.9199,178.234,1.895)	55.3467	-66.8932
19.114938057924	0	(26.9549,35.1728,1.895)	87.7516	-70.366
19.130686788412	8	(28.6703,204.979,1.895)	82.0937	-71.3991
19.137624808447	3	(29.6928,95.4273,1.895)	27.4632	-64.8034
19.137166061508	5	(29.1833,150.011,1.895)	27.1228	-64.0852
19.138344002282	2	(26.4413,90.1924,1.895)	32.8338	-64.5741
19.143004710367	9	(28.427,231.051,1.895)	108.167	-73.0086
19.149164134695	6	(25.8312,155.559,1.895)	32.8682	-64.6298
19.204416990746	1	(26.7155,60.8137,1.895)	60.1354	-68.2506
19.206714331009	7	(28.9386,176.235,1.895)	55.3509	-66.8931
19.214938057924	0	(26.9736,33.1642,1.895)	87.7576	-70.3655
19.230686788412	8	(28.6887,203.011,1.895)	82.1281	-71.3885
19.237624808447	3	(29.7115,93.4221,1.895)	27.4658	-64.8084
19.237166061508	5	(29.2019,148.021,1.895)	27.1355	-64.1132
19.238344002282	2	(26.4598,88.2091,1.895)	32.8145	-64.5433
19.243004710367	9	(28.4451,229.102,1.895)	108.22	-73.0236
19.249164134695	6	(25.8499,153.555,1.895)	32.8663	-64.6267
19.304416990746	1	(26.7343,58.8063,1.895)	60.1515	-68.2598
19.306714331009	7	(28.9572,174.241,1.895)	55.3483	-66.8932
19.314938057924	0	(26.9923,31.1632,1.895)	87.7673	-70.3648
19.330686788412	8	(28.7071,201.034,1.895)	82.1423	-71.3843
19.337624808447	3	(29.7302,91.4172,1.895)	27.4794	-64.8347
19.337166061508	5	(29.2204,146.038,1.895)	27.1438	-64.1315
19.338344002282	2	(26.4784,86.2164,1.895)	32.816	-64.5456
19.343004710367	9	(28.4632,227.163,1.895)	108.273	-73.0385
19.349164134695	6	(25.8686,151.551,1.895)	32.8538	-64.6064
19.404416990746	1	(26.7529,56.814,1.895)	60.1475	-68.2575
19.406714331009	7	(28.9758,172.243,1.895)	55.3463	-66.8932
19.414938057924	0	(27.011,29.1636,1.895)	87.7706	-70.3645
19.430686788412	8	(28.7256,199.056,1.895)	82.1609	-71.3786
19.437624808447	3	(29.7489,89.4181,1.895)	27.4822	-64.8399
19.437166061508	5	(29.2389,144.053,1.895)	27.1549	-64.156
19.438344002282	2	(26.4972,84.2121,1.895)	32.8239	-64.5582
19.443004710367	9	(28.4814,225.214,1.895)	108.319	-73.0516
19.449164134695	6	(25.8874,149.539,1.895)	32.8384	-64.5816
19.504416990746	1	(26.7715,54.8227,1.895)	60.141	-68.2538
19.506714331009	7	(28.9945,170.248,1.895)	55.3489	-66.8931
19.514938057924	0	(27.0297,27.155,1.895)	87.7814	-70.3637
19.530686788412	8	(28.7441,197.076,1.895)	82.1785	-71.3733
19.537624808447	3	(29.7675,87.4168,1.895)	27.4857	-64.8465
19.537166061508	5	(29.2574,142.073,1.895)	27.1733	-64.1965
19.538344002282	2	(26.5156,82.2308,1.895)	32.8075	-64.5322
19.543004710367	9	(28.4996,223.265,1.895)	108.368	-73.0655
19.549164134695	6	(25.9061,147.535,1.895)	32.8323	-64.5718
19.604416990746	1	(26.7902,52.8169,1.895)	60.153	-68.2606
19.606714331009	7	(29.013,168.263,1.895)	55.3579	-66.8929
19.614938057924	0	(27.0484,25.1547,1.895)	87.7878	-70.3632
19.630686788412	8	(28.7625,195.105,1.895)	82.2007	-71.3666
19.637624808447	3	(29.7863,85.4111,1.895)	27.4976	-64.8691
19.637166061508	5	(29.276,140.083,1.895)	27.1767	-64.2041
19.638344002282	2	(26.5342,80.246,1.895)	32.7986	-64.518
19.643004710367	9	(28.5178,221.315,1.895)	108.412	-73.078
19.649164134695	6	(25.9249,145.526,1.895)	32.8175	-64.548
19.704416990746	1	(26.8088,50.8188,1.895)	60.1551	-68.2618
19.706714331009	7	(29.0316,166.266,1.895)	55.3572	-66.8929
19.730686788412	8	(28.7808,193.138,1.895)	82.2304	-71.3577
19.737624808447	3	(29.8049,83.4103,1.895)	27.5023	-64.878
19.737166061508	5	(29.2945,138.1,1.895)	27.1893	-64.2318
19.738344002282	2	(26.5528,78.2491,1.895)	32.7993	-64.5192
19.743004710367	9	(28.536,219.364,1.895)	108.457	-73.0906
19.749164134695	6	(25.9436,143.521,1.895)	32.8087	-64.534
19.804416990746	1	(26.8276,48.8082,1.895)	60.1765	-68.274
19.806714331009	7	(29.0502,164.28,1.895)	55.3596	-66.8928
19.830686788412	8	(28.7993,191.156,1.895)	82.2375	-71.3555
19.837624808447	3	(29.8237,81.4008,1.895)	27.5228	-64.916
19.837166061508	5	(29.313,136.121,1.895)	27.1999	-64.255
19.838344002282	2	(26.5714,76.2592,1.895)	32.8002	-64.5205
19.843004710367	9	(28.5542,217.418,1.895)	108.5	-73.1029
19.849164134695	6	(25.9623,141.511,1.895)	32.7878	-64.501
19.904416990746	1	(26.8464,46.7963,1.895)	60.1805	-68.2762
19.906714331009	7	(29.0687,162.294,1.895)	55.3821	-66.8922
19.930686788412	8	(28.8177,189.181,1.895)	82.2699	-71.3459
19.937624808447	3	(29.8424,79.3906,1.895)	27.525	-64.9202
19.937166061508	5	(29.3314,134.145,1.895)	27.2316	-64.324
19.938344002282	2	(26.59,74.2619,1.895)	32.7896	-64.5039
19.943004710367	9	(28.5724,215.463,1.895)	108.553	-73.1181
19.949164134695	6	(25.9811,139.5,1.895)	32.7841	-64.4951
20.004416990746	1	(26.8651,44.7946,1.895)	60.1763	-68.2739
20.006714331009	7	(29.0872,160.313,1.895)	55.4071	-66.8917
20.030686788412	8	(28.8361,187.213,1.895)	82.3082	-71.3345
20.037624808447	3	(29.8612,77.3852,1.895)	27.5245	-64.9192
20.037166061508	5	(29.35,132.154,1.895)	27.2463	-64.3559
20.038344002282	2	(26.6087,72.2567,1.895)	32.789	-64.5028
20.043004710367	9	(28.5907,213.507,1.895)	108.603	-73.1322
20.049164134695	6	(25.9999,137.493,1.895)	32.7834	-64.494
20.104416990746	1	(26.8838,42.7867,1.895)	60.1878	-68.2804
20.106714331009	7	(29.1059,158.31,1.895)	55.4008	-66.8918
20.130686788412	8	(28.8545,185.242,1.895)	82.3332	-71.3271
20.137624808447	3	(29.8799,75.3752,1.895)	27.5382	-64.9442
20.137166061508	5	(29.3686,130.162,1.895)	27.2511	-64.3662
20.138344002282	2	(26.6274,70.2582,1.895)	32.7911	-64.5061
20.143004710367	9	(28.6089,211.56,1.895)	108.652	-73.1465
20.149164134695	6	(26.0185,135.494,1.895)	32.7803	-64.4891
20.204416990746	1	(26.9025,40.7875,1.895)	60.1901	-68.2817
20.206714331009	7	(29.1245,156.316,1.895)	55.4036	-66.8917
20.230686788412	8	(28.873,183.255,1.895)	82.3438	-71.324
20.237624808447	3	(29.8987,73.3685,1.895)	27.5479	-64.9617
20.237166061508	5	(29.3872,128.173,1.895)	27.2588	-64.3828
20.238344002282	2	(26.6461,68.2536,1.895)	32.7987	-64.5182
20.243004710367	9	(28.6271,209.612,1.895)	108.702	-73.1606
20.249164134695	6	(26.0373,133.486,1.895)	32.7695	-64.4722
20.304416990746	1	(26.9212,38.7792,1.895)	60.2048	-68.2902
20.306714331009	7	(29.1431,154.321,1.895)	55.4022	-66.8918
20.330686788412	8	(28.8915,181.277,1.895)	82.3593	-71.3195
20.337624808447	3	(29.9174,71.3585,1.895)	27.5644	-64.9913
20.337166061508	5	(29.4057,126.185,1.895)	27.2646	-64.3954
20.338344002282	2	(26.6647,66.266,1.895)	32.7928	-64.5089
20.343004710367	9	(28.6454,207.65,1.895)	108.733	-73.1695
20.349164134695	6	(26.056,131.477,1.895)	32.7546	-64.449
20.404416990746	1	(26.9399,36.773,1.895)	60.2077	-68.2918
20.406714331009	7	(29.1617,152.325,1.895)	55.4091	-66.8916
20.430686788412	8	(28.9099,179.302,1.895)	82.3873	-71.3113
20.437624808447	3	(29.9361,69.3546,1.895)	27.5649	-64.9922
20.437166061508	5	(29.4242,124.198,1.895)	27.281	-64.4305
20.438344002282	2	(26.6834,64.2596,1.895)	32.7958	-64.5135
20.443004710367	9	(28.6636,205.698,1.895)	108.785	-73.1845
20.449164134695	6	(26.0747,129.47,1.895)	32.7508	-64.443
20.504416990746	1	(26.9587,34.7644,1.895)	60.2162	-68.2967
20.506714331009	7	(29.1803,150.333,1.895)	55.4172	-66.8915
20.530686788412	8	(28.9285,177.315,1.895)	82.4007	-71.3074
20.537624808447	3	(29.9548,67.3506,1.895)	27.5689	-64.9991
20.537166061508	5	(29.4429,122.2,1.895)	27.2828	-64.4343
20.538344002282	2	(26.702,62.2653,1.895)	32.7901	-64.5046
20.543004710367	9	(28.6818,203.743,1.895)	108.829	-73.1973
20.549164134695	6	(26.0934,127.466,1.895)	32.7466	-64.4366
20.604416990746	1	(26.9774,32.7636,1.895)	60.2136	-68.2952
20.606714331009	7	(29.199,148.334,1.895)	55.4214	-66.8914
20.630686788412	8	(28.9469,175.338,1.895)	82.4265	-71.2999
20.637624808447	3	(29.9736,65.3425,1.895)	27.5736	-65.0075
20.637166061508	5	(29.4615,120.211,1.895)	27.2972	-64.465
20.638344002282	2	(26.7207,60.2626,1.895)	32.7895	-64.5036
20.643004710367	9	(28.7002,201.774,1.895)	108.864	-73.2074
20.649164134695	6	(26.1121,125.466,1.895)	32.7496	-64.4412
20.704416990746	1	(26.9961,30.759,1.895)	60.2128	-68.2948
20.706714331009	7	(29.2176,146.339,1.895)	55.4321	-66.8912
20.730686788412	8	(28.9655,173.351,1.895)	82.4452	-71.2945
20.737624808447	3	(29.9922,63.3411,1.895)	27.5695	-65.0003
20.737166061508	5	(29.48,118.224,1.895)	27.316	-64.5047
20.738344002282	2	(26.7393,58.2678,1.895)	32.7788	-64.4868
20.743004710367	9	(28.7184,199.824,1.895)	108.92	-73.2235
20.749164134695	6	(26.1308,123.461,1.895)	32.7505	-64.4426
20.804416990746	1	(27.0148,28.7559,1.895)	60.2196	-68.2987
20.806714331009	7	(29.2362,144.344,1.895)	55.4335	-66.8912
20.830686788412	8	(28.984,171.372,1.895)	82.4625	-71.2895
20.837624808447	3	(30.0109,61.3411,1.895)	27.5733	-65.0069
20.837166061508	5	(29.4986,116.227,1.895)	27.3147	-64.5021
20.838344002282	2	(26.758,56.2689,1.895)	32.7815	-64.491
20.843004710367	9	(28.7367,197.867,1.895)	108.958	-73.2346
20.849164134695	6	(26.1496,121.452,1.895)	32.7378	-64.423
20.904416990746	1	(27.0335,26.7479,1.895)	60.2265	-68.3027
20.906714331009	7	(29.2549,142.34,1.895)	55.4307	-66.8912
20.930686788412	8	(29.0025,169.391,1.895)	82.4823	-71.2838
20.937624808447	3	(30.0297,59.3298,1.895)	27.5835	-65.0247
20.937166061508	5	(29.5172,114.237,1.895)	27.3257	-64.5252
20.938344002282	2	(26.7766,54.2706,1.895)	32.7786	-64.4865
20.943004710367	9	(28.7549,195.915,1.895)	109.008	-73.249
20.949164134695	6	(26.1683,119.447,1.895)	32.7341	-64.4173
21.006714331009	7	(29.2735,140.349,1.895)	55.4402	-66.8911
21.030686788412	8	(29.021,167.4,1.895)	82.4927	-71.2808
21.037624808447	3	(30.0484,57.328,1.895)	27.5845	-65.0264
21.037166061508	5	(29.5358,112.241,1.895)	27.3312	-64.5368
21.038344002282	2	(26.7953,52.271,1.895)	32.7774	-64.4846
21.043004710367	9	(28.7732,193.958,1.895)	109.052	-73.2619
21.049164134695	6	(26.187,117.445,1.895)	32.7324	-64.4147
21.106714331009	7	(29.2922,138.351,1.895)	55.4356	-66.8911
21.130686788412	8	(29.0395,165.426,1.895)	82.5118	-71.2754
21.137624808447	3	(30.0671,55.3182,1.895)	27.6003	-65.0535
21.137166061508	5	(29.5544,110.249,1.895)	27.3331	-64.5408
21.138344002282	2	(26.8141,50.2595,1.895)	32.7949	-64.5121
21.143004710367	9	(28.7916,191.987,1.895)	109.075	-73.2685
21.149164134695	6	(26.2057,115.442,1.895)	32.7235	-64.401
21.206714331009	7	(29.3108,136.351,1.895)	55.4433	-66.891
21.230686788412	8	(29.058,163.442,1.895)	82.5347	-71.2689
21.237624808447	3	(30.0858,53.3126,1.895)	27.5992	-65.0516
21.237166061508	5	(29.573,108.264,1.895)	27.3548	-64.5858
21.238344002282	2	(26.8328,48.2497,1.895)	32.7979	-64.5168
21.243004710367	9	(28.8098,190.03,1.895)	109.124	-73.2831
21.249164134695	6	(26.2244,113.434,1.895)	32.723	-64.4002
21.306714331009	7	(29.3294,134.361,1.895)	55.4585	-66.8908
21.330686788412	8	(29.0765,161.452,1.895)	82.5507	-71.2643
21.337624808447	3	(30.1045,51.3089,1.895)	27.5971	-65.0482
21.337166061508	5	(29.5916,106.264,1.895)	27.3607	-64.5981
21.338344002282	2	(26.8515,46.2429,1.895)	32.799	-64.5187
21.343004710367	9	(28.8281,188.069,1.895)	109.169	-73.2962
21.349164134695	6	(26.2431,111.431,1.895)	32.7247	-64.4029
21.406714331009	7	(29.3481,132.352,1.895)	55.4462	-66.891
21.430686788412	8	(29.095,159.475,1.895)	82.5696	-71.259
21.437624808447	3	(30.1233,49.3035,1.895)	27.6062	-65.0636
21.437166061508	5	(29.6103,104.265,1.895)	27.3572	-64.5908
21.438344002282	2	(26.8702,44.2415,1.895)	32.8041	-64.5267
21.443004710367	9	(28.8465,186.096,1.895)	109.193	-73.303
21.449164134695	6	(26.2618,109.425,1.895)	32.7159	-64.3893
21.506714331009	7	(29.3669,130.344,1.895)	55.4328	-66.8912
21.530686788412	8	(29.1135,157.487,1.895)	82.5773	-71.2568
21.537624808447	3	(30.142,47.2933,1.895)	27.6215	-65.0891
21.537166061508	5	(29.6288,102.28,1.895)	27.3679	-64.6129
21.538344002282	2	(26.8889,42.2419,1.895)	32.8087	-64.5341
21.543004710367	9	(28.8648,184.137,1.895)	109.228	-73.3136
21.549164134695	6	(26.2806,107.419,1.895)	32.7046	-64.3721
21.606714331009	7	(29.3855,128.348,1.895)	55.4413	-66.8911
21.630686788412	8	(29.1321,155.496,1.895)	82.5898	-71.2533
21.637624808447	3	(30.1608,45.2858,1.895)	27.625	-65.0949
21.637166061508	5	(29.6473,100.296,1.895)	27.3875	-64.6531
21.638344002282	2	(26.9076,40.2407,1.895)	32.8058	-64.5295
21.643004710367	9	(28.8832,182.168,1.895)	109.263	-73.3238
21.649164134695	6	(26.2993,105.41,1.895)	32.7001	-64.3654
21.706714331009	7	(29.4041,126.361,1.895)	55.4517	-66.8909
21.730686788412	8	(29.1506,153.515,1.895)	82.6062	-71.2487
21.737624808447	3	(30.1794,43.2848,1.895)	27.6285	-65.1007
21.737166061508	5	(29.6659,98.3019,1.895)	27.391	-64.6602
21.738344002282	2	(26.9263,38.2353,1.895)	32.8138	-64.5421
21.743004710367	9	(28.9016,180.196,1.895)	109.288	-73.3312
21.749164134695	6	(26.318,103.406,1.895)	32.6936	-64.3555
21.806714331009	7	(29.4227,124.363,1.895)	55.4541	-66.8909
21.830686788412	8	(29.1691,151.538,1.895)	82.631	-71.2418
21.837624808447	3	(30.1982,41.273,1.895)	27.6391	-65.118
21.837166061508	5	(29.6845,96.3153,1.895)	27.4057	-64.6897
21.838344002282	2	(26.945,36.2259,1.895)	32.8219	-64.5551
21.843004710367	9	(28.9199,178.23,1.895)	109.324	-73.3418
21.849164134695	6	(26.3367,101.406,1.895)	32.6941	-64.3563
21.906714331009	7	(29.4413,122.372,1.895)	55.4664	-66.8907
21.930686788412	8	(29.1876,149.555,1.895)	82.6506	-71.2363
21.937624808447	3	(30.2169,39.2722,1.895)	27.6366	-65.114
21.937166061508	5	(29.703,94.3267,1.895)	27.4202	-64.719
21.938344002282	2	(26.9638,34.2148,1.895)	32.8298	-64.5677
21.943004710367	9	(28.9383,176.266,1.895)	109.364	-73.3534
21.949164134695	6	(26.3554,99.4,1.895)	32.6915	-64.3524
22.006714331009	7	(29.4599,120.383,1.895)	55.4682	-66.8907
22.030686788412	8	(29.2061,147.576,1.895)	82.662	-71.2331
22.037624808447	3	(30.2357,37.2604,1.895)	27.6582	-65.1486
22.037166061508	5	(29.7216,92.3384,1.895)	27.4222	-64.7229
22.038344002282	2	(26.9826,32.2029,1.895)	32.8513	-64.6023
22.043004710367	9	(28.9566,174.303,1.895)	109.39	-73.3613
22.049164134695	6	(26.3742,97.3901,1.895)	32.672	-64.3231
22.106714331009	7	(29.4785,118.39,1.895)	55.4786	-66.8906
22.130686788412	8	(29.2245,145.598,1.895)	82.688	-71.2259
22.137624808447	3	(30.2544,35.2546,1.895)	27.6603	-65.1521
22.137166061508	5	(29.7401,90.3548,1.895)	27.4422	-64.7625
22.138344002282	2	(27.0013,30.203,1.895)	32.8476	-64.5963
22.143004710367	9	(28.9749,172.341,1.895)	109.432	-73.3736
22.149164134695	6	(26.3929,95.3837,1.895)	32.6693	-64.3191
22.206714331009	7	(29.497,116.404,1.895)	55.493	-66.8904
22.230686788412	8	(29.243,143.613,1.895)	82.7028	-71.2218
22.237624808447	3	(30.2731,33.2511,1.895)	27.6639	-65.1577
22.237166061508	5	(29.7588,88.3537,1.895)	27.4411	-64.7603
22.238344002282	2	(27.02,28.1975,1.895)	32.8532	-64.6054
22.243004710367	9	(28.9932,170.383,1.895)	109.474	-73.386
22.249164134695	6	(26.4116,93.3794,1.895)	32.6649	-64.3124
22.306714331009	7	(29.5158,114.394,1.895)	55.4766	-66.8906
22.330686788412	8	(29.2615,141.637,1.895)	82.7202	-71.217
22.337624808447	3	(30.2918,31.2445,1.895)	27.6767	-65.1776
22.337166061508	5	(29.7774,86.3591,1.895)	27.4403	-64.7586
22.338344002282	2	(27.0387,26.1864,1.895)	32.8703	-64.6333
22.343004710367	9	(29.0115,168.422,1.895)	109.506	-73.3957
22.349164134695	6	(26.4304,91.3681,1.895)	32.6476	-64.2868
22.406714331009	7	(29.5344,112.394,1.895)	55.4826	-66.8905
22.430686788412	8	(29.2801,139.644,1.895)	82.7336	-71.2134
22.437624808447	3	(30.3106,29.234,1.895)	27.6812	-65.1844
22.437166061508	5	(29.7959,84.3776,1.895)	27.4648	-64.8065
22.443004710367	9	(29.0298,166.456,1.895)	109.546	-73.4076
22.449164134695	6	(26.4491,89.3644,1.895)	32.6498	-64.2901
22.506714331009	7	(29.553,110.403,1.895)	55.5031	-66.8904
22.530686788412	8	(29.2986,137.657,1.895)	82.7578	-71.2068
22.537624808447	3	(30.3293,27.2297,1.895)	27.6743	-65.1738
22.537166061508	5	(29.8145,82.3852,1.895)	27.4836	-64.8426
22.543004710367	9	(29.0483,164.475,1.895)	109.577	-73.4168
22.549164134695	6	(26.4678,87.3611,1.895)	32.6577	-64.3018
22.606714331009	7	(29.5717,108.401,1.895)	55.5045	-66.8904
22.630686788412	8	(29.3171,135.674,1.895)	82.7787	-71.2011
22.637624808447	3	(30.348,25.2269,1.895)	27.6733	-65.1723
22.637166061508	5	(29.8332,80.3851,1.895)	27.4873	-64.8496
22.643004710367	9	(29.0668,162.5,1.895)	109.606	-73.4252
22.649164134695	6	(26.4865,85.3516,1.895)	32.6521	-64.2935
22.706714331009	7	(29.5904,106.396,1.895)	55.4951	-66.8904
22.730686788412	8	(29.3358,133.677,1.895)	82.7776	-71.2014
22.737166061508	5	(29.8517,78.3947,1.895)	27.4927	-64.8598
22.743004710367	9	(29.0851,160.537,1.895)	109.638	-73.4349
22.749164134695	6	(26.5052,83.3497,1.895)	32.6459	-64.2844
22.806714331009	7	(29.609,104.401,1.895)	55.5061	-66.8903
22.830686788412	8	(29.3544,131.683,1.895)	82.7895	-71.1981
22.837166061508	5	(29.8703,76.4054,1.895)	27.509	-64.8905
22.843004710367	9	(29.1036,158.551,1.895)	109.659	-73.441
22.849164134695	6	(26.524,81.3389,1.895)	32.6408	-64.2768
22.906714331009	7	(29.6276,102.405,1.895)	55.5138	-66.8903
22.930686788412	8	(29.373,129.693,1.895)	82.8023	-71.1947
22.937166061508	5	(29.889,74.4009,1.895)	27.508	-64.8887
22.943004710367	9	(29.1221,156.571,1.895)	109.682	-73.448
22.949164134695	6	(26.5427,79.3271,1.895)	32.6326	-64.2648
23.006714331009	7	(29.6464,100.398,1.895)	55.5131	-66.8903
23.030686788412	8	(29.3915,127.702,1.895)	82.8179	-71.1904
23.037166061508	5	(29.9076,72.4105,1.895)	27.524	-64.9182
23.043004710367	9	(29.1405,154.596,1.895)	109.713	-73.4575
23.049164134695	6	(26.5615,77.323,1.895)	32.6348	-64.268
23.106714331009	7	(29.665,98.402,1.895)	55.5159	-66.8903
23.130686788412	8	(29.4101,125.71,1.895)	82.8247	-71.1886
23.137166061508	5	(29.9263,70.4103,1.895)	27.523	-64.9164
23.143004710367	9	(29.1589,152.625,1.895)	109.742	-73.4659
23.149164134695	6	(26.5802,75.3194,1.895)	32.6304	-64.2616
23.206714331009	7	(29.6837,96.4043,1.895)	55.523	-66.8903
23.230686788412	8	(29.4287,123.725,1.895)	82.8447	-71.1832
23.237166061508	5	(29.9448,68.4225,1.895)	27.54	-64.9475
23.243004710367	9	(29.1774,150.647,1.895)	109.768	-73.4738
23.249164134695	6	(26.5989,73.3105,1.895)	32.6263	-64.2556
23.306714331009	7	(29.7022,94.4172,1.895)	55.5446	-66.8902
23.330686788412	8	(29.4472,121.737,1.895)	82.8653	-71.1777
23.337166061508	5	(29.9635,66.4236,1.895)	27.5498	-64.9652
23.343004710367	9	(29.1958,148.671,1.895)	109.8	-73.4836
23.349164134695	6	(26.6176,71.3112,1.895)	32.6357	-64.2694
23.406714331009	7	(29.7209,92.4162,1.895)	55.5432	-66.8902
23.430686788412	8	(29.4658,119.751,1.895)	82.8796	-71.1739
23.437166061508	5	(29.9822,64.4156,1.895)	27.5414	-64.9501
23.443004710367	9	(29.2143,146.696,1.895)	109.825	-73.491
23.449164134695	6	(26.6362,69.3103,1.895)	32.6344	-64.2675
23.506714331009	7	(29.7396,90.405,1.895)	55.531	-66.8902
23.530686788412	8	(29.4843,117.764,1.895)	82.8908	-71.1709
23.537166061508	5	(30.0008,62.4275,1.895)	27.5523	-64.9697
23.543004710367	9	(29.2327,144.725,1.895)	109.853	-73.4994
23.549164134695	6	(26.6549,67.3069,1.895)	32.63	-64.261
23.606714331009	7	(29.7582,88.4133,1.895)	55.5509	-66.8902
23.630686788412	8	(29.503,115.757,1.895)	82.8959	-71.1695
23.637166061508	5	(30.0193,60.438,1.895)	27.5743	-65.0087
23.643004710367	9	(29.2511,142.747,1.895)	109.887	-73.5096
23.649164134695	6	(26.6737,65.2983,1.895)	32.6329	-64.2653
23.706714331009	7	(29.7768,86.4258,1.895)	55.5671	-66.8902
23.730686788412	8	(29.5216,113.768,1.895)	82.9106	-71.1656
23.737166061508	5	(30.0381,58.4315,1.895)	27.5716	-65.004
23.743004710367	9	(29.2696,140.763,1.895)	109.906	-73.5155
23.749164134695	6	(26.6924,63.2948,1.895)	32.6332	-64.2656
23.806714331009	7	(29.7955,84.423,1.895)	55.5704	-66.8902
23.830686788412	8	(29.5401,111.786,1.895)	82.9344	-71.1593
23.837166061508	5	(30.0567,56.4379,1.895)	27.5841	-65.0257
23.843004710367	9	(29.288,138.791,1.895)	109.941	-73.5259
23.849164134695	6	(26.7111,61.2857,1.895)	32.6302	-64.2613
23.906714331009	7	(29.8141,82.4261,1.895)	55.5791	-66.8903
23.930686788412	8	(29.5587,109.789,1.895)	82.9432	-71.157
23.937166061508	5	(30.0753,54.4376,1.895)	27.5893	-65.0348
23.943004710367	9	(29.3065,136.817,1.895)	109.972	-73.5353
23.949164134695	6	(26.7299,59.2786,1.895)	32.6286	-64.2589
