5.104416990746	1	(24.1076,340.228,1.895)	76.1559	-74.3232
5.113647731778	4	(26.8719,397.668,1.895)	18.6728	-59.4264
5.114938057924	0	(24.334,315.971,1.895)	100.397	-71.211
5.137624808447	3	(27.0719,376.241,1.895)	40.101	-64.7145
5.138344002282	2	(23.898,362.686,1.895)	53.7269	-67.1489
5.204416990746	1	(24.1256,338.301,1.895)	76.3718	-74.174
5.213647731778	4	(26.8895,395.783,1.895)	18.8462	-59.5984
5.214938057924	0	(24.3528,313.961,1.895)	100.695	-71.2652
5.237624808447	3	(27.0905,374.239,1.895)	40.3918	-64.7644
5.238344002282	2	(23.9152,360.842,1.895)	53.8595	-67.1114
5.304416990746	1	(24.1438,336.356,1.895)	76.5923	-74.025
5.313647731778	4	(26.907,393.903,1.895)	19.0027	-59.8568
5.314938057924	0	(24.3715,311.954,1.895)	100.978	-71.3178
5.337624808447	3	(27.1092,372.235,1.895)	40.6716	-64.8471
5.338344002282	2	(23.9324,359.007,1.895)	53.9705	-67.0825
5.404416990746	1	(24.1619,334.414,1.895)	76.8128	-73.8793
5.413647731778	4	(26.9246,392.015,1.895)	19.169	-60.2192
5.414938057924	0	(24.3902,309.952,1.895)	101.259	-71.371
5.437624808447	3	(27.128,370.226,1.895)	40.9583	-64.9663
5.438344002282	2	(23.9496,357.157,1.895)	54.0985	-67.0518
5.504416990746	1	(24.18,332.477,1.895)	77.0146	-73.7489
5.513647731778	4	(26.9424,390.116,1.895)	19.3331	-60.6343
5.514938057924	0	(24.4089,307.946,1.895)	101.529	-71.4233
5.537624808447	3	(27.1467,368.227,1.895)	41.2231	-65.1064
5.538344002282	2	(23.967,355.296,1.895)	54.2242	-67.0244
5.604416990746	1	(24.1981,330.534,1.895)	77.2138	-73.6232
5.613647731778	4	(26.9599,388.233,1.895)	19.4724	-60.9997
5.614938057924	0	(24.4277,305.935,1.895)	101.796	-71.476
5.637624808447	3	(27.1654,366.217,1.895)	41.4898	-65.276
5.638344002282	2	(23.9843,353.442,1.895)	54.334	-67.0026
5.704416990746	1	(24.2163,328.582,1.895)	77.4253	-73.4928
5.713647731778	4	(26.9776,386.34,1.895)	19.6252	-61.3735
5.714938057924	0	(24.4464,303.928,1.895)	102.063	-71.5296
5.737624808447	3	(27.1841,364.212,1.895)	41.7543	-65.4718
5.738344002282	2	(24.0016,351.587,1.895)	54.4492	-66.9819
5.804416990746	1	(24.2345,326.63,1.895)	77.6282	-73.3709
5.813647731778	4	(26.9953,384.448,1.895)	19.7679	-61.6574
5.814938057924	0	(24.4652,301.92,1.895)	102.322	-71.5825
5.837624808447	3	(27.2028,362.212,1.895)	42.0052	-65.6822
5.838344002282	2	(24.019,349.723,1.895)	54.5642	-66.9634
5.904416990746	1	(24.2527,324.682,1.895)	77.8207	-73.258
5.913647731778	4	(27.013,382.55,1.895)	19.9116	-61.8461
5.914938057924	0	(24.4839,299.916,1.895)	102.571	-71.6343
5.937624808447	3	(27.2215,360.208,1.895)	42.2542	-65.9145
5.938344002282	2	(24.0365,347.846,1.895)	54.6858	-66.9462
6.004416990746	1	(24.2708,322.742,1.895)	77.9981	-73.1564
6.013647731778	4	(27.0307,380.653,1.895)	20.0451	-61.9166
6.014938057924	0	(24.5026,297.91,1.895)	102.814	-71.6856
6.037624808447	3	(27.2402,358.208,1.895)	42.4916	-66.1569
6.038344002282	2	(24.0539,345.982,1.895)	54.7868	-66.9337
6.104416990746	1	(24.289,320.799,1.895)	78.1723	-73.0588
6.113647731778	4	(27.0484,378.754,1.895)	20.1754	-61.8876
6.114938057924	0	(24.5213,295.902,1.895)	103.054	-71.737
6.137624808447	3	(27.2589,356.204,1.895)	42.7271	-66.417
6.138344002282	2	(24.0713,344.123,1.895)	54.8772	-66.9239
6.149164134695	6	(23.3976,416.3,1.895)	17.7131	-60.3881
6.204416990746	1	(24.3072,318.847,1.895)	78.352	-72.9605
6.213647731778	4	(27.0661,376.858,1.895)	20.2999	-61.7815
6.214938057924	0	(24.5401,293.892,1.895)	103.291	-71.7886
6.237624808447	3	(27.2776,354.199,1.895)	42.9596	-66.6926
6.238344002282	2	(24.0887,342.251,1.895)	54.9763	-66.9146
6.249164134695	6	(23.4163,414.298,1.895)	17.4871	-60.521
6.304416990746	1	(24.3255,316.887,1.895)	78.5463	-72.8567
6.313647731778	4	(27.0839,374.948,1.895)	20.445	-61.5876
6.314938057924	0	(24.5588,291.886,1.895)	103.532	-71.8418
6.337624808447	3	(27.2962,352.199,1.895)	43.1945	-66.9888
6.338344002282	2	(24.1063,340.371,1.895)	55.0909	-66.9057
6.349164134695	6	(23.435,412.296,1.895)	17.2543	-60.2768
6.404416990746	1	(24.3437,314.93,1.895)	78.718	-72.7674
6.413647731778	4	(27.1017,373.047,1.895)	20.5597	-61.4029
6.414938057924	0	(24.5775,289.886,1.895)	103.746	-71.8896
6.437624808447	3	(27.315,350.194,1.895)	43.4142	-67.2814
6.438344002282	2	(24.1238,338.49,1.895)	55.1863	-66.8999
6.449164134695	6	(23.4537,410.291,1.895)	17.0389	-59.7649
6.504416990746	1	(24.362,312.976,1.895)	78.8893	-72.6802
6.513647731778	4	(27.1195,371.133,1.895)	20.6921	-61.1788
6.514938057924	0	(24.5962,287.88,1.895)	103.97	-71.9405
6.537624808447	3	(27.3337,348.183,1.895)	43.6424	-67.6001
6.538344002282	2	(24.1415,336.601,1.895)	55.2929	-66.895
6.549164134695	6	(23.4725,408.279,1.895)	16.8139	-59.1475
6.604416990746	1	(24.3802,311.019,1.895)	79.0501	-72.6003
6.613647731778	4	(27.1374,369.213,1.895)	20.8158	-60.9772
6.614938057924	0	(24.6149,285.879,1.895)	104.175	-71.9874
6.637624808447	3	(27.3524,346.178,1.895)	43.8518	-67.9045
6.638344002282	2	(24.159,334.72,1.895)	55.3781	-66.8923
6.649164134695	6	(23.4912,406.27,1.895)	16.6052	-58.6855
6.704416990746	1	(24.3985,309.065,1.895)	79.2117	-72.5218
6.713647731778	4	(27.1553,367.305,1.895)	20.9304	-60.8095
6.714938057924	0	(24.6336,283.871,1.895)	104.39	-72.0373
6.737624808447	3	(27.3712,344.173,1.895)	44.0634	-68.2224
6.738344002282	2	(24.1767,332.83,1.895)	55.4743	-66.8906
6.749164134695	6	(23.51,404.262,1.895)	16.3944	-58.4423
6.804416990746	1	(24.4168,307.106,1.895)	79.381	-72.4415
6.813647731778	4	(27.1731,365.391,1.895)	21.0556	-60.6569
6.814938057924	0	(24.6523,281.871,1.895)	104.601	-72.0867
6.837624808447	3	(27.3899,342.163,1.895)	44.2854	-68.5649
6.838344002282	2	(24.1943,330.946,1.895)	55.5701	-66.8902
6.849164134695	6	(23.5287,402.255,1.895)	16.1806	-58.4684
6.904416990746	1	(24.435,305.152,1.895)	79.5411	-72.3673
6.913647731778	4	(27.191,363.473,1.895)	21.1798	-60.5439
6.914938057924	0	(24.671,279.863,1.895)	104.815	-72.1376
6.937624808447	3	(27.4087,340.151,1.895)	44.5033	-68.908
6.938344002282	2	(24.2119,329.059,1.895)	55.6632	-66.8912
6.949164134695	6	(23.5474,400.254,1.895)	15.9774	-58.7179
7.004416990746	1	(24.4533,303.197,1.895)	79.6922	-72.2988
7.013647731778	4	(27.209,361.547,1.895)	21.3015	-60.4749
7.014938057924	0	(24.6897,277.862,1.895)	105.011	-72.1847
7.037624808447	3	(27.4274,338.147,1.895)	44.7029	-69.2254
7.038344002282	2	(24.2295,327.174,1.895)	55.743	-66.893
7.049164134695	6	(23.5661,398.247,1.895)	15.7799	-59.0585
7.104416990746	1	(24.4715,301.237,1.895)	79.8338	-72.236
7.106714331009	7	(26.6976,416.34,1.895)	35.3114	-68.2578
7.113647731778	4	(27.2269,359.627,1.895)	21.4046	-60.4504
7.114938057924	0	(24.7084,275.855,1.895)	105.201	-72.2307
7.137624808447	3	(27.4461,336.142,1.895)	44.8901	-69.5237
7.138344002282	2	(24.2471,325.279,1.895)	55.8202	-66.8956
7.149164134695	6	(23.5849,396.237,1.895)	15.5914	-59.2937
7.204416990746	1	(24.4898,299.279,1.895)	79.9768	-72.1739
7.206714331009	7	(26.7162,414.347,1.895)	35.1338	-68.2131
7.213647731778	4	(27.2448,357.71,1.895)	21.5059	-60.4575
7.214938057924	0	(24.7272,273.846,1.895)	105.394	-72.2781
7.237624808447	3	(27.4649,334.131,1.895)	45.0862	-69.8336
7.238344002282	2	(24.2648,323.388,1.895)	55.8966	-66.899
7.249164134695	6	(23.6036,394.225,1.895)	15.3997	-59.2546
7.304416990746	1	(24.5082,297.314,1.895)	80.1266	-72.1102
7.306714331009	7	(26.7348,412.351,1.895)	34.9526	-68.1056
7.313647731778	4	(27.2628,355.783,1.895)	21.6181	-60.5014
7.314938057924	0	(24.746,271.835,1.895)	105.59	-72.3266
7.337624808447	3	(27.4836,332.126,1.895)	45.2758	-70.1276
7.338344002282	2	(24.2824,321.499,1.895)	55.9704	-66.903
7.349164134695	6	(23.6224,392.218,1.895)	15.212	-58.8973
7.404416990746	1	(24.5265,295.345,1.895)	80.2719	-72.0499
7.406714331009	7	(26.7534,410.358,1.895)	34.783	-67.9506
7.413647731778	4	(27.2808,353.855,1.895)	21.7223	-60.5757
7.414938057924	0	(24.7647,269.827,1.895)	105.775	-72.3727
7.437624808447	3	(27.5023,330.122,1.895)	45.4565	-70.3992
7.438344002282	2	(24.3002,319.6,1.895)	56.0452	-66.908
7.449164134695	6	(23.6411,390.208,1.895)	15.0307	-58.3837
7.504416990746	1	(24.5449,293.375,1.895)	80.4195	-71.9899
7.506714331009	7	(26.772,408.364,1.895)	34.6116	-67.7455
7.513647731778	4	(27.2987,351.934,1.895)	21.8214	-60.6754
7.514938057924	0	(24.7834,267.827,1.895)	105.952	-72.4174
7.537624808447	3	(27.5211,328.112,1.895)	45.6441	-70.6688
7.538344002282	2	(24.3179,317.697,1.895)	56.1258	-66.9141
7.549164134695	6	(23.6598,388.206,1.895)	14.8546	-57.9124
7.604416990746	1	(24.5631,291.425,1.895)	80.5508	-71.9377
7.606714331009	7	(26.7906,406.374,1.895)	34.4399	-67.4982
7.613647731778	4	(27.3168,349.999,1.895)	21.9375	-60.8265
7.614938057924	0	(24.8021,265.824,1.895)	106.137	-72.4645
7.637624808447	3	(27.5398,326.103,1.895)	45.8342	-70.9246
7.638344002282	2	(24.3357,315.793,1.895)	56.211	-66.9216
7.649164134695	6	(23.6785,386.206,1.895)	14.6777	-57.6089
7.704416990746	1	(24.5815,289.458,1.895)	80.6789	-71.8877
7.706714331009	7	(26.8091,404.395,1.895)	34.2997	-67.2708
7.713647731778	4	(27.3348,348.069,1.895)	22.0282	-60.9688
7.714938057924	0	(24.8208,263.813,1.895)	106.309	-72.5086
7.737624808447	3	(27.5586,324.093,1.895)	46.005	-71.1362
7.738344002282	2	(24.3534,313.9,1.895)	56.2653	-66.9269
7.749164134695	6	(23.6972,384.205,1.895)	14.5196	-57.5412
7.804416990746	1	(24.5999,287.49,1.895)	80.8168	-71.835
7.806714331009	7	(26.8277,402.4,1.895)	34.1349	-66.9811
7.813647731778	4	(27.3528,346.137,1.895)	22.1309	-61.1533
7.814938057924	0	(24.8396,261.805,1.895)	106.487	-72.5547
7.837624808447	3	(27.5773,322.089,1.895)	46.1796	-71.331
7.838344002282	2	(24.3711,311.997,1.895)	56.3382	-66.9346
7.849164134695	6	(23.7159,382.194,1.895)	14.3434	-57.6891
7.904416990746	1	(24.6182,285.52,1.895)	80.9505	-71.7851
7.906714331009	7	(26.8462,400.417,1.895)	33.9875	-66.7074
7.913647731778	4	(27.3709,344.2,1.895)	22.2317	-61.3556
7.914938057924	0	(24.8583,259.8,1.895)	106.656	-72.5987
7.937624808447	3	(27.596,320.085,1.895)	46.3481	-71.4954
7.938344002282	2	(24.3889,310.09,1.895)	56.4093	-66.9429
7.949164134695	6	(23.7346,380.194,1.895)	14.1839	-57.9531
8.004416990746	1	(24.6365,283.56,1.895)	81.068	-71.742
8.006714331009	7	(26.8648,398.427,1.895)	33.8404	-66.4258
8.013647731778	4	(27.389,342.266,1.895)	22.3225	-61.5536
8.014938057924	0	(24.8771,257.789,1.895)	106.823	-72.6428
8.037624808447	3	(27.6147,318.082,1.895)	46.508	-71.6276
8.038344002282	2	(24.4068,308.175,1.895)	56.4809	-66.9518
8.049164134695	6	(23.7533,378.185,1.895)	14.0226	-58.198
8.104416990746	1	(24.655,281.585,1.895)	81.199	-71.695
8.106714331009	7	(26.8834,396.433,1.895)	33.6904	-66.1348
8.113647731778	4	(27.4071,340.327,1.895)	22.4184	-61.7751
8.114938057924	0	(24.8958,255.787,1.895)	106.982	-72.6848
8.130686788412	8	(26.6976,416.34,1.895)	53.5984	-67.1881
8.137624808447	3	(27.6334,316.078,1.895)	46.6682	-71.7347
8.138344002282	2	(24.4246,306.262,1.895)	56.5496	-66.9611
8.149164134695	6	(23.7721,376.178,1.895)	13.8636	-58.2432
8.204416990746	1	(24.6733,279.622,1.895)	81.3105	-71.6557
8.206714331009	7	(26.902,394.443,1.895)	33.5516	-65.8654
8.213647731778	4	(27.4251,338.395,1.895)	22.4992	-61.9686
8.214938057924	0	(24.9145,253.783,1.895)	107.134	-72.7255
8.230686788412	8	(26.7147,414.503,1.895)	53.6121	-67.1838
8.237624808447	3	(27.6521,314.067,1.895)	46.828	-71.8152
8.238344002282	2	(24.4426,304.343,1.895)	56.6179	-66.9709
8.249164134695	6	(23.7908,374.177,1.895)	13.7179	-58.0328
8.304416990746	1	(24.6916,277.66,1.895)	81.4285	-71.6149
8.306714331009	7	(26.9206,392.452,1.895)	33.405	-65.5845
8.313647731778	4	(27.4432,336.454,1.895)	22.5961	-62.2052
8.314938057924	0	(24.9331,251.781,1.895)	107.292	-72.768
8.330686788412	8	(26.732,412.655,1.895)	53.6082	-67.185
8.337624808447	3	(27.6708,312.067,1.895)	46.9835	-71.8673
8.338344002282	2	(24.4604,302.433,1.895)	56.6834	-66.981
8.349164134695	6	(23.8094,372.175,1.895)	13.5651	-57.6164
8.404416990746	1	(24.71,275.694,1.895)	81.539	-71.5773
8.406714331009	7	(26.939,390.477,1.895)	33.2851	-65.3596
8.413647731778	4	(27.4612,334.524,1.895)	22.6703	-62.3862
8.414938057924	0	(24.9519,249.769,1.895)	107.448	-72.8103
8.430686788412	8	(26.7492,410.811,1.895)	53.6198	-67.1813
8.437624808447	3	(27.6895,310.065,1.895)	47.1303	-71.8925
8.438344002282	2	(24.4783,300.518,1.895)	56.7424	-66.9905
8.449164134695	6	(23.8281,370.172,1.895)	13.4227	-57.192
8.504416990746	1	(24.7284,273.721,1.895)	81.6748	-71.5322
8.506714331009	7	(26.9575,388.488,1.895)	33.1337	-65.0839
8.513647731778	4	(27.4793,332.589,1.895)	22.7682	-62.6201
8.514938057924	0	(24.9706,247.769,1.895)	107.611	-72.8546
8.530686788412	8	(26.7663,408.981,1.895)	53.6272	-67.179
8.537624808447	3	(27.7082,308.061,1.895)	47.297	-71.8935
8.538344002282	2	(24.4962,298.599,1.895)	56.8243	-67.0044
8.549164134695	6	(23.8468,368.172,1.895)	13.265	-56.8436
8.604416990746	1	(24.7467,271.752,1.895)	81.7997	-71.4915
8.606714331009	7	(26.976,386.516,1.895)	33.0054	-64.8594
8.613647731778	4	(27.4974,330.65,1.895)	22.8635	-62.8365
8.614938057924	0	(24.9893,245.764,1.895)	107.773	-72.899
8.630686788412	8	(26.7836,407.129,1.895)	53.6192	-67.1815
8.637624808447	3	(27.727,306.049,1.895)	47.465	-71.8657
8.638344002282	2	(24.5141,296.678,1.895)	56.901	-67.0183
8.649164134695	6	(23.8656,366.161,1.895)	13.1026	-56.7257
8.704416990746	1	(24.7651,269.78,1.895)	81.9218	-71.4526
8.706714331009	7	(26.9943,384.547,1.895)	32.8853	-64.6579
8.713647731778	4	(27.5156,328.7,1.895)	22.9639	-63.0454
8.714938057924	0	(25.008,243.757,1.895)	107.931	-72.9427
8.730686788412	8	(26.8007,405.296,1.895)	53.6354	-67.1765
8.737624808447	3	(27.7457,304.044,1.895)	47.6206	-71.8158
8.738344002282	2	(24.532,294.76,1.895)	56.9698	-67.0313
8.749164134695	6	(23.8842,364.162,1.895)	12.9573	-56.838
8.804416990746	1	(24.7835,267.811,1.895)	82.0237	-71.4207
8.806714331009	7	(27.0128,382.567,1.895)	32.7728	-64.4773
8.813647731778	4	(27.5338,326.751,1.895)	23.045	-63.1947
8.814938057924	0	(25.0268,241.747,1.895)	108.073	-72.9825
8.830686788412	8	(26.8179,403.452,1.895)	53.6587	-67.1693
8.837624808447	3	(27.7645,302.033,1.895)	47.7647	-71.7503
8.838344002282	2	(24.5499,292.838,1.895)	57.0249	-67.0422
8.849164134695	6	(23.903,362.15,1.895)	12.8178	-57.0673
8.904416990746	1	(24.802,265.829,1.895)	82.1449	-71.3835
8.906714331009	7	(27.0313,380.586,1.895)	32.6522	-64.2937
8.913647731778	4	(27.552,324.8,1.895)	23.1362	-63.3375
8.914938057924	0	(25.0455,239.739,1.895)	108.22	-73.0238
8.930686788412	8	(26.8351,401.606,1.895)	53.6729	-67.165
8.937624808447	3	(27.7832,300.021,1.895)	47.9162	-71.6635
8.938344002282	2	(24.5679,290.916,1.895)	57.0868	-67.0549
8.949164134695	6	(23.9218,360.14,1.895)	12.6735	-57.2754
9.004416990746	1	(24.8204,263.856,1.895)	82.2475	-71.3525
9.006714331009	7	(27.0498,378.602,1.895)	32.5386	-64.1304
9.013647731778	4	(27.5702,322.846,1.895)	23.2203	-63.4417
9.014938057924	0	(25.0642,237.738,1.895)	108.351	-73.0607
9.030686788412	8	(26.8524,399.757,1.895)	53.6946	-67.1584
9.037624808447	3	(27.802,298.011,1.895)	48.0564	-71.5684
9.038344002282	2	(24.5859,288.981,1.895)	57.1513	-67.0687
9.049164134695	6	(23.9405,358.132,1.895)	12.5404	-57.2834
9.104416990746	1	(24.8388,261.892,1.895)	82.3385	-71.3256
9.106714331009	7	(27.0683,376.623,1.895)	32.4325	-63.9869
9.113647731778	4	(27.5885,320.891,1.895)	23.301	-63.515
9.114938057924	0	(25.083,235.729,1.895)	108.487	-73.0991
9.130686788412	8	(26.8697,397.903,1.895)	53.7139	-67.1527
9.137624808447	3	(27.8207,296.011,1.895)	48.1827	-71.4722
9.138344002282	2	(24.604,287.048,1.895)	57.2107	-67.0819
9.143004710367	9	(26.6976,416.34,1.895)	72.1519	-77.1488
9.149164134695	6	(23.9592,356.132,1.895)	12.4183	-57.0759
9.204416990746	1	(24.8573,259.911,1.895)	82.4437	-71.2949
9.206714331009	7	(27.0868,374.635,1.895)	32.3208	-63.8456
9.213647731778	4	(27.6066,318.946,1.895)	23.3708	-63.5559
9.214938057924	0	(25.1017,233.721,1.895)	108.619	-73.137
9.230686788412	8	(26.887,396.049,1.895)	53.7355	-67.1463
9.237624808447	3	(27.8394,294.005,1.895)	48.3133	-71.3634
9.238344002282	2	(24.6219,285.127,1.895)	57.2557	-67.0921
9.243004710367	9	(26.7134,414.649,1.895)	72.3359	-77.056
9.249164134695	6	(23.9778,354.132,1.895)	12.2986	-56.7297
9.304416990746	1	(24.8757,257.932,1.895)	82.5469	-71.2654
9.306714331009	7	(27.1053,372.657,1.895)	32.2181	-63.7248
9.313647731778	4	(27.6248,316.993,1.895)	23.4478	-63.5768
9.314938057924	0	(25.1204,231.714,1.895)	108.75	-73.1744
9.330686788412	8	(26.9044,394.184,1.895)	53.7458	-67.1433
9.337624808447	3	(27.8581,292.001,1.895)	48.4415	-71.2488
9.338344002282	2	(24.6399,283.196,1.895)	57.3104	-67.1049
9.343004710367	9	(26.7292,412.95,1.895)	72.5127	-76.9585
9.349164134695	6	(23.9965,352.132,1.895)	12.1785	-56.3594
9.404416990746	1	(24.8942,255.953,1.895)	82.6529	-71.2357
9.406714331009	7	(27.1238,370.678,1.895)	32.1119	-63.6093
9.413647731778	4	(27.6431,315.04,1.895)	23.5286	-63.5719
9.414938057924	0	(25.1392,229.705,1.895)	108.886	-73.2139
9.430686788412	8	(26.9218,392.323,1.895)	53.7577	-67.1399
9.437624808447	3	(27.8768,289.993,1.895)	48.5766	-71.121
9.438344002282	2	(24.6579,281.266,1.895)	57.3683	-67.1189
9.443004710367	9	(26.7452,411.241,1.895)	72.6767	-76.8614
9.449164134695	6	(24.0152,350.127,1.895)	12.0519	-56.0716
9.504416990746	1	(24.9127,253.974,1.895)	82.7467	-71.2098
9.506714331009	7	(27.1423,368.693,1.895)	32.0126	-63.5103
9.513647731778	4	(27.6614,313.08,1.895)	23.603	-63.5442
9.514938057924	0	(25.1579,227.702,1.895)	109.004	-73.2479
9.530686788412	8	(26.9392,390.457,1.895)	53.7779	-67.1341
9.537624808447	3	(27.8955,287.989,1.895)	48.6951	-71.0041
9.538344002282	2	(24.676,279.336,1.895)	57.4122	-67.1298
9.543004710367	9	(26.7612,409.527,1.895)	72.8481	-76.754
9.549164134695	6	(24.0339,348.123,1.895)	11.9377	-55.97
9.604416990746	1	(24.9311,251.995,1.895)	82.8448	-71.1832
9.606714331009	7	(27.1608,366.71,1.895)	31.9102	-63.4176
9.613647731778	4	(27.6795,311.133,1.895)	23.6694	-63.5022
9.614938057924	0	(25.1765,225.703,1.895)	109.123	-73.2826
9.630686788412	8	(26.9567,388.584,1.895)	53.785	-67.1321
9.637624808447	3	(27.9143,285.977,1.895)	48.8265	-70.8702
9.638344002282	2	(24.694,277.401,1.895)	57.4667	-67.1436
9.643004710367	9	(26.7772,407.808,1.895)	73.01	-76.6477
9.649164134695	6	(24.0527,346.113,1.895)	11.8134	-56.0409
9.704416990746	1	(24.9495,250.027,1.895)	82.9365	-71.1588
9.706714331009	7	(27.1793,364.728,1.895)	31.8045	-63.3318
9.713647731778	4	(27.6979,309.17,1.895)	23.7567	-63.425
9.714938057924	0	(25.1953,223.694,1.895)	109.255	-73.3213
9.730686788412	8	(26.9741,386.713,1.895)	53.7906	-67.1305
9.737624808447	3	(27.933,283.976,1.895)	48.9516	-70.7396
9.738344002282	2	(24.7121,275.466,1.895)	57.5261	-67.1591
9.743004710367	9	(26.7934,406.081,1.895)	73.1587	-76.5465
9.749164134695	6	(24.0714,344.11,1.895)	11.6917	-56.2328
9.804416990746	1	(24.9679,248.054,1.895)	83.022	-71.1363
9.806714331009	7	(27.1978,362.747,1.895)	31.7107	-63.2645
9.813647731778	4	(27.7161,307.213,1.895)	23.8258	-63.3485
9.814938057924	0	(25.214,221.692,1.895)	109.37	-73.3552
9.830686788412	8	(26.9916,384.843,1.895)	53.8081	-67.1256
9.837624808447	3	(27.9517,281.974,1.895)	49.0661	-70.6182
9.838344002282	2	(24.73,273.542,1.895)	57.5621	-67.1687
9.843004710367	9	(26.8094,404.359,1.895)	73.3243	-76.4304
9.849164134695	6	(24.0902,342.098,1.895)	11.5728	-56.4103
9.904416990746	1	(24.9864,246.076,1.895)	83.1139	-71.1126
9.906714331009	7	(27.2163,360.764,1.895)	31.6138	-63.2036
9.913647731778	4	(27.7344,305.257,1.895)	23.8957	-63.2597
9.914938057924	0	(25.2327,219.685,1.895)	109.49	-73.3909
9.930686788412	8	(27.0091,382.967,1.895)	53.8182	-67.1227
9.937624808447	3	(27.9704,279.966,1.895)	49.1877	-70.4879
9.938344002282	2	(24.7481,271.607,1.895)	57.6109	-67.182
9.943004710367	9	(26.8256,402.628,1.895)	73.4799	-76.3185
9.949164134695	6	(24.1089,340.087,1.895)	11.4526	-56.4277
10.004416990746	1	(25.0049,244.093,1.895)	83.2053	-71.0894
10.006714331009	7	(27.2348,358.779,1.895)	31.5209	-63.1537
10.013647731778	4	(27.7527,303.298,1.895)	23.9625	-63.1664
10.014938057924	0	(25.2514,217.678,1.895)	109.605	-73.4251
10.030686788412	8	(27.0266,381.09,1.895)	53.8325	-67.1188
10.037624808447	3	(27.9892,277.959,1.895)	49.303	-70.3636
10.038344002282	2	(24.7661,269.674,1.895)	57.6518	-67.1933
10.043004710367	9	(26.8418,400.892,1.895)	73.6354	-76.2045
10.049164134695	6	(24.1277,338.08,1.895)	11.3425	-56.2371
10.104416990746	1	(25.0234,242.111,1.895)	83.2913	-71.068
10.106714331009	7	(27.2534,356.795,1.895)	31.4321	-63.1139
10.113647731778	4	(27.7709,301.342,1.895)	24.0227	-63.0766
10.114938057924	0	(25.2702,215.671,1.895)	109.717	-73.4584
10.130686788412	8	(27.0442,379.207,1.895)	53.8455	-67.1152
10.137624808447	3	(28.0078,275.956,1.895)	49.41	-70.248
10.138344002282	2	(24.7842,267.735,1.895)	57.6953	-67.2056
10.143004710367	9	(26.8581,399.145,1.895)	73.7843	-76.0936
10.149164134695	6	(24.1464,336.069,1.895)	11.2321	-55.9037
10.204416990746	1	(25.0419,240.125,1.895)	83.391	-71.0435
10.206714331009	7	(27.2718,354.814,1.895)	31.3383	-63.0803
10.213647731778	4	(27.7891,299.391,1.895)	24.0872	-62.9763
10.214938057924	0	(25.2889,213.663,1.895)	109.838	-73.495
10.230686788412	8	(27.0617,377.325,1.895)	53.8496	-67.1141
10.237624808447	3	(28.0265,273.955,1.895)	49.5241	-70.1251
10.238344002282	2	(24.8024,265.788,1.895)	57.7556	-67.2231
10.243004710367	9	(26.8744,397.397,1.895)	73.9224	-75.9897
10.249164134695	6	(24.1652,334.061,1.895)	11.116	-55.5416
10.304416990746	1	(25.0605,238.138,1.895)	83.4893	-71.0199
10.306714331009	7	(27.2902,352.844,1.895)	31.2565	-63.0581
10.313647731778	4	(27.8074,297.436,1.895)	24.1539	-62.8697
10.314938057924	0	(25.3076,211.658,1.895)	109.955	-73.5301
10.330686788412	8	(27.0793,375.446,1.895)	53.8593	-67.1115
10.337624808447	3	(28.0452,271.955,1.895)	49.6368	-70.0043
10.338344002282	2	(24.8206,263.843,1.895)	57.8121	-67.2398
10.343004710367	9	(26.8908,395.642,1.895)	74.0558	-75.8886
10.349164134695	6	(24.184,332.05,1.895)	10.9984	-55.3058
10.404416990746	1	(25.0789,236.164,1.895)	83.5739	-70.9999
10.406714331009	7	(27.3087,350.864,1.895)	31.1652	-63.0413
10.413647731778	4	(27.8256,295.479,1.895)	24.2216	-62.7601
10.414938057924	0	(25.3264,209.652,1.895)	110.071	-73.5654
10.430686788412	8	(27.0968,373.571,1.895)	53.874	-67.1075
10.437624808447	3	(28.0639,269.949,1.895)	49.7525	-69.8813
10.438344002282	2	(24.8388,261.892,1.895)	57.8734	-67.2584
10.443004710367	9	(26.9072,393.886,1.895)	74.1897	-75.7865
10.449164134695	6	(24.2027,330.046,1.895)	10.8896	-55.2693
10.504416990746	1	(25.0974,234.178,1.895)	83.6619	-70.9794
10.506714331009	7	(27.3271,348.892,1.895)	31.0919	-63.034
10.513647731778	4	(27.8439,293.522,1.895)	24.2812	-62.6638
10.514938057924	0	(25.345,207.653,1.895)	110.172	-73.5962
10.530686788412	8	(27.1144,371.679,1.895)	53.8798	-67.106
10.537624808447	3	(28.0827,267.938,1.895)	49.8657	-69.7621
10.538344002282	2	(24.8569,259.949,1.895)	57.9187	-67.2724
10.543004710367	9	(26.9235,392.134,1.895)	74.3349	-75.6754
10.549164134695	6	(24.2214,328.038,1.895)	10.7845	-55.3847
10.604416990746	1	(25.1159,232.199,1.895)	83.7478	-70.9597
10.606714331009	7	(27.3456,346.908,1.895)	31.0002	-63.0325
10.613647731778	4	(27.8622,291.56,1.895)	24.3506	-62.5531
10.614938057924	0	(25.3637,205.649,1.895)	110.284	-73.6304
10.630686788412	8	(27.132,369.802,1.895)	53.8948	-67.102
10.637624808447	3	(28.1014,265.937,1.895)	49.9744	-69.6492
10.638344002282	2	(24.8751,257.995,1.895)	57.9797	-67.2917
10.643004710367	9	(26.94,390.369,1.895)	74.463	-75.5772
10.649164134695	6	(24.2401,326.033,1.895)	10.6775	-55.563
10.704416990746	1	(25.1343,230.224,1.895)	83.8181	-70.9439
10.706714331009	7	(27.3641,344.934,1.895)	30.9314	-63.0371
10.713647731778	4	(27.8805,289.605,1.895)	24.4001	-62.4758
10.714938057924	0	(25.3824,203.644,1.895)	110.383	-73.6609
10.730686788412	8	(27.1497,367.905,1.895)	53.9027	-67.0999
10.737624808447	3	(28.1201,263.931,1.895)	50.0754	-69.5456
10.738344002282	2	(24.8933,256.049,1.895)	58.0214	-67.3051
10.743004710367	9	(26.9564,388.616,1.895)	74.6155	-75.4605
10.749164134695	6	(24.2589,324.023,1.895)	10.5775	-55.6572
10.804416990746	1	(25.1528,228.243,1.895)	83.9066	-70.9243
10.806714331009	7	(27.3825,342.952,1.895)	30.8416	-63.0505
10.813647731778	4	(27.8988,287.641,1.895)	24.4718	-62.3672
10.814938057924	0	(25.4012,201.634,1.895)	110.502	-73.6974
10.830686788412	8	(27.1673,366.016,1.895)	53.9057	-67.0991
10.837624808447	3	(28.1387,261.931,1.895)	50.1834	-69.4365
10.838344002282	2	(24.9115,254.103,1.895)	58.075	-67.3227
10.843004710367	9	(26.9729,386.841,1.895)	74.7319	-75.3715
10.849164134695	6	(24.2776,322.017,1.895)	10.4696	-55.5623
10.904416990746	1	(25.1713,226.26,1.895)	83.9863	-70.9069
10.906714331009	7	(27.401,340.976,1.895)	30.769	-63.0675
10.913647731778	4	(27.9171,285.679,1.895)	24.5306	-62.282
10.914938057924	0	(25.4199,199.625,1.895)	110.607	-73.73
10.930686788412	8	(27.185,364.117,1.895)	53.911	-67.0977
10.937624808447	3	(28.1575,259.926,1.895)	50.2853	-69.3353
10.938344002282	2	(24.9296,252.161,1.895)	58.1136	-67.3356
10.943004710367	9	(26.9895,385.069,1.895)	74.864	-75.2709
10.949164134695	6	(24.2964,320.006,1.895)	10.3675	-55.2863
11.004416990746	1	(25.1898,224.281,1.895)	84.0608	-70.8909
11.006714331009	7	(27.4194,339,1.895)	30.6979	-63.0895
11.013647731778	4	(27.9355,283.709,1.895)	24.5955	-62.1925
11.014938057924	0	(25.4387,197.615,1.895)	110.712	-73.7629
11.030686788412	8	(27.2027,362.223,1.895)	53.9213	-67.095
11.037624808447	3	(28.1762,257.919,1.895)	50.387	-69.2361
11.038344002282	2	(24.9478,250.211,1.895)	58.1582	-67.3507
11.043004710367	9	(27.0061,383.285,1.895)	74.9844	-75.1794
11.049164134695	6	(24.315,318.004,1.895)	10.2759	-54.9793
11.104416990746	1	(25.2084,222.29,1.895)	84.1334	-70.8756
11.106714331009	7	(27.4379,337.019,1.895)	30.6353	-63.1132
11.113647731778	4	(27.9539,281.739,1.895)	24.6478	-62.1245
11.114938057924	0	(25.4574,195.61,1.895)	110.799	-73.7898
11.130686788412	8	(27.2203,360.332,1.895)	53.9488	-67.088
11.137624808447	3	(28.1949,255.913,1.895)	50.4742	-69.1524
11.138344002282	2	(24.966,248.266,1.895)	58.1849	-67.3598
11.143004710367	9	(27.0227,381.506,1.895)	75.124	-75.0741
11.149164134695	6	(24.3338,315.999,1.895)	10.1937	-54.7473
11.204416990746	1	(25.2269,220.312,1.895)	84.198	-70.8621
11.206714331009	7	(27.4565,335.028,1.895)	30.5565	-63.1489
11.213647731778	4	(27.9722,279.778,1.895)	24.6961	-62.0649
11.214938057924	0	(25.4761,193.605,1.895)	110.891	-73.8189
11.230686788412	8	(27.2381,358.43,1.895)	53.959	-67.0854
11.237624808447	3	(28.2137,253.903,1.895)	50.5719	-69.0604
11.238344002282	2	(24.9842,246.312,1.895)	58.2265	-67.3743
11.243004710367	9	(27.0394,379.72,1.895)	75.25	-74.9795
11.249164134695	6	(24.3525,313.996,1.895)	10.1084	-54.613
11.304416990746	1	(25.2454,218.328,1.895)	84.2723	-70.8468
11.306714331009	7	(27.475,333.046,1.895)	30.4854	-63.1867
11.313647731778	4	(27.9906,277.804,1.895)	24.7596	-61.9921
11.314938057924	0	(25.4948,191.604,1.895)	110.982	-73.8473
11.330686788412	8	(27.2559,356.526,1.895)	53.9656	-67.0837
11.337624808447	3	(28.2324,251.892,1.895)	50.673	-68.9672
11.338344002282	2	(25.0024,244.366,1.895)	58.2619	-67.3867
11.343004710367	9	(27.0562,377.922,1.895)	75.3627	-74.8955
11.349164134695	6	(24.3712,311.984,1.895)	10.0127	-54.6184
11.404416990746	1	(25.2639,216.345,1.895)	84.3397	-70.8331
11.406714331009	7	(27.4935,331.065,1.895)	30.4186	-63.227
11.413647731778	4	(28.009,275.832,1.895)	24.8168	-61.9318
11.414938057924	0	(25.5135,189.603,1.895)	111.068	-73.8745
11.430686788412	8	(27.2736,354.627,1.895)	53.9822	-67.0796
11.437624808447	3	(28.2511,249.891,1.895)	50.759	-68.8894
11.438344002282	2	(25.0206,242.407,1.895)	58.3062	-67.4025
11.443004710367	9	(27.0729,376.127,1.895)	75.483	-74.8066
11.449164134695	6	(24.39,309.973,1.895)	9.92154	-54.7418
11.504416990746	1	(25.2823,214.368,1.895)	84.3999	-70.8211
11.506714331009	7	(27.5119,329.089,1.895)	30.3596	-63.2664
11.513647731778	4	(28.0273,273.87,1.895)	24.8617	-61.8884
11.514938057924	0	(25.5322,187.602,1.895)	111.152	-73.9012
11.530686788412	8	(27.2913,352.725,1.895)	53.9971	-67.0759
11.537624808447	3	(28.2698,247.887,1.895)	50.8452	-68.813
11.538344002282	2	(25.0389,240.449,1.895)	58.3468	-67.4171
11.543004710367	9	(27.0897,374.333,1.895)	75.6059	-74.7164
11.549164134695	6	(24.4087,307.969,1.895)	9.83953	-54.8725
11.604416990746	1	(25.3009,212.383,1.895)	84.4749	-70.8063
11.606714331009	7	(27.5305,327.106,1.895)	30.2862	-63.3205
11.613647731778	4	(28.0456,271.908,1.895)	24.914	-61.842
11.614938057924	0	(25.5509,185.593,1.895)	111.251	-73.9326
11.630686788412	8	(27.3091,350.821,1.895)	54.0029	-67.0745
11.637624808447	3	(28.2885,245.885,1.895)	50.9375	-68.7328
11.638344002282	2	(25.0571,238.502,1.895)	58.3838	-67.4307
11.643004710367	9	(27.1065,372.532,1.895)	75.7142	-74.6375
11.649164134695	6	(24.4274,305.966,1.895)	9.75147	-54.925
11.704416990746	1	(25.3195,210.39,1.895)	84.5583	-70.7901
11.706714331009	7	(27.5489,325.133,1.895)	30.2229	-63.3716
11.713647731778	4	(28.064,269.944,1.895)	24.9683	-61.799
11.714938057924	0	(25.5696,183.591,1.895)	111.343	-73.9619
11.730686788412	8	(27.3269,348.913,1.895)	54.0039	-67.0742
11.737624808447	3	(28.3072,243.878,1.895)	51.0353	-68.6498
11.738344002282	2	(25.0753,236.553,1.895)	58.4228	-67.4451
11.743004710367	9	(27.1233,370.731,1.895)	75.8232	-74.5589
11.749164134695	6	(24.4461,303.959,1.895)	9.66083	-54.8053
11.804416990746	1	(25.338,208.407,1.895)	84.6205	-70.7782
11.806714331009	7	(27.5673,323.159,1.895)	30.1699	-63.4175
11.813647731778	4	(28.0823,267.977,1.895)	25.0143	-61.7666
11.814938057924	0	(25.5883,181.586,1.895)	111.427	-73.9888
11.830686788412	8	(27.3446,347.017,1.895)	54.0291	-67.0681
11.837624808447	3	(28.326,241.87,1.895)	51.1225	-68.5775
11.838344002282	2	(25.0935,234.596,1.895)	58.4587	-67.4585
11.843004710367	9	(27.1402,368.923,1.895)	75.9363	-74.478
11.849164134695	6	(24.4648,301.96,1.895)	9.58711	-54.5904
11.904416990746	1	(25.3565,206.426,1.895)	84.6881	-70.7655
11.906714331009	7	(27.5857,321.185,1.895)	30.1096	-63.473
11.913647731778	4	(28.1008,265.999,1.895)	25.0793	-61.7274
11.914938057924	0	(25.607,179.581,1.895)	111.519	-74.0184
11.930686788412	8	(27.3624,345.114,1.895)	54.0397	-67.0655
11.937624808447	3	(28.3447,239.866,1.895)	51.213	-68.5041
11.938344002282	2	(25.1118,232.637,1.895)	58.5053	-67.4762
11.943004710367	9	(27.1569,367.126,1.895)	76.0522	-74.3959
11.949164134695	6	(24.4835,299.954,1.895)	9.50002	-54.2906
12.004416990746	1	(25.3749,204.446,1.895)	84.7319	-70.7574
12.006714331009	7	(27.6041,319.213,1.895)	30.0736	-63.5078
12.013647731778	4	(28.1191,264.033,1.895)	25.1092	-61.712
12.014938057924	0	(25.6257,177.579,1.895)	111.585	-74.0396
12.030686788412	8	(27.3802,343.206,1.895)	54.0674	-67.059
12.037624808447	3	(28.3634,237.859,1.895)	51.2841	-68.4477
12.038344002282	2	(25.1301,230.677,1.895)	58.5288	-67.4852
12.043004710367	9	(27.1738,365.32,1.895)	76.1823	-74.3048
12.049164134695	6	(24.5023,297.946,1.895)	9.43289	-54.0987
12.104416990746	1	(25.3935,202.462,1.895)	84.7996	-70.7449
12.106714331009	7	(27.6226,317.227,1.895)	30.0036	-63.5791
12.113647731778	4	(28.1375,262.061,1.895)	25.1652	-61.6876
12.114938057924	0	(25.6444,175.576,1.895)	111.671	-74.0677
12.130686788412	8	(27.3979,341.304,1.895)	54.0816	-67.0557
12.137624808447	3	(28.3822,235.852,1.895)	51.3754	-68.3769
12.138344002282	2	(25.1484,228.719,1.895)	58.5702	-67.5012
12.143004710367	9	(27.1907,363.505,1.895)	76.2838	-74.2345
12.149164134695	6	(24.5209,295.945,1.895)	9.35332	-53.9768
12.204416990746	1	(25.412,200.475,1.895)	84.8615	-70.7337
12.206714331009	7	(27.6411,315.251,1.895)	29.9533	-63.6332
12.213647731778	4	(28.156,260.086,1.895)	25.2143	-61.6709
12.214938057924	0	(25.6632,173.567,1.895)	111.755	-74.0948
12.230686788412	8	(27.4158,339.393,1.895)	54.0961	-67.0523
12.237624808447	3	(28.4009,233.846,1.895)	51.456	-68.3158
12.238344002282	2	(25.1667,226.759,1.895)	58.6047	-67.5148
12.243004710367	9	(27.2076,361.695,1.895)	76.3989	-74.1555
12.249164134695	6	(24.5397,293.936,1.895)	9.27532	-53.9868
12.304416990746	1	(25.4305,198.49,1.895)	84.92	-70.7232
12.306714331009	7	(27.6595,313.277,1.895)	29.9059	-63.6863
12.313647731778	4	(28.1744,258.113,1.895)	25.2611	-61.6593
12.314938057924	0	(25.6819,171.556,1.895)	111.84	-74.1223
12.330686788412	8	(27.4336,337.482,1.895)	54.1119	-67.0487
12.337624808447	3	(28.4196,231.837,1.895)	51.538	-68.2552
12.338344002282	2	(25.185,224.799,1.895)	58.6385	-67.5281
12.343004710367	9	(27.2246,359.871,1.895)	76.5015	-74.086
12.349164134695	6	(24.5584,291.931,1.895)	9.20127	-54.0858
12.404416990746	1	(25.4492,196.494,1.895)	84.9902	-70.7109
12.406714331009	7	(27.678,311.295,1.895)	29.8497	-63.7518
12.413647731778	4	(28.1928,256.138,1.895)	25.3102	-61.6516
12.414938057924	0	(25.7007,169.544,1.895)	111.926	-74.1504
12.430686788412	8	(27.4515,335.57,1.895)	54.1251	-67.0457
12.437624808447	3	(28.4384,229.828,1.895)	51.6215	-68.1949
12.438344002282	2	(25.2033,222.841,1.895)	58.6706	-67.541
12.443004710367	9	(27.2416,358.049,1.895)	76.6054	-74.0162
12.449164134695	6	(24.5772,289.92,1.895)	9.12191	-54.2074
12.504416990746	1	(25.4677,194.506,1.895)	85.0443	-70.7015
12.506714331009	7	(27.6965,309.318,1.895)	29.8054	-63.8052
12.513647731778	4	(28.2113,254.155,1.895)	25.3602	-61.6483
12.514938057924	0	(25.7194,167.539,1.895)	111.997	-74.1739
12.530686788412	8	(27.4693,333.655,1.895)	54.1439	-67.0416
12.537624808447	3	(28.457,227.827,1.895)	51.6892	-68.1471
12.538344002282	2	(25.2216,220.873,1.895)	58.7055	-67.555
12.543004710367	9	(27.2586,356.228,1.895)	76.7176	-73.9417
12.549164134695	6	(24.5959,287.911,1.895)	9.05133	-54.2425
12.604416990746	1	(25.4863,192.514,1.895)	85.1013	-70.6917
12.606714331009	7	(27.715,307.332,1.895)	29.7552	-63.8678
12.613647731778	4	(28.2297,252.185,1.895)	25.3941	-61.6488
12.614938057924	0	(25.7381,165.536,1.895)	112.064	-74.1959
12.630686788412	8	(27.4873,331.734,1.895)	54.1581	-67.0384
12.637624808447	3	(28.4757,225.827,1.895)	51.753	-68.1029
12.638344002282	2	(25.2399,218.91,1.895)	58.7323	-67.5659
12.643004710367	9	(27.2757,354.4,1.895)	76.8257	-73.8708
12.649164134695	6	(24.6147,285.904,1.895)	8.98486	-54.1626
12.704416990746	1	(25.5049,190.527,1.895)	85.1552	-70.6825
12.706714331009	7	(27.7335,305.349,1.895)	29.7043	-63.9332
12.713647731778	4	(28.2482,250.208,1.895)	25.4388	-61.6528
12.714938057924	0	(25.7569,163.525,1.895)	112.143	-74.2216
12.730686788412	8	(27.5052,329.807,1.895)	54.1641	-67.0371
12.737624808447	3	(28.4944,223.828,1.895)	51.8201	-68.0575
12.738344002282	2	(25.2583,216.942,1.895)	58.7676	-67.5804
12.743004710367	9	(27.2928,352.567,1.895)	76.9247	-73.8066
12.749164134695	6	(24.6334,283.897,1.895)	8.91549	-53.9688
12.804416990746	1	(25.5235,188.534,1.895)	85.2144	-70.6726
12.806714331009	7	(27.7521,303.362,1.895)	29.6525	-64.0017
12.813647731778	4	(28.2665,248.24,1.895)	25.4727	-61.6582
12.814938057924	0	(25.7756,161.523,1.895)	112.211	-74.2442
12.830686788412	8	(27.5231,327.889,1.895)	54.1798	-67.0337
12.837624808447	3	(28.5131,221.817,1.895)	51.8962	-68.007
12.838344002282	2	(25.2766,214.984,1.895)	58.7919	-67.5905
12.843004710367	9	(27.31,350.723,1.895)	77.0154	-73.7484
12.849164134695	6	(24.6521,281.894,1.895)	8.85243	-53.7451
12.904416990746	1	(25.542,186.549,1.895)	85.2741	-70.6628
12.906714331009	7	(27.7706,301.379,1.895)	29.5939	-64.0814
12.913647731778	4	(28.285,246.263,1.895)	25.5245	-61.6708
12.914938057924	0	(25.7943,159.521,1.895)	112.287	-74.2694
12.930686788412	8	(27.5411,325.961,1.895)	54.1776	-67.0342
12.937624808447	3	(28.5319,219.81,1.895)	51.9787	-67.9538
12.938344002282	2	(25.295,213.017,1.895)	58.834	-67.608
12.943004710367	9	(27.3271,348.89,1.895)	77.1073	-73.6901
12.949164134695	6	(24.6709,279.882,1.895)	8.772	-53.4946
13.004416990746	1	(25.5605,184.564,1.895)	85.3158	-70.656
13.006714331009	7	(27.789,299.408,1.895)	29.5658	-64.1204
13.013647731778	4	(28.3034,244.286,1.895)	25.5588	-61.6818
13.014938057924	0	(25.813,157.51,1.895)	112.355	-74.292
13.030686788412	8	(27.5592,324.03,1.895)	54.189	-67.0318
13.037624808447	3	(28.5506,217.8,1.895)	52.0459	-67.9114
13.038344002282	2	(25.3133,211.054,1.895)	58.8533	-67.6162
13.043004710367	9	(27.3443,347.046,1.895)	77.2065	-73.6278
13.049164134695	6	(24.6896,277.878,1.895)	8.71495	-53.3921
13.104416990746	1	(25.5791,182.569,1.895)	85.367	-70.6477
13.106714331009	7	(27.8074,297.428,1.895)	29.5303	-64.1702
13.113647731778	4	(28.322,242.301,1.895)	25.5991	-61.6975
13.114938057924	0	(25.8318,155.504,1.895)	112.418	-74.3128
13.130686788412	8	(27.577,322.118,1.895)	54.2214	-67.0249
13.137624808447	3	(28.5694,215.789,1.895)	52.112	-67.8707
13.138344002282	2	(25.3316,209.095,1.895)	58.8677	-67.6223
13.143004710367	9	(27.3616,345.201,1.895)	77.306	-73.566
13.149164134695	6	(24.7082,275.877,1.895)	8.66259	-53.3689
13.204416990746	1	(25.5978,180.572,1.895)	85.4174	-70.6397
13.206714331009	7	(27.826,295.443,1.895)	29.491	-64.2263
13.213647731778	4	(28.3404,240.323,1.895)	25.6306	-61.7119
13.214938057924	0	(25.8505,153.498,1.895)	112.477	-74.3327
13.230686788412	8	(27.595,320.194,1.895)	54.243	-67.0205
13.237624808447	3	(28.5881,213.783,1.895)	52.1721	-67.8345
13.238344002282	2	(25.3499,207.127,1.895)	58.8897	-67.6316
13.243004710367	9	(27.3787,343.367,1.895)	77.4176	-73.4976
13.249164134695	6	(24.7269,273.878,1.895)	8.61355	-53.4034
13.304416990746	1	(25.6164,178.576,1.895)	85.479	-70.63
13.306714331009	7	(27.8445,293.462,1.895)	29.4451	-64.2925
13.313647731778	4	(28.3589,238.346,1.895)	25.673	-61.7342
13.314938057924	0	(25.8692,151.496,1.895)	112.545	-74.3551
13.330686788412	8	(27.613,318.258,1.895)	54.2418	-67.0207
13.337624808447	3	(28.6069,211.776,1.895)	52.2442	-67.7921
13.338344002282	2	(25.3684,205.15,1.895)	58.9329	-67.6502
13.343004710367	9	(27.3959,341.521,1.895)	77.5057	-73.4442
13.349164134695	6	(24.7456,271.875,1.895)	8.55086	-53.4959
13.404416990746	1	(25.635,176.586,1.895)	85.5223	-70.6233
13.406714331009	7	(27.8629,291.486,1.895)	29.4162	-64.3347
13.413647731778	4	(28.3773,236.367,1.895)	25.7056	-61.7535
13.414938057924	0	(25.8879,149.484,1.895)	112.61	-74.377
13.430686788412	8	(27.631,316.332,1.895)	54.2624	-67.0165
13.437624808447	3	(28.6256,209.772,1.895)	52.3014	-67.7592
13.438344002282	2	(25.3867,203.182,1.895)	58.9536	-67.6591
13.443004710367	9	(27.4133,339.656,1.895)	77.5876	-73.3951
13.449164134695	6	(24.7643,269.874,1.895)	8.50006	-53.5704
13.504416990746	1	(25.6537,174.585,1.895)	85.5846	-70.6137
13.506714331009	7	(27.8814,289.5,1.895)	29.3691	-64.4041
13.513647731778	4	(28.3958,234.392,1.895)	25.7414	-61.777
13.514938057924	0	(25.9067,147.474,1.895)	112.681	-74.4008
13.530686788412	8	(27.6489,314.413,1.895)	54.2832	-67.0124
13.537624808447	3	(28.6442,207.772,1.895)	52.3626	-67.7247
13.538344002282	2	(25.4052,201.209,1.895)	58.9876	-67.6739
13.543004710367	9	(27.4306,337.806,1.895)	77.6764	-73.3424
13.549164134695	6	(24.783,267.87,1.895)	8.44025	-53.6027
13.604416990746	1	(25.6722,172.595,1.895)	85.636	-70.606
13.606714331009	7	(27.8999,287.524,1.895)	29.3308	-64.4609
13.613647731778	4	(28.4142,232.419,1.895)	25.7761	-61.8019
13.614938057924	0	(25.9254,145.475,1.895)	112.742	-74.4213
13.630686788412	8	(27.6669,312.485,1.895)	54.2933	-67.0104
13.637624808447	3	(28.663,205.763,1.895)	52.4338	-67.6856
13.638344002282	2	(25.4236,199.234,1.895)	59.0248	-67.6903
13.643004710367	9	(27.4478,335.959,1.895)	77.7677	-73.2888
13.649164134695	6	(24.8017,265.868,1.895)	8.38144	-53.5373
13.704416990746	1	(25.6907,170.611,1.895)	85.6861	-70.5985
13.706714331009	7	(27.9183,285.553,1.895)	29.2932	-64.5171
13.713647731778	4	(28.4327,230.431,1.895)	25.8311	-61.8457
13.714938057924	0	(25.9441,143.467,1.895)	112.816	-74.4466
13.730686788412	8	(27.6849,310.557,1.895)	54.2992	-67.0093
13.737624808447	3	(28.6817,203.76,1.895)	52.5026	-67.6488
13.738344002282	2	(25.442,197.26,1.895)	59.0644	-67.7079
13.743004710367	9	(27.4652,334.102,1.895)	77.8448	-73.2441
13.749164134695	6	(24.8204,263.862,1.895)	8.31542	-53.3521
13.804416990746	1	(25.7093,168.619,1.895)	85.7292	-70.5921
13.806714331009	7	(27.9367,283.584,1.895)	29.2734	-64.5467
13.813647731778	4	(28.4512,228.456,1.895)	25.8573	-61.8685
13.814938057924	0	(25.9628,141.458,1.895)	112.876	-74.4667
13.830686788412	8	(27.7029,308.63,1.895)	54.3204	-67.0052
13.837624808447	3	(28.7004,201.75,1.895)	52.5641	-67.6167
13.838344002282	2	(25.4603,195.3,1.895)	59.0758	-67.713
13.843004710367	9	(27.4825,332.248,1.895)	77.9396	-73.1896
13.849164134695	6	(24.8391,261.858,1.895)	8.2646	-53.1671
13.904416990746	1	(25.728,166.625,1.895)	85.7873	-70.5837
13.906714331009	7	(27.9551,281.605,1.895)	29.2305	-64.611
13.913647731778	4	(28.4698,226.466,1.895)	25.9114	-61.9193
13.914938057924	0	(25.9816,139.453,1.895)	112.945	-74.4901
13.930686788412	8	(27.7209,306.705,1.895)	54.3318	-67.003
13.937624808447	3	(28.7192,199.742,1.895)	52.6361	-67.5801
13.938344002282	2	(25.4787,193.326,1.895)	59.114	-67.7302
13.943004710367	9	(27.4998,330.392,1.895)	78.0195	-73.1443
13.949164134695	6	(24.8578,259.856,1.895)	8.20421	-52.9623
14.004416990746	1	(25.7466,164.63,1.895)	85.8251	-70.5782
14.006714331009	7	(27.9735,279.636,1.895)	29.219	-64.6282
14.013647731778	4	(28.4883,224.475,1.895)	25.9447	-61.953
14.014938057924	0	(26.0003,137.448,1.895)	112.993	-74.5065
14.030686788412	8	(27.7389,304.773,1.895)	54.357	-66.9983
14.037624808447	3	(28.7378,197.742,1.895)	52.679	-67.5588
14.038344002282	2	(25.4971,191.358,1.895)	59.1249	-67.7351
14.043004710367	9	(27.5172,328.527,1.895)	78.112	-73.0924
14.049164134695	6	(24.8765,257.855,1.895)	8.16416	-52.8641
14.104416990746	1	(25.7652,162.633,1.895)	85.8678	-70.5721
14.106714331009	7	(27.9921,277.648,1.895)	29.1844	-64.6801
14.113647731778	4	(28.5068,222.493,1.895)	25.9728	-61.983
14.114938057924	0	(26.0191,135.436,1.895)	113.051	-74.5261
14.130686788412	8	(27.7568,302.855,1.895)	54.3925	-66.9918
14.137624808447	3	(28.7566,195.73,1.895)	52.7368	-67.5307
14.138344002282	2	(25.5155,189.383,1.895)	59.146	-67.7447
14.143004710367	9	(27.5346,326.663,1.895)	78.2016	-73.0426
14.149164134695	6	(24.8952,255.847,1.895)	8.11463	-52.8027
14.204416990746	1	(25.7839,160.633,1.895)	85.9228	-70.5644
14.206714331009	7	(28.0106,275.666,1.895)	29.1473	-64.7355
14.213647731778	4	(28.5253,220.509,1.895)	26.0117	-62.0266
14.214938057924	0	(26.0377,133.433,1.895)	113.108	-74.5458
14.230686788412	8	(27.7749,300.918,1.895)	54.4008	-66.9903
14.237624808447	3	(28.7754,193.723,1.895)	52.7992	-67.5011
14.238344002282	2	(25.534,187.405,1.895)	59.1779	-67.7593
14.243004710367	9	(27.5519,324.807,1.895)	78.2911	-72.9935
14.249164134695	6	(24.9139,253.847,1.895)	8.0643	-52.8104
14.304416990746	1	(25.8025,158.639,1.895)	85.9615	-70.559
14.306714331009	7	(28.0291,273.683,1.895)	29.1205	-64.7754
14.313647731778	4	(28.5439,218.522,1.895)	26.0429	-62.0634
14.314938057924	0	(26.0565,131.429,1.895)	113.157	-74.5625
14.330686788412	8	(27.793,298.975,1.895)	54.4129	-66.9882
14.337624808447	3	(28.7941,191.719,1.895)	52.8476	-67.4786
14.338344002282	2	(25.5525,185.423,1.895)	59.2052	-67.7719
14.343004710367	9	(27.5693,322.939,1.895)	78.3786	-72.9461
14.349164134695	6	(24.9325,251.845,1.895)	8.02247	-52.8587
14.404416990746	1	(25.821,156.653,1.895)	85.9976	-70.5541
14.406714331009	7	(28.0476,271.696,1.895)	29.083	-64.8309
14.413647731778	4	(28.5624,216.543,1.895)	26.0724	-62.0996
14.414938057924	0	(26.0752,129.42,1.895)	113.216	-74.5827
14.430686788412	8	(27.8111,297.036,1.895)	54.4243	-66.9862
14.437624808447	3	(28.8128,189.714,1.895)	52.903	-67.4535
14.438344002282	2	(25.571,183.446,1.895)	59.2325	-67.7846
14.443004710367	9	(27.5869,321.055,1.895)	78.4443	-72.9109
14.449164134695	6	(24.9513,249.834,1.895)	7.96661	-52.9446
14.504416990746	1	(25.8396,154.659,1.895)	86.0473	-70.5473
14.506714331009	7	(28.0661,269.715,1.895)	29.0456	-64.8857
14.513647731778	4	(28.5808,214.563,1.895)	26.1087	-62.1461
14.514938057924	0	(26.0939,127.42,1.895)	113.272	-74.6019
14.530686788412	8	(27.8292,295.098,1.895)	54.4303	-66.9851
14.537624808447	3	(28.8314,187.714,1.895)	52.9589	-67.4288
14.538344002282	2	(25.5894,181.473,1.895)	59.2608	-67.7978
14.543004710367	9	(27.6045,319.177,1.895)	78.51	-72.8759
14.549164134695	6	(24.9701,247.824,1.895)	7.90639	-52.9977
14.604416990746	1	(25.8582,152.675,1.895)	86.0765	-70.5434
14.606714331009	7	(28.0846,267.736,1.895)	29.0213	-64.9208
14.613647731778	4	(28.5994,212.58,1.895)	26.1364	-62.183
14.614938057924	0	(26.1126,125.411,1.895)	113.327	-74.6208
14.630686788412	8	(27.8473,293.157,1.895)	54.4441	-66.9827
14.637624808447	3	(28.8502,185.703,1.895)	53.0149	-67.4046
14.638344002282	2	(25.6078,179.499,1.895)	59.2803	-67.8069
14.643004710367	9	(27.622,317.295,1.895)	78.5826	-72.8377
14.649164134695	6	(24.9888,245.813,1.895)	7.85572	-52.9624
14.704416990746	1	(25.8768,150.674,1.895)	86.1283	-70.5364
14.706714331009	7	(28.1031,265.746,1.895)	28.9812	-64.9783
14.713647731778	4	(28.6179,210.595,1.895)	26.1718	-62.232
14.714938057924	0	(26.1313,123.408,1.895)	113.38	-74.6391
14.730686788412	8	(27.8654,291.216,1.895)	54.4523	-66.9814
14.737624808447	3	(28.8689,183.696,1.895)	53.072	-67.3806
14.738344002282	2	(25.6262,177.528,1.895)	59.302	-67.8172
14.743004710367	9	(27.6396,315.413,1.895)	78.6501	-72.8024
14.749164134695	6	(25.0075,243.813,1.895)	7.80948	-52.856
14.804416990746	1	(25.8955,148.677,1.895)	86.1674	-70.5313
14.806714331009	7	(28.1216,263.764,1.895)	28.9578	-65.0113
14.813647731778	4	(28.6364,208.607,1.895)	26.2016	-62.2746
14.814938057924	0	(26.1501,121.399,1.895)	113.431	-74.6567
14.830686788412	8	(27.8836,289.263,1.895)	54.4578	-66.9804
14.837624808447	3	(28.8876,181.692,1.895)	53.1183	-67.3615
14.838344002282	2	(25.6447,175.547,1.895)	59.3243	-67.8278
14.843004710367	9	(27.6572,313.527,1.895)	78.7227	-72.7649
14.849164134695	6	(25.0263,241.803,1.895)	7.76246	-52.6945
14.904416990746	1	(25.9141,146.686,1.895)	86.1993	-70.5271
14.906714331009	7	(28.1402,261.773,1.895)	28.926	-65.0556
14.913647731778	4	(28.6549,206.625,1.895)	26.2252	-62.3093
14.914938057924	0	(26.1688,119.395,1.895)	113.476	-74.6724
14.930686788412	8	(27.9018,287.318,1.895)	54.4718	-66.9781
14.937624808447	3	(28.9064,179.686,1.895)	53.1647	-67.3429
14.938344002282	2	(25.6631,173.574,1.895)	59.3382	-67.8344
14.943004710367	9	(27.6748,311.635,1.895)	78.7896	-72.7307
14.949164134695	6	(25.045,239.792,1.895)	7.71599	-52.5196
15.004416990746	1	(25.9326,144.696,1.895)	86.2349	-70.5225
15.006714331009	7	(28.1588,259.782,1.895)	28.8887	-65.1063
15.013647731778	4	(28.6735,204.637,1.895)	26.2591	-62.3608
15.014938057924	0	(26.1874,117.394,1.895)	113.522	-74.6883
15.030686788412	8	(27.9199,285.375,1.895)	54.4827	-66.9763
15.037624808447	3	(28.925,177.685,1.895)	53.2118	-67.3244
15.038344002282	2	(25.6815,171.6,1.895)	59.3577	-67.8437
15.043004710367	9	(27.6925,309.744,1.895)	78.8531	-72.6985
15.049164134695	6	(25.0637,237.789,1.895)	7.67123	-52.3746
15.104416990746	1	(25.9512,142.711,1.895)	86.254	-70.5201
15.106714331009	7	(28.1773,257.796,1.895)	28.8683	-65.1335
15.113647731778	4	(28.692,202.655,1.895)	26.2749	-62.3853
15.114938057924	0	(26.2062,115.388,1.895)	113.562	-74.7022
15.130686788412	8	(27.9382,283.419,1.895)	54.4922	-66.9747
15.137624808447	3	(28.9438,175.674,1.895)	53.2574	-67.3068
15.138344002282	2	(25.7,169.625,1.895)	59.3676	-67.8485
15.143004710367	9	(27.7102,307.851,1.895)	78.9258	-72.6619
15.149164134695	6	(25.0825,235.781,1.895)	7.63346	-52.2916
15.204416990746	1	(25.9698,140.712,1.895)	86.2932	-70.5151
15.206714331009	7	(28.1959,255.81,1.895)	28.8428	-65.167
15.213647731778	4	(28.7106,200.663,1.895)	26.307	-62.4362
15.214938057924	0	(26.2249,113.386,1.895)	113.604	-74.7169
15.230686788412	8	(27.9563,281.478,1.895)	54.5111	-66.9717
15.237624808447	3	(28.9625,173.674,1.895)	53.2969	-67.292
15.238344002282	2	(25.7183,167.659,1.895)	59.3739	-67.8515
15.243004710367	9	(27.7279,305.95,1.895)	78.9848	-72.6325
15.249164134695	6	(25.1012,233.771,1.895)	7.58848	-52.2522
15.304416990746	1	(25.9883,138.726,1.895)	86.3164	-70.5122
15.306714331009	7	(28.2145,253.819,1.895)	28.8135	-65.2045
15.313647731778	4	(28.7291,198.681,1.895)	26.3264	-62.4676
15.314938057924	0	(26.2436,111.375,1.895)	113.654	-74.734
15.330686788412	8	(27.9745,279.53,1.895)	54.5261	-66.9693
15.337624808447	3	(28.9812,171.671,1.895)	53.3382	-67.2768
15.338344002282	2	(25.7368,165.674,1.895)	59.3958	-67.8621
15.343004710367	9	(27.7455,304.06,1.895)	79.0573	-72.5968
15.349164134695	6	(25.1199,231.769,1.895)	7.55298	-52.2651
15.404416990746	1	(26.007,136.727,1.895)	86.3616	-70.5065
15.406714331009	7	(28.233,251.832,1.895)	28.7807	-65.2452
15.413647731778	4	(28.7477,196.69,1.895)	26.364	-62.5301
15.414938057924	0	(26.2624,109.369,1.895)	113.706	-74.7523
15.430686788412	8	(27.9927,277.577,1.895)	54.5261	-66.9693
15.437624808447	3	(28.9999,169.665,1.895)	53.3901	-67.2581
15.438344002282	2	(25.7553,163.698,1.895)	59.4184	-67.8731
15.443004710367	9	(27.7632,302.165,1.895)	79.116	-72.5681
15.449164134695	6	(25.1387,229.761,1.895)	7.50432	-52.3262
15.504416990746	1	(26.0257,134.727,1.895)	86.3998	-70.5018
15.506714331009	7	(28.2515,249.85,1.895)	28.7602	-65.2699
15.513647731778	4	(28.7663,194.696,1.895)	26.3965	-62.5856
15.514938057924	0	(26.281,107.37,1.895)	113.743	-74.7653
15.530686788412	8	(28.0109,275.625,1.895)	54.5361	-66.9677
15.537624808447	3	(29.0187,167.653,1.895)	53.4402	-67.2405
15.538344002282	2	(25.7738,161.712,1.895)	59.4429	-67.885
15.543004710367	9	(27.7809,300.271,1.895)	79.1838	-72.5352
15.549164134695	6	(25.1574,227.756,1.895)	7.46473	-52.3849
15.604416990746	1	(26.0442,132.742,1.895)	86.4172	-70.4997
15.606714331009	7	(28.2701,247.858,1.895)	28.7361	-65.2982
15.613647731778	4	(28.7849,192.703,1.895)	26.4214	-62.6292
15.614938057924	0	(26.2997,105.364,1.895)	113.781	-74.7786
15.630686788412	8	(28.0291,273.681,1.895)	54.5607	-66.9639
15.637624808447	3	(29.0374,165.646,1.895)	53.4798	-67.227
15.638344002282	2	(25.7924,159.723,1.895)	59.4638	-67.8953
15.643004710367	9	(27.7987,298.368,1.895)	79.2485	-72.5042
15.649164134695	6	(25.1761,225.745,1.895)	7.42695	-52.4198
15.704416990746	1	(26.0628,130.744,1.895)	86.4475	-70.496
15.706714331009	7	(28.2886,245.87,1.895)	28.7156	-65.3216
15.713647731778	4	(28.8035,190.705,1.895)	26.4516	-62.6829
15.714938057924	0	(26.3184,103.362,1.895)	113.816	-74.7906
15.730686788412	8	(28.0473,271.728,1.895)	54.5749	-66.9618
15.737624808447	3	(29.0561,163.638,1.895)	53.5202	-67.2134
15.738344002282	2	(25.8108,157.746,1.895)	59.473	-67.8998
15.743004710367	9	(27.8163,296.479,1.895)	79.3271	-72.4668
15.749164134695	6	(25.1949,223.739,1.895)	7.39183	-52.4141
15.804416990746	1	(26.0814,128.757,1.895)	86.4623	-70.4942
15.806714331009	7	(28.3072,243.886,1.895)	28.7034	-65.3352
15.813647731778	4	(28.8221,188.718,1.895)	26.4669	-62.7106
15.814938057924	0	(26.3372,101.35,1.895)	113.856	-74.8046
15.830686788412	8	(28.0655,269.779,1.895)	54.5979	-66.9584
15.837624808447	3	(29.0749,161.626,1.895)	53.5599	-67.2004
15.838344002282	2	(25.8293,155.766,1.895)	59.4814	-67.9039
15.843004710367	9	(27.8341,294.575,1.895)	79.3951	-72.4349
15.849164134695	6	(25.2136,221.736,1.895)	7.36417	-52.3771
15.904416990746	1	(26.1,126.76,1.895)	86.4952	-70.4902
15.906714331009	7	(28.3258,241.894,1.895)	28.6758	-65.3652
15.913647731778	4	(28.8407,186.726,1.895)	26.4947	-62.7615
15.914938057924	0	(26.3559,99.3467,1.895)	113.895	-74.8184
15.930686788412	8	(28.0836,267.834,1.895)	54.6173	-66.9556
15.937624808447	3	(29.0936,159.623,1.895)	53.5986	-67.188
15.938344002282	2	(25.8478,153.786,1.895)	59.4969	-67.9116
15.943004710367	9	(27.8518,292.67,1.895)	79.4543	-72.4073
15.949164134695	6	(25.2323,219.725,1.895)	7.32292	-52.2705
16.004416990746	1	(26.1187,124.765,1.895)	86.5268	-70.4865
16.006714331009	7	(28.3443,239.908,1.895)	28.6538	-65.3881
16.013647731778	4	(28.8592,184.735,1.895)	26.5217	-62.8121
16.014938057924	0	(26.3746,97.3432,1.895)	113.934	-74.8324
16.030686788412	8	(28.1019,265.881,1.895)	54.6275	-66.9541
16.037624808447	3	(29.1123,157.617,1.895)	53.6405	-67.1749
16.038344002282	2	(25.8663,151.806,1.895)	59.5135	-67.9199
16.043004710367	9	(27.8695,290.774,1.895)	79.5215	-72.3762
16.049164134695	6	(25.251,217.724,1.895)	7.28931	-52.1506
16.104416990746	1	(26.1373,122.771,1.895)	86.5504	-70.4837
16.106714331009	7	(28.3628,237.922,1.895)	28.6379	-65.4041
16.113647731778	4	(28.8779,182.741,1.895)	26.5454	-62.857
16.114938057924	0	(26.3933,95.34,1.895)	113.967	-74.8438
16.130686788412	8	(28.1201,263.928,1.895)	54.6458	-66.9516
16.137624808447	3	(29.131,155.613,1.895)	53.6744	-67.1645
16.138344002282	2	(25.8848,149.822,1.895)	59.5259	-67.926
16.143004710367	9	(27.8873,288.872,1.895)	79.59	-72.3449
16.149164134695	6	(25.2698,215.715,1.895)	7.2554	-52.0187
16.204416990746	1	(26.1559,120.777,1.895)	86.5687	-70.4815
16.206714331009	7	(28.3814,235.928,1.895)	28.6189	-65.4227
16.213647731778	4	(28.8965,180.744,1.895)	26.5669	-62.8984
16.214938057924	0	(26.412,93.3319,1.895)	114	-74.8555
16.230686788412	8	(28.1383,261.977,1.895)	54.6695	-66.9483
16.237624808447	3	(29.1497,153.612,1.895)	53.7001	-67.1568
16.238344002282	2	(25.9032,147.846,1.895)	59.5278	-67.927
16.243004710367	9	(27.9051,286.962,1.895)	79.6556	-72.3152
16.249164134695	6	(25.2885,213.707,1.895)	7.22563	-51.91
16.304416990746	1	(26.1745,118.783,1.895)	86.5939	-70.4786
16.306714331009	7	(28.4001,233.932,1.895)	28.5928	-65.4471
16.313647731778	4	(28.915,178.757,1.895)	26.5845	-62.9327
16.314938057924	0	(26.4308,91.3228,1.895)	114.04	-74.8695
16.330686788412	8	(28.1566,260.014,1.895)	54.6754	-66.9476
16.337624808447	3	(29.1684,151.606,1.895)	53.7371	-67.1458
16.338344002282	2	(25.9217,145.869,1.895)	59.535	-67.9306
16.343004710367	9	(27.923,285.05,1.895)	79.7129	-72.2895
16.349164134695	6	(25.3072,211.701,1.895)	7.19302	-51.8134
16.404416990746	1	(26.1932,116.778,1.895)	86.6354	-70.4738
16.406714331009	7	(28.4187,231.937,1.895)	28.5608	-65.4751
16.413647731778	4	(28.9336,176.771,1.895)	26.6078	-62.9784
16.414938057924	0	(26.4495,89.3138,1.895)	114.086	-74.8859
16.430686788412	8	(28.1749,258.053,1.895)	54.678	-66.9472
16.437624808447	3	(29.1872,149.598,1.895)	53.7823	-67.1328
16.438344002282	2	(25.9402,143.884,1.895)	59.5574	-67.9418
16.443004710367	9	(27.9409,283.128,1.895)	79.7541	-72.2712
16.449164134695	6	(25.3259,209.696,1.895)	7.15565	-51.7451
16.504416990746	1	(26.2119,114.774,1.895)	86.6696	-70.4699
16.506714331009	7	(28.4372,229.954,1.895)	28.5477	-65.486
16.513647731778	4	(28.9522,174.774,1.895)	26.6346	-63.0317
16.514938057924	0	(26.4683,87.3022,1.895)	114.127	-74.9006
16.530686788412	8	(28.1933,256.089,1.895)	54.6831	-66.9465
16.537624808447	3	(29.2059,147.589,1.895)	53.8216	-67.1218
16.538344002282	2	(25.9588,141.889,1.895)	59.582	-67.9542
16.543004710367	9	(27.9587,281.216,1.895)	79.8121	-72.2456
16.549164134695	6	(25.3446,207.696,1.895)	7.12916	-51.7278
16.604416990746	1	(26.2306,112.774,1.895)	86.6986	-70.4666
16.606714331009	7	(28.4557,227.968,1.895)	28.5325	-65.4982
16.613647731778	4	(28.9708,172.781,1.895)	26.6569	-63.0765
16.614938057924	0	(26.4871,85.2933,1.895)	114.165	-74.914
16.630686788412	8	(28.2116,254.129,1.895)	54.6945	-66.945
16.637624808447	3	(29.2246,145.585,1.895)	53.8538	-67.113
16.638344002282	2	(25.9774,139.895,1.895)	59.6046	-67.9656
16.643004710367	9	(27.9767,279.292,1.895)	79.8586	-72.2251
16.649164134695	6	(25.3633,205.692,1.895)	7.09984	-51.7366
16.704416990746	1	(26.2492,110.773,1.895)	86.7297	-70.4631
16.706714331009	7	(28.4743,225.979,1.895)	28.5132	-65.5129
16.713647731778	4	(28.9894,170.793,1.895)	26.6757	-63.1149
16.714938057924	0	(26.5058,83.2854,1.895)	114.204	-74.9277
16.730686788412	8	(28.2298,252.173,1.895)	54.7077	-66.9433
16.737624808447	3	(29.2433,143.585,1.895)	53.8843	-67.1048
16.738344002282	2	(25.9959,137.913,1.895)	59.6172	-67.972
16.743004710367	9	(27.9946,277.37,1.895)	79.9062	-72.2044
16.749164134695	6	(25.382,203.686,1.895)	7.06794	-51.7714
16.804416990746	1	(26.268,108.768,1.895)	86.7718	-70.4584
16.806714331009	7	(28.4929,223.986,1.895)	28.4836	-65.5338
16.813647731778	4	(29.0079,168.806,1.895)	26.6991	-63.1629
16.814938057924	0	(26.5245,81.2797,1.895)	114.246	-74.9428
16.830686788412	8	(28.2481,250.215,1.895)	54.7135	-66.9426
16.837624808447	3	(29.262,141.579,1.895)	53.9274	-67.0935
16.838344002282	2	(26.0145,135.921,1.895)	59.6462	-67.9868
16.843004710367	9	(28.0126,275.449,1.895)	79.9488	-72.186
16.849164134695	6	(25.4008,201.679,1.895)	7.02921	-51.8279
16.904416990746	1	(26.2866,106.771,1.895)	86.7973	-70.4556
16.906714331009	7	(28.5114,222.003,1.895)	28.4724	-65.5412
16.913647731778	4	(29.0265,166.816,1.895)	26.7171	-63.2002
16.914938057924	0	(26.5433,79.2734,1.895)	114.281	-74.955
16.930686788412	8	(28.2665,248.247,1.895)	54.7178	-66.942
16.937624808447	3	(29.2807,139.58,1.895)	53.9547	-67.0865
16.938344002282	2	(26.0331,133.928,1.895)	59.6668	-67.9974
16.943004710367	9	(28.0304,273.539,1.895)	80.0106	-72.1594
16.949164134695	6	(25.4195,199.673,1.895)	6.99911	-51.8629
17.004416990746	1	(26.3053,104.771,1.895)	86.8287	-70.4522
17.006714331009	7	(28.53,220.012,1.895)	28.4493	-65.5555
17.013647731778	4	(29.0451,164.826,1.895)	26.7396	-63.247
17.014938057924	0	(26.562,77.2699,1.895)	114.316	-74.9678
17.030686788412	8	(28.2848,246.287,1.895)	54.7253	-66.9411
17.037624808447	3	(29.2994,137.57,1.895)	53.9969	-67.0759
17.038344002282	2	(26.0516,131.947,1.895)	59.6808	-68.0046
17.043004710367	9	(28.0484,271.608,1.895)	80.0469	-72.1439
17.049164134695	6	(25.4382,197.673,1.895)	6.97059	-51.8735
17.104416990746	1	(26.3239,102.772,1.895)	86.8575	-70.4491
17.106714331009	7	(28.5485,218.031,1.895)	28.4384	-65.5618
17.113647731778	4	(29.0637,162.834,1.895)	26.7617	-63.2935
17.114938057924	0	(26.5807,75.2663,1.895)	114.35	-74.9798
17.130686788412	8	(28.303,244.327,1.895)	54.7355	-66.9398
17.137624808447	3	(29.3182,135.561,1.895)	54.0361	-67.0664
17.138344002282	2	(26.0702,129.961,1.895)	59.6963	-68.0126
17.143004710367	9	(28.0663,269.694,1.895)	80.103	-72.1202
17.149164134695	6	(25.4568,195.673,1.895)	6.94438	-51.8558
17.204416990746	1	(26.3425,100.781,1.895)	86.8781	-70.4469
17.206714331009	7	(28.567,216.043,1.895)	28.4204	-65.5715
17.213647731778	4	(29.0823,160.831,1.895)	26.794	-63.3621
17.214938057924	0	(26.5994,73.2599,1.895)	114.386	-74.9926
17.230686788412	8	(28.3212,242.378,1.895)	54.7564	-66.9373
17.237624808447	3	(29.3369,133.552,1.895)	54.0738	-67.0575
17.238344002282	2	(26.0887,127.978,1.895)	59.709	-68.0192
17.243004710367	9	(28.0843,267.768,1.895)	80.1474	-72.1015
17.249164134695	6	(25.4756,193.666,1.895)	6.91177	-51.793
17.304416990746	1	(26.3612,98.7769,1.895)	86.9044	-70.4441
17.306714331009	7	(28.5855,214.06,1.895)	28.4153	-65.5742
17.313647731778	4	(29.1009,158.839,1.895)	26.808	-63.392
17.314938057924	0	(26.6181,71.2531,1.895)	114.414	-75.0028
17.330686788412	8	(28.3396,240.411,1.895)	54.7683	-66.9358
17.337624808447	3	(29.3557,131.541,1.895)	54.1067	-67.0499
17.338344002282	2	(26.1072,125.995,1.895)	59.7139	-68.0218
17.343004710367	9	(28.1021,265.855,1.895)	80.2127	-72.0743
17.349164134695	6	(25.4943,191.656,1.895)	6.88449	-51.7096
17.404416990746	1	(26.3799,96.7767,1.895)	86.9354	-70.4408
17.406714331009	7	(28.6041,212.072,1.895)	28.3967	-65.5831
17.413647731778	4	(29.1196,156.834,1.895)	26.8433	-63.4681
17.414938057924	0	(26.6368,69.2481,1.895)	114.45	-75.0157
17.430686788412	8	(28.3579,238.451,1.895)	54.7773	-66.9348
17.437624808447	3	(29.3745,129.53,1.895)	54.1486	-67.0405
17.438344002282	2	(26.1258,124.003,1.895)	59.7369	-68.0337
17.443004710367	9	(28.1201,263.93,1.895)	80.2573	-72.0559
17.449164134695	6	(25.513,189.652,1.895)	6.85348	-51.5924
17.504416990746	1	(26.3985,94.7795,1.895)	86.9439	-70.44
17.506714331009	7	(28.6226,210.09,1.895)	28.4033	-65.5801
17.513647731778	4	(29.1383,154.832,1.895)	26.8572	-63.4983
17.514938057924	0	(26.6555,67.2428,1.895)	114.467	-75.0217
17.530686788412	8	(28.3763,236.483,1.895)	54.798	-66.9324
17.537624808447	3	(29.3932,127.52,1.895)	54.1702	-67.0358
17.538344002282	2	(26.1444,122.011,1.895)	59.7398	-68.0352
17.543004710367	9	(28.138,262.012,1.895)	80.3277	-72.027
17.549164134695	6	(25.5317,187.648,1.895)	6.84005	-51.5386
17.604416990746	1	(26.4171,92.7847,1.895)	86.9499	-70.4393
17.606714331009	7	(28.6412,208.094,1.895)	28.3962	-65.5834
17.613647731778	4	(29.1569,152.839,1.895)	26.8616	-63.5077
17.614938057924	0	(26.6743,65.2323,1.895)	114.488	-75.0295
17.630686788412	8	(28.3945,234.529,1.895)	54.8324	-66.9286
17.637624808447	3	(29.412,125.513,1.895)	54.1887	-67.0318
17.638344002282	2	(26.1628,120.031,1.895)	59.7309	-68.0306
17.643004710367	9	(28.156,260.083,1.895)	80.3875	-72.0028
17.649164134695	6	(25.5504,185.646,1.895)	6.82879	-51.4938
17.704416990746	1	(26.4359,90.7761,1.895)	86.9834	-70.4358
17.706714331009	7	(28.6599,206.095,1.895)	28.3728	-65.5934
17.713647731778	4	(29.1755,150.849,1.895)	26.8764	-63.5401
17.714938057924	0	(26.693,63.2307,1.895)	114.515	-75.039
17.730686788412	8	(28.4129,232.553,1.895)	54.8312	-66.9287
17.737624808447	3	(29.4307,123.503,1.895)	54.2232	-67.0246
17.738344002282	2	(26.1814,118.043,1.895)	59.7444	-68.0376
17.743004710367	9	(28.1739,258.169,1.895)	80.4484	-71.9783
17.749164134695	6	(25.5691,183.641,1.895)	6.80264	-51.3956
17.804416990746	1	(26.4545,88.7798,1.895)	87.0091	-70.4332
17.806714331009	7	(28.6785,204.105,1.895)	28.3525	-65.6009
17.813647731778	4	(29.1942,148.851,1.895)	26.9032	-63.5986
17.814938057924	0	(26.7117,61.2259,1.895)	114.549	-75.0513
17.830686788412	8	(28.4314,230.575,1.895)	54.8243	-66.9294
17.837624808447	3	(29.4494,121.498,1.895)	54.2577	-67.0175
17.838344002282	2	(26.2001,116.043,1.895)	59.7736	-68.053
17.843004710367	9	(28.1919,256.232,1.895)	80.4823	-71.9648
17.849164134695	6	(25.5878,181.637,1.895)	6.77279	-51.3042
17.904416990746	1	(26.4731,86.7877,1.895)	87.0238	-70.4317
17.906714331009	7	(28.6969,202.123,1.895)	28.3485	-65.6023
17.913647731778	4	(29.2127,146.861,1.895)	26.9162	-63.6272
17.914938057924	0	(26.7304,59.2252,1.895)	114.572	-75.0597
17.930686788412	8	(28.4498,228.604,1.895)	54.8306	-66.9288
17.937624808447	3	(29.4681,119.496,1.895)	54.2824	-67.0126
17.938344002282	2	(26.2187,114.05,1.895)	59.7886	-68.0608
17.943004710367	9	(28.2101,254.289,1.895)	80.5161	-71.9514
17.949164134695	6	(25.6065,179.637,1.895)	6.7532	-51.2613
18.004416990746	1	(26.4918,84.7887,1.895)	87.0487	-70.4292
18.006714331009	7	(28.7155,200.135,1.895)	28.3345	-65.6067
18.013647731778	4	(29.2313,144.866,1.895)	26.937	-63.6729
18.014938057924	0	(26.7491,57.2232,1.895)	114.6	-75.0698
18.030686788412	8	(28.4681,226.644,1.895)	54.8443	-66.9273
18.037624808447	3	(29.4868,117.495,1.895)	54.3091	-67.0073
18.038344002282	2	(26.2371,112.071,1.895)	59.7943	-68.0639
18.043004710367	9	(28.2281,252.355,1.895)	80.5563	-71.9355
18.049164134695	6	(25.6252,177.635,1.895)	6.72866	-51.2295
18.104416990746	1	(26.5104,82.7892,1.895)	87.0665	-70.4274
18.106714331009	7	(28.7341,198.146,1.895)	28.3271	-65.6087
18.113647731778	4	(29.2499,142.881,1.895)	26.9408	-63.6813
18.114938057924	0	(26.7677,55.2234,1.895)	114.618	-75.0763
18.130686788412	8	(28.4865,224.672,1.895)	54.8542	-66.9262
18.137624808447	3	(29.5055,115.496,1.895)	54.3265	-67.004
18.138344002282	2	(26.2557,110.087,1.895)	59.7966	-68.0651
18.143004710367	9	(28.2462,250.422,1.895)	80.6051	-71.9164
18.149164134695	6	(25.6439,175.626,1.895)	6.70494	-51.2221
18.204416990746	1	(26.529,80.7981,1.895)	87.0865	-70.4254
18.206714331009	7	(28.7527,196.153,1.895)	28.3047	-65.6142
18.213647731778	4	(29.2684,140.894,1.895)	26.9561	-63.715
18.214938057924	0	(26.7864,53.2217,1.895)	114.649	-75.0874
18.230686788412	8	(28.5048,222.708,1.895)	54.8616	-66.9255
18.237624808447	3	(29.5242,113.494,1.895)	54.3579	-66.9981
18.238344002282	2	(26.2742,108.096,1.895)	59.8164	-68.0756
18.243004710367	9	(28.2643,248.478,1.895)	80.6325	-71.9057
18.249164134695	6	(25.6627,173.619,1.895)	6.67419	-51.2417
18.304416990746	1	(26.5477,78.7989,1.895)	87.1168	-70.4224
18.306714331009	7	(28.7712,194.17,1.895)	28.2913	-65.6168
18.313647731778	4	(29.2871,138.896,1.895)	26.985	-63.779
18.314938057924	0	(26.8051,51.215,1.895)	114.687	-75.101
18.330686788412	8	(28.5232,220.739,1.895)	54.8614	-66.9255
18.337624808447	3	(29.5428,111.492,1.895)	54.3909	-66.9921
18.338344002282	2	(26.2927,106.116,1.895)	59.8274	-68.0814
18.343004710367	9	(28.2823,246.548,1.895)	80.6714	-71.8906
18.349164134695	6	(25.6814,171.608,1.895)	6.6376	-51.2903
18.404416990746	1	(26.5663,76.7987,1.895)	87.1383	-70.4202
18.406714331009	7	(28.7897,192.185,1.895)	28.2851	-65.6178
18.413647731778	4	(29.3056,136.906,1.895)	26.997	-63.8057
18.414938057924	0	(26.8239,49.2062,1.895)	114.717	-75.1119
18.430686788412	8	(28.5415,218.783,1.895)	54.8835	-66.9232
18.437624808447	3	(29.5616,109.48,1.895)	54.4242	-66.9862
18.438344002282	2	(26.3113,104.121,1.895)	59.8432	-68.0898
18.443004710367	9	(28.3004,244.614,1.895)	80.7163	-71.8733
18.449164134695	6	(25.7002,169.597,1.895)	6.6098	-51.3271
18.504416990746	1	(26.5851,74.7924,1.895)	87.1656	-70.4176
18.506714331009	7	(28.8082,190.2,1.895)	28.2789	-65.6188
18.513647731778	4	(29.3243,134.902,1.895)	27.0216	-63.8603
18.514938057924	0	(26.8426,47.2014,1.895)	114.743	-75.1212
18.530686788412	8	(28.5597,216.823,1.895)	54.9033	-66.9213
18.537624808447	3	(29.5804,107.471,1.895)	54.4542	-66.981
18.538344002282	2	(26.3299,102.128,1.895)	59.8571	-68.0973
18.543004710367	9	(28.3184,242.684,1.895)	80.7646	-71.8549
18.549164134695	6	(25.719,167.588,1.895)	6.58366	-51.3464
18.604416990746	1	(26.6038,72.7873,1.895)	87.1803	-70.4162
18.606714331009	7	(28.8268,188.211,1.895)	28.28	-65.6186
18.613647731778	4	(29.3431,132.898,1.895)	27.0358	-63.8918
18.614938057924	0	(26.8613,45.1937,1.895)	114.76	-75.1275
18.630686788412	8	(28.5781,214.86,1.895)	54.93	-66.9187
18.637624808447	3	(29.5991,105.46,1.895)	54.474	-66.9777
18.638344002282	2	(26.3486,100.132,1.895)	59.863	-68.1004
18.643004710367	9	(28.3363,240.76,1.895)	80.8313	-71.8296
18.649164134695	6	(25.7377,165.582,1.895)	6.57022	-51.3468
18.704416990746	1	(26.6225,70.7839,1.895)	87.1994	-70.4143
18.706714331009	7	(28.8455,186.212,1.895)	28.2655	-65.6204
18.713647731778	4	(29.3618,130.891,1.895)	27.0577	-63.9405
18.714938057924	0	(26.8801,43.1863,1.895)	114.783	-75.1359
18.730686788412	8	(28.5965,212.89,1.895)	54.9446	-66.9174
18.737624808447	3	(29.6179,103.454,1.895)	54.4959	-66.9741
18.738344002282	2	(26.3672,98.1395,1.895)	59.8712	-68.1048
18.743004710367	9	(28.3544,238.827,1.895)	80.8831	-71.8102
18.749164134695	6	(25.7564,163.574,1.895)	6.54931	-51.3316
18.804416990746	1	(26.6411,68.7852,1.895)	87.2073	-70.4135
18.806714331009	7	(28.864,184.223,1.895)	28.2667	-65.6202
18.813647731778	4	(29.3804,128.892,1.895)	27.0667	-63.9606
18.814938057924	0	(26.8988,41.1825,1.895)	114.796	-75.1406
18.830686788412	8	(28.6149,210.91,1.895)	54.9556	-66.9164
18.837624808447	3	(29.6366,101.445,1.895)	54.5142	-66.9712
18.838344002282	2	(26.3857,96.1508,1.895)	59.8691	-68.1037
18.843004710367	9	(28.3725,236.887,1.895)	80.9331	-71.7915
18.849164134695	6	(25.7751,161.569,1.895)	6.53721	-51.3134
18.904416990746	1	(26.6597,66.7926,1.895)	87.2184	-70.4125
18.906714331009	7	(28.8827,182.222,1.895)	28.2476	-65.6217
18.913647731778	4	(29.3991,126.891,1.895)	27.0857	-64.0027
18.914938057924	0	(26.9175,39.1792,1.895)	114.818	-75.1486
18.930686788412	8	(28.6333,208.94,1.895)	54.9667	-66.9154
18.937624808447	3	(29.6553,99.4391,1.895)	54.5388	-66.9673
18.938344002282	2	(26.4043,94.1561,1.895)	59.8822	-68.1108
18.943004710367	9	(28.3907,234.933,1.895)	80.9612	-71.7811
18.949164134695	6	(25.7939,159.559,1.895)	6.51245	-51.2549
19.004416990746	1	(26.6783,64.8006,1.895)	87.2295	-70.4114
19.006714331009	7	(28.9013,180.225,1.895)	28.2318	-65.6222
19.013647731778	4	(29.4178,124.889,1.895)	27.1072	-64.0504
19.014938057924	0	(26.9362,37.1772,1.895)	114.839	-75.1562
19.030686788412	8	(28.6518,206.962,1.895)	54.9695	-66.9152
19.037624808447	3	(29.6741,97.4328,1.895)	54.5642	-66.9634
19.038344002282	2	(26.4229,92.1712,1.895)	59.8862	-68.1129
19.043004710367	9	(28.4088,232.997,1.895)	81.0059	-71.7647
19.049164134695	6	(25.8126,157.559,1.895)	6.49625	-51.2032
19.104416990746	1	(26.6969,62.8073,1.895)	87.2391	-70.4105
19.106714331009	7	(28.9199,178.234,1.895)	28.2238	-65.6221
19.113647731778	4	(29.4365,122.889,1.895)	27.1228	-64.0852
19.114938057924	0	(26.9549,35.1728,1.895)	114.86	-75.1638
19.130686788412	8	(28.6703,204.979,1.895)	54.9709	-66.915
19.137624808447	3	(29.6928,95.4273,1.895)	54.586	-66.9601
19.138344002282	2	(26.4413,90.1924,1.895)	59.8813	-68.1103
19.143004710367	9	(28.427,231.051,1.895)	81.0437	-71.7509
19.149164134695	6	(25.8312,155.559,1.895)	6.48223	-51.1518
19.204416990746	1	(26.7155,60.8137,1.895)	87.2427	-70.4102
19.206714331009	7	(28.9386,176.235,1.895)	28.2154	-65.6219
19.213647731778	4	(29.4552,120.887,1.895)	27.1355	-64.1132
19.214938057924	0	(26.9736,33.1642,1.895)	114.878	-75.1706
19.230686788412	8	(28.6887,203.011,1.895)	54.9926	-66.9132
19.237624808447	3	(29.7115,93.4221,1.895)	54.6013	-66.9579
19.238344002282	2	(26.4598,88.2091,1.895)	59.8747	-68.1067
19.243004710367	9	(28.4451,229.102,1.895)	81.0845	-71.736
19.249164134695	6	(25.8499,153.555,1.895)	6.46966	-51.1023
19.304416990746	1	(26.7343,58.8063,1.895)	87.2671	-70.4079
19.306714331009	7	(28.9572,174.241,1.895)	28.2045	-65.6212
19.313647731778	4	(29.4737,118.895,1.895)	27.1438	-64.1315
19.314938057924	0	(26.9923,31.1632,1.895)	114.896	-75.1771
19.330686788412	8	(28.7071,201.034,1.895)	54.9985	-66.9127
19.337624808447	3	(29.7302,91.4172,1.895)	54.6232	-66.9547
19.338344002282	2	(26.4784,86.2164,1.895)	59.8844	-68.112
19.343004710367	9	(28.4632,227.163,1.895)	81.129	-71.72
19.349164134695	6	(25.8686,151.551,1.895)	6.45174	-51.0288
19.404416990746	1	(26.7529,56.814,1.895)	87.2742	-70.4072
19.406714331009	7	(28.9758,172.243,1.895)	28.1914	-65.62
19.413647731778	4	(29.4924,116.899,1.895)	27.1549	-64.156
19.414938057924	0	(27.011,29.1636,1.895)	114.911	-75.1824
19.430686788412	8	(28.7256,199.056,1.895)	55.006	-66.9121
19.437624808447	3	(29.7489,89.4181,1.895)	54.6371	-66.9528
19.438344002282	2	(26.4972,84.2121,1.895)	59.9034	-68.1222
19.443004710367	9	(28.4814,225.214,1.895)	81.1644	-71.7073
19.449164134695	6	(25.8874,149.539,1.895)	6.42896	-50.9374
19.504416990746	1	(26.7715,54.8227,1.895)	87.2861	-70.4061
19.506714331009	7	(28.9945,170.248,1.895)	28.1756	-65.6178
19.513647731778	4	(29.511,114.901,1.895)	27.1733	-64.1965
19.514938057924	0	(27.0297,27.155,1.895)	114.94	-75.193
19.530686788412	8	(28.7441,197.076,1.895)	55.0052	-66.9122
19.537624808447	3	(29.7675,87.4168,1.895)	54.659	-66.9498
19.538344002282	2	(26.5156,82.2308,1.895)	59.9054	-68.1233
19.543004710367	9	(28.4996,223.265,1.895)	81.1948	-71.6964
19.549164134695	6	(25.9061,147.535,1.895)	6.40793	-50.8621
19.604416990746	1	(26.7902,52.8169,1.895)	87.3015	-70.4046
19.606714331009	7	(29.013,168.263,1.895)	28.1812	-65.6187
19.613647731778	4	(29.5296,112.907,1.895)	27.1767	-64.2041
19.614938057924	0	(27.0484,25.1547,1.895)	114.95	-75.1966
19.630686788412	8	(28.7625,195.105,1.895)	55.024	-66.9106
19.637624808447	3	(29.7863,85.4111,1.895)	54.6743	-66.9477
19.638344002282	2	(26.5342,80.246,1.895)	59.8998	-68.1203
19.643004710367	9	(28.5178,221.315,1.895)	81.2357	-71.6819
19.649164134695	6	(25.9249,145.526,1.895)	6.3922	-50.815
19.704416990746	1	(26.8088,50.8188,1.895)	87.3162	-70.4033
19.706714331009	7	(29.0316,166.266,1.895)	28.1678	-65.6165
19.713647731778	4	(29.5483,110.911,1.895)	27.1893	-64.2318
19.730686788412	8	(28.7808,193.138,1.895)	55.041	-66.9093
19.737624808447	3	(29.8049,83.4103,1.895)	54.6917	-66.9454
19.738344002282	2	(26.5528,78.2491,1.895)	59.9132	-68.1275
19.743004710367	9	(28.536,219.364,1.895)	81.2675	-71.6707
19.749164134695	6	(25.9436,143.521,1.895)	6.37385	-50.7727
19.804416990746	1	(26.8276,48.8082,1.895)	87.3482	-70.4003
19.806714331009	7	(29.0502,164.28,1.895)	28.1597	-65.6149
19.813647731778	4	(29.5668,108.922,1.895)	27.1999	-64.255
19.830686788412	8	(28.7993,191.156,1.895)	55.0376	-66.9096
19.837624808447	3	(29.8237,81.4008,1.895)	54.7227	-66.9414
19.838344002282	2	(26.5714,76.2592,1.895)	59.9246	-68.1337
19.843004710367	9	(28.5542,217.418,1.895)	81.3001	-71.6593
19.849164134695	6	(25.9623,141.511,1.895)	6.34688	-50.7382
19.904416990746	1	(26.8464,46.7963,1.895)	87.3838	-70.3971
19.906714331009	7	(29.0687,162.294,1.895)	28.1506	-65.6129
19.913647731778	4	(29.5856,106.914,1.895)	27.2316	-64.324
19.930686788412	8	(28.8177,189.181,1.895)	55.0383	-66.9095
19.937624808447	3	(29.8424,79.3906,1.895)	54.7566	-66.9372
19.938344002282	2	(26.59,74.2619,1.895)	59.9456	-68.1451
19.943004710367	9	(28.5724,215.463,1.895)	81.3217	-71.6518
19.949164134695	6	(25.9811,139.5,1.895)	6.31663	-50.7376
20.004416990746	1	(26.8651,44.7946,1.895)	87.3944	-70.3961
20.006714331009	7	(29.0872,160.313,1.895)	28.1607	-65.6151
20.013647731778	4	(29.6043,104.909,1.895)	27.2463	-64.3559
20.030686788412	8	(28.8361,187.213,1.895)	55.0619	-66.9078
20.037624808447	3	(29.8612,77.3852,1.895)	54.7708	-66.9356
20.038344002282	2	(26.6087,72.2567,1.895)	59.9597	-68.1528
20.043004710367	9	(28.5907,213.507,1.895)	81.3565	-71.6396
20.049164134695	6	(25.9999,137.493,1.895)	6.30346	-50.7478
20.104416990746	1	(26.8838,42.7867,1.895)	87.4107	-70.3947
20.106714331009	7	(29.1059,158.31,1.895)	28.1497	-65.6127
20.113647731778	4	(29.6229,102.912,1.895)	27.2511	-64.3662
20.130686788412	8	(28.8545,185.242,1.895)	55.0821	-66.9063
20.137624808447	3	(29.8799,75.3752,1.895)	54.7892	-66.9334
20.138344002282	2	(26.6274,70.2582,1.895)	59.9665	-68.1566
20.143004710367	9	(28.6089,211.56,1.895)	81.4014	-71.6242
20.149164134695	6	(26.0185,135.494,1.895)	6.29675	-50.7548
20.204416990746	1	(26.9025,40.7875,1.895)	87.4206	-70.3938
20.206714331009	7	(29.1245,156.316,1.895)	28.1448	-65.6115
20.213647731778	4	(29.6416,100.915,1.895)	27.2588	-64.3828
20.230686788412	8	(28.873,183.255,1.895)	55.085	-66.9061
20.237624808447	3	(29.8987,73.3685,1.895)	54.8066	-66.9314
20.238344002282	2	(26.6461,68.2536,1.895)	59.9819	-68.165
20.243004710367	9	(28.6271,209.612,1.895)	81.443	-71.6099
20.249164134695	6	(26.0373,133.486,1.895)	6.28101	-50.7745
20.304416990746	1	(26.9212,38.7792,1.895)	87.4412	-70.392
20.306714331009	7	(29.1431,154.321,1.895)	28.1376	-65.6096
20.313647731778	4	(29.6602,98.9217,1.895)	27.2646	-64.3954
20.330686788412	8	(28.8915,181.277,1.895)	55.0947	-66.9055
20.337624808447	3	(29.9174,71.3585,1.895)	54.8291	-66.9289
20.338344002282	2	(26.6647,66.266,1.895)	59.9818	-68.165
20.343004710367	9	(28.6454,207.65,1.895)	81.4681	-71.6013
20.349164134695	6	(26.056,131.477,1.895)	6.26326	-50.7992
20.404416990746	1	(26.9399,36.773,1.895)	87.4605	-70.3903
20.406714331009	7	(29.1617,152.325,1.895)	28.1281	-65.6068
20.413647731778	4	(29.6789,96.9183,1.895)	27.281	-64.4305
20.430686788412	8	(28.9099,179.302,1.895)	55.1063	-66.9047
20.437624808447	3	(29.9361,69.3546,1.895)	54.846	-66.9271
20.438344002282	2	(26.6834,64.2596,1.895)	60.0012	-68.1756
20.443004710367	9	(28.6636,205.698,1.895)	81.5037	-71.5892
20.449164134695	6	(26.0747,129.47,1.895)	6.24607	-50.821
20.504416990746	1	(26.9587,34.7644,1.895)	87.4707	-70.3894
20.506714331009	7	(29.1803,150.333,1.895)	28.1344	-65.6087
20.513647731778	4	(29.6975,94.9183,1.895)	27.2828	-64.4343
20.530686788412	8	(28.9285,177.315,1.895)	55.1179	-66.9039
20.537624808447	3	(29.9548,67.3506,1.895)	54.8517	-66.9265
20.538344002282	2	(26.702,62.2653,1.895)	59.9972	-68.1734
20.543004710367	9	(28.6818,203.743,1.895)	81.5463	-71.5749
20.549164134695	6	(26.0934,127.466,1.895)	6.24103	-50.8264
20.604416990746	1	(26.9774,32.7636,1.895)	87.4826	-70.3883
20.606714331009	7	(29.199,148.334,1.895)	28.1242	-65.6056
20.613647731778	4	(29.7162,92.9149,1.895)	27.2972	-64.465
20.630686788412	8	(28.9469,175.338,1.895)	55.1293	-66.9032
20.637624808447	3	(29.9736,65.3425,1.895)	54.8709	-66.9245
20.638344002282	2	(26.7207,60.2626,1.895)	60.011	-68.181
20.643004710367	9	(28.7002,201.774,1.895)	81.5671	-71.5679
20.649164134695	6	(26.1121,125.466,1.895)	6.23132	-50.8348
20.704416990746	1	(26.9961,30.759,1.895)	87.5005	-70.3868
20.706714331009	7	(29.2176,146.339,1.895)	28.1161	-65.603
20.713647731778	4	(29.7349,90.9094,1.895)	27.316	-64.5047
20.730686788412	8	(28.9655,173.351,1.895)	55.1292	-66.9032
20.737624808447	3	(29.9922,63.3411,1.895)	54.8855	-66.923
20.738344002282	2	(26.7393,58.2678,1.895)	60.019	-68.1855
20.743004710367	9	(28.7184,199.824,1.895)	81.6039	-71.5556
20.749164134695	6	(26.1308,123.461,1.895)	6.21621	-50.8412
20.804416990746	1	(27.0148,28.7559,1.895)	87.5061	-70.3863
20.806714331009	7	(29.2362,144.344,1.895)	28.1188	-65.6039
20.813647731778	4	(29.7536,88.9132,1.895)	27.3147	-64.5021
20.830686788412	8	(28.984,171.372,1.895)	55.1478	-66.9021
20.837624808447	3	(30.0109,61.3411,1.895)	54.888	-66.9228
20.838344002282	2	(26.758,56.2689,1.895)	60.0205	-68.1863
20.843004710367	9	(28.7367,197.867,1.895)	81.6434	-71.5425
20.849164134695	6	(26.1496,121.452,1.895)	6.20647	-50.8402
20.904416990746	1	(27.0335,26.7479,1.895)	87.524	-70.3847
20.906714331009	7	(29.2549,142.34,1.895)	28.105	-65.5991
20.913647731778	4	(29.7722,86.9121,1.895)	27.3257	-64.5252
20.930686788412	8	(29.0025,169.391,1.895)	55.1566	-66.9016
20.937624808447	3	(30.0297,59.3298,1.895)	54.9092	-66.9207
20.938344002282	2	(26.7766,54.2706,1.895)	60.0286	-68.1908
20.943004710367	9	(28.7549,195.915,1.895)	81.6818	-71.5298
20.949164134695	6	(26.1683,119.447,1.895)	6.19399	-50.8322
21.006714331009	7	(29.2735,140.349,1.895)	28.109	-65.6006
21.013647731778	4	(29.7909,84.9112,1.895)	27.3312	-64.5368
21.030686788412	8	(29.021,167.4,1.895)	55.1615	-66.9013
21.037624808447	3	(30.0484,57.328,1.895)	54.9157	-66.9201
21.038344002282	2	(26.7953,52.271,1.895)	60.0329	-68.1931
21.043004710367	9	(28.7732,193.958,1.895)	81.7208	-71.5171
21.049164134695	6	(26.187,117.445,1.895)	6.18788	-50.8254
21.106714331009	7	(29.2922,138.351,1.895)	28.1025	-65.5982
21.113647731778	4	(29.8095,82.9173,1.895)	27.3331	-64.5408
21.130686788412	8	(29.0395,165.426,1.895)	55.1787	-66.9003
21.137624808447	3	(30.0671,55.3182,1.895)	54.9334	-66.9184
21.138344002282	2	(26.8141,50.2595,1.895)	60.0523	-68.2039
21.143004710367	9	(28.7916,191.987,1.895)	81.7415	-71.5104
21.149164134695	6	(26.2057,115.442,1.895)	6.17867	-50.8113
21.206714331009	7	(29.3108,136.351,1.895)	28.0885	-65.5926
21.213647731778	4	(29.8283,80.9105,1.895)	27.3548	-64.5858
21.230686788412	8	(29.058,163.442,1.895)	55.1799	-66.9002
21.237624808447	3	(30.0858,53.3126,1.895)	54.954	-66.9165
21.238344002282	2	(26.8328,48.2497,1.895)	60.0769	-68.2177
21.243004710367	9	(28.8098,190.03,1.895)	81.7695	-71.5012
21.249164134695	6	(26.2244,113.434,1.895)	6.15996	-50.7693
21.306714331009	7	(29.3294,134.361,1.895)	28.0977	-65.5963
21.313647731778	4	(29.847,78.9049,1.895)	27.3607	-64.5981
21.330686788412	8	(29.0765,161.452,1.895)	55.19	-66.8997
21.337624808447	3	(30.1045,51.3089,1.895)	54.9579	-66.9162
21.338344002282	2	(26.8515,46.2429,1.895)	60.084	-68.2217
21.343004710367	9	(28.8281,188.069,1.895)	81.8087	-71.4886
21.349164134695	6	(26.2431,111.431,1.895)	6.15642	-50.7595
21.406714331009	7	(29.3481,132.352,1.895)	28.089	-65.5928
21.413647731778	4	(29.8656,76.9085,1.895)	27.3572	-64.5908
21.430686788412	8	(29.095,159.475,1.895)	55.2124	-66.8985
21.437624808447	3	(30.1233,49.3035,1.895)	54.9634	-66.9157
21.438344002282	2	(26.8702,44.2415,1.895)	60.0855	-68.2225
21.443004710367	9	(28.8465,186.096,1.895)	81.8354	-71.48
21.449164134695	6	(26.2618,109.425,1.895)	6.1519	-50.746
21.506714331009	7	(29.3669,130.344,1.895)	28.0649	-65.5818
21.513647731778	4	(29.8842,74.9136,1.895)	27.3679	-64.6129
21.530686788412	8	(29.1135,157.487,1.895)	55.2094	-66.8987
21.537624808447	3	(30.142,47.2933,1.895)	54.9894	-66.9135
21.538344002282	2	(26.8889,42.2419,1.895)	60.1009	-68.2311
21.543004710367	9	(28.8648,184.137,1.895)	81.8605	-71.472
21.549164134695	6	(26.2806,107.419,1.895)	6.13327	-50.6821
21.606714331009	7	(29.3855,128.348,1.895)	28.0538	-65.5762
21.613647731778	4	(29.9029,72.9095,1.895)	27.3875	-64.6531
21.630686788412	8	(29.1321,155.496,1.895)	55.2022	-66.8991
21.637624808447	3	(30.1608,45.2858,1.895)	55.0125	-66.9116
21.638344002282	2	(26.9076,40.2407,1.895)	60.1176	-68.2406
21.643004710367	9	(28.8832,182.168,1.895)	81.8756	-71.4672
21.649164134695	6	(26.2993,105.41,1.895)	6.11297	-50.6012
21.706714331009	7	(29.4041,126.361,1.895)	28.0606	-65.5797
21.713647731778	4	(29.9216,70.9121,1.895)	27.391	-64.6602
21.730686788412	8	(29.1506,153.515,1.895)	55.2152	-66.8984
21.737624808447	3	(30.1794,43.2848,1.895)	55.0195	-66.911
21.738344002282	2	(26.9263,38.2353,1.895)	60.1291	-68.247
21.743004710367	9	(28.9016,180.196,1.895)	81.8974	-71.4603
21.749164134695	6	(26.318,103.406,1.895)	6.10451	-50.5657
21.806714331009	7	(29.4227,124.363,1.895)	28.0484	-65.5733
21.813647731778	4	(29.9403,68.9109,1.895)	27.4057	-64.6897
21.830686788412	8	(29.1691,151.538,1.895)	55.2253	-66.8979
21.837624808447	3	(30.1982,41.273,1.895)	55.0447	-66.909
21.838344002282	2	(26.945,36.2259,1.895)	60.1518	-68.2599
21.843004710367	9	(28.9199,178.23,1.895)	81.9187	-71.4535
21.849164134695	6	(26.3367,101.406,1.895)	6.09264	-50.5157
21.906714331009	7	(29.4413,122.372,1.895)	28.0461	-65.5721
21.913647731778	4	(29.959,66.9077,1.895)	27.4202	-64.719
21.930686788412	8	(29.1876,149.555,1.895)	55.2303	-66.8977
21.937624808447	3	(30.2169,39.2722,1.895)	55.0569	-66.9081
21.938344002282	2	(26.9638,34.2148,1.895)	60.1743	-68.2727
21.943004710367	9	(28.9383,176.266,1.895)	81.9433	-71.4458
21.949164134695	6	(26.3554,99.4,1.895)	6.07823	-50.4567
22.006714331009	7	(29.4599,120.383,1.895)	28.046	-65.572
22.013647731778	4	(29.9775,64.9174,1.895)	27.4222	-64.7229
22.030686788412	8	(29.2061,147.576,1.895)	55.2398	-66.8972
22.037624808447	3	(30.2357,37.2604,1.895)	55.0803	-66.9065
22.038344002282	2	(26.9826,32.2029,1.895)	60.1978	-68.2862
22.043004710367	9	(28.9566,174.303,1.895)	81.9681	-71.438
22.049164134695	6	(26.3742,97.3901,1.895)	6.06011	-50.3892
22.106714331009	7	(29.4785,118.39,1.895)	28.0363	-65.5666
22.113647731778	4	(29.9962,62.9137,1.895)	27.4422	-64.7625
22.130686788412	8	(29.2245,145.598,1.895)	55.2458	-66.897
22.137624808447	3	(30.2544,35.2546,1.895)	55.1026	-66.9049
22.138344002282	2	(27.0013,30.203,1.895)	60.2141	-68.2955
22.143004710367	9	(28.9749,172.341,1.895)	81.9896	-71.4313
22.149164134695	6	(26.3929,95.3837,1.895)	6.04105	-50.3308
22.206714331009	7	(29.497,116.404,1.895)	28.0519	-65.5752
22.213647731778	4	(30.0149,60.9138,1.895)	27.4411	-64.7603
22.230686788412	8	(29.243,143.613,1.895)	55.2617	-66.8963
22.237624808447	3	(30.2731,33.2511,1.895)	55.105	-66.9048
22.238344002282	2	(27.02,28.1975,1.895)	60.2186	-68.2981
22.243004710367	9	(28.9932,170.383,1.895)	82.0328	-71.4178
22.249164134695	6	(26.4116,93.3794,1.895)	6.03826	-50.3235
22.306714331009	7	(29.5158,114.394,1.895)	28.0364	-65.5666
22.313647731778	4	(30.0335,58.92,1.895)	27.4403	-64.7586
22.330686788412	8	(29.2615,141.637,1.895)	55.28	-66.8955
22.337624808447	3	(30.2918,31.2445,1.895)	55.117	-66.904
22.338344002282	2	(27.0387,26.1864,1.895)	60.235	-68.3075
22.343004710367	9	(29.0115,168.422,1.895)	82.0662	-71.4075
22.349164134695	6	(26.4304,91.3681,1.895)	6.02439	-50.2932
22.406714331009	7	(29.5344,112.394,1.895)	28.0178	-65.5554
22.413647731778	4	(30.0522,56.914,1.895)	27.4648	-64.8065
22.430686788412	8	(29.2801,139.644,1.895)	55.2688	-66.896
22.437624808447	3	(30.3106,29.234,1.895)	55.146	-66.9022
22.443004710367	9	(29.0298,166.456,1.895)	82.0817	-71.4028
22.449164134695	6	(26.4491,89.3644,1.895)	6.00575	-50.2676
22.506714331009	7	(29.553,110.403,1.895)	28.0195	-65.5564
22.513647731778	4	(30.071,54.9028,1.895)	27.4836	-64.8426
22.530686788412	8	(29.2986,137.657,1.895)	55.2742	-66.8957
22.537624808447	3	(30.3293,27.2297,1.895)	55.1579	-66.9015
22.543004710367	9	(29.0483,164.475,1.895)	82.0937	-71.3991
22.549164134695	6	(26.4678,87.3611,1.895)	5.99669	-50.2616
22.606714331009	7	(29.5717,108.401,1.895)	28.0172	-65.555
22.613647731778	4	(30.0897,52.899,1.895)	27.4873	-64.8496
22.630686788412	8	(29.3171,135.674,1.895)	55.2914	-66.8951
22.637624808447	3	(30.348,25.2269,1.895)	55.1606	-66.9013
22.643004710367	9	(29.0668,162.5,1.895)	82.1183	-71.3916
22.649164134695	6	(26.4865,85.3516,1.895)	5.9889	-50.2596
22.706714331009	7	(29.5904,106.396,1.895)	28.0024	-65.5453
22.713647731778	4	(30.1083,50.9032,1.895)	27.4927	-64.8598
22.730686788412	8	(29.3358,133.677,1.895)	55.2849	-66.8953
22.743004710367	9	(29.0851,160.537,1.895)	82.1455	-71.3833
22.749164134695	6	(26.5052,83.3497,1.895)	5.97924	-50.2608
22.806714331009	7	(29.609,104.401,1.895)	27.9971	-65.5417
22.813647731778	4	(30.127,48.8976,1.895)	27.509	-64.8905
22.830686788412	8	(29.3544,131.683,1.895)	55.2805	-66.8955
22.843004710367	9	(29.1036,158.551,1.895)	82.1495	-71.382
22.849164134695	6	(26.524,81.3389,1.895)	5.96133	-50.2727
22.906714331009	7	(29.6276,102.405,1.895)	28.0057	-65.5476
22.913647731778	4	(30.1457,46.894,1.895)	27.508	-64.8887
22.930686788412	8	(29.373,129.693,1.895)	55.2943	-66.895
22.943004710367	9	(29.1221,156.571,1.895)	82.1739	-71.3747
22.949164134695	6	(26.5427,79.3271,1.895)	5.95529	-50.2789
23.006714331009	7	(29.6464,100.398,1.895)	27.9891	-65.5361
23.013647731778	4	(30.1645,44.8877,1.895)	27.524	-64.9182
23.030686788412	8	(29.3915,127.702,1.895)	55.294	-66.895
23.043004710367	9	(29.1405,154.596,1.895)	82.1895	-71.3699
23.049164134695	6	(26.5615,77.323,1.895)	5.94388	-50.2926
23.106714331009	7	(29.665,98.402,1.895)	27.9929	-65.5388
23.113647731778	4	(30.1831,42.8885,1.895)	27.523	-64.9164
23.130686788412	8	(29.4101,125.71,1.895)	55.3017	-66.8947
23.143004710367	9	(29.1589,152.625,1.895)	82.2186	-71.3612
23.149164134695	6	(26.5802,75.3194,1.895)	5.94103	-50.2963
23.206714331009	7	(29.6837,96.4043,1.895)	27.983	-65.5316
23.213647731778	4	(30.2018,40.8838,1.895)	27.54	-64.9475
23.230686788412	8	(29.4287,123.725,1.895)	55.3047	-66.8946
23.243004710367	9	(29.1774,150.647,1.895)	82.2279	-71.3584
23.249164134695	6	(26.5989,73.3105,1.895)	5.92345	-50.3198
23.306714331009	7	(29.7022,94.4172,1.895)	27.9948	-65.5401
23.313647731778	4	(30.2206,38.875,1.895)	27.5498	-64.9652
23.330686788412	8	(29.4472,121.737,1.895)	55.3155	-66.8942
23.343004710367	9	(29.1958,148.671,1.895)	82.2506	-71.3516
23.349164134695	6	(26.6176,71.3112,1.895)	5.92316	-50.3202
23.406714331009	7	(29.7209,92.4162,1.895)	28.0018	-65.5449
23.413647731778	4	(30.2393,36.8754,1.895)	27.5414	-64.9501
23.430686788412	8	(29.4658,119.751,1.895)	55.3382	-66.8935
23.443004710367	9	(29.2143,146.696,1.895)	82.2837	-71.3418
23.449164134695	6	(26.6362,69.3103,1.895)	5.92905	-50.3124
23.506714331009	7	(29.7396,90.405,1.895)	27.9787	-65.5285
23.513647731778	4	(30.2579,34.8764,1.895)	27.5523	-64.9697
23.530686788412	8	(29.4843,117.764,1.895)	55.3385	-66.8934
23.543004710367	9	(29.2327,144.725,1.895)	82.3008	-71.3367
23.549164134695	6	(26.6549,67.3069,1.895)	5.91632	-50.3288
23.606714331009	7	(29.7582,88.4133,1.895)	27.9765	-65.5268
23.613647731778	4	(30.2767,32.8649,1.895)	27.5743	-65.0087
23.630686788412	8	(29.503,115.757,1.895)	55.3216	-66.894
23.643004710367	9	(29.2511,142.747,1.895)	82.3126	-71.3332
23.649164134695	6	(26.6737,65.2983,1.895)	5.90049	-50.3448
23.706714331009	7	(29.7768,86.4258,1.895)	27.9955	-65.5406
23.713647731778	4	(30.2954,30.8611,1.895)	27.5716	-65.004
23.730686788412	8	(29.5216,113.768,1.895)	55.339	-66.8934
23.743004710367	9	(29.2696,140.763,1.895)	82.3347	-71.3267
23.749164134695	6	(26.6924,63.2948,1.895)	5.90293	-50.3428
23.806714331009	7	(29.7955,84.423,1.895)	27.9863	-65.5341
23.813647731778	4	(30.3141,28.855,1.895)	27.5841	-65.0257
23.830686788412	8	(29.5401,111.786,1.895)	55.3503	-66.8931
23.843004710367	9	(29.288,138.791,1.895)	82.3567	-71.3202
23.849164134695	6	(26.7111,61.2857,1.895)	5.89011	-50.351
23.906714331009	7	(29.8141,82.4261,1.895)	27.9897	-65.5365
23.913647731778	4	(30.3328,26.8495,1.895)	27.5893	-65.0348
23.930686788412	8	(29.5587,109.789,1.895)	55.3539	-66.893
23.943004710367	9	(29.3065,136.817,1.895)	82.3826	-71.3127
23.949164134695	6	(26.7299,59.2786,1.895)	5.88445	-50.3525
24.006714331009	7	(29.8329,80.4187,1.895)	27.9788	-65.5285
24.030686788412	8	(29.5773,107.8,1.895)	55.3614	-66.8928
24.043004710367	9	(29.3249,134.838,1.895)	82.4	-71.3076
24.049164134695	6	(26.7486,57.2676,1.895)	5.87248	-50.3505
24.106714331009	7	(29.8515,78.4171,1.895)	27.9829	-65.5316
24.130686788412	8	(29.5959,105.802,1.895)	55.3692	-66.8926
24.143004710367	9	(29.3434,132.863,1.895)	82.4313	-71.2985
24.149164134695	6	(26.7673,55.2672,1.895)	5.87692	-50.3521
24.206714331009	7	(29.8702,76.412,1.895)	27.9807	-65.5299
24.230686788412	8	(29.6145,103.814,1.895)	55.3841	-66.8922
24.243004710367	9	(29.3619,130.878,1.895)	82.4492	-71.2934
24.249164134695	6	(26.7861,53.2554,1.895)	5.86946	-50.3489
24.306714331009	7	(29.889,74.4047,1.895)	27.9818	-65.5308
24.330686788412	8	(29.6332,101.813,1.895)	55.3912	-66.892
24.343004710367	9	(29.3803,128.906,1.895)	82.4854	-71.283
24.349164134695	6	(26.8048,51.2489,1.895)	5.87111	-50.3498
24.406714331009	7	(29.9078,72.3931,1.895)	27.971	-65.5226
24.430686788412	8	(29.6518,99.8203,1.895)	55.3994	-66.8918
24.443004710367	9	(29.3989,126.916,1.895)	82.4963	-71.2798
24.449164134695	6	(26.8235,49.2422,1.895)	5.86616	-50.3465
24.506714331009	7	(29.9265,70.3895,1.895)	27.9728	-65.524
24.530686788412	8	(29.6704,97.8248,1.895)	55.4092	-66.8916
24.543004710367	9	(29.4174,124.935,1.895)	82.5203	-71.273
24.549164134695	6	(26.8423,47.2317,1.895)	5.86197	-50.3425
24.606714331009	7	(29.9452,68.3863,1.895)	27.9786	-65.5284
24.630686788412	8	(29.6891,95.825,1.895)	55.4185	-66.8914
24.643004710367	9	(29.4359,122.952,1.895)	82.5467	-71.2655
24.649164134695	6	(26.8611,45.2199,1.895)	5.85962	-50.3399
24.706714331009	7	(29.9638,66.3844,1.895)	27.9785	-65.5283
24.730686788412	8	(29.7077,93.8254,1.895)	55.4207	-66.8914
24.743004710367	9	(29.4544,120.972,1.895)	82.5684	-71.2594
24.749164134695	6	(26.8799,43.2091,1.895)	5.85221	-50.3295
24.806714331009	7	(29.9826,64.3792,1.895)	27.9745	-65.5253
24.830686788412	8	(29.7264,91.8273,1.895)	55.4238	-66.8913
24.843004710367	9	(29.4729,118.989,1.895)	82.5868	-71.2541
24.849164134695	6	(26.8985,41.2071,1.895)	5.85157	-50.3284
24.906714331009	7	(30.0013,62.3719,1.895)	27.9767	-65.527
24.930686788412	8	(29.745,89.8341,1.895)	55.4401	-66.8911
24.943004710367	9	(29.4914,117.001,1.895)	82.6085	-71.2481
24.949164134695	6	(26.9173,39.1989,1.895)	5.85267	-50.3302
25.006714331009	7	(30.02,60.3628,1.895)	27.9716	-65.5231
25.030686788412	8	(29.7636,87.8379,1.895)	55.4479	-66.891
25.043004710367	9	(29.51,115.013,1.895)	82.6245	-71.2436
25.049164134695	6	(26.936,37.1921,1.895)	5.85035	-50.3264
25.106714331009	7	(30.0388,58.3544,1.895)	27.9699	-65.5218
25.130686788412	8	(29.7823,85.8358,1.895)	55.4526	-66.8909
25.143004710367	9	(29.5284,113.035,1.895)	82.6526	-71.2357
25.149164134695	6	(26.9547,35.1888,1.895)	5.85319	-50.331
25.206714331009	7	(30.0576,56.3433,1.895)	27.9669	-65.5195
25.230686788412	8	(29.801,83.8369,1.895)	55.4617	-66.8908
25.243004710367	9	(29.5471,111.041,1.895)	82.6665	-71.2319
25.249164134695	6	(26.9734,33.1824,1.895)	5.85452	-50.3331
25.306714331009	7	(30.0763,54.3358,1.895)	27.9711	-65.5227
25.330686788412	8	(29.8197,81.8295,1.895)	55.4661	-66.8907
25.343004710367	9	(29.5656,109.052,1.895)	82.6901	-71.2254
25.349164134695	6	(26.9921,31.179,1.895)	5.86138	-50.3419
