6.104416990746	1	(24.289,320.799,1.895)	95.5055	-70.5169
6.113647731778	4	(27.0484,378.754,1.895)	37.723	-65.8215
6.114938057924	0	(24.5213,295.902,1.895)	120.404	-77.3912
6.137624808447	3	(27.2589,356.204,1.895)	60.2205	-68.2992
6.137166061508	5	(26.8601,398.929,1.895)	17.7131	-60.3881
6.138344002282	2	(24.0713,344.123,1.895)	72.1808	-77.1348
6.204416990746	1	(24.3072,318.847,1.895)	95.4553	-70.5118
6.213647731778	4	(27.0661,376.858,1.895)	37.6179	-65.9346
6.214938057924	0	(24.5401,293.892,1.895)	120.411	-77.3944
6.237624808447	3	(27.2776,354.199,1.895)	60.223	-68.3007
6.237166061508	5	(26.8766,397.157,1.895)	17.4871	-60.521
6.238344002282	2	(24.0887,342.251,1.895)	72.0501	-77.1959
6.304416990746	1	(24.3255,316.887,1.895)	95.4127	-70.5076
6.313647731778	4	(27.0839,374.948,1.895)	37.5262	-66.0373
6.314938057924	0	(24.5588,291.886,1.895)	120.415	-77.3961
6.337624808447	3	(27.2962,352.199,1.895)	60.2208	-68.2994
6.337166061508	5	(26.8931,395.392,1.895)	17.2543	-60.2768
6.338344002282	2	(24.1063,340.371,1.895)	71.9277	-77.2482
6.404416990746	1	(24.3437,314.93,1.895)	95.365	-70.5028
6.413647731778	4	(27.1017,373.047,1.895)	37.4218	-66.1584
6.414938057924	0	(24.5775,289.886,1.895)	120.41	-77.3938
6.437624808447	3	(27.315,350.194,1.895)	60.221	-68.2995
6.437166061508	5	(26.9098,393.606,1.895)	17.0389	-59.7649
6.438344002282	2	(24.1238,338.49,1.895)	71.8038	-77.296
6.504416990746	1	(24.362,312.976,1.895)	95.3071	-70.4971
6.513647731778	4	(27.1195,371.133,1.895)	37.3251	-66.2741
6.514938057924	0	(24.5962,287.88,1.895)	120.405	-77.3917
6.537624808447	3	(27.3337,348.183,1.895)	60.2198	-68.2988
6.537166061508	5	(26.9264,391.824,1.895)	16.8139	-59.1475
6.538344002282	2	(24.1415,336.601,1.895)	71.6812	-77.338
6.604416990746	1	(24.3802,311.019,1.895)	95.2551	-70.4921
6.613647731778	4	(27.1374,369.213,1.895)	37.2363	-66.3835
6.614938057924	0	(24.6149,285.879,1.895)	120.397	-77.3881
6.637624808447	3	(27.3524,346.178,1.895)	60.2162	-68.2967
6.637166061508	5	(26.9432,390.028,1.895)	16.6052	-58.6855
6.638344002282	2	(24.159,334.72,1.895)	71.5536	-77.3757
6.704416990746	1	(24.3985,309.065,1.895)	95.2016	-70.4869
6.713647731778	4	(27.1553,367.305,1.895)	37.1361	-66.5096
6.714938057924	0	(24.6336,283.871,1.895)	120.397	-77.3881
6.737624808447	3	(27.3712,344.173,1.895)	60.2127	-68.2947
6.737166061508	5	(26.9599,388.235,1.895)	16.3944	-58.4423
6.738344002282	2	(24.1767,332.83,1.895)	71.4348	-77.4051
6.804416990746	1	(24.4168,307.106,1.895)	95.1528	-70.4822
6.813647731778	4	(27.1731,365.391,1.895)	37.0433	-66.6286
6.814938057924	0	(24.6523,281.871,1.895)	120.389	-77.3846
6.837624808447	3	(27.3899,342.163,1.895)	60.2163	-68.2968
6.837166061508	5	(26.9766,386.446,1.895)	16.1806	-58.4684
6.838344002282	2	(24.1943,330.946,1.895)	71.3124	-77.4292
6.904416990746	1	(24.435,305.152,1.895)	95.1054	-70.4777
6.913647731778	4	(27.191,363.473,1.895)	36.9603	-66.7367
6.914938057924	0	(24.671,279.863,1.895)	120.396	-77.3876
6.937624808447	3	(27.4087,340.151,1.895)	60.2266	-68.3027
6.937166061508	5	(26.9934,384.652,1.895)	15.9774	-58.7179
6.938344002282	2	(24.2119,329.059,1.895)	71.1981	-77.446
7.004416990746	1	(24.4533,303.197,1.895)	95.0547	-70.473
7.013647731778	4	(27.209,361.547,1.895)	36.8804	-66.8416
7.014938057924	0	(24.6897,277.862,1.895)	120.39	-77.3851
7.037624808447	3	(27.4274,338.147,1.895)	60.2243	-68.3014
7.037166061508	5	(27.0102,382.848,1.895)	15.7799	-59.0585
7.038344002282	2	(24.2295,327.174,1.895)	71.0761	-77.4576
7.104416990746	1	(24.4715,301.237,1.895)	95.0037	-70.4682
7.106714331009	7	(26.6976,416.34,1.895)	20.3428	-61.7307
7.113647731778	4	(27.2269,359.627,1.895)	36.791	-66.9597
7.114938057924	0	(24.7084,275.855,1.895)	120.387	-77.3837
7.137624808447	3	(27.4461,336.142,1.895)	60.2187	-68.2982
7.137166061508	5	(27.0272,381.03,1.895)	15.5914	-59.2937
7.138344002282	2	(24.2471,325.279,1.895)	70.9606	-77.4624
7.204416990746	1	(24.4898,299.279,1.895)	94.9506	-70.4634
7.206714331009	7	(26.7162,414.347,1.895)	20.3612	-61.7071
7.213647731778	4	(27.2448,357.71,1.895)	36.6965	-67.0848
7.214938057924	0	(24.7272,273.846,1.895)	120.384	-77.3826
7.237624808447	3	(27.4649,334.131,1.895)	60.2186	-68.2981
7.237166061508	5	(27.0441,379.215,1.895)	15.3997	-59.2546
7.238344002282	2	(24.2648,323.388,1.895)	70.841	-77.4609
7.304416990746	1	(24.5082,297.314,1.895)	94.9084	-70.4595
7.306714331009	7	(26.7348,412.351,1.895)	20.372	-61.6927
7.313647731778	4	(27.2628,355.783,1.895)	36.6169	-67.1895
7.314938057924	0	(24.746,271.835,1.895)	120.388	-77.3843
7.337624808447	3	(27.4836,332.126,1.895)	60.2161	-68.2967
7.337166061508	5	(27.061,377.4,1.895)	15.212	-58.8973
7.338344002282	2	(24.2824,321.499,1.895)	70.7228	-77.4528
7.404416990746	1	(24.5265,295.345,1.895)	94.8679	-70.4559
7.406714331009	7	(26.7534,410.358,1.895)	20.388	-61.6708
7.413647731778	4	(27.2808,353.855,1.895)	36.5355	-67.2955
7.414938057924	0	(24.7647,269.827,1.895)	120.387	-77.3838
7.437624808447	3	(27.5023,330.122,1.895)	60.2109	-68.2937
7.437166061508	5	(27.0781,375.576,1.895)	15.0307	-58.3837
7.438344002282	2	(24.3002,319.6,1.895)	70.6118	-77.4391
7.504416990746	1	(24.5449,293.375,1.895)	94.8351	-70.4529
7.506714331009	7	(26.772,408.364,1.895)	20.3971	-61.6581
7.513647731778	4	(27.2987,351.934,1.895)	36.4544	-67.3996
7.514938057924	0	(24.7834,267.827,1.895)	120.384	-77.3825
7.537624808447	3	(27.5211,328.112,1.895)	60.218	-68.2978
7.537166061508	5	(27.0951,373.754,1.895)	14.8546	-57.9124
7.538344002282	2	(24.3179,317.697,1.895)	70.512	-77.4218
7.604416990746	1	(24.5631,291.425,1.895)	94.785	-70.4485
7.606714331009	7	(26.7906,406.374,1.895)	20.4067	-61.6443
7.613647731778	4	(27.3168,349.999,1.895)	36.3893	-67.4815
7.614938057924	0	(24.8021,265.824,1.895)	120.388	-77.384
7.637624808447	3	(27.5398,326.103,1.895)	60.2265	-68.3027
7.637166061508	5	(27.112,371.936,1.895)	14.6777	-57.6089
7.638344002282	2	(24.3357,315.793,1.895)	70.4159	-77.4006
7.704416990746	1	(24.5815,289.458,1.895)	94.7509	-70.4455
7.706714331009	7	(26.8091,404.395,1.895)	20.4285	-61.6125
7.713647731778	4	(27.3348,348.069,1.895)	36.3181	-67.569
7.714938057924	0	(24.8208,263.813,1.895)	120.397	-77.3883
7.737624808447	3	(27.5586,324.093,1.895)	60.2351	-68.3076
7.737166061508	5	(27.1292,370.096,1.895)	14.5196	-57.5412
7.738344002282	2	(24.3534,313.9,1.895)	70.308	-77.3715
7.804416990746	1	(24.5999,287.49,1.895)	94.708	-70.4417
7.806714331009	7	(26.8277,402.4,1.895)	20.4445	-61.5884
7.813647731778	4	(27.3528,346.137,1.895)	36.2401	-67.6616
7.814938057924	0	(24.8396,261.805,1.895)	120.395	-77.3871
7.837624808447	3	(27.5773,322.089,1.895)	60.2287	-68.3039
7.837166061508	5	(27.1463,368.267,1.895)	14.3434	-57.6891
7.838344002282	2	(24.3711,311.997,1.895)	70.2	-77.3369
7.904416990746	1	(24.6182,285.52,1.895)	94.6778	-70.4391
7.906714331009	7	(26.8462,400.417,1.895)	20.4608	-61.5633
7.913647731778	4	(27.3709,344.2,1.895)	36.1771	-67.7337
7.914938057924	0	(24.8583,259.8,1.895)	120.399	-77.3892
7.937624808447	3	(27.596,320.085,1.895)	60.2331	-68.3065
7.937166061508	5	(27.1634,366.431,1.895)	14.1839	-57.9531
7.938344002282	2	(24.3889,310.09,1.895)	70.1072	-77.3027
8.004416990746	1	(24.6365,283.56,1.895)	94.6295	-70.435
8.006714331009	7	(26.8648,398.427,1.895)	20.4793	-61.5343
8.013647731778	4	(27.389,342.266,1.895)	36.1024	-67.8152
8.014938057924	0	(24.8771,257.789,1.895)	120.401	-77.39
8.037624808447	3	(27.6147,318.082,1.895)	60.2273	-68.3031
8.037166061508	5	(27.1806,364.588,1.895)	14.0226	-58.198
8.038344002282	2	(24.4068,308.175,1.895)	70.0132	-77.264
8.104416990746	1	(24.655,281.585,1.895)	94.597	-70.4322
8.106714331009	7	(26.8834,396.433,1.895)	20.4928	-61.5128
8.113647731778	4	(27.4071,340.327,1.895)	36.035	-67.8847
8.114938057924	0	(24.8958,255.787,1.895)	120.396	-77.3878
8.130686788412	8	(26.6976,416.34,1.895)	40.2688	-64.7387
8.137624808447	3	(27.6334,316.078,1.895)	60.2238	-68.3011
8.137166061508	5	(27.1978,362.744,1.895)	13.8636	-58.2432
8.138344002282	2	(24.4246,306.262,1.895)	69.9184	-77.2208
8.204416990746	1	(24.6733,279.622,1.895)	94.5585	-70.4289
8.206714331009	7	(26.902,394.443,1.895)	20.5039	-61.495
8.213647731778	4	(27.4251,338.395,1.895)	35.966	-67.9513
8.214938057924	0	(24.9145,253.783,1.895)	120.399	-77.3889
8.230686788412	8	(26.7147,414.503,1.895)	40.432	-64.7742
8.237624808447	3	(27.6521,314.067,1.895)	60.2335	-68.3067
8.237166061508	5	(27.2151,360.893,1.895)	13.7179	-58.0328
8.238344002282	2	(24.4426,304.343,1.895)	69.8367	-77.1804
8.304416990746	1	(24.6916,277.66,1.895)	94.5191	-70.4256
8.306714331009	7	(26.9206,392.452,1.895)	20.5146	-61.4775
8.313647731778	4	(27.4432,336.454,1.895)	35.9056	-68.0053
8.314938057924	0	(24.9331,251.781,1.895)	120.399	-77.3892
8.330686788412	8	(26.732,412.655,1.895)	40.5851	-64.8179
8.337624808447	3	(27.6708,312.067,1.895)	60.2315	-68.3056
8.337166061508	5	(27.2323,359.049,1.895)	13.5651	-57.6164
8.338344002282	2	(24.4604,302.433,1.895)	69.7448	-77.1314
8.404416990746	1	(24.71,275.694,1.895)	94.4829	-70.4226
8.406714331009	7	(26.939,390.477,1.895)	20.5413	-61.4337
8.413647731778	4	(27.4612,334.524,1.895)	35.8333	-68.0644
8.414938057924	0	(24.9519,249.769,1.895)	120.408	-77.3933
8.430686788412	8	(26.7492,410.811,1.895)	40.743	-64.8735
8.437624808447	3	(27.6895,310.065,1.895)	60.2315	-68.3055
8.437166061508	5	(27.2496,357.193,1.895)	13.4227	-57.192
8.438344002282	2	(24.4783,300.518,1.895)	69.6571	-77.0812
8.504416990746	1	(24.7284,273.721,1.895)	94.4561	-70.4204
8.506714331009	7	(26.9575,388.488,1.895)	20.5524	-61.415
8.513647731778	4	(27.4793,332.589,1.895)	35.7687	-68.1114
8.514938057924	0	(24.9706,247.769,1.895)	120.408	-77.3932
8.530686788412	8	(26.7663,408.981,1.895)	40.9126	-64.945
8.537624808447	3	(27.7082,308.061,1.895)	60.2354	-68.3078
8.537166061508	5	(27.2668,355.356,1.895)	13.265	-56.8436
8.538344002282	2	(24.4962,298.599,1.895)	69.5763	-77.0321
8.604416990746	1	(24.7467,271.752,1.895)	94.4133	-70.4169
8.606714331009	7	(26.976,386.516,1.895)	20.5914	-61.3495
8.613647731778	4	(27.4974,330.65,1.895)	35.6966	-68.1571
8.614938057924	0	(24.9893,245.764,1.895)	120.402	-77.3906
8.630686788412	8	(26.7836,407.129,1.895)	41.0717	-65.0228
8.637624808447	3	(27.727,306.049,1.895)	60.2357	-68.3079
8.637166061508	5	(27.284,353.512,1.895)	13.1026	-56.7257
8.638344002282	2	(24.5141,296.678,1.895)	69.4855	-76.9736
8.704416990746	1	(24.7651,269.78,1.895)	94.3853	-70.4147
8.706714331009	7	(26.9943,384.547,1.895)	20.6211	-61.2991
8.713647731778	4	(27.5156,328.7,1.895)	35.647	-68.184
8.714938057924	0	(25.008,243.757,1.895)	120.41	-77.394
8.730686788412	8	(26.8007,405.296,1.895)	41.2377	-65.1149
8.737624808447	3	(27.7457,304.044,1.895)	60.2411	-68.3111
8.737166061508	5	(27.3013,351.663,1.895)	12.9573	-56.838
8.738344002282	2	(24.532,294.76,1.895)	69.4042	-76.9186
8.804416990746	1	(24.7835,267.811,1.895)	94.343	-70.4112
8.806714331009	7	(27.0128,382.567,1.895)	20.6525	-61.2457
8.813647731778	4	(27.5338,326.751,1.895)	35.584	-68.2126
8.814938057924	0	(25.0268,241.747,1.895)	120.408	-77.3933
8.830686788412	8	(26.8179,403.452,1.895)	41.4048	-65.2189
8.837624808447	3	(27.7645,302.033,1.895)	60.2409	-68.3109
8.837166061508	5	(27.3187,349.795,1.895)	12.8178	-57.0673
8.838344002282	2	(24.5499,292.838,1.895)	69.3149	-76.8552
8.904416990746	1	(24.802,265.829,1.895)	94.3148	-70.409
8.906714331009	7	(27.0313,380.586,1.895)	20.681	-61.1975
8.913647731778	4	(27.552,324.8,1.895)	35.5261	-68.2332
8.914938057924	0	(25.0455,239.739,1.895)	120.406	-77.3924
8.930686788412	8	(26.8351,401.606,1.895)	41.5678	-65.3309
8.937624808447	3	(27.7832,300.021,1.895)	60.2429	-68.3121
8.937166061508	5	(27.336,347.935,1.895)	12.6735	-57.2754
8.938344002282	2	(24.5679,290.916,1.895)	69.2276	-76.7902
9.004416990746	1	(24.8204,263.856,1.895)	94.2797	-70.4062
9.006714331009	7	(27.0498,378.602,1.895)	20.705	-61.1572
9.013647731778	4	(27.5702,322.846,1.895)	35.4725	-68.2471
9.014938057924	0	(25.0642,237.738,1.895)	120.4	-77.3893
9.030686788412	8	(26.8524,399.757,1.895)	41.7269	-65.4503
9.037624808447	3	(27.802,298.011,1.895)	60.2452	-68.3135
9.037166061508	5	(27.3535,346.065,1.895)	12.5404	-57.2834
9.038344002282	2	(24.5859,288.981,1.895)	69.1543	-76.7336
9.104416990746	1	(24.8388,261.892,1.895)	94.244	-70.4034
9.106714331009	7	(27.0683,376.623,1.895)	20.7253	-61.1233
9.113647731778	4	(27.5885,320.891,1.895)	35.4268	-68.2549
9.114938057924	0	(25.083,235.729,1.895)	120.408	-77.3931
9.130686788412	8	(26.8697,397.903,1.895)	41.8725	-65.568
9.137624808447	3	(27.8207,296.011,1.895)	60.2448	-68.3132
9.137166061508	5	(27.371,344.191,1.895)	12.4183	-57.0759
9.138344002282	2	(24.604,287.048,1.895)	69.0872	-76.6802
9.143004710367	9	(26.6976,416.34,1.895)	60.2706	-68.3282
9.204416990746	1	(24.8573,259.911,1.895)	94.2252	-70.402
9.206714331009	7	(27.0868,374.635,1.895)	20.7375	-61.103
9.213647731778	4	(27.6066,318.946,1.895)	35.3726	-68.2593
9.214938057924	0	(25.1017,233.721,1.895)	120.417	-77.3969
9.230686788412	8	(26.887,396.049,1.895)	42.0177	-65.6934
9.237624808447	3	(27.8394,294.005,1.895)	60.2513	-68.317
9.237166061508	5	(27.3885,342.316,1.895)	12.2986	-56.7297
9.238344002282	2	(24.6219,285.127,1.895)	69.008	-76.6152
9.243004710367	9	(26.7134,414.649,1.895)	60.5783	-68.5122
9.304416990746	1	(24.8757,257.932,1.895)	94.2037	-70.4003
9.306714331009	7	(27.1053,372.657,1.895)	20.7593	-61.0673
9.313647731778	4	(27.6248,316.993,1.895)	35.3251	-68.2588
9.314938057924	0	(25.1204,231.714,1.895)	120.422	-77.3994
9.330686788412	8	(26.9044,394.184,1.895)	42.1523	-65.8167
9.337624808447	3	(27.8581,292.001,1.895)	60.2547	-68.319
9.337166061508	5	(27.406,340.44,1.895)	12.1785	-56.3594
9.338344002282	2	(24.6399,283.196,1.895)	68.9381	-76.5561
9.343004710367	9	(26.7292,412.95,1.895)	60.8793	-68.7022
9.404416990746	1	(24.8942,255.953,1.895)	94.1783	-70.3983
9.406714331009	7	(27.1238,370.678,1.895)	20.7843	-61.027
9.413647731778	4	(27.6431,315.04,1.895)	35.2745	-68.2535
9.414938057924	0	(25.1392,229.705,1.895)	120.428	-77.4017
9.430686788412	8	(26.9218,392.323,1.895)	42.2954	-65.9551
9.437624808447	3	(27.8768,289.993,1.895)	60.2583	-68.3211
9.437166061508	5	(27.4235,338.567,1.895)	12.0519	-56.0716
9.438344002282	2	(24.6579,281.266,1.895)	68.8645	-76.4923
9.443004710367	9	(26.7452,411.241,1.895)	61.1745	-68.8981
9.504416990746	1	(24.9127,253.974,1.895)	94.1533	-70.3964
9.506714331009	7	(27.1423,368.693,1.895)	20.8036	-60.9964
9.513647731778	4	(27.6614,313.08,1.895)	35.2303	-68.2449
9.514938057924	0	(25.1579,227.702,1.895)	120.426	-77.4012
9.530686788412	8	(26.9392,390.457,1.895)	42.434	-66.0962
9.537624808447	3	(27.8955,287.989,1.895)	60.2579	-68.3208
9.537166061508	5	(27.4411,336.682,1.895)	11.9377	-55.97
9.538344002282	2	(24.676,279.336,1.895)	68.7898	-76.4259
9.543004710367	9	(26.7612,409.527,1.895)	61.4644	-69.0996
9.604416990746	1	(24.9311,251.995,1.895)	94.1221	-70.394
9.606714331009	7	(27.1608,366.71,1.895)	20.8303	-60.9548
9.613647731778	4	(27.6795,311.133,1.895)	35.1677	-68.2263
9.614938057924	0	(25.1765,225.703,1.895)	120.416	-77.3965
9.630686788412	8	(26.9567,388.584,1.895)	42.57	-66.2414
9.637624808447	3	(27.9143,285.977,1.895)	60.26	-68.322
9.637166061508	5	(27.4586,334.801,1.895)	11.8134	-56.0409
9.638344002282	2	(24.694,277.401,1.895)	68.715	-76.3578
9.643004710367	9	(26.7772,407.808,1.895)	61.7552	-69.3109
9.704416990746	1	(24.9495,250.027,1.895)	94.0871	-70.3914
9.706714331009	7	(27.1793,364.728,1.895)	20.851	-60.9233
9.713647731778	4	(27.6979,309.17,1.895)	35.1284	-68.2108
9.714938057924	0	(25.1953,223.694,1.895)	120.421	-77.3988
9.730686788412	8	(26.9741,386.713,1.895)	42.702	-66.3884
9.737624808447	3	(27.933,283.976,1.895)	60.2584	-68.3211
9.737166061508	5	(27.4761,332.925,1.895)	11.6917	-56.2328
9.738344002282	2	(24.7121,275.466,1.895)	68.6477	-76.2952
9.743004710367	9	(26.7934,406.081,1.895)	62.0303	-69.5191
9.804416990746	1	(24.9679,248.054,1.895)	94.0486	-70.3885
9.806714331009	7	(27.1978,362.747,1.895)	20.8809	-60.879
9.813647731778	4	(27.7161,307.213,1.895)	35.0736	-68.1843
9.814938057924	0	(25.214,221.692,1.895)	120.412	-77.3949
9.830686788412	8	(26.9916,384.843,1.895)	42.8432	-66.5523
9.837624808447	3	(27.9517,281.974,1.895)	60.2488	-68.3155
9.837166061508	5	(27.4938,331.037,1.895)	11.5728	-56.4103
9.838344002282	2	(24.73,273.542,1.895)	68.5596	-76.2116
9.843004710367	9	(26.8094,404.359,1.895)	62.3195	-69.7468
9.904416990746	1	(24.9864,246.076,1.895)	94.0151	-70.386
9.906714331009	7	(27.2163,360.764,1.895)	20.9092	-60.8387
9.913647731778	4	(27.7344,305.257,1.895)	35.0184	-68.1517
9.914938057924	0	(25.2327,219.685,1.895)	120.407	-77.3928
9.930686788412	8	(27.0091,382.967,1.895)	42.9784	-66.7155
9.937624808447	3	(27.9704,279.966,1.895)	60.2449	-68.3133
9.937166061508	5	(27.5114,329.151,1.895)	11.4526	-56.4277
9.938344002282	2	(24.7481,271.607,1.895)	68.4831	-76.1374
9.943004710367	9	(26.8256,402.628,1.895)	62.6002	-69.9761
10.004416990746	1	(25.0049,244.093,1.895)	93.9916	-70.3843
10.006714331009	7	(27.2348,358.779,1.895)	20.9309	-60.8088
10.013647731778	4	(27.7527,303.298,1.895)	34.9704	-68.1188
10.014938057924	0	(25.2514,217.678,1.895)	120.407	-77.3927
10.030686788412	8	(27.0266,381.09,1.895)	43.1072	-66.8766
10.037624808447	3	(27.9892,277.959,1.895)	60.2452	-68.3135
10.037166061508	5	(27.529,327.26,1.895)	11.3425	-56.2371
10.038344002282	2	(24.7661,269.674,1.895)	68.409	-76.0644
10.043004710367	9	(26.8418,400.892,1.895)	62.8702	-70.2047
10.104416990746	1	(25.0234,242.111,1.895)	93.9623	-70.3822
10.106714331009	7	(27.2534,356.795,1.895)	20.9572	-60.7738
10.113647731778	4	(27.7709,301.342,1.895)	34.9154	-68.0759
10.114938057924	0	(25.2702,215.671,1.895)	120.403	-77.391
10.130686788412	8	(27.0442,379.207,1.895)	43.2352	-67.042
10.137624808447	3	(28.0078,275.956,1.895)	60.2369	-68.3087
10.137166061508	5	(27.5467,325.364,1.895)	11.2321	-55.9037
10.138344002282	2	(24.7842,267.735,1.895)	68.3372	-75.9924
10.143004710367	9	(26.8581,399.145,1.895)	63.1343	-70.4356
10.204416990746	1	(25.0419,240.125,1.895)	93.9405	-70.3806
10.206714331009	7	(27.2718,354.814,1.895)	20.9847	-60.7389
10.213647731778	4	(27.7891,299.391,1.895)	34.8586	-68.0259
10.214938057924	0	(25.2889,213.663,1.895)	120.404	-77.3911
10.230686788412	8	(27.0617,377.325,1.895)	43.3605	-67.2086
10.237624808447	3	(28.0265,273.955,1.895)	60.2294	-68.3043
10.237166061508	5	(27.5643,323.477,1.895)	11.116	-55.5416
10.238344002282	2	(24.8024,265.788,1.895)	68.276	-75.9303
10.243004710367	9	(26.8744,397.397,1.895)	63.3936	-70.6695
10.304416990746	1	(25.0605,238.138,1.895)	93.9157	-70.3788
10.306714331009	7	(27.2902,352.844,1.895)	21.0255	-60.6902
10.313647731778	4	(27.8074,297.436,1.895)	34.8023	-67.9707
10.314938057924	0	(25.3076,211.658,1.895)	120.397	-77.3881
10.330686788412	8	(27.0793,375.446,1.895)	43.493	-67.3898
10.337624808447	3	(28.0452,271.955,1.895)	60.2189	-68.2983
10.337166061508	5	(27.5819,321.589,1.895)	10.9984	-55.3058
10.338344002282	2	(24.8206,263.843,1.895)	68.2094	-75.8618
10.343004710367	9	(26.8908,395.642,1.895)	63.6498	-70.9072
10.404416990746	1	(25.0789,236.164,1.895)	93.8862	-70.3767
10.406714331009	7	(27.3087,350.864,1.895)	21.0481	-60.665
10.413647731778	4	(27.8256,295.479,1.895)	34.7561	-67.9214
10.414938057924	0	(25.3264,209.652,1.895)	120.399	-77.3891
10.430686788412	8	(27.0968,373.571,1.895)	43.6216	-67.5704
10.437624808447	3	(28.0639,269.949,1.895)	60.2205	-68.2992
10.437166061508	5	(27.5996,319.7,1.895)	10.8896	-55.2693
10.438344002282	2	(24.8388,261.892,1.895)	68.1567	-75.8069
10.443004710367	9	(26.9072,393.886,1.895)	63.8975	-71.1435
10.504416990746	1	(25.0974,234.178,1.895)	93.8638	-70.3751
10.506714331009	7	(27.3271,348.892,1.895)	21.0847	-60.6267
10.513647731778	4	(27.8439,293.522,1.895)	34.7055	-67.8635
10.514938057924	0	(25.345,207.653,1.895)	120.39	-77.385
10.530686788412	8	(27.1144,371.679,1.895)	43.7374	-67.7368
10.537624808447	3	(28.0827,267.938,1.895)	60.2233	-68.3008
10.537166061508	5	(27.6173,317.802,1.895)	10.7845	-55.3847
10.538344002282	2	(24.8569,259.949,1.895)	68.0917	-75.7387
10.543004710367	9	(26.9235,392.134,1.895)	64.1528	-71.3933
10.604416990746	1	(25.1159,232.199,1.895)	93.8375	-70.3733
10.606714331009	7	(27.3456,346.908,1.895)	21.1051	-60.607
10.613647731778	4	(27.8622,291.56,1.895)	34.6628	-67.8114
10.614938057924	0	(25.3637,205.649,1.895)	120.389	-77.3848
10.630686788412	8	(27.132,369.802,1.895)	43.8644	-67.9231
10.637624808447	3	(28.1014,265.937,1.895)	60.2196	-68.2987
10.637166061508	5	(27.635,315.909,1.895)	10.6775	-55.563
10.638344002282	2	(24.8751,257.995,1.895)	68.0405	-75.6845
10.643004710367	9	(26.94,390.369,1.895)	64.3929	-71.6341
10.704416990746	1	(25.1343,230.224,1.895)	93.8026	-70.3708
10.706714331009	7	(27.3641,344.934,1.895)	21.1411	-60.5747
10.713647731778	4	(27.8805,289.605,1.895)	34.6073	-67.7397
10.714938057924	0	(25.3824,203.644,1.895)	120.383	-77.3822
10.730686788412	8	(27.1497,367.905,1.895)	43.9772	-68.0916
10.737624808447	3	(28.1201,263.931,1.895)	60.2154	-68.2963
10.737166061508	5	(27.6527,314.004,1.895)	10.5775	-55.6572
10.738344002282	2	(24.8933,256.049,1.895)	67.9769	-75.6167
10.743004710367	9	(26.9564,388.616,1.895)	64.6503	-71.8982
10.804416990746	1	(25.1528,228.243,1.895)	93.7776	-70.3691
10.806714331009	7	(27.3825,342.952,1.895)	21.1646	-60.5555
10.813647731778	4	(27.8988,287.641,1.895)	34.5656	-67.683
10.814938057924	0	(25.4012,201.634,1.895)	120.388	-77.3843
10.830686788412	8	(27.1673,366.016,1.895)	44.0935	-68.2683
10.837624808447	3	(28.1387,261.931,1.895)	60.2098	-68.293
10.837166061508	5	(27.6704,312.112,1.895)	10.4696	-55.5623
10.838344002282	2	(24.9115,254.103,1.895)	67.917	-75.5521
10.843004710367	9	(26.9729,386.841,1.895)	64.8801	-72.139
10.904416990746	1	(25.1713,226.26,1.895)	93.7497	-70.3672
10.906714331009	7	(27.401,340.976,1.895)	21.1992	-60.53
10.913647731778	4	(27.9171,285.679,1.895)	34.5169	-67.6137
10.914938057924	0	(25.4199,199.625,1.895)	120.386	-77.3832
10.930686788412	8	(27.185,364.117,1.895)	44.2062	-68.4417
10.937624808447	3	(28.1575,259.926,1.895)	60.2041	-68.2898
10.937166061508	5	(27.6882,310.209,1.895)	10.3675	-55.2863
10.938344002282	2	(24.9296,252.161,1.895)	67.8481	-75.4773
10.943004710367	9	(26.9895,385.069,1.895)	65.1194	-72.3946
11.004416990746	1	(25.1898,224.281,1.895)	93.7275	-70.3657
11.006714331009	7	(27.4194,339,1.895)	21.2245	-60.5136
11.013647731778	4	(27.9355,283.709,1.895)	34.4853	-67.5672
11.014938057924	0	(25.4387,197.615,1.895)	120.395	-77.3871
11.030686788412	8	(27.2027,362.223,1.895)	44.3129	-68.6079
11.037624808447	3	(28.1762,257.919,1.895)	60.209	-68.2926
11.037166061508	5	(27.7059,308.304,1.895)	10.2759	-54.9793
11.038344002282	2	(24.9478,250.211,1.895)	67.7961	-75.4204
11.043004710367	9	(27.0061,383.285,1.895)	65.3363	-72.6302
11.104416990746	1	(25.2084,222.29,1.895)	93.7133	-70.3647
11.106714331009	7	(27.4379,337.019,1.895)	21.2484	-60.4997
11.113647731778	4	(27.9539,281.739,1.895)	34.4509	-67.5151
11.114938057924	0	(25.4574,195.61,1.895)	120.394	-77.3869
11.130686788412	8	(27.2203,360.332,1.895)	44.4268	-68.7869
11.137624808447	3	(28.1949,255.913,1.895)	60.2095	-68.2929
11.137166061508	5	(27.7238,306.385,1.895)	10.1937	-54.7473
11.138344002282	2	(24.966,248.266,1.895)	67.736	-75.3543
11.143004710367	9	(27.0227,381.506,1.895)	65.5624	-72.8795
11.204416990746	1	(25.2269,220.312,1.895)	93.6878	-70.363
11.206714331009	7	(27.4565,335.028,1.895)	21.2597	-60.4937
11.213647731778	4	(27.9722,279.778,1.895)	34.4092	-67.4501
11.214938057924	0	(25.4761,193.605,1.895)	120.397	-77.3881
11.230686788412	8	(27.2381,358.43,1.895)	44.5269	-68.9454
11.237624808447	3	(28.2137,253.903,1.895)	60.2169	-68.2971
11.237166061508	5	(27.7417,304.473,1.895)	10.1084	-54.613
11.238344002282	2	(24.9842,246.312,1.895)	67.6874	-75.3006
11.243004710367	9	(27.0394,379.72,1.895)	65.7783	-73.1208
11.304416990746	1	(25.2454,218.328,1.895)	93.6608	-70.3612
11.306714331009	7	(27.475,333.046,1.895)	21.2895	-60.4797
11.313647731778	4	(27.9906,277.804,1.895)	34.3715	-67.3897
11.314938057924	0	(25.4948,191.604,1.895)	120.386	-77.3832
11.330686788412	8	(27.2559,356.526,1.895)	44.6345	-69.1165
11.337624808447	3	(28.2324,251.892,1.895)	60.2167	-68.297
11.337166061508	5	(27.7595,302.562,1.895)	10.0127	-54.6184
11.338344002282	2	(25.0024,244.366,1.895)	67.6216	-75.2274
11.343004710367	9	(27.0562,377.922,1.895)	65.9921	-73.3623
11.404416990746	1	(25.2639,216.345,1.895)	93.6317	-70.3592
11.406714331009	7	(27.4935,331.065,1.895)	21.319	-60.4685
11.413647731778	4	(28.009,275.832,1.895)	34.3324	-67.3255
11.414938057924	0	(25.5135,189.603,1.895)	120.375	-77.3786
11.430686788412	8	(27.2736,354.627,1.895)	44.7474	-69.2965
11.437624808447	3	(28.2511,249.891,1.895)	60.2061	-68.2909
11.437166061508	5	(27.7774,300.648,1.895)	9.92154	-54.7418
11.438344002282	2	(25.0206,242.407,1.895)	67.5693	-75.1689
11.443004710367	9	(27.0729,376.127,1.895)	66.2087	-73.6092
11.504416990746	1	(25.2823,214.368,1.895)	93.6049	-70.3575
11.506714331009	7	(27.5119,329.089,1.895)	21.3467	-60.4602
11.513647731778	4	(28.0273,273.87,1.895)	34.2904	-67.255
11.514938057924	0	(25.5322,187.602,1.895)	120.372	-77.3774
11.530686788412	8	(27.2913,352.725,1.895)	44.8491	-69.4585
11.537624808447	3	(28.2698,247.887,1.895)	60.2053	-68.2905
11.537166061508	5	(27.7953,298.73,1.895)	9.83953	-54.8725
11.538344002282	2	(25.0389,240.449,1.895)	67.523	-75.117
11.543004710367	9	(27.0897,374.333,1.895)	66.4184	-73.8498
11.604416990746	1	(25.3009,212.383,1.895)	93.5864	-70.3563
11.606714331009	7	(27.5305,327.106,1.895)	21.3666	-60.4557
11.613647731778	4	(28.0456,271.908,1.895)	34.2495	-67.1847
11.614938057924	0	(25.5509,185.593,1.895)	120.378	-77.3798
11.630686788412	8	(27.3091,350.821,1.895)	44.9481	-69.6158
11.637624808447	3	(28.2885,245.885,1.895)	60.2041	-68.2898
11.637166061508	5	(27.8131,296.821,1.895)	9.75147	-54.925
11.638344002282	2	(25.0571,238.502,1.895)	67.4665	-75.0534
11.643004710367	9	(27.1065,372.532,1.895)	66.62	-74.0822
11.704416990746	1	(25.3195,210.39,1.895)	93.5735	-70.3554
11.706714331009	7	(27.5489,325.133,1.895)	21.3992	-60.4509
11.713647731778	4	(28.064,269.944,1.895)	34.2075	-67.1113
11.714938057924	0	(25.5696,183.591,1.895)	120.373	-77.3778
11.730686788412	8	(27.3269,348.913,1.895)	45.0453	-69.7693
11.737624808447	3	(28.3072,243.878,1.895)	60.2055	-68.2906
11.737166061508	5	(27.8309,294.911,1.895)	9.66083	-54.8053
11.738344002282	2	(25.0753,236.553,1.895)	67.4091	-74.9885
11.743004710367	9	(27.1233,370.731,1.895)	66.8251	-74.3189
11.804416990746	1	(25.338,208.407,1.895)	93.5573	-70.3544
11.806714331009	7	(27.5673,323.159,1.895)	21.4244	-60.4494
11.813647731778	4	(28.0823,267.977,1.895)	34.1752	-67.0539
11.814938057924	0	(25.5883,181.586,1.895)	120.379	-77.3803
11.830686788412	8	(27.3446,347.017,1.895)	45.1487	-69.9312
11.837624808447	3	(28.326,241.87,1.895)	60.2141	-68.2955
11.837166061508	5	(27.8489,292.99,1.895)	9.58711	-54.5904
11.838344002282	2	(25.0935,234.596,1.895)	67.3666	-74.9403
11.843004710367	9	(27.1402,368.923,1.895)	67.0164	-74.5395
11.904416990746	1	(25.3565,206.426,1.895)	93.5322	-70.3527
11.906714331009	7	(27.5857,321.185,1.895)	21.4566	-60.4502
11.913647731778	4	(28.1008,265.999,1.895)	34.1475	-67.004
11.914938057924	0	(25.607,179.581,1.895)	120.378	-77.3799
11.930686788412	8	(27.3624,345.114,1.895)	45.2518	-70.0908
11.937624808447	3	(28.3447,239.866,1.895)	60.2119	-68.2942
11.937166061508	5	(27.8667,291.077,1.895)	9.50002	-54.2906
11.938344002282	2	(25.1118,232.637,1.895)	67.3205	-74.8878
11.943004710367	9	(27.1569,367.126,1.895)	67.2249	-74.7788
12.004416990746	1	(25.3749,204.446,1.895)	93.5044	-70.351
12.006714331009	7	(27.6041,319.213,1.895)	21.4918	-60.4546
12.013647731778	4	(28.1191,264.033,1.895)	34.106	-66.9283
12.014938057924	0	(25.6257,177.579,1.895)	120.373	-77.3774
12.030686788412	8	(27.3802,343.206,1.895)	45.3509	-70.2417
12.037624808447	3	(28.3634,237.859,1.895)	60.2114	-68.294
12.037166061508	5	(27.8848,289.141,1.895)	9.43289	-54.0987
12.038344002282	2	(25.1301,230.677,1.895)	67.2724	-74.833
12.043004710367	9	(27.1738,365.32,1.895)	67.4264	-75.008
12.104416990746	1	(25.3935,202.462,1.895)	93.4872	-70.3499
12.106714331009	7	(27.6226,317.227,1.895)	21.5066	-60.4577
12.113647731778	4	(28.1375,262.061,1.895)	34.0771	-66.8752
12.114938057924	0	(25.6444,175.576,1.895)	120.374	-77.3783
12.130686788412	8	(27.3979,341.304,1.895)	45.4498	-70.3894
12.137624808447	3	(28.3822,235.852,1.895)	60.2176	-68.2975
12.137166061508	5	(27.9027,287.225,1.895)	9.35332	-53.9768
12.138344002282	2	(25.1484,228.719,1.895)	67.2289	-74.7833
12.143004710367	9	(27.1907,363.505,1.895)	67.6127	-75.2174
12.204416990746	1	(25.412,200.475,1.895)	93.4656	-70.3485
12.206714331009	7	(27.6411,315.251,1.895)	21.5393	-60.4666
12.213647731778	4	(28.156,260.086,1.895)	34.043	-66.8118
12.214938057924	0	(25.6632,173.567,1.895)	120.375	-77.3784
12.230686788412	8	(27.4158,339.393,1.895)	45.5475	-70.5317
12.237624808447	3	(28.4009,233.846,1.895)	60.2148	-68.2959
12.237166061508	5	(27.9206,285.299,1.895)	9.27532	-53.9868
12.238344002282	2	(25.1667,226.759,1.895)	67.1801	-74.7275
12.243004710367	9	(27.2076,361.695,1.895)	67.8109	-75.4367
12.304416990746	1	(25.4305,198.49,1.895)	93.4449	-70.3472
12.306714331009	7	(27.6595,313.277,1.895)	21.5708	-60.4783
12.313647731778	4	(28.1744,258.113,1.895)	34.0106	-66.7511
12.314938057924	0	(25.6819,171.556,1.895)	120.38	-77.3807
12.330686788412	8	(27.4336,337.482,1.895)	45.6423	-70.6662
12.337624808447	3	(28.4196,231.837,1.895)	60.2175	-68.2975
12.337166061508	5	(27.9386,283.373,1.895)	9.20127	-54.0858
12.338344002282	2	(25.185,224.799,1.895)	67.1346	-74.6754
12.343004710367	9	(27.2246,359.871,1.895)	67.9926	-75.6334
12.404416990746	1	(25.4492,196.494,1.895)	93.4301	-70.3463
12.406714331009	7	(27.678,311.295,1.895)	21.5993	-60.4915
12.413647731778	4	(28.1928,256.138,1.895)	33.9749	-66.6836
12.414938057924	0	(25.7007,169.544,1.895)	120.381	-77.3811
12.430686788412	8	(27.4515,335.57,1.895)	45.7404	-70.8007
12.437624808447	3	(28.4384,229.828,1.895)	60.216	-68.2966
12.437166061508	5	(27.9566,281.447,1.895)	9.12191	-54.2074
12.438344002282	2	(25.2033,222.841,1.895)	67.0817	-74.6146
12.443004710367	9	(27.2416,358.049,1.895)	68.1814	-75.8327
12.504416990746	1	(25.4677,194.506,1.895)	93.4085	-70.345
12.506714331009	7	(27.6965,309.318,1.895)	21.6304	-60.5086
12.513647731778	4	(28.2113,254.155,1.895)	33.9493	-66.6349
12.514938057924	0	(25.7194,167.539,1.895)	120.377	-77.3794
12.530686788412	8	(27.4693,333.655,1.895)	45.8346	-70.9252
12.537624808447	3	(28.457,227.827,1.895)	60.2079	-68.292
12.537166061508	5	(27.9746,279.514,1.895)	9.05133	-54.2425
12.538344002282	2	(25.2216,220.873,1.895)	67.0409	-74.5677
12.543004710367	9	(27.2586,356.228,1.895)	68.3691	-76.0245
12.604416990746	1	(25.4863,192.514,1.895)	93.3941	-70.3441
12.606714331009	7	(27.715,307.332,1.895)	21.6514	-60.5217
12.613647731778	4	(28.2297,252.185,1.895)	33.9119	-66.5634
12.614938057924	0	(25.7381,165.536,1.895)	120.373	-77.3775
12.630686788412	8	(27.4873,331.734,1.895)	45.9201	-71.0333
12.637624808447	3	(28.4757,225.827,1.895)	60.2004	-68.2876
12.637166061508	5	(27.9927,277.578,1.895)	8.98486	-54.1626
12.638344002282	2	(25.2399,218.91,1.895)	66.9963	-74.5164
12.643004710367	9	(27.2757,354.4,1.895)	68.5484	-76.2008
12.704416990746	1	(25.5049,190.527,1.895)	93.3735	-70.3428
12.706714331009	7	(27.7335,305.349,1.895)	21.6748	-60.5379
12.713647731778	4	(28.2482,250.208,1.895)	33.8821	-66.5062
12.714938057924	0	(25.7569,163.525,1.895)	120.376	-77.3791
12.730686788412	8	(27.5052,329.807,1.895)	46.0005	-71.1308
12.737624808447	3	(28.4944,223.828,1.895)	60.1928	-68.2833
12.737166061508	5	(28.0107,275.646,1.895)	8.91549	-53.9688
12.738344002282	2	(25.2583,216.942,1.895)	66.957	-74.4711
12.743004710367	9	(27.2928,352.567,1.895)	68.7218	-76.364
12.804416990746	1	(25.5235,188.534,1.895)	93.3648	-70.3423
12.806714331009	7	(27.7521,303.362,1.895)	21.6908	-60.5499
12.813647731778	4	(28.2665,248.24,1.895)	33.8482	-66.441
12.814938057924	0	(25.7756,161.523,1.895)	120.377	-77.3793
12.830686788412	8	(27.5231,327.889,1.895)	46.0838	-71.227
12.837624808447	3	(28.5131,221.817,1.895)	60.201	-68.288
12.837166061508	5	(28.0288,273.711,1.895)	8.85243	-53.7451
12.838344002282	2	(25.2766,214.984,1.895)	66.9135	-74.4209
12.843004710367	9	(27.31,350.723,1.895)	68.8802	-76.5061
12.904416990746	1	(25.542,186.549,1.895)	93.3377	-70.3407
12.906714331009	7	(27.7706,301.379,1.895)	21.7186	-60.5725
12.913647731778	4	(28.285,246.263,1.895)	33.8134	-66.3737
12.914938057924	0	(25.7943,159.521,1.895)	120.366	-77.3746
12.930686788412	8	(27.5411,325.961,1.895)	46.1682	-71.319
12.937624808447	3	(28.5319,219.81,1.895)	60.1967	-68.2856
12.937166061508	5	(28.0468,271.786,1.895)	8.772	-53.4946
12.938344002282	2	(25.295,213.017,1.895)	66.8689	-74.3695
12.943004710367	9	(27.3271,348.89,1.895)	69.0587	-76.657
13.004416990746	1	(25.5605,184.564,1.895)	93.3179	-70.3395
13.006714331009	7	(27.789,299.408,1.895)	21.7517	-60.6024
13.013647731778	4	(28.3034,244.286,1.895)	33.7863	-66.321
13.014938057924	0	(25.813,157.51,1.895)	120.373	-77.3775
13.030686788412	8	(27.5592,324.03,1.895)	46.241	-71.3938
13.037624808447	3	(28.5506,217.8,1.895)	60.2024	-68.2888
13.037166061508	5	(28.0649,269.843,1.895)	8.71495	-53.3921
13.038344002282	2	(25.3133,211.054,1.895)	66.8266	-74.3208
13.043004710367	9	(27.3443,347.046,1.895)	69.2193	-76.7839
13.104416990746	1	(25.5791,182.569,1.895)	93.3125	-70.3391
13.106714331009	7	(27.8074,297.428,1.895)	21.7726	-60.6228
13.113647731778	4	(28.322,242.301,1.895)	33.7701	-66.2895
13.114938057924	0	(25.8318,155.504,1.895)	120.379	-77.3801
13.130686788412	8	(27.577,322.118,1.895)	46.3298	-71.4787
13.137624808447	3	(28.5694,215.789,1.895)	60.2118	-68.2942
13.137166061508	5	(28.083,267.899,1.895)	8.66259	-53.3689
13.138344002282	2	(25.3316,209.095,1.895)	66.7844	-74.2721
13.143004710367	9	(27.3616,345.201,1.895)	69.3752	-76.8983
13.204416990746	1	(25.5978,180.572,1.895)	93.3099	-70.339
13.206714331009	7	(27.826,295.443,1.895)	21.7861	-60.6367
13.213647731778	4	(28.3404,240.323,1.895)	33.7486	-66.2478
13.214938057924	0	(25.8505,153.498,1.895)	120.385	-77.383
13.230686788412	8	(27.595,320.194,1.895)	46.4043	-71.5445
13.237624808447	3	(28.5881,213.783,1.895)	60.2189	-68.2983
13.237166061508	5	(28.1012,265.953,1.895)	8.61355	-53.4034
13.238344002282	2	(25.3499,207.127,1.895)	66.7534	-74.2362
13.243004710367	9	(27.3787,343.367,1.895)	69.5396	-77.0089
13.304416990746	1	(25.6164,178.576,1.895)	93.3036	-70.3386
13.306714331009	7	(27.8445,293.462,1.895)	21.8079	-60.6602
13.313647731778	4	(28.3589,238.346,1.895)	33.7232	-66.1985
13.314938057924	0	(25.8692,151.496,1.895)	120.385	-77.3827
13.330686788412	8	(27.613,318.258,1.895)	46.4708	-71.599
13.337624808447	3	(28.6069,211.776,1.895)	60.223	-68.3007
13.337166061508	5	(28.1193,264.018,1.895)	8.55086	-53.4959
13.338344002282	2	(25.3684,205.15,1.895)	66.7287	-74.2077
13.343004710367	9	(27.3959,341.521,1.895)	69.6955	-77.1036
13.404416990746	1	(25.635,176.586,1.895)	93.2918	-70.3379
13.406714331009	7	(27.8629,291.486,1.895)	21.8338	-60.6898
13.413647731778	4	(28.3773,236.367,1.895)	33.7008	-66.1549
13.414938057924	0	(25.8879,149.484,1.895)	120.395	-77.3872
13.430686788412	8	(27.631,316.332,1.895)	46.5463	-71.6555
13.437624808447	3	(28.6256,209.772,1.895)	60.2251	-68.3019
13.437166061508	5	(28.1374,262.072,1.895)	8.50006	-53.5704
13.438344002282	2	(25.3867,203.182,1.895)	66.6944	-74.1681
13.443004710367	9	(27.4133,339.656,1.895)	69.8323	-77.1782
13.504416990746	1	(25.6537,174.585,1.895)	93.2892	-70.3378
13.506714331009	7	(27.8814,289.5,1.895)	21.8515	-60.7111
13.513647731778	4	(28.3958,234.392,1.895)	33.6719	-66.0986
13.514938057924	0	(25.9067,147.474,1.895)	120.401	-77.3899
13.530686788412	8	(27.6489,314.413,1.895)	46.6319	-71.7127
13.537624808447	3	(28.6442,207.772,1.895)	60.2214	-68.2997
13.537166061508	5	(28.1555,260.133,1.895)	8.44025	-53.6027
13.538344002282	2	(25.4052,201.209,1.895)	66.6635	-74.1324
13.543004710367	9	(27.4306,337.806,1.895)	69.986	-77.252
13.604416990746	1	(25.6722,172.595,1.895)	93.2767	-70.337
13.606714331009	7	(27.8999,287.524,1.895)	21.8768	-60.7431
13.613647731778	4	(28.4142,232.419,1.895)	33.6427	-66.042
13.614938057924	0	(25.9254,145.475,1.895)	120.398	-77.3884
13.630686788412	8	(27.6669,312.485,1.895)	46.7057	-71.7561
13.637624808447	3	(28.663,205.763,1.895)	60.2287	-68.3039
13.637166061508	5	(28.1736,258.194,1.895)	8.38144	-53.5373
13.638344002282	2	(25.4236,199.234,1.895)	66.6368	-74.1017
13.643004710367	9	(27.4478,335.959,1.895)	70.141	-77.3156
13.704416990746	1	(25.6907,170.611,1.895)	93.255	-70.3357
13.706714331009	7	(27.9183,285.553,1.895)	21.9106	-60.7884
13.713647731778	4	(28.4327,230.431,1.895)	33.6259	-66.0095
13.714938057924	0	(25.9441,143.467,1.895)	120.401	-77.3898
13.730686788412	8	(27.6849,310.557,1.895)	46.7833	-71.7954
13.737624808447	3	(28.6817,203.76,1.895)	60.2256	-68.3021
13.737166061508	5	(28.1917,256.261,1.895)	8.31542	-53.3521
13.738344002282	2	(25.442,197.26,1.895)	66.6046	-74.0645
13.743004710367	9	(27.4652,334.102,1.895)	70.2898	-77.3661
13.804416990746	1	(25.7093,168.619,1.895)	93.2428	-70.335
13.806714331009	7	(27.9367,283.584,1.895)	21.9459	-60.8388
13.813647731778	4	(28.4512,228.456,1.895)	33.5968	-65.953
13.814938057924	0	(25.9628,141.458,1.895)	120.405	-77.3917
13.830686788412	8	(27.7029,308.63,1.895)	46.8597	-71.8279
13.837624808447	3	(28.7004,201.75,1.895)	60.2317	-68.3057
13.837166061508	5	(28.2099,254.312,1.895)	8.2646	-53.1671
13.838344002282	2	(25.4603,195.3,1.895)	66.5606	-74.0137
13.843004710367	9	(27.4825,332.248,1.895)	70.4399	-77.4063
13.904416990746	1	(25.728,166.625,1.895)	93.235	-70.3346
13.906714331009	7	(27.9551,281.605,1.895)	21.9686	-60.873
13.913647731778	4	(28.4698,226.466,1.895)	33.5851	-65.9303
13.914938057924	0	(25.9816,139.453,1.895)	120.408	-77.393
13.930686788412	8	(27.7209,306.705,1.895)	46.9367	-71.8543
13.937624808447	3	(28.7192,199.742,1.895)	60.2377	-68.3091
13.937166061508	5	(28.2279,252.376,1.895)	8.20421	-52.9623
13.938344002282	2	(25.4787,193.326,1.895)	66.5329	-73.9818
13.943004710367	9	(27.4998,330.392,1.895)	70.5855	-77.435
14.004416990746	1	(25.7466,164.63,1.895)	93.229	-70.3342
14.006714331009	7	(27.9735,279.636,1.895)	22.0006	-60.9233
14.013647731778	4	(28.4883,224.475,1.895)	33.5747	-65.9101
14.014938057924	0	(26.0003,137.448,1.895)	120.412	-77.3949
14.030686788412	8	(27.7389,304.773,1.895)	47.0056	-71.8726
14.037624808447	3	(28.7378,197.742,1.895)	60.2369	-68.3087
14.037166061508	5	(28.2462,250.419,1.895)	8.16416	-52.8641
14.038344002282	2	(25.4971,191.358,1.895)	66.5002	-73.944
14.043004710367	9	(27.5172,328.527,1.895)	70.7216	-77.4527
14.104416990746	1	(25.7652,162.633,1.895)	93.2176	-70.3336
14.106714331009	7	(27.9921,277.648,1.895)	22.0199	-60.9549
14.113647731778	4	(28.5068,222.493,1.895)	33.5488	-65.86
14.114938057924	0	(26.0191,135.436,1.895)	120.416	-77.3965
14.130686788412	8	(27.7568,302.855,1.895)	47.095	-71.8886
14.137624808447	3	(28.7566,195.73,1.895)	60.2405	-68.3108
14.137166061508	5	(28.2644,248.465,1.895)	8.11463	-52.8027
14.138344002282	2	(25.5155,189.383,1.895)	66.467	-73.9059
14.143004710367	9	(27.5346,326.663,1.895)	70.8652	-77.4618
14.204416990746	1	(25.7839,160.633,1.895)	93.2175	-70.3336
14.206714331009	7	(28.0106,275.666,1.895)	22.0377	-60.9849
14.213647731778	4	(28.5253,220.509,1.895)	33.5326	-65.8288
14.214938057924	0	(26.0377,133.433,1.895)	120.418	-77.3976
14.230686788412	8	(27.7749,300.918,1.895)	47.1583	-71.8947
14.237624808447	3	(28.7754,193.723,1.895)	60.2478	-68.3149
14.237166061508	5	(28.2826,246.52,1.895)	8.0643	-52.8104
14.238344002282	2	(25.534,187.405,1.895)	66.4439	-73.8793
14.243004710367	9	(27.5519,324.807,1.895)	71.0098	-77.4611
14.304416990746	1	(25.8025,158.639,1.895)	93.2104	-70.3331
14.306714331009	7	(28.0291,273.683,1.895)	22.0565	-61.0173
14.313647731778	4	(28.5439,218.522,1.895)	33.518	-65.8007
14.314938057924	0	(26.0565,131.429,1.895)	120.422	-77.399
14.330686788412	8	(27.793,298.975,1.895)	47.2162	-71.8967
14.337624808447	3	(28.7941,191.719,1.895)	60.2503	-68.3164
14.337166061508	5	(28.3008,244.564,1.895)	8.02247	-52.8587
14.338344002282	2	(25.5525,185.423,1.895)	66.4254	-73.858
14.343004710367	9	(27.5693,322.939,1.895)	71.143	-77.4521
14.404416990746	1	(25.821,156.653,1.895)	93.1851	-70.3317
14.406714331009	7	(28.0476,271.696,1.895)	22.0801	-61.0591
14.413647731778	4	(28.5624,216.543,1.895)	33.4863	-65.7397
14.414938057924	0	(26.0752,129.42,1.895)	120.419	-77.3979
14.430686788412	8	(27.8111,297.036,1.895)	47.2887	-71.8941
14.437624808447	3	(28.8128,189.714,1.895)	60.2444	-68.313
14.437166061508	5	(28.319,242.614,1.895)	7.96661	-52.9446
14.438344002282	2	(25.571,183.446,1.895)	66.3914	-73.8189
14.443004710367	9	(27.5869,321.055,1.895)	71.2698	-77.4362
14.504416990746	1	(25.8396,154.659,1.895)	93.1687	-70.3308
14.506714331009	7	(28.0661,269.715,1.895)	22.1086	-61.1111
14.513647731778	4	(28.5808,214.563,1.895)	33.4565	-65.6827
14.514938057924	0	(26.0939,127.42,1.895)	120.409	-77.3934
14.530686788412	8	(27.8292,295.098,1.895)	47.3607	-71.8863
14.537624808447	3	(28.8314,187.714,1.895)	60.234	-68.307
14.537166061508	5	(28.3372,240.67,1.895)	7.90639	-52.9977
14.538344002282	2	(25.5894,181.473,1.895)	66.3535	-73.7753
14.543004710367	9	(27.6045,319.177,1.895)	71.4016	-77.4122
14.604416990746	1	(25.8582,152.675,1.895)	93.1421	-70.3293
14.606714331009	7	(28.0846,267.736,1.895)	22.1398	-61.1703
14.613647731778	4	(28.5994,212.58,1.895)	33.4286	-65.6294
14.614938057924	0	(26.1126,125.411,1.895)	120.408	-77.393
14.630686788412	8	(27.8473,293.157,1.895)	47.4302	-71.8738
14.637624808447	3	(28.8502,185.703,1.895)	60.2343	-68.3071
14.637166061508	5	(28.3554,238.716,1.895)	7.85572	-52.9624
14.638344002282	2	(25.6078,179.499,1.895)	66.3173	-73.7336
14.643004710367	9	(27.622,317.295,1.895)	71.5299	-77.382
14.704416990746	1	(25.8768,150.674,1.895)	93.143	-70.3293
14.706714331009	7	(28.1031,265.746,1.895)	22.1506	-61.1911
14.713647731778	4	(28.6179,210.595,1.895)	33.4131	-65.5999
14.714938057924	0	(26.1313,123.408,1.895)	120.41	-77.394
14.730686788412	8	(27.8654,291.216,1.895)	47.4892	-71.8595
14.737624808447	3	(28.8689,183.696,1.895)	60.2404	-68.3107
14.737166061508	5	(28.3736,236.766,1.895)	7.80948	-52.856
14.738344002282	2	(25.6262,177.528,1.895)	66.288	-73.7
14.743004710367	9	(27.6396,315.413,1.895)	71.6483	-77.3483
14.804416990746	1	(25.8955,148.677,1.895)	93.1301	-70.3286
14.806714331009	7	(28.1216,263.764,1.895)	22.1787	-61.2468
14.813647731778	4	(28.6364,208.607,1.895)	33.3911	-65.5582
14.814938057924	0	(26.1501,121.399,1.895)	120.409	-77.3935
14.830686788412	8	(27.8836,289.263,1.895)	47.5465	-71.8424
14.837624808447	3	(28.8876,181.692,1.895)	60.2348	-68.3074
14.837166061508	5	(28.3919,234.808,1.895)	7.76246	-52.6945
14.838344002282	2	(25.6447,175.547,1.895)	66.2584	-73.6661
14.843004710367	9	(27.6572,313.527,1.895)	71.7726	-77.3072
14.904416990746	1	(25.9141,146.686,1.895)	93.1107	-70.3275
14.906714331009	7	(28.1402,261.773,1.895)	22.198	-61.2859
14.913647731778	4	(28.6549,206.625,1.895)	33.3634	-65.506
14.914938057924	0	(26.1688,119.395,1.895)	120.403	-77.3908
14.930686788412	8	(27.9018,287.318,1.895)	47.6117	-71.8192
14.937624808447	3	(28.9064,179.686,1.895)	60.2298	-68.3045
14.937166061508	5	(28.4102,232.849,1.895)	7.71599	-52.5196
14.938344002282	2	(25.6631,173.574,1.895)	66.221	-73.6233
14.943004710367	9	(27.6748,311.635,1.895)	71.8907	-77.263
15.004416990746	1	(25.9326,144.696,1.895)	93.0968	-70.3267
15.006714331009	7	(28.1588,259.782,1.895)	22.2102	-61.3109
15.013647731778	4	(28.6735,204.637,1.895)	33.3479	-65.4768
15.014938057924	0	(26.1874,117.394,1.895)	120.399	-77.3892
15.030686788412	8	(27.9199,285.375,1.895)	47.6721	-71.7944
15.037624808447	3	(28.925,177.685,1.895)	60.2273	-68.3031
15.037166061508	5	(28.4284,230.895,1.895)	7.67123	-52.3746
15.038344002282	2	(25.6815,171.6,1.895)	66.1909	-73.5889
15.043004710367	9	(27.6925,309.744,1.895)	72.0037	-77.2163
15.104416990746	1	(25.9512,142.711,1.895)	93.0741	-70.3255
15.106714331009	7	(28.1773,257.796,1.895)	22.2314	-61.3551
15.113647731778	4	(28.692,202.655,1.895)	33.322	-65.4282
15.114938057924	0	(26.2062,115.388,1.895)	120.398	-77.3885
15.130686788412	8	(27.9382,283.419,1.895)	47.7233	-71.771
15.137624808447	3	(28.9438,175.674,1.895)	60.2311	-68.3053
15.137166061508	5	(28.4468,228.929,1.895)	7.63346	-52.2916
15.138344002282	2	(25.7,169.625,1.895)	66.159	-73.5523
15.143004710367	9	(27.7102,307.851,1.895)	72.1181	-77.1648
15.204416990746	1	(25.9698,140.712,1.895)	93.0634	-70.3249
15.206714331009	7	(28.1959,255.81,1.895)	22.2555	-61.4063
15.213647731778	4	(28.7106,200.663,1.895)	33.3042	-65.3951
15.214938057924	0	(26.2249,113.386,1.895)	120.39	-77.385
15.230686788412	8	(27.9563,281.478,1.895)	47.7919	-71.7361
15.237624808447	3	(28.9625,173.674,1.895)	60.2207	-68.2993
15.237166061508	5	(28.4651,226.969,1.895)	7.58848	-52.2522
15.238344002282	2	(25.7183,167.659,1.895)	66.1154	-73.5026
15.243004710367	9	(27.7279,305.95,1.895)	72.227	-77.1121
15.304416990746	1	(25.9883,138.726,1.895)	93.0471	-70.324
15.306714331009	7	(28.2145,253.819,1.895)	22.2656	-61.4279
15.313647731778	4	(28.7291,198.681,1.895)	33.2842	-65.358
15.314938057924	0	(26.2436,111.375,1.895)	120.4	-77.3894
15.330686788412	8	(27.9745,279.53,1.895)	47.8462	-71.7058
15.337624808447	3	(28.9812,171.671,1.895)	60.2225	-68.3004
15.337166061508	5	(28.4834,225.006,1.895)	7.55298	-52.2651
15.338344002282	2	(25.7368,165.674,1.895)	66.0979	-73.4827
15.343004710367	9	(27.7455,304.06,1.895)	72.3388	-77.0545
15.404416990746	1	(26.007,136.727,1.895)	93.0382	-70.3235
15.406714331009	7	(28.233,251.832,1.895)	22.2867	-61.4739
15.413647731778	4	(28.7477,196.69,1.895)	33.2678	-65.3276
15.414938057924	0	(26.2624,109.369,1.895)	120.398	-77.3886
15.430686788412	8	(27.9927,277.577,1.895)	47.9002	-71.6735
15.437624808447	3	(28.9999,169.665,1.895)	60.2203	-68.2991
15.437166061508	5	(28.5016,223.053,1.895)	7.50432	-52.3262
15.438344002282	2	(25.7553,163.698,1.895)	66.0664	-73.4467
15.443004710367	9	(27.7632,302.165,1.895)	72.4515	-76.9931
15.504416990746	1	(26.0257,134.727,1.895)	93.0324	-70.3232
15.506714331009	7	(28.2515,249.85,1.895)	22.31	-61.5256
15.513647731778	4	(28.7663,194.696,1.895)	33.2563	-65.3063
15.514938057924	0	(26.281,107.37,1.895)	120.391	-77.3856
15.530686788412	8	(28.0109,275.625,1.895)	47.9542	-71.6391
15.537624808447	3	(29.0187,167.653,1.895)	60.2263	-68.3025
15.537166061508	5	(28.5199,221.091,1.895)	7.46473	-52.3849
15.538344002282	2	(25.7738,161.712,1.895)	66.0468	-73.4245
15.543004710367	9	(27.7809,300.271,1.895)	72.5633	-76.9291
15.604416990746	1	(26.0442,132.742,1.895)	93.0076	-70.3219
15.606714331009	7	(28.2701,247.858,1.895)	22.3279	-61.5657
15.613647731778	4	(28.7849,192.703,1.895)	33.2391	-65.2748
15.614938057924	0	(26.2997,105.364,1.895)	120.387	-77.3837
15.630686788412	8	(28.0291,273.681,1.895)	48.0208	-71.5938
15.637624808447	3	(29.0374,165.646,1.895)	60.2237	-68.3011
15.637166061508	5	(28.5383,219.123,1.895)	7.42695	-52.4198
15.638344002282	2	(25.7924,159.723,1.895)	66.0256	-73.4004
15.643004710367	9	(27.7987,298.368,1.895)	72.6701	-76.8654
15.704416990746	1	(26.0628,130.744,1.895)	92.9987	-70.3214
15.706714331009	7	(28.2886,245.87,1.895)	22.3464	-61.6078
15.713647731778	4	(28.8035,190.705,1.895)	33.2301	-65.2583
15.714938057924	0	(26.3184,103.362,1.895)	120.382	-77.3816
15.730686788412	8	(28.0473,271.728,1.895)	48.0741	-71.5556
15.737624808447	3	(29.0561,163.638,1.895)	60.2249	-68.3017
15.737166061508	5	(28.5566,217.156,1.895)	7.39183	-52.4141
15.738344002282	2	(25.8108,157.746,1.895)	65.9956	-73.3662
15.743004710367	9	(27.8163,296.479,1.895)	72.7878	-76.7924
15.804416990746	1	(26.0814,128.757,1.895)	92.9826	-70.3206
15.806714331009	7	(28.3072,243.886,1.895)	22.3649	-61.6502
15.813647731778	4	(28.8221,188.718,1.895)	33.2146	-65.2299
15.814938057924	0	(26.3372,101.35,1.895)	120.391	-77.3855
15.830686788412	8	(28.0655,269.779,1.895)	48.1279	-71.5151
15.837624808447	3	(29.0749,161.626,1.895)	60.2337	-68.3068
15.837166061508	5	(28.5751,215.184,1.895)	7.36417	-52.3771
15.838344002282	2	(25.8293,155.766,1.895)	65.973	-73.3406
15.843004710367	9	(27.8341,294.575,1.895)	72.8866	-76.7291
15.904416990746	1	(26.1,126.76,1.895)	92.9694	-70.3199
15.906714331009	7	(28.3258,241.894,1.895)	22.3833	-61.6927
15.913647731778	4	(28.8407,186.726,1.895)	33.1962	-65.1965
15.914938057924	0	(26.3559,99.3467,1.895)	120.384	-77.3824
15.930686788412	8	(28.0836,267.834,1.895)	48.1933	-71.4637
15.937624808447	3	(29.0936,159.623,1.895)	60.2262	-68.3025
15.937166061508	5	(28.5934,213.219,1.895)	7.32292	-52.2705
15.938344002282	2	(25.8478,153.786,1.895)	65.9425	-73.306
15.943004710367	9	(27.8518,292.67,1.895)	72.9918	-76.6599
16.004416990746	1	(26.1187,124.765,1.895)	92.9633	-70.3195
16.006714331009	7	(28.3443,239.908,1.895)	22.3988	-61.7289
16.013647731778	4	(28.8592,184.735,1.895)	33.1857	-65.1774
16.014938057924	0	(26.3746,97.3432,1.895)	120.386	-77.3834
16.030686788412	8	(28.1019,265.881,1.895)	48.241	-71.4247
16.037624808447	3	(29.1123,157.617,1.895)	60.2305	-68.305
16.037166061508	5	(28.6117,211.256,1.895)	7.28931	-52.1506
16.038344002282	2	(25.8663,151.806,1.895)	65.9214	-73.2821
16.043004710367	9	(27.8695,290.774,1.895)	73.0966	-76.5892
16.104416990746	1	(26.1373,122.771,1.895)	92.9489	-70.3188
16.106714331009	7	(28.3628,237.922,1.895)	22.4207	-61.7805
16.113647731778	4	(28.8779,182.741,1.895)	33.1714	-65.1515
16.114938057924	0	(26.3933,95.34,1.895)	120.381	-77.3809
16.130686788412	8	(28.1201,263.928,1.895)	48.2972	-71.3772
16.137624808447	3	(29.131,155.613,1.895)	60.2262	-68.3025
16.137166061508	5	(28.6301,209.285,1.895)	7.2554	-52.0187
16.138344002282	2	(25.8848,149.822,1.895)	65.8958	-73.2532
16.143004710367	9	(27.8873,288.872,1.895)	73.203	-76.5158
16.204416990746	1	(26.1559,120.777,1.895)	92.9337	-70.318
16.206714331009	7	(28.3814,235.928,1.895)	22.435	-61.8143
16.213647731778	4	(28.8965,180.744,1.895)	33.1595	-65.1301
16.214938057924	0	(26.412,93.3319,1.895)	120.38	-77.3808
16.230686788412	8	(28.1383,261.977,1.895)	48.3543	-71.3275
16.237624808447	3	(29.1497,153.612,1.895)	60.2186	-68.2981
16.237166061508	5	(28.6485,207.31,1.895)	7.22563	-51.91
16.238344002282	2	(25.9032,147.846,1.895)	65.8642	-73.2175
16.243004710367	9	(27.9051,286.962,1.895)	73.302	-76.4462
16.304416990746	1	(26.1745,118.783,1.895)	92.9223	-70.3174
16.306714331009	7	(28.4001,233.932,1.895)	22.4454	-61.8392
16.313647731778	4	(28.915,178.757,1.895)	33.1406	-65.0962
16.314938057924	0	(26.4308,91.3228,1.895)	120.383	-77.3821
16.330686788412	8	(28.1566,260.014,1.895)	48.3968	-71.2896
16.337624808447	3	(29.1684,151.606,1.895)	60.2189	-68.2983
16.337166061508	5	(28.6669,205.341,1.895)	7.19302	-51.8134
16.338344002282	2	(25.9217,145.869,1.895)	65.8347	-73.1842
16.343004710367	9	(27.923,285.05,1.895)	73.3958	-76.3792
16.404416990746	1	(26.1932,116.778,1.895)	92.9217	-70.3174
16.406714331009	7	(28.4187,231.937,1.895)	22.4555	-61.8632
16.413647731778	4	(28.9336,176.771,1.895)	33.1218	-65.0628
16.414938057924	0	(26.4495,89.3138,1.895)	120.387	-77.384
16.430686788412	8	(28.1749,258.053,1.895)	48.4414	-71.2489
16.437624808447	3	(29.1872,149.598,1.895)	60.222	-68.3001
16.437166061508	5	(28.6852,203.378,1.895)	7.15565	-51.7451
16.438344002282	2	(25.9402,143.884,1.895)	65.815	-73.162
16.443004710367	9	(27.9409,283.128,1.895)	73.4791	-76.3191
16.504416990746	1	(26.2119,114.774,1.895)	92.9261	-70.3176
16.506714331009	7	(28.4372,229.954,1.895)	22.4721	-61.903
16.513647731778	4	(28.9522,174.774,1.895)	33.1188	-65.0574
16.514938057924	0	(26.4683,87.3022,1.895)	120.399	-77.3891
16.530686788412	8	(28.1933,256.089,1.895)	48.4763	-71.2165
16.537624808447	3	(29.2059,147.589,1.895)	60.2314	-68.3055
16.537166061508	5	(28.7036,201.408,1.895)	7.12916	-51.7278
16.538344002282	2	(25.9588,141.889,1.895)	65.8098	-73.1562
16.543004710367	9	(27.9587,281.216,1.895)	73.5668	-76.255
16.604416990746	1	(26.2306,112.774,1.895)	92.9219	-70.3174
16.606714331009	7	(28.4557,227.968,1.895)	22.4897	-61.9457
16.613647731778	4	(28.9708,172.781,1.895)	33.108	-65.0382
16.614938057924	0	(26.4871,85.2933,1.895)	120.404	-77.3912
16.630686788412	8	(28.2116,254.129,1.895)	48.5207	-71.1747
16.637624808447	3	(29.2246,145.585,1.895)	60.2305	-68.305
16.637166061508	5	(28.722,199.437,1.895)	7.09984	-51.7366
16.638344002282	2	(25.9774,139.895,1.895)	65.7994	-73.1445
16.643004710367	9	(27.9767,279.292,1.895)	73.6464	-76.1964
16.704416990746	1	(26.2492,110.773,1.895)	92.9171	-70.3171
16.706714331009	7	(28.4743,225.979,1.895)	22.5063	-61.9858
16.713647731778	4	(28.9894,170.793,1.895)	33.0909	-65.008
16.714938057924	0	(26.5058,83.2854,1.895)	120.406	-77.3923
16.730686788412	8	(28.2298,252.173,1.895)	48.5697	-71.1277
16.737624808447	3	(29.2433,143.585,1.895)	60.2249	-68.3018
16.737166061508	5	(28.7404,197.467,1.895)	7.06794	-51.7714
16.738344002282	2	(25.9959,137.913,1.895)	65.7759	-73.1181
16.743004710367	9	(27.9946,277.37,1.895)	73.7299	-76.1343
16.804416990746	1	(26.268,108.768,1.895)	92.9154	-70.317
16.806714331009	7	(28.4929,223.986,1.895)	22.5204	-62.02
16.813647731778	4	(29.0079,168.806,1.895)	33.0705	-64.9722
16.814938057924	0	(26.5245,81.2797,1.895)	120.405	-77.3917
16.830686788412	8	(28.2481,250.215,1.895)	48.6193	-71.0793
16.837624808447	3	(29.262,141.579,1.895)	60.2242	-68.3013
16.837166061508	5	(28.7587,195.504,1.895)	7.02921	-51.8279
16.838344002282	2	(26.0145,135.921,1.895)	65.7612	-73.1015
16.843004710367	9	(28.0126,275.449,1.895)	73.8163	-76.0697
16.904416990746	1	(26.2866,106.771,1.895)	92.9068	-70.3166
16.906714331009	7	(28.5114,222.003,1.895)	22.543	-62.0753
16.913647731778	4	(29.0265,166.816,1.895)	33.0545	-64.9443
16.914938057924	0	(26.5433,79.2734,1.895)	120.405	-77.3918
16.930686788412	8	(28.2665,248.247,1.895)	48.6576	-71.0416
16.937624808447	3	(29.2807,139.58,1.895)	60.2174	-68.2974
16.937166061508	5	(28.7771,193.532,1.895)	6.99911	-51.8629
16.938344002282	2	(26.0331,133.928,1.895)	65.7477	-73.0864
16.943004710367	9	(28.0304,273.539,1.895)	73.9121	-75.9975
17.004416990746	1	(26.3053,104.771,1.895)	92.9059	-70.3166
17.006714331009	7	(28.53,220.012,1.895)	22.5522	-62.0978
17.013647731778	4	(29.0451,164.826,1.895)	33.0446	-64.9271
17.014938057924	0	(26.562,77.2699,1.895)	120.408	-77.3933
17.030686788412	8	(28.2848,246.287,1.895)	48.6974	-71.0018
17.037624808447	3	(29.2994,137.57,1.895)	60.2273	-68.3031
17.037166061508	5	(28.7955,191.564,1.895)	6.97059	-51.8735
17.038344002282	2	(26.0516,131.947,1.895)	65.7294	-73.0658
17.043004710367	9	(28.0484,271.608,1.895)	73.9807	-75.9456
17.104416990746	1	(26.3239,102.772,1.895)	92.9049	-70.3165
17.106714331009	7	(28.5485,218.031,1.895)	22.5709	-62.1435
17.113647731778	4	(29.0637,162.834,1.895)	33.037	-64.9139
17.114938057924	0	(26.5807,75.2663,1.895)	120.412	-77.3949
17.130686788412	8	(28.303,244.327,1.895)	48.7372	-70.9616
17.137624808447	3	(29.3182,135.561,1.895)	60.2366	-68.3085
17.137166061508	5	(28.8139,189.594,1.895)	6.94438	-51.8558
17.138344002282	2	(26.0702,129.961,1.895)	65.7151	-73.0498
17.143004710367	9	(28.0663,269.694,1.895)	74.0665	-75.8805
17.204416990746	1	(26.3425,100.781,1.895)	92.8884	-70.3157
17.206714331009	7	(28.567,216.043,1.895)	22.5898	-62.1896
17.213647731778	4	(29.0823,160.831,1.895)	33.0323	-64.9056
17.214938057924	0	(26.5994,73.2599,1.895)	120.411	-77.3944
17.230686788412	8	(28.3212,242.378,1.895)	48.7951	-70.9026
17.237624808447	3	(29.3369,133.552,1.895)	60.2372	-68.3089
17.237166061508	5	(28.8323,187.624,1.895)	6.91177	-51.793
17.238344002282	2	(26.0887,127.978,1.895)	65.6908	-73.0226
17.243004710367	9	(28.0843,267.768,1.895)	74.1478	-75.8184
17.304416990746	1	(26.3612,98.7769,1.895)	92.8836	-70.3154
17.306714331009	7	(28.5855,214.06,1.895)	22.6154	-62.2525
17.313647731778	4	(29.1009,158.839,1.895)	33.0153	-64.8763
17.314938057924	0	(26.6181,71.2531,1.895)	120.409	-77.3933
17.330686788412	8	(28.3396,240.411,1.895)	48.838	-70.8584
17.337624808447	3	(29.3557,131.541,1.895)	60.2392	-68.31
17.337166061508	5	(28.8507,185.646,1.895)	6.88449	-51.7096
17.338344002282	2	(26.1072,125.995,1.895)	65.6646	-72.9934
17.343004710367	9	(28.1021,265.855,1.895)	74.2442	-75.7449
17.404416990746	1	(26.3799,96.7767,1.895)	92.8793	-70.3152
17.406714331009	7	(28.6041,212.072,1.895)	22.6321	-62.2931
17.413647731778	4	(29.1196,156.834,1.895)	33.0152	-64.8763
17.414938057924	0	(26.6368,69.2481,1.895)	120.409	-77.3936
17.430686788412	8	(28.3579,238.451,1.895)	48.8822	-70.8124
17.437624808447	3	(29.3745,129.53,1.895)	60.2457	-68.3137
17.437166061508	5	(28.8691,183.677,1.895)	6.85348	-51.5924
17.438344002282	2	(26.1258,124.003,1.895)	65.6522	-72.9795
17.443004710367	9	(28.1201,263.93,1.895)	74.3241	-75.6837
17.504416990746	1	(26.3985,94.7795,1.895)	92.8725	-70.3149
17.506714331009	7	(28.6226,210.09,1.895)	22.6537	-62.3458
17.513647731778	4	(29.1383,154.832,1.895)	33.0139	-64.8739
17.514938057924	0	(26.6555,67.2428,1.895)	120.41	-77.3941
17.530686788412	8	(28.3763,236.483,1.895)	48.9182	-70.7747
17.537624808447	3	(29.3932,127.52,1.895)	60.2519	-68.3173
17.537166061508	5	(28.8877,181.688,1.895)	6.84005	-51.5386
17.538344002282	2	(26.1444,122.011,1.895)	65.6398	-72.9657
17.543004710367	9	(28.138,262.012,1.895)	74.4097	-75.6181
17.604416990746	1	(26.4171,92.7847,1.895)	92.8657	-70.3145
17.606714331009	7	(28.6412,208.094,1.895)	22.6594	-62.3597
17.613647731778	4	(29.1569,152.839,1.895)	33.0054	-64.8593
17.614938057924	0	(26.6743,65.2323,1.895)	120.419	-77.398
17.630686788412	8	(28.3945,234.529,1.895)	48.9653	-70.7252
17.637624808447	3	(29.412,125.513,1.895)	60.2575	-68.3206
17.637166061508	5	(28.9062,179.699,1.895)	6.82879	-51.4938
17.638344002282	2	(26.1628,120.031,1.895)	65.6181	-72.9414
17.643004710367	9	(28.156,260.083,1.895)	74.4823	-75.5625
17.704416990746	1	(26.4359,90.7761,1.895)	92.8693	-70.3147
17.706714331009	7	(28.6599,206.095,1.895)	22.6658	-62.3753
17.713647731778	4	(29.1755,150.849,1.895)	32.9904	-64.8338
17.714938057924	0	(26.693,63.2307,1.895)	120.416	-77.3966
17.730686788412	8	(28.4129,232.553,1.895)	48.994	-70.6949
17.737624808447	3	(29.4307,123.503,1.895)	60.2622	-68.3233
17.737166061508	5	(28.9247,177.724,1.895)	6.80264	-51.3956
17.738344002282	2	(26.1814,118.043,1.895)	65.6017	-72.9232
17.743004710367	9	(28.1739,258.169,1.895)	74.573	-75.493
17.804416990746	1	(26.4545,88.7798,1.895)	92.8609	-70.3143
17.806714331009	7	(28.6785,204.105,1.895)	22.6795	-62.4086
17.813647731778	4	(29.1942,148.851,1.895)	32.9831	-64.8212
17.814938057924	0	(26.7117,61.2259,1.895)	120.416	-77.3965
17.830686788412	8	(28.4314,230.575,1.895)	49.0212	-70.666
17.837624808447	3	(29.4494,121.498,1.895)	60.2625	-68.3235
17.837166061508	5	(28.9431,175.753,1.895)	6.77279	-51.3042
17.838344002282	2	(26.2001,116.043,1.895)	65.5968	-72.9177
17.843004710367	9	(28.1919,256.232,1.895)	74.6409	-75.4411
17.904416990746	1	(26.4731,86.7877,1.895)	92.8531	-70.3139
17.906714331009	7	(28.6969,202.123,1.895)	22.6978	-62.4528
17.913647731778	4	(29.2127,146.861,1.895)	32.9737	-64.8053
17.914938057924	0	(26.7304,59.2252,1.895)	120.417	-77.3969
17.930686788412	8	(28.4498,228.604,1.895)	49.0499	-70.6355
17.937624808447	3	(29.4681,119.496,1.895)	60.2647	-68.3248
17.937166061508	5	(28.9615,173.776,1.895)	6.7532	-51.2613
17.938344002282	2	(26.2187,114.05,1.895)	65.5893	-72.9094
17.943004710367	9	(28.2101,254.289,1.895)	74.6971	-75.3981
18.004416990746	1	(26.4918,84.7887,1.895)	92.8499	-70.3137
18.006714331009	7	(28.7155,200.135,1.895)	22.7117	-62.4863
18.013647731778	4	(29.2313,144.866,1.895)	32.9663	-64.7928
18.014938057924	0	(26.7491,57.2232,1.895)	120.417	-77.3968
18.030686788412	8	(28.4681,226.644,1.895)	49.0916	-70.591
18.037624808447	3	(29.4868,117.495,1.895)	60.2633	-68.3239
18.037166061508	5	(28.9799,171.802,1.895)	6.72866	-51.2295
18.038344002282	2	(26.2371,112.071,1.895)	65.5669	-72.8845
18.043004710367	9	(28.2281,252.355,1.895)	74.7655	-75.3459
18.104416990746	1	(26.5104,82.7892,1.895)	92.8404	-70.3132
18.106714331009	7	(28.7341,198.146,1.895)	22.7315	-62.5334
18.113647731778	4	(29.2499,142.881,1.895)	32.943	-64.7536
18.114938057924	0	(26.7677,55.2234,1.895)	120.407	-77.3928
18.130686788412	8	(28.4865,224.672,1.895)	49.1287	-70.5513
18.137624808447	3	(29.5055,115.496,1.895)	60.2535	-68.3182
18.137166061508	5	(28.9984,169.82,1.895)	6.70494	-51.2221
18.138344002282	2	(26.2557,110.087,1.895)	65.542	-72.8568
18.143004710367	9	(28.2462,250.422,1.895)	74.8414	-75.288
18.204416990746	1	(26.529,80.7981,1.895)	92.8252	-70.3125
18.206714331009	7	(28.7527,196.153,1.895)	22.7442	-62.5636
18.213647731778	4	(29.2684,140.894,1.895)	32.9231	-64.7202
18.214938057924	0	(26.7864,53.2217,1.895)	120.403	-77.3907
18.230686788412	8	(28.5048,222.708,1.895)	49.1713	-70.5055
18.237624808447	3	(29.5242,113.494,1.895)	60.2495	-68.316
18.237166061508	5	(29.0168,167.849,1.895)	6.67419	-51.2417
18.238344002282	2	(26.2742,108.096,1.895)	65.5265	-72.8397
18.243004710367	9	(28.2643,248.478,1.895)	74.9041	-75.2404
18.304416990746	1	(26.5477,78.7989,1.895)	92.8133	-70.3119
18.306714331009	7	(28.7712,194.17,1.895)	22.7727	-62.6306
18.313647731778	4	(29.2871,138.896,1.895)	32.9099	-64.6984
18.314938057924	0	(26.8051,51.215,1.895)	120.398	-77.3888
18.330686788412	8	(28.5232,220.739,1.895)	49.2131	-70.4605
18.337624808447	3	(29.5428,111.492,1.895)	60.2404	-68.3107
18.337166061508	5	(29.0352,165.88,1.895)	6.6376	-51.2903
18.338344002282	2	(26.2927,106.116,1.895)	65.4953	-72.8052
18.343004710367	9	(28.2823,246.548,1.895)	74.985	-75.179
18.404416990746	1	(26.5663,76.7987,1.895)	92.8028	-70.3114
18.406714331009	7	(28.7897,192.185,1.895)	22.7982	-62.6897
18.413647731778	4	(29.3056,136.906,1.895)	32.89	-64.6655
18.414938057924	0	(26.8239,49.2062,1.895)	120.396	-77.388
18.430686788412	8	(28.5415,218.783,1.895)	49.2672	-70.4022
18.437624808447	3	(29.5616,109.48,1.895)	60.2416	-68.3114
18.437166061508	5	(29.0537,163.902,1.895)	6.6098	-51.3271
18.438344002282	2	(26.3113,104.121,1.895)	65.4791	-72.7872
18.443004710367	9	(28.3004,244.614,1.895)	75.0619	-75.1208
18.504416990746	1	(26.5851,74.7924,1.895)	92.7999	-70.3112
18.506714331009	7	(28.8082,190.2,1.895)	22.822	-62.744
18.513647731778	4	(29.3243,134.902,1.895)	32.8844	-64.6563
18.514938057924	0	(26.8426,47.2014,1.895)	120.392	-77.386
18.530686788412	8	(28.5597,216.823,1.895)	49.3171	-70.3484
18.537624808447	3	(29.5804,107.471,1.895)	60.2414	-68.3113
18.537166061508	5	(29.0722,161.922,1.895)	6.58366	-51.3464
18.538344002282	2	(26.3299,102.128,1.895)	65.4629	-72.7693
18.543004710367	9	(28.3184,242.684,1.895)	75.1403	-75.0618
18.604416990746	1	(26.6038,72.7873,1.895)	92.7991	-70.3112
18.606714331009	7	(28.8268,188.211,1.895)	22.8385	-62.7811
18.613647731778	4	(29.3431,132.898,1.895)	32.8831	-64.6541
18.614938057924	0	(26.8613,45.1937,1.895)	120.394	-77.3868
18.630686788412	8	(28.5781,214.86,1.895)	49.3592	-70.3029
18.637624808447	3	(29.5991,105.46,1.895)	60.2457	-68.3138
18.637166061508	5	(29.0907,159.932,1.895)	6.57022	-51.3468
18.638344002282	2	(26.3486,100.132,1.895)	65.4532	-72.7586
18.643004710367	9	(28.3363,240.76,1.895)	75.2224	-75.0002
18.704416990746	1	(26.6225,70.7839,1.895)	92.794	-70.3109
18.706714331009	7	(28.8455,186.212,1.895)	22.848	-62.8025
18.713647731778	4	(29.3618,130.891,1.895)	32.8808	-64.6504
18.714938057924	0	(26.8801,43.1863,1.895)	120.393	-77.3863
18.730686788412	8	(28.5965,212.89,1.895)	49.3979	-70.2612
18.737624808447	3	(29.6179,103.454,1.895)	60.2434	-68.3124
18.737166061508	5	(29.1093,157.948,1.895)	6.54931	-51.3316
18.738344002282	2	(26.3672,98.1395,1.895)	65.4372	-72.741
18.743004710367	9	(28.3544,238.827,1.895)	75.2984	-74.9434
18.804416990746	1	(26.6411,68.7852,1.895)	92.7879	-70.3106
18.806714331009	7	(28.864,184.223,1.895)	22.8631	-62.8355
18.813647731778	4	(29.3804,128.892,1.895)	32.8758	-64.6423
18.814938057924	0	(26.8988,41.1825,1.895)	120.392	-77.3859
18.830686788412	8	(28.6149,210.91,1.895)	49.4228	-70.2342
18.837624808447	3	(29.6366,101.445,1.895)	60.2477	-68.3149
18.837166061508	5	(29.1278,155.957,1.895)	6.53721	-51.3134
18.838344002282	2	(26.3857,96.1508,1.895)	65.4211	-72.7233
18.843004710367	9	(28.3725,236.887,1.895)	75.3623	-74.8958
18.904416990746	1	(26.6597,66.7926,1.895)	92.7702	-70.3098
18.906714331009	7	(28.8827,182.222,1.895)	22.8726	-62.8564
18.913647731778	4	(29.3991,126.891,1.895)	32.8661	-64.6265
18.914938057924	0	(26.9175,39.1792,1.895)	120.385	-77.3829
18.930686788412	8	(28.6333,208.94,1.895)	49.4626	-70.1914
18.937624808447	3	(29.6553,99.4391,1.895)	60.2436	-68.3125
18.937166061508	5	(29.1463,153.976,1.895)	6.51245	-51.2549
18.938344002282	2	(26.4043,94.1561,1.895)	65.4056	-72.7062
18.943004710367	9	(28.3907,234.933,1.895)	75.4191	-74.8537
19.004416990746	1	(26.6783,64.8006,1.895)	92.7626	-70.3094
19.006714331009	7	(28.9013,180.225,1.895)	22.8756	-62.8629
19.013647731778	4	(29.4178,124.889,1.895)	32.8688	-64.6308
19.014938057924	0	(26.9362,37.1772,1.895)	120.387	-77.3838
19.030686788412	8	(28.6518,206.962,1.895)	49.4841	-70.1682
19.037624808447	3	(29.6741,97.4328,1.895)	60.2502	-68.3164
19.037166061508	5	(29.1648,151.995,1.895)	6.49625	-51.2032
19.038344002282	2	(26.4229,92.1712,1.895)	65.3907	-72.6899
19.043004710367	9	(28.4088,232.997,1.895)	75.4825	-74.8069
19.104416990746	1	(26.6969,62.8073,1.895)	92.7559	-70.3091
19.106714331009	7	(28.9199,178.234,1.895)	22.8838	-62.8805
19.113647731778	4	(29.4365,122.889,1.895)	32.8682	-64.6298
19.114938057924	0	(26.9549,35.1728,1.895)	120.392	-77.3858
19.130686788412	8	(28.6703,204.979,1.895)	49.5018	-70.1492
19.137624808447	3	(29.6928,95.4273,1.895)	60.2557	-68.3195
19.137166061508	5	(29.1833,150.011,1.895)	6.48223	-51.1518
19.138344002282	2	(26.4413,90.1924,1.895)	65.3696	-72.6667
19.143004710367	9	(28.427,231.051,1.895)	75.5365	-74.7672
19.204416990746	1	(26.7155,60.8137,1.895)	92.7449	-70.3086
19.206714331009	7	(28.9386,176.235,1.895)	22.8899	-62.8935
19.213647731778	4	(29.4552,120.887,1.895)	32.8663	-64.6267
19.214938057924	0	(26.9736,33.1642,1.895)	120.396	-77.3876
19.230686788412	8	(28.6887,203.011,1.895)	49.538	-70.1102
19.237624808447	3	(29.7115,93.4221,1.895)	60.2564	-68.3199
19.237166061508	5	(29.2019,148.021,1.895)	6.46966	-51.1023
19.238344002282	2	(26.4598,88.2091,1.895)	65.3483	-72.6434
19.243004710367	9	(28.4451,229.102,1.895)	75.5919	-74.7266
19.304416990746	1	(26.7343,58.8063,1.895)	92.7485	-70.3087
19.306714331009	7	(28.9572,174.241,1.895)	22.8997	-62.9145
19.313647731778	4	(29.4737,118.895,1.895)	32.8538	-64.6064
19.314938057924	0	(26.9923,31.1632,1.895)	120.393	-77.3864
19.330686788412	8	(28.7071,201.034,1.895)	49.5646	-70.0816
19.337624808447	3	(29.7302,91.4172,1.895)	60.2575	-68.3206
19.337166061508	5	(29.2204,146.038,1.895)	6.45174	-51.0288
19.338344002282	2	(26.4784,86.2164,1.895)	65.3372	-72.6312
19.343004710367	9	(28.4632,227.163,1.895)	75.6572	-74.679
19.404416990746	1	(26.7529,56.814,1.895)	92.729	-70.3078
19.406714331009	7	(28.9758,172.243,1.895)	22.913	-62.9424
19.413647731778	4	(29.4924,116.899,1.895)	32.8384	-64.5816
19.414938057924	0	(27.011,29.1636,1.895)	120.381	-77.381
19.430686788412	8	(28.7256,199.056,1.895)	49.5986	-70.0452
19.437624808447	3	(29.7489,89.4181,1.895)	60.2448	-68.3132
19.437166061508	5	(29.2389,144.053,1.895)	6.42896	-50.9374
19.438344002282	2	(26.4972,84.2121,1.895)	65.3297	-72.623
19.443004710367	9	(28.4814,225.214,1.895)	75.719	-74.6341
19.504416990746	1	(26.7715,54.8227,1.895)	92.7164	-70.3072
19.506714331009	7	(28.9945,170.248,1.895)	22.9217	-62.9604
19.513647731778	4	(29.511,114.901,1.895)	32.8323	-64.5718
19.514938057924	0	(27.0297,27.155,1.895)	120.385	-77.3831
19.530686788412	8	(28.7441,197.076,1.895)	49.6223	-70.0199
19.537624808447	3	(29.7675,87.4168,1.895)	60.2422	-68.3117
19.537166061508	5	(29.2574,142.073,1.895)	6.40793	-50.8621
19.538344002282	2	(26.5156,82.2308,1.895)	65.3072	-72.5984
19.543004710367	9	(28.4996,223.265,1.895)	75.774	-74.5943
19.604416990746	1	(26.7902,52.8169,1.895)	92.7135	-70.3071
19.606714331009	7	(29.013,168.263,1.895)	22.9453	-63.0085
19.613647731778	4	(29.5296,112.907,1.895)	32.8175	-64.548
19.614938057924	0	(27.0484,25.1547,1.895)	120.377	-77.3793
19.630686788412	8	(28.7625,195.105,1.895)	49.6594	-69.9802
19.637624808447	3	(29.7863,85.4111,1.895)	60.2392	-68.31
19.637166061508	5	(29.276,140.083,1.895)	6.3922	-50.815
19.638344002282	2	(26.5342,80.246,1.895)	65.2833	-72.5723
19.643004710367	9	(28.5178,221.315,1.895)	75.8331	-74.5518
19.704416990746	1	(26.8088,50.8188,1.895)	92.7068	-70.3068
19.706714331009	7	(29.0316,166.266,1.895)	22.9534	-63.0245
19.713647731778	4	(29.5483,110.911,1.895)	32.8087	-64.534
19.730686788412	8	(28.7808,193.138,1.895)	49.6978	-69.9394
19.737624808447	3	(29.8049,83.4103,1.895)	60.2351	-68.3076
19.737166061508	5	(29.2945,138.1,1.895)	6.37385	-50.7727
19.738344002282	2	(26.5528,78.2491,1.895)	65.2752	-72.5634
19.743004710367	9	(28.536,219.364,1.895)	75.8863	-74.5137
19.804416990746	1	(26.8276,48.8082,1.895)	92.7073	-70.3068
19.806714331009	7	(29.0502,164.28,1.895)	22.9765	-63.0697
19.813647731778	4	(29.5668,108.922,1.895)	32.7878	-64.501
19.830686788412	8	(28.7993,191.156,1.895)	49.7258	-69.9096
19.837624808447	3	(29.8237,81.4008,1.895)	60.2346	-68.3073
19.837166061508	5	(29.313,136.121,1.895)	6.34688	-50.7382
19.838344002282	2	(26.5714,76.2592,1.895)	65.2551	-72.5415
19.843004710367	9	(28.5542,217.418,1.895)	75.9504	-74.468
19.904416990746	1	(26.8464,46.7963,1.895)	92.7074	-70.3068
19.906714331009	7	(29.0687,162.294,1.895)	23.0026	-63.119
19.913647731778	4	(29.5856,106.914,1.895)	32.7841	-64.4951
19.930686788412	8	(28.8177,189.181,1.895)	49.7619	-69.8714
19.937624808447	3	(29.8424,79.3906,1.895)	60.2331	-68.3064
19.937166061508	5	(29.3314,134.145,1.895)	6.31663	-50.7376
19.938344002282	2	(26.59,74.2619,1.895)	65.2407	-72.5259
19.943004710367	9	(28.5724,215.463,1.895)	76.0074	-74.4276
20.004416990746	1	(26.8651,44.7946,1.895)	92.7026	-70.3066
20.006714331009	7	(29.0872,160.313,1.895)	23.0279	-63.1649
20.013647731778	4	(29.6043,104.909,1.895)	32.7834	-64.494
20.030686788412	8	(28.8361,187.213,1.895)	49.8008	-69.8303
20.037624808447	3	(29.8612,77.3852,1.895)	60.2318	-68.3057
20.037166061508	5	(29.35,132.154,1.895)	6.30346	-50.7478
20.038344002282	2	(26.6087,72.2567,1.895)	65.2393	-72.5244
20.043004710367	9	(28.5907,213.507,1.895)	76.0576	-74.3921
20.104416990746	1	(26.8838,42.7867,1.895)	92.711	-70.307
20.106714331009	7	(29.1059,158.31,1.895)	23.0248	-63.1593
20.113647731778	4	(29.6229,102.912,1.895)	32.7803	-64.4891
20.130686788412	8	(28.8545,185.242,1.895)	49.8289	-69.8008
20.137624808447	3	(29.8799,75.3752,1.895)	60.2424	-68.3118
20.137166061508	5	(29.3686,130.162,1.895)	6.29675	-50.7548
20.138344002282	2	(26.6274,70.2582,1.895)	65.2383	-72.5233
20.143004710367	9	(28.6089,211.56,1.895)	76.1103	-74.3551
20.204416990746	1	(26.9025,40.7875,1.895)	92.7025	-70.3065
20.206714331009	7	(29.1245,156.316,1.895)	23.0383	-63.1831
20.213647731778	4	(29.6416,100.915,1.895)	32.7695	-64.4722
20.230686788412	8	(28.873,183.255,1.895)	49.8502	-69.7784
20.237624808447	3	(29.8987,73.3685,1.895)	60.2413	-68.3112
20.237166061508	5	(29.3872,128.173,1.895)	6.28101	-50.7745
20.238344002282	2	(26.6461,68.2536,1.895)	65.2352	-72.5199
20.243004710367	9	(28.6271,209.612,1.895)	76.1704	-74.3131
20.304416990746	1	(26.9212,38.7792,1.895)	92.7022	-70.3065
20.306714331009	7	(29.1431,154.321,1.895)	23.0517	-63.2062
20.313647731778	4	(29.6602,98.9217,1.895)	32.7546	-64.449
20.330686788412	8	(28.8915,181.277,1.895)	49.8807	-69.7465
20.337624808447	3	(29.9174,71.3585,1.895)	60.2428	-68.3121
20.337166061508	5	(29.4057,126.185,1.895)	6.26326	-50.7992
20.338344002282	2	(26.6647,66.266,1.895)	65.2143	-72.4972
20.343004710367	9	(28.6454,207.65,1.895)	76.2163	-74.2812
20.404416990746	1	(26.9399,36.773,1.895)	92.7012	-70.3065
20.406714331009	7	(29.1617,152.325,1.895)	23.0623	-63.2241
20.413647731778	4	(29.6789,96.9183,1.895)	32.7508	-64.443
20.430686788412	8	(28.9099,179.302,1.895)	49.9124	-69.7134
20.437624808447	3	(29.9361,69.3546,1.895)	60.2395	-68.3101
20.437166061508	5	(29.4242,124.198,1.895)	6.24607	-50.821
20.438344002282	2	(26.6834,64.2596,1.895)	65.2134	-72.4962
20.443004710367	9	(28.6636,205.698,1.895)	76.2721	-74.2426
20.504416990746	1	(26.9587,34.7644,1.895)	92.7056	-70.3067
20.506714331009	7	(29.1803,150.333,1.895)	23.0745	-63.244
20.513647731778	4	(29.6975,94.9183,1.895)	32.7466	-64.4366
20.530686788412	8	(28.9285,177.315,1.895)	49.9299	-69.6952
20.537624808447	3	(29.9548,67.3506,1.895)	60.2392	-68.31
20.537166061508	5	(29.4429,122.2,1.895)	6.24103	-50.8264
20.538344002282	2	(26.702,62.2653,1.895)	65.2035	-72.4855
20.543004710367	9	(28.6818,203.743,1.895)	76.3205	-74.2092
20.604416990746	1	(26.9774,32.7636,1.895)	92.706	-70.3067
20.606714331009	7	(29.199,148.334,1.895)	23.0757	-63.246
20.613647731778	4	(29.7162,92.9149,1.895)	32.7496	-64.4412
20.630686788412	8	(28.9469,175.338,1.895)	49.9527	-69.6716
20.637624808447	3	(29.9736,65.3425,1.895)	60.247	-68.3145
20.637166061508	5	(29.4615,120.211,1.895)	6.23132	-50.8348
20.638344002282	2	(26.7207,60.2626,1.895)	65.2059	-72.4881
20.643004710367	9	(28.7002,201.774,1.895)	76.3528	-74.1871
20.704416990746	1	(26.9961,30.759,1.895)	92.7061	-70.3067
20.706714331009	7	(29.2176,146.339,1.895)	23.0853	-63.2614
20.713647731778	4	(29.7349,90.9094,1.895)	32.7505	-64.4426
20.730686788412	8	(28.9655,173.351,1.895)	49.9705	-69.6533
20.737624808447	3	(29.9922,63.3411,1.895)	60.2438	-68.3126
20.737166061508	5	(29.48,118.224,1.895)	6.21621	-50.8412
20.738344002282	2	(26.7393,58.2678,1.895)	65.1961	-72.4774
20.743004710367	9	(28.7184,199.824,1.895)	76.4073	-74.1498
20.804416990746	1	(27.0148,28.7559,1.895)	92.7002	-70.3064
20.806714331009	7	(29.2362,144.344,1.895)	23.0994	-63.2833
20.813647731778	4	(29.7536,88.9132,1.895)	32.7378	-64.423
20.830686788412	8	(28.984,171.372,1.895)	50.0005	-69.6223
20.837624808447	3	(30.0109,61.3411,1.895)	60.2348	-68.3075
20.837166061508	5	(29.4986,116.227,1.895)	6.20647	-50.8402
20.838344002282	2	(26.758,56.2689,1.895)	65.186	-72.4666
20.843004710367	9	(28.7367,197.867,1.895)	76.4583	-74.1152
20.904416990746	1	(27.0335,26.7479,1.895)	92.7034	-70.3066
20.906714331009	7	(29.2549,142.34,1.895)	23.1003	-63.2847
20.913647731778	4	(29.7722,86.9121,1.895)	32.7341	-64.4173
20.930686788412	8	(29.0025,169.391,1.895)	50.0239	-69.5982
20.937624808447	3	(30.0297,59.3298,1.895)	60.2413	-68.3112
20.937166061508	5	(29.5172,114.237,1.895)	6.19399	-50.8322
20.938344002282	2	(26.7766,54.2706,1.895)	65.1794	-72.4594
20.943004710367	9	(28.7549,195.915,1.895)	76.5114	-74.0792
21.006714331009	7	(29.2735,140.349,1.895)	23.1115	-63.3016
21.013647731778	4	(29.7909,84.9112,1.895)	32.7324	-64.4147
21.030686788412	8	(29.021,167.4,1.895)	50.0361	-69.5858
21.037624808447	3	(30.0484,57.328,1.895)	60.2405	-68.3108
21.037166061508	5	(29.5358,112.241,1.895)	6.18788	-50.8254
21.038344002282	2	(26.7953,52.271,1.895)	65.1765	-72.4562
21.043004710367	9	(28.7732,193.958,1.895)	76.5576	-74.0482
21.106714331009	7	(29.2922,138.351,1.895)	23.1158	-63.308
21.113647731778	4	(29.8095,82.9173,1.895)	32.7235	-64.401
21.130686788412	8	(29.0395,165.426,1.895)	50.0641	-69.5572
21.137624808447	3	(30.0671,55.3182,1.895)	60.2474	-68.3147
21.137166061508	5	(29.5544,110.249,1.895)	6.17867	-50.8113
21.138344002282	2	(26.8141,50.2595,1.895)	65.1851	-72.4655
21.143004710367	9	(28.7916,191.987,1.895)	76.5891	-74.0271
21.206714331009	7	(29.3108,136.351,1.895)	23.1239	-63.3199
21.213647731778	4	(29.8283,80.9105,1.895)	32.723	-64.4002
21.230686788412	8	(29.058,163.442,1.895)	50.0874	-69.5334
21.237624808447	3	(30.0858,53.3126,1.895)	60.2458	-68.3138
21.237166061508	5	(29.573,108.264,1.895)	6.15996	-50.7693
21.238344002282	2	(26.8328,48.2497,1.895)	65.1875	-72.4682
21.243004710367	9	(28.8098,190.03,1.895)	76.6393	-73.9936
21.306714331009	7	(29.3294,134.361,1.895)	23.1371	-63.3388
21.313647731778	4	(29.847,78.9049,1.895)	32.7247	-64.4029
21.330686788412	8	(29.0765,161.452,1.895)	50.1016	-69.5189
21.337624808447	3	(30.1045,51.3089,1.895)	60.2455	-68.3136
21.337166061508	5	(29.5916,106.264,1.895)	6.15642	-50.7595
21.338344002282	2	(26.8515,46.2429,1.895)	65.1905	-72.4714
21.343004710367	9	(28.8281,188.069,1.895)	76.6825	-73.9649
21.406714331009	7	(29.3481,132.352,1.895)	23.1338	-63.3341
21.413647731778	4	(29.8656,76.9085,1.895)	32.7159	-64.3893
21.430686788412	8	(29.095,159.475,1.895)	50.1293	-69.4909
21.437624808447	3	(30.1233,49.3035,1.895)	60.2457	-68.3137
21.437166061508	5	(29.6103,104.265,1.895)	6.1519	-50.746
21.438344002282	2	(26.8702,44.2415,1.895)	65.1866	-72.4672
21.443004710367	9	(28.8465,186.096,1.895)	76.7146	-73.9437
21.506714331009	7	(29.3669,130.344,1.895)	23.1318	-63.3312
21.513647731778	4	(29.8842,74.9136,1.895)	32.7046	-64.3721
21.530686788412	8	(29.1135,157.487,1.895)	50.1484	-69.4717
21.537624808447	3	(30.142,47.2933,1.895)	60.2495	-68.316
21.537166061508	5	(29.6288,102.28,1.895)	6.13327	-50.6821
21.538344002282	2	(26.8889,42.2419,1.895)	65.1799	-72.46
21.543004710367	9	(28.8648,184.137,1.895)	76.7618	-73.9127
21.606714331009	7	(29.3855,128.348,1.895)	23.1447	-63.3492
21.613647731778	4	(29.9029,72.9095,1.895)	32.7001	-64.3654
21.630686788412	8	(29.1321,155.496,1.895)	50.1653	-69.4547
21.637624808447	3	(30.1608,45.2858,1.895)	60.2486	-68.3154
21.637166061508	5	(29.6473,100.296,1.895)	6.11297	-50.6012
21.638344002282	2	(26.9076,40.2407,1.895)	65.1726	-72.452
21.643004710367	9	(28.8832,182.168,1.895)	76.8009	-73.887
21.706714331009	7	(29.4041,126.361,1.895)	23.1614	-63.3716
21.713647731778	4	(29.9216,70.9121,1.895)	32.6936	-64.3555
21.730686788412	8	(29.1506,153.515,1.895)	50.1882	-69.4317
21.737624808447	3	(30.1794,43.2848,1.895)	60.2455	-68.3136
21.737166061508	5	(29.6659,98.3019,1.895)	6.10451	-50.5657
21.738344002282	2	(26.9263,38.2353,1.895)	65.174	-72.4535
21.743004710367	9	(28.9016,180.196,1.895)	76.8327	-73.8663
21.806714331009	7	(29.4227,124.363,1.895)	23.1633	-63.3741
21.813647731778	4	(29.9403,68.9109,1.895)	32.6941	-64.3563
21.830686788412	8	(29.1691,151.538,1.895)	50.2124	-69.4075
21.837624808447	3	(30.1982,41.273,1.895)	60.2566	-68.3201
21.837166061508	5	(29.6845,96.3153,1.895)	6.09264	-50.5157
21.838344002282	2	(26.945,36.2259,1.895)	65.1827	-72.463
21.843004710367	9	(28.9199,178.23,1.895)	76.8681	-73.8432
21.906714331009	7	(29.4413,122.372,1.895)	23.178	-63.3927
21.913647731778	4	(29.959,66.9077,1.895)	32.6915	-64.3524
21.930686788412	8	(29.1876,149.555,1.895)	50.2345	-69.3855
21.937624808447	3	(30.2169,39.2722,1.895)	60.2516	-68.3172
21.937166061508	5	(29.703,94.3267,1.895)	6.07823	-50.4567
21.938344002282	2	(26.9638,34.2148,1.895)	65.188	-72.4687
21.943004710367	9	(28.9383,176.266,1.895)	76.9098	-73.8162
22.006714331009	7	(29.4599,120.383,1.895)	23.1992	-63.4182
22.013647731778	4	(29.9775,64.9174,1.895)	32.672	-64.3231
22.030686788412	8	(29.2061,147.576,1.895)	50.2656	-69.3548
22.037624808447	3	(30.2357,37.2604,1.895)	60.2535	-68.3183
22.037166061508	5	(29.7216,92.3384,1.895)	6.06011	-50.3892
22.038344002282	2	(26.9826,32.2029,1.895)	65.19	-72.4709
22.043004710367	9	(28.9566,174.303,1.895)	76.9562	-73.7863
22.106714331009	7	(29.4785,118.39,1.895)	23.2122	-63.4329
22.113647731778	4	(29.9962,62.9137,1.895)	32.6693	-64.3191
22.130686788412	8	(29.2245,145.598,1.895)	50.2942	-69.3266
22.137624808447	3	(30.2544,35.2546,1.895)	60.253	-68.318
22.137166061508	5	(29.7401,90.3548,1.895)	6.04105	-50.3308
22.138344002282	2	(27.0013,30.203,1.895)	65.1836	-72.4639
22.143004710367	9	(28.9749,172.341,1.895)	77.0004	-73.758
22.206714331009	7	(29.497,116.404,1.895)	23.2309	-63.4529
22.213647731778	4	(30.0149,60.9138,1.895)	32.6649	-64.3124
22.230686788412	8	(29.243,143.613,1.895)	50.3135	-69.3077
22.237624808447	3	(30.2731,33.2511,1.895)	60.2521	-68.3175
22.237166061508	5	(29.7588,88.3537,1.895)	6.03826	-50.3235
22.238344002282	2	(27.02,28.1975,1.895)	65.1847	-72.4651
22.243004710367	9	(28.9932,170.383,1.895)	77.0469	-73.7283
22.306714331009	7	(29.5158,114.394,1.895)	23.2319	-63.4539
22.313647731778	4	(30.0335,58.92,1.895)	32.6476	-64.2868
22.330686788412	8	(29.2615,141.637,1.895)	50.3482	-69.2738
22.337624808447	3	(30.2918,31.2445,1.895)	60.2475	-68.3148
22.337166061508	5	(29.7774,86.3591,1.895)	6.02439	-50.2932
22.338344002282	2	(27.0387,26.1864,1.895)	65.1846	-72.465
22.343004710367	9	(29.0115,168.422,1.895)	77.0968	-73.6967
22.406714331009	7	(29.5344,112.394,1.895)	23.2356	-63.4577
22.413647731778	4	(30.0522,56.914,1.895)	32.6498	-64.2901
22.430686788412	8	(29.2801,139.644,1.895)	50.3593	-69.2629
22.437624808447	3	(30.3106,29.234,1.895)	60.2542	-68.3187
22.437166061508	5	(29.7959,84.3776,1.895)	6.00575	-50.2676
22.443004710367	9	(29.0298,166.456,1.895)	77.1346	-73.6729
22.506714331009	7	(29.553,110.403,1.895)	23.248	-63.4699
22.513647731778	4	(30.071,54.9028,1.895)	32.6577	-64.3018
22.530686788412	8	(29.2986,137.657,1.895)	50.3755	-69.2472
22.537624808447	3	(30.3293,27.2297,1.895)	60.2553	-68.3193
22.537166061508	5	(29.8145,82.3852,1.895)	5.99669	-50.2616
22.543004710367	9	(29.0483,164.475,1.895)	77.1574	-73.6585
22.606714331009	7	(29.5717,108.401,1.895)	23.255	-63.4766
22.613647731778	4	(30.0897,52.899,1.895)	32.6521	-64.2935
22.630686788412	8	(29.3171,135.674,1.895)	50.4019	-69.2217
22.637624808447	3	(30.348,25.2269,1.895)	60.2486	-68.3154
22.637166061508	5	(29.8332,80.3851,1.895)	5.9889	-50.2596
22.643004710367	9	(29.0668,162.5,1.895)	77.1912	-73.6373
22.706714331009	7	(29.5904,106.396,1.895)	23.2518	-63.4735
22.713647731778	4	(30.1083,50.9032,1.895)	32.6459	-64.2844
22.730686788412	8	(29.3358,133.677,1.895)	50.407	-69.2168
22.737166061508	5	(29.8517,78.3947,1.895)	5.97924	-50.2608
22.743004710367	9	(29.0851,160.537,1.895)	77.23	-73.6131
22.806714331009	7	(29.609,104.401,1.895)	23.2678	-63.4881
22.813647731778	4	(30.127,48.8976,1.895)	32.6408	-64.2768
22.830686788412	8	(29.3544,131.683,1.895)	50.4241	-69.2004
22.837166061508	5	(29.8703,76.4054,1.895)	5.96133	-50.2727
22.843004710367	9	(29.1036,158.551,1.895)	77.2555	-73.5972
22.906714331009	7	(29.6276,102.405,1.895)	23.2835	-63.5014
22.913647731778	4	(30.1457,46.894,1.895)	32.6326	-64.2648
22.930686788412	8	(29.373,129.693,1.895)	50.4451	-69.1802
22.937166061508	5	(29.889,74.4009,1.895)	5.95529	-50.2789
22.943004710367	9	(29.1221,156.571,1.895)	77.2871	-73.5776
23.006714331009	7	(29.6464,100.398,1.895)	23.2807	-63.4991
23.013647731778	4	(30.1645,44.8877,1.895)	32.6348	-64.268
23.030686788412	8	(29.3915,127.702,1.895)	50.4584	-69.1675
23.037166061508	5	(29.9076,72.4105,1.895)	5.94388	-50.2926
23.043004710367	9	(29.1405,154.596,1.895)	77.3164	-73.5595
23.106714331009	7	(29.665,98.402,1.895)	23.2878	-63.5048
23.113647731778	4	(30.1831,42.8885,1.895)	32.6304	-64.2616
23.130686788412	8	(29.4101,125.71,1.895)	50.4696	-69.1569
23.137166061508	5	(29.9263,70.4103,1.895)	5.94103	-50.2963
23.143004710367	9	(29.1589,152.625,1.895)	77.3489	-73.5396
23.206714331009	7	(29.6837,96.4043,1.895)	23.2989	-63.5134
23.213647731778	4	(30.2018,40.8838,1.895)	32.6263	-64.2556
23.230686788412	8	(29.4287,123.725,1.895)	50.4937	-69.134
23.237166061508	5	(29.9448,68.4225,1.895)	5.92345	-50.3198
23.243004710367	9	(29.1774,150.647,1.895)	77.3794	-73.5209
23.306714331009	7	(29.7022,94.4172,1.895)	23.311	-63.5221
23.313647731778	4	(30.2206,38.875,1.895)	32.6357	-64.2694
23.330686788412	8	(29.4472,121.737,1.895)	50.5048	-69.1234
23.337166061508	5	(29.9635,66.4236,1.895)	5.92316	-50.3202
23.343004710367	9	(29.1958,148.671,1.895)	77.4024	-73.5068
23.406714331009	7	(29.7209,92.4162,1.895)	23.3108	-63.522
23.413647731778	4	(30.2393,36.8754,1.895)	32.6344	-64.2675
23.430686788412	8	(29.4658,119.751,1.895)	50.5204	-69.1088
23.437166061508	5	(29.9822,64.4156,1.895)	5.92905	-50.3124
23.443004710367	9	(29.2143,146.696,1.895)	77.4283	-73.491
23.506714331009	7	(29.7396,90.405,1.895)	23.3032	-63.5165
23.513647731778	4	(30.2579,34.8764,1.895)	32.63	-64.261
23.530686788412	8	(29.4843,117.764,1.895)	50.536	-69.0941
23.537166061508	5	(30.0008,62.4275,1.895)	5.91632	-50.3288
23.543004710367	9	(29.2327,144.725,1.895)	77.4608	-73.4713
23.606714331009	7	(29.7582,88.4133,1.895)	23.3199	-63.5281
23.613647731778	4	(30.2767,32.8649,1.895)	32.6329	-64.2653
23.630686788412	8	(29.503,115.757,1.895)	50.5381	-69.0921
23.637166061508	5	(30.0193,60.438,1.895)	5.90049	-50.3448
23.643004710367	9	(29.2511,142.747,1.895)	77.4916	-73.4527
23.706714331009	7	(29.7768,86.4258,1.895)	23.3357	-63.538
23.713647731778	4	(30.2954,30.8611,1.895)	32.6332	-64.2656
23.730686788412	8	(29.5216,113.768,1.895)	50.5526	-69.0785
23.737166061508	5	(30.0381,58.4315,1.895)	5.90293	-50.3428
23.743004710367	9	(29.2696,140.763,1.895)	77.5107	-73.4412
23.806714331009	7	(29.7955,84.423,1.895)	23.342	-63.5416
23.813647731778	4	(30.3141,28.855,1.895)	32.6302	-64.2613
23.830686788412	8	(29.5401,111.786,1.895)	50.5793	-69.0535
23.837166061508	5	(30.0567,56.4379,1.895)	5.89011	-50.351
23.843004710367	9	(29.288,138.791,1.895)	77.5482	-73.4187
23.906714331009	7	(29.8141,82.4261,1.895)	23.3521	-63.547
23.913647731778	4	(30.3328,26.8495,1.895)	32.6286	-64.2589
23.930686788412	8	(29.5587,109.789,1.895)	50.5897	-69.0439
23.937166061508	5	(30.0753,54.4376,1.895)	5.88445	-50.3525
23.943004710367	9	(29.3065,136.817,1.895)	77.5809	-73.3991
24.006714331009	7	(29.8329,80.4187,1.895)	23.3557	-63.5488
24.030686788412	8	(29.5773,107.8,1.895)	50.6117	-69.0235
24.037166061508	5	(30.094,52.4411,1.895)	5.87248	-50.3505
24.043004710367	9	(29.3249,134.838,1.895)	77.6127	-73.3801
24.106714331009	7	(29.8515,78.4171,1.895)	23.3544	-63.5482
24.130686788412	8	(29.5959,105.802,1.895)	50.6141	-69.0213
24.137166061508	5	(30.1127,50.4354,1.895)	5.87692	-50.3521
24.143004710367	9	(29.3434,132.863,1.895)	77.6386	-73.3647
24.206714331009	7	(29.8702,76.412,1.895)	23.3611	-63.5515
24.230686788412	8	(29.6145,103.814,1.895)	50.638	-68.9993
24.237166061508	5	(30.1314,48.4326,1.895)	5.86946	-50.3489
24.243004710367	9	(29.3619,130.878,1.895)	77.6655	-73.3488
24.306714331009	7	(29.889,74.4047,1.895)	23.3603	-63.5511
24.330686788412	8	(29.6332,101.813,1.895)	50.643	-68.9946
24.337166061508	5	(30.1501,46.4241,1.895)	5.87111	-50.3498
24.343004710367	9	(29.3803,128.906,1.895)	77.6996	-73.3287
24.406714331009	7	(29.9078,72.3931,1.895)	23.3554	-63.5487
24.430686788412	8	(29.6518,99.8203,1.895)	50.6571	-68.9817
24.437166061508	5	(30.1688,44.4234,1.895)	5.86616	-50.3465
24.443004710367	9	(29.3989,126.916,1.895)	77.7165	-73.3188
24.506714331009	7	(29.9265,70.3895,1.895)	23.3623	-63.552
24.530686788412	8	(29.6704,97.8248,1.895)	50.672	-68.968
24.537166061508	5	(30.1875,42.418,1.895)	5.86197	-50.3425
24.543004710367	9	(29.4174,124.935,1.895)	77.7456	-73.3017
24.606714331009	7	(29.9452,68.3863,1.895)	23.3709	-63.5559
24.630686788412	8	(29.6891,95.825,1.895)	50.6841	-68.9571
24.637166061508	5	(30.2063,40.409,1.895)	5.85962	-50.3399
24.643004710367	9	(29.4359,122.952,1.895)	77.7748	-73.2847
24.706714331009	7	(29.9638,66.3844,1.895)	23.3796	-63.5596
24.730686788412	8	(29.7077,93.8254,1.895)	50.6953	-68.9469
24.737166061508	5	(30.225,38.4071,1.895)	5.85221	-50.3295
24.743004710367	9	(29.4544,120.972,1.895)	77.8054	-73.2669
24.806714331009	7	(29.9826,64.3792,1.895)	23.3765	-63.5583
24.830686788412	8	(29.7264,91.8273,1.895)	50.6992	-68.9433
24.837166061508	5	(30.2436,36.4059,1.895)	5.85157	-50.3284
24.843004710367	9	(29.4729,118.989,1.895)	77.8247	-73.2557
24.906714331009	7	(30.0013,62.3719,1.895)	23.3773	-63.5587
24.930686788412	8	(29.745,89.8341,1.895)	50.7141	-68.9299
24.937166061508	5	(30.2624,34.3964,1.895)	5.85267	-50.3302
24.943004710367	9	(29.4914,117.001,1.895)	77.845	-73.2439
25.006714331009	7	(30.02,60.3628,1.895)	23.3751	-63.5577
25.030686788412	8	(29.7636,87.8379,1.895)	50.7246	-68.9203
25.037166061508	5	(30.2811,32.3924,1.895)	5.85035	-50.3264
25.043004710367	9	(29.51,115.013,1.895)	77.8638	-73.2331
25.106714331009	7	(30.0388,58.3544,1.895)	23.37	-63.5556
25.130686788412	8	(29.7823,85.8358,1.895)	50.726	-68.9191
25.137166061508	5	(30.2998,30.3856,1.895)	5.85319	-50.331
25.143004710367	9	(29.5284,113.035,1.895)	77.8884	-73.2189
25.206714331009	7	(30.0576,56.3433,1.895)	23.3654	-63.5535
25.230686788412	8	(29.801,83.8369,1.895)	50.7334	-68.9124
25.237166061508	5	(30.3186,28.3776,1.895)	5.85452	-50.3331
25.243004710367	9	(29.5471,111.041,1.895)	77.9007	-73.2119
25.306714331009	7	(30.0763,54.3358,1.895)	23.3614	-63.5516
25.330686788412	8	(29.8197,81.8295,1.895)	50.7295	-68.916
25.337166061508	5	(30.3373,26.3659,1.895)	5.86138	-50.3419
25.343004710367	9	(29.5656,109.052,1.895)	77.9159	-73.2032
25.406714331009	7	(30.095,52.3291,1.895)	23.3599	-63.5509
25.430686788412	8	(29.8383,79.8348,1.895)	50.7399	-68.9066
25.443004710367	9	(29.5842,107.056,1.895)	77.9244	-73.1983
25.506714331009	7	(30.1137,50.3244,1.895)	23.3642	-63.5529
25.530686788412	8	(29.857,77.833,1.895)	50.7472	-68.9
25.543004710367	9	(29.6027,105.078,1.895)	77.9559	-73.1804
25.606714331009	7	(30.1324,48.3233,1.895)	23.3621	-63.5519
25.630686788412	8	(29.8756,75.8415,1.895)	50.7546	-68.8934
25.643004710367	9	(29.6213,103.09,1.895)	77.9672	-73.1739
