7.104416990746	1	(24.4715,301.237,1.895)	115.124	-75.2605
7.113647731778	4	(27.2269,359.627,1.895)	56.716	-66.9861
7.114938057924	0	(24.7084,275.855,1.895)	140.499	-87.793
7.137624808447	3	(27.4461,336.142,1.895)	80.2015	-72.079
7.137166061508	5	(27.0272,381.03,1.895)	35.3114	-68.2578
7.138344002282	2	(24.2471,325.279,1.895)	91.0937	-70.2593
7.149164134695	6	(23.5849,396.237,1.895)	20.3428	-61.7307
7.204416990746	1	(24.4898,299.279,1.895)	115.09	-75.2479
7.213647731778	4	(27.2448,357.71,1.895)	56.6397	-66.9742
7.214938057924	0	(24.7272,273.846,1.895)	140.515	-87.7959
7.237624808447	3	(27.4649,334.131,1.895)	80.2201	-72.0713
7.237166061508	5	(27.0441,379.215,1.895)	35.1338	-68.2131
7.238344002282	2	(24.2648,323.388,1.895)	90.9928	-70.2583
7.249164134695	6	(23.6036,394.225,1.895)	20.3612	-61.7071
7.304416990746	1	(24.5082,297.314,1.895)	115.059	-75.2364
7.313647731778	4	(27.2628,355.783,1.895)	56.5707	-66.9641
7.314938057924	0	(24.746,271.835,1.895)	140.53	-87.7985
7.337624808447	3	(27.4836,332.126,1.895)	80.2284	-72.0678
7.337166061508	5	(27.061,377.4,1.895)	34.9526	-68.1056
7.338344002282	2	(24.2824,321.499,1.895)	90.8856	-70.2575
7.349164134695	6	(23.6224,392.218,1.895)	20.372	-61.6927
7.404416990746	1	(24.5265,295.345,1.895)	115.034	-75.2276
7.413647731778	4	(27.2808,353.855,1.895)	56.5053	-66.9551
7.414938057924	0	(24.7647,269.827,1.895)	140.545	-87.8012
7.437624808447	3	(27.5023,330.122,1.895)	80.2395	-72.0632
7.437166061508	5	(27.0781,375.576,1.895)	34.783	-67.9506
7.438344002282	2	(24.3002,319.6,1.895)	90.791	-70.257
7.449164134695	6	(23.6411,390.208,1.895)	20.388	-61.6708
7.504416990746	1	(24.5449,293.375,1.895)	115.011	-75.2189
7.513647731778	4	(27.2987,351.934,1.895)	56.433	-66.9458
7.514938057924	0	(24.7834,267.827,1.895)	140.551	-87.8023
7.537624808447	3	(27.5211,328.112,1.895)	80.2558	-72.0565
7.537166061508	5	(27.0951,373.754,1.895)	34.6116	-67.7455
7.538344002282	2	(24.3179,317.697,1.895)	90.7004	-70.2567
7.549164134695	6	(23.6598,388.206,1.895)	20.3971	-61.6581
7.604416990746	1	(24.5631,291.425,1.895)	114.971	-75.2042
7.613647731778	4	(27.3168,349.999,1.895)	56.3774	-66.9391
7.614938057924	0	(24.8021,265.824,1.895)	140.564	-87.8046
7.637624808447	3	(27.5398,326.103,1.895)	80.2741	-72.049
7.637166061508	5	(27.112,371.936,1.895)	34.4399	-67.4982
7.638344002282	2	(24.3357,315.793,1.895)	90.6141	-70.2567
7.649164134695	6	(23.6785,386.206,1.895)	20.4067	-61.6443
7.704416990746	1	(24.5815,289.458,1.895)	114.958	-75.1998
7.713647731778	4	(27.3348,348.069,1.895)	56.328	-66.9335
7.714938057924	0	(24.8208,263.813,1.895)	140.596	-87.81
7.737624808447	3	(27.5586,324.093,1.895)	80.3048	-72.0364
7.737166061508	5	(27.1292,370.096,1.895)	34.2997	-67.2708
7.738344002282	2	(24.3534,313.9,1.895)	90.5283	-70.2568
7.749164134695	6	(23.6972,384.205,1.895)	20.4285	-61.6125
7.804416990746	1	(24.5999,287.49,1.895)	114.932	-75.19
7.813647731778	4	(27.3528,346.137,1.895)	56.2659	-66.9269
7.814938057924	0	(24.8396,261.805,1.895)	140.61	-87.8123
7.837624808447	3	(27.5773,322.089,1.895)	80.3146	-72.0324
7.837166061508	5	(27.1463,368.267,1.895)	34.1349	-66.9811
7.838344002282	2	(24.3711,311.997,1.895)	90.4366	-70.2572
7.849164134695	6	(23.7159,382.194,1.895)	20.4445	-61.5884
7.904416990746	1	(24.6182,285.52,1.895)	114.918	-75.185
7.913647731778	4	(27.3709,344.2,1.895)	56.2191	-66.9224
7.914938057924	0	(24.8583,259.8,1.895)	140.631	-87.8159
7.937624808447	3	(27.596,320.085,1.895)	80.3356	-72.0238
7.937166061508	5	(27.1634,366.431,1.895)	33.9875	-66.7074
7.938344002282	2	(24.3889,310.09,1.895)	90.3604	-70.2576
7.949164134695	6	(23.7346,380.194,1.895)	20.4608	-61.5633
8.004416990746	1	(24.6365,283.56,1.895)	114.889	-75.1742
8.013647731778	4	(27.389,342.266,1.895)	56.1629	-66.9172
8.014938057924	0	(24.8771,257.789,1.895)	140.652	-87.8192
8.037624808447	3	(27.6147,318.082,1.895)	80.3484	-72.0186
8.037166061508	5	(27.1806,364.588,1.895)	33.8404	-66.4258
8.038344002282	2	(24.4068,308.175,1.895)	90.2851	-70.2582
8.049164134695	6	(23.7533,378.185,1.895)	20.4793	-61.5343
8.104416990746	1	(24.655,281.585,1.895)	114.87	-75.1674
8.113647731778	4	(27.4071,340.327,1.895)	56.1089	-66.9127
8.114938057924	0	(24.8958,255.787,1.895)	140.66	-87.8206
8.130686788412	8	(26.6976,416.34,1.895)	19.908	-61.8428
8.137624808447	3	(27.6334,316.078,1.895)	80.3586	-72.0145
8.137166061508	5	(27.1978,362.744,1.895)	33.6904	-66.1348
8.138344002282	2	(24.4246,306.262,1.895)	90.2041	-70.259
8.149164134695	6	(23.7721,376.178,1.895)	20.4928	-61.5128
8.204416990746	1	(24.6733,279.622,1.895)	114.843	-75.1575
8.213647731778	4	(27.4251,338.395,1.895)	56.0508	-66.9083
8.214938057924	0	(24.9145,253.783,1.895)	140.674	-87.8229
8.230686788412	8	(26.7147,414.503,1.895)	20.0605	-61.9181
8.237624808447	3	(27.6521,314.067,1.895)	80.3795	-72.006
8.237166061508	5	(27.2151,360.893,1.895)	33.5516	-65.8654
8.238344002282	2	(24.4426,304.343,1.895)	90.1337	-70.2598
8.249164134695	6	(23.7908,374.177,1.895)	20.5039	-61.495
8.304416990746	1	(24.6916,277.66,1.895)	114.814	-75.1471
8.313647731778	4	(27.4432,336.454,1.895)	56.0011	-66.905
8.314938057924	0	(24.9331,251.781,1.895)	140.685	-87.8247
8.330686788412	8	(26.732,412.655,1.895)	20.2033	-61.8699
8.337624808447	3	(27.6708,312.067,1.895)	80.3885	-72.0024
8.337166061508	5	(27.2323,359.049,1.895)	33.405	-65.5845
8.338344002282	2	(24.4604,302.433,1.895)	90.0527	-70.2609
8.349164134695	6	(23.8094,372.175,1.895)	20.5146	-61.4775
8.404416990746	1	(24.71,275.694,1.895)	114.805	-75.1438
8.413647731778	4	(27.4612,334.524,1.895)	55.9554	-66.9022
8.414938057924	0	(24.9519,249.769,1.895)	140.722	-87.8304
8.430686788412	8	(26.7492,410.811,1.895)	20.3347	-61.7408
8.437624808447	3	(27.6895,310.065,1.895)	80.4154	-71.9915
8.437166061508	5	(27.2496,357.193,1.895)	33.2851	-65.3596
8.438344002282	2	(24.4783,300.518,1.895)	89.992	-70.2618
8.449164134695	6	(23.8281,370.172,1.895)	20.5413	-61.4337
8.504416990746	1	(24.7284,273.721,1.895)	114.789	-75.1381
8.513647731778	4	(27.4793,332.589,1.895)	55.9018	-66.8992
8.514938057924	0	(24.9706,247.769,1.895)	140.733	-87.8321
8.530686788412	8	(26.7663,408.981,1.895)	20.4936	-61.5116
8.537624808447	3	(27.7082,308.061,1.895)	80.4307	-71.9854
8.537166061508	5	(27.2668,355.356,1.895)	33.1337	-65.0839
8.538344002282	2	(24.4962,298.599,1.895)	89.9226	-70.263
8.549164134695	6	(23.8468,368.172,1.895)	20.5524	-61.415
8.604416990746	1	(24.7467,271.752,1.895)	114.786	-75.1369
8.613647731778	4	(27.4974,330.65,1.895)	55.8689	-66.8976
8.614938057924	0	(24.9893,245.764,1.895)	140.766	-87.8371
8.630686788412	8	(26.7836,407.129,1.895)	20.6137	-61.3116
8.637624808447	3	(27.727,306.049,1.895)	80.4704	-71.9695
8.637166061508	5	(27.284,353.512,1.895)	33.0054	-64.8594
8.638344002282	2	(24.5141,296.678,1.895)	89.8713	-70.2639
8.649164134695	6	(23.8656,366.161,1.895)	20.5914	-61.3495
8.704416990746	1	(24.7651,269.78,1.895)	114.788	-75.1377
8.713647731778	4	(27.5156,328.7,1.895)	55.8493	-66.8968
8.714938057924	0	(25.008,243.757,1.895)	140.804	-87.8427
8.730686788412	8	(26.8007,405.296,1.895)	20.7501	-61.0824
8.737624808447	3	(27.7457,304.044,1.895)	80.5059	-71.9554
8.737166061508	5	(27.3013,351.663,1.895)	32.8853	-64.6579
8.738344002282	2	(24.532,294.76,1.895)	89.8202	-70.2649
8.749164134695	6	(23.8842,364.162,1.895)	20.6211	-61.2991
8.804416990746	1	(24.7835,267.811,1.895)	114.778	-75.1339
8.813647731778	4	(27.5338,326.751,1.895)	55.8178	-66.8955
8.814938057924	0	(25.0268,241.747,1.895)	140.834	-87.847
8.830686788412	8	(26.8179,403.452,1.895)	20.8859	-60.8718
8.837624808447	3	(27.7645,302.033,1.895)	80.5375	-71.9429
8.837166061508	5	(27.3187,349.795,1.895)	32.7728	-64.4773
8.838344002282	2	(24.5499,292.838,1.895)	89.7628	-70.2661
8.849164134695	6	(23.903,362.15,1.895)	20.6525	-61.2457
8.904416990746	1	(24.802,265.829,1.895)	114.778	-75.1341
8.913647731778	4	(27.552,324.8,1.895)	55.7884	-66.8944
8.914938057924	0	(25.0455,239.739,1.895)	140.861	-87.8508
8.930686788412	8	(26.8351,401.606,1.895)	21.0207	-60.6958
8.937624808447	3	(27.7832,300.021,1.895)	80.5684	-71.9307
8.937166061508	5	(27.336,347.935,1.895)	32.6522	-64.2937
8.938344002282	2	(24.5679,290.916,1.895)	89.7043	-70.2675
8.949164134695	6	(23.9218,360.14,1.895)	20.681	-61.1975
9.004416990746	1	(24.8204,263.856,1.895)	114.767	-75.1302
9.013647731778	4	(27.5702,322.846,1.895)	55.7589	-66.8934
9.014938057924	0	(25.0642,237.738,1.895)	140.878	-87.8531
9.030686788412	8	(26.8524,399.757,1.895)	21.1559	-60.5624
9.037624808447	3	(27.802,298.011,1.895)	80.595	-71.9203
9.037166061508	5	(27.3535,346.065,1.895)	32.5386	-64.1304
9.038344002282	2	(24.5859,288.981,1.895)	89.6553	-70.2687
9.049164134695	6	(23.9405,358.132,1.895)	20.705	-61.1572
9.104416990746	1	(24.8388,261.892,1.895)	114.752	-75.1247
9.113647731778	4	(27.5885,320.891,1.895)	55.7336	-66.8927
9.114938057924	0	(25.083,235.729,1.895)	140.908	-87.8571
9.130686788412	8	(26.8697,397.903,1.895)	21.2814	-60.4833
9.137624808447	3	(27.8207,296.011,1.895)	80.6152	-71.9124
9.137166061508	5	(27.371,344.191,1.895)	32.4325	-63.9869
9.138344002282	2	(24.604,287.048,1.895)	89.6088	-70.2698
9.143004710367	9	(26.6976,416.34,1.895)	39.7193	-64.7067
9.149164134695	6	(23.9592,356.132,1.895)	20.7253	-61.1233
9.204416990746	1	(24.8573,259.911,1.895)	114.746	-75.1224
9.213647731778	4	(27.6066,318.946,1.895)	55.6916	-66.8917
9.214938057924	0	(25.1017,233.721,1.895)	140.929	-87.8598
9.230686788412	8	(26.887,396.049,1.895)	21.4147	-60.4497
9.237624808447	3	(27.8394,294.005,1.895)	80.6341	-71.9051
9.237166061508	5	(27.3885,342.316,1.895)	32.3208	-63.8456
9.238344002282	2	(24.6219,285.127,1.895)	89.5421	-70.2716
9.243004710367	9	(26.7134,414.649,1.895)	40.0151	-64.7069
9.249164134695	6	(23.9778,354.132,1.895)	20.7375	-61.103
9.304416990746	1	(24.8757,257.932,1.895)	114.746	-75.1226
9.313647731778	4	(27.6248,316.993,1.895)	55.6659	-66.8912
9.314938057924	0	(25.1204,231.714,1.895)	140.956	-87.8634
9.330686788412	8	(26.9044,394.184,1.895)	21.5277	-60.4631
9.337624808447	3	(27.8581,292.001,1.895)	80.6596	-71.8952
9.337166061508	5	(27.406,340.44,1.895)	32.2181	-63.7248
9.338344002282	2	(24.6399,283.196,1.895)	89.4943	-70.273
9.343004710367	9	(26.7292,412.95,1.895)	40.2945	-64.7435
9.349164134695	6	(23.9965,352.132,1.895)	20.7593	-61.0673
9.404416990746	1	(24.8942,255.953,1.895)	114.746	-75.1226
9.413647731778	4	(27.6431,315.04,1.895)	55.6404	-66.8908
9.414938057924	0	(25.1392,229.705,1.895)	140.987	-87.8672
9.430686788412	8	(26.9218,392.323,1.895)	21.6458	-60.5181
9.437624808447	3	(27.8768,289.993,1.895)	80.6885	-71.884
9.437166061508	5	(27.4235,338.567,1.895)	32.1119	-63.6093
9.438344002282	2	(24.6579,281.266,1.895)	89.446	-70.2744
9.443004710367	9	(26.7452,411.241,1.895)	40.5648	-64.8116
9.449164134695	6	(24.0152,350.127,1.895)	20.7843	-61.027
9.504416990746	1	(24.9127,253.974,1.895)	114.741	-75.1206
9.513647731778	4	(27.6614,313.08,1.895)	55.6155	-66.8905
9.514938057924	0	(25.1579,227.702,1.895)	141.005	-87.8694
9.530686788412	8	(26.9392,390.457,1.895)	21.7653	-60.6156
9.537624808447	3	(27.8955,287.989,1.895)	80.7076	-71.8767
9.537166061508	5	(27.4411,336.682,1.895)	32.0126	-63.5103
9.538344002282	2	(24.676,279.336,1.895)	89.3908	-70.2761
9.543004710367	9	(26.7612,409.527,1.895)	40.8356	-64.911
9.549164134695	6	(24.0339,348.123,1.895)	20.8036	-60.9964
9.604416990746	1	(24.9311,251.995,1.895)	114.737	-75.1191
9.613647731778	4	(27.6795,311.133,1.895)	55.5797	-66.8903
9.614938057924	0	(25.1765,225.703,1.895)	141.022	-87.8713
9.630686788412	8	(26.9567,388.584,1.895)	21.8747	-60.7404
9.637624808447	3	(27.9143,285.977,1.895)	80.7368	-71.8655
9.637166061508	5	(27.4586,334.801,1.895)	31.9102	-63.4176
9.638344002282	2	(24.694,277.401,1.895)	89.3431	-70.2777
9.643004710367	9	(26.7772,407.808,1.895)	41.0998	-65.0376
9.649164134695	6	(24.0527,346.113,1.895)	20.8303	-60.9548
9.704416990746	1	(24.9495,250.027,1.895)	114.723	-75.114
9.713647731778	4	(27.6979,309.17,1.895)	55.5611	-66.8902
9.714938057924	0	(25.1953,223.694,1.895)	141.048	-87.8744
9.730686788412	8	(26.9741,386.713,1.895)	21.9861	-60.9002
9.737624808447	3	(27.933,283.976,1.895)	80.7561	-71.8581
9.737166061508	5	(27.4761,332.925,1.895)	31.8045	-63.3318
9.738344002282	2	(24.7121,275.466,1.895)	89.2968	-70.2792
9.743004710367	9	(26.7934,406.081,1.895)	41.3543	-65.1863
9.749164134695	6	(24.0714,344.11,1.895)	20.851	-60.9233
9.804416990746	1	(24.9679,248.054,1.895)	114.715	-75.111
9.813647731778	4	(27.7161,307.213,1.895)	55.5365	-66.8902
9.814938057924	0	(25.214,221.692,1.895)	141.069	-87.8769
9.830686788412	8	(26.9916,384.843,1.895)	22.0974	-61.0905
9.837624808447	3	(27.9517,281.974,1.895)	80.7768	-71.8502
9.837166061508	5	(27.4938,331.037,1.895)	31.7107	-63.2645
9.838344002282	2	(24.73,273.542,1.895)	89.2391	-70.2813
9.843004710367	9	(26.8094,404.359,1.895)	41.6136	-65.3643
9.849164134695	6	(24.0902,342.098,1.895)	20.8809	-60.879
9.904416990746	1	(24.9864,246.076,1.895)	114.71	-75.1093
9.913647731778	4	(27.7344,305.257,1.895)	55.5096	-66.8903
9.914938057924	0	(25.2327,219.685,1.895)	141.093	-87.8795
9.930686788412	8	(27.0091,382.967,1.895)	22.2044	-61.2989
9.937624808447	3	(27.9704,279.966,1.895)	80.8015	-71.8408
9.937166061508	5	(27.5114,329.151,1.895)	31.6138	-63.2036
9.938344002282	2	(24.7481,271.607,1.895)	89.1912	-70.283
9.943004710367	9	(26.8256,402.628,1.895)	41.866	-65.5626
9.949164134695	6	(24.1089,340.087,1.895)	20.9092	-60.8387
10.004416990746	1	(25.0049,244.093,1.895)	114.708	-75.1087
10.013647731778	4	(27.7527,303.298,1.895)	55.4834	-66.8905
10.014938057924	0	(25.2514,217.678,1.895)	141.115	-87.8819
10.030686788412	8	(27.0266,381.09,1.895)	22.3116	-61.5291
10.037624808447	3	(27.9892,277.959,1.895)	80.8239	-71.8324
10.037166061508	5	(27.529,327.26,1.895)	31.5209	-63.1537
10.038344002282	2	(24.7661,269.674,1.895)	89.1392	-70.285
10.043004710367	9	(26.8418,400.892,1.895)	42.1145	-65.7813
10.049164134695	6	(24.1277,338.08,1.895)	20.9309	-60.8088
10.104416990746	1	(25.0234,242.111,1.895)	114.705	-75.1077
10.113647731778	4	(27.7709,301.342,1.895)	55.4548	-66.8909
10.114938057924	0	(25.2702,215.671,1.895)	141.138	-87.8843
10.130686788412	8	(27.0442,379.207,1.895)	22.4134	-61.7632
10.137624808447	3	(28.0078,275.956,1.895)	80.8421	-71.8255
10.137166061508	5	(27.5467,325.364,1.895)	31.4321	-63.1139
10.138344002282	2	(24.7842,267.735,1.895)	89.094	-70.2868
10.143004710367	9	(26.8581,399.145,1.895)	42.3522	-66.0121
10.149164134695	6	(24.1464,336.069,1.895)	20.9572	-60.7738
10.204416990746	1	(25.0419,240.125,1.895)	114.712	-75.1099
10.213647731778	4	(27.7891,299.391,1.895)	55.4255	-66.8913
10.214938057924	0	(25.2889,213.663,1.895)	141.166	-87.8872
10.230686788412	8	(27.0617,377.325,1.895)	22.5112	-61.9978
10.237624808447	3	(28.0265,273.955,1.895)	80.8625	-71.8179
10.237166061508	5	(27.5643,323.477,1.895)	31.3383	-63.0803
10.238344002282	2	(24.8024,265.788,1.895)	89.0607	-70.2881
10.243004710367	9	(26.8744,397.397,1.895)	42.5841	-66.2568
10.249164134695	6	(24.1652,334.061,1.895)	20.9847	-60.7389
10.304416990746	1	(25.0605,238.138,1.895)	114.728	-75.1159
10.313647731778	4	(27.8074,297.436,1.895)	55.4103	-66.8916
10.314938057924	0	(25.3076,211.658,1.895)	141.2	-87.8906
10.330686788412	8	(27.0793,375.446,1.895)	22.6028	-62.2216
10.337624808447	3	(28.0452,271.955,1.895)	80.8933	-71.8063
10.337166061508	5	(27.5819,321.589,1.895)	31.2565	-63.0581
10.338344002282	2	(24.8206,263.843,1.895)	89.0355	-70.2892
10.343004710367	9	(26.8908,395.642,1.895)	42.7993	-66.5007
10.349164134695	6	(24.184,332.05,1.895)	21.0255	-60.6902
10.404416990746	1	(25.0789,236.164,1.895)	114.721	-75.1135
10.413647731778	4	(27.8256,295.479,1.895)	55.3868	-66.8921
10.414938057924	0	(25.3264,209.652,1.895)	141.225	-87.893
10.430686788412	8	(27.0968,373.571,1.895)	22.7088	-62.4793
10.437624808447	3	(28.0639,269.949,1.895)	80.9177	-71.7972
10.437166061508	5	(27.5996,319.7,1.895)	31.1652	-63.0413
10.438344002282	2	(24.8388,261.892,1.895)	89.0056	-70.2904
10.443004710367	9	(26.9072,393.886,1.895)	43.0245	-66.7726
10.449164134695	6	(24.2027,330.046,1.895)	21.0481	-60.665
10.504416990746	1	(25.0974,234.178,1.895)	114.736	-75.1189
10.513647731778	4	(27.8439,293.522,1.895)	55.3731	-66.8925
10.514938057924	0	(25.345,207.653,1.895)	141.253	-87.8956
10.530686788412	8	(27.1144,371.679,1.895)	22.7878	-62.6659
10.537624808447	3	(28.0827,267.938,1.895)	80.9577	-71.7824
10.537166061508	5	(27.6173,317.802,1.895)	31.0919	-63.034
10.538344002282	2	(24.8569,259.949,1.895)	88.9777	-70.2916
10.543004710367	9	(26.9235,392.134,1.895)	43.243	-67.0521
10.549164134695	6	(24.2214,328.038,1.895)	21.0847	-60.6267
10.604416990746	1	(25.1159,232.199,1.895)	114.73	-75.1168
10.613647731778	4	(27.8622,291.56,1.895)	55.3507	-66.8931
10.614938057924	0	(25.3637,205.649,1.895)	141.273	-87.8974
10.630686788412	8	(27.132,369.802,1.895)	22.8946	-62.9037
10.637624808447	3	(28.1014,265.937,1.895)	80.9745	-71.7762
10.637166061508	5	(27.635,315.909,1.895)	31.0002	-63.0325
10.638344002282	2	(24.8751,257.995,1.895)	88.9472	-70.2929
10.643004710367	9	(26.94,390.369,1.895)	43.4629	-67.3481
10.649164134695	6	(24.2401,326.033,1.895)	21.1051	-60.607
10.704416990746	1	(25.1343,230.224,1.895)	114.732	-75.1173
10.713647731778	4	(27.8805,289.605,1.895)	55.3315	-66.8937
10.714938057924	0	(25.3824,203.644,1.895)	141.304	-87.9
10.730686788412	8	(27.1497,367.905,1.895)	22.9713	-63.0597
10.737624808447	3	(28.1201,263.931,1.895)	81.0068	-71.7643
10.737166061508	5	(27.6527,314.004,1.895)	30.9314	-63.0371
10.738344002282	2	(24.8933,256.049,1.895)	88.9201	-70.2941
10.743004710367	9	(26.9564,388.616,1.895)	43.6841	-67.6598
10.749164134695	6	(24.2589,324.023,1.895)	21.1411	-60.5747
10.804416990746	1	(25.1528,228.243,1.895)	114.731	-75.1169
10.813647731778	4	(27.8988,287.641,1.895)	55.3134	-66.8943
10.814938057924	0	(25.4012,201.634,1.895)	141.332	-87.9024
10.830686788412	8	(27.1673,366.016,1.895)	23.0641	-63.2271
10.837624808447	3	(28.1387,261.931,1.895)	81.025	-71.7577
10.837166061508	5	(27.6704,312.112,1.895)	30.8416	-63.0505
10.838344002282	2	(24.9115,254.103,1.895)	88.884	-70.2958
10.843004710367	9	(26.9729,386.841,1.895)	43.8904	-67.9617
10.849164134695	6	(24.2776,322.017,1.895)	21.1646	-60.5555
10.904416990746	1	(25.1713,226.26,1.895)	114.738	-75.1195
10.913647731778	4	(27.9171,285.679,1.895)	55.2996	-66.8948
10.914938057924	0	(25.4199,199.625,1.895)	141.365	-87.905
10.930686788412	8	(27.185,364.117,1.895)	23.142	-63.3455
10.937624808447	3	(28.1575,259.926,1.895)	81.0543	-71.747
10.937166061508	5	(27.6882,310.209,1.895)	30.769	-63.0675
10.938344002282	2	(24.9296,252.161,1.895)	88.8502	-70.2973
10.943004710367	9	(26.9895,385.069,1.895)	44.0949	-68.2705
10.949164134695	6	(24.2964,320.006,1.895)	21.1992	-60.53
11.004416990746	1	(25.1898,224.281,1.895)	114.741	-75.1207
11.013647731778	4	(27.9355,283.709,1.895)	55.2934	-66.895
11.014938057924	0	(25.4387,197.615,1.895)	141.399	-87.9076
11.030686788412	8	(27.2027,362.223,1.895)	23.2235	-63.4451
11.037624808447	3	(28.1762,257.919,1.895)	81.0849	-71.7359
11.037166061508	5	(27.7059,308.304,1.895)	30.6979	-63.0895
11.038344002282	2	(24.9478,250.211,1.895)	88.8238	-70.2986
11.043004710367	9	(27.0061,383.285,1.895)	44.2865	-68.5667
11.049164134695	6	(24.315,318.004,1.895)	21.2245	-60.5136
11.104416990746	1	(25.2084,222.29,1.895)	114.751	-75.1244
11.113647731778	4	(27.9539,281.739,1.895)	55.2831	-66.8954
11.114938057924	0	(25.4574,195.61,1.895)	141.423	-87.9093
11.130686788412	8	(27.2203,360.332,1.895)	23.3134	-63.5238
11.137624808447	3	(28.1949,255.913,1.895)	81.1096	-71.727
11.137166061508	5	(27.7238,306.385,1.895)	30.6353	-63.1132
11.138344002282	2	(24.966,248.266,1.895)	88.7879	-70.3003
11.143004710367	9	(27.0227,381.506,1.895)	44.4887	-68.8848
11.149164134695	6	(24.3338,315.999,1.895)	21.2484	-60.4997
11.204416990746	1	(25.2269,220.312,1.895)	114.737	-75.1193
11.213647731778	4	(27.9722,279.778,1.895)	55.2526	-66.8967
11.214938057924	0	(25.4761,193.605,1.895)	141.437	-87.9103
11.230686788412	8	(27.2381,358.43,1.895)	23.4024	-63.5676
11.237624808447	3	(28.2137,253.903,1.895)	81.1285	-71.7202
11.237166061508	5	(27.7417,304.473,1.895)	30.5565	-63.1489
11.238344002282	2	(24.9842,246.312,1.895)	88.7508	-70.3021
11.243004710367	9	(27.0394,379.72,1.895)	44.6935	-69.2104
11.249164134695	6	(24.3525,313.996,1.895)	21.2597	-60.4937
11.304416990746	1	(25.2454,218.328,1.895)	114.741	-75.1204
11.313647731778	4	(27.9906,277.804,1.895)	55.2449	-66.897
11.314938057924	0	(25.4948,191.604,1.895)	141.456	-87.9116
11.330686788412	8	(27.2559,356.526,1.895)	23.4802	-63.5781
11.337624808447	3	(28.2324,251.892,1.895)	81.1584	-71.7094
11.337166061508	5	(27.7595,302.562,1.895)	30.4854	-63.1867
11.338344002282	2	(25.0024,244.366,1.895)	88.7152	-70.3039
11.343004710367	9	(27.0562,377.922,1.895)	44.8773	-69.5034
11.349164134695	6	(24.3712,311.984,1.895)	21.2895	-60.4797
11.404416990746	1	(25.2639,216.345,1.895)	114.741	-75.1207
11.413647731778	4	(28.009,275.832,1.895)	55.2354	-66.8974
11.414938057924	0	(25.5135,189.603,1.895)	141.476	-87.9128
11.430686788412	8	(27.2736,354.627,1.895)	23.5636	-63.5615
11.437624808447	3	(28.2511,249.891,1.895)	81.1776	-71.7026
11.437166061508	5	(27.7774,300.648,1.895)	30.4186	-63.227
11.438344002282	2	(25.0206,242.407,1.895)	88.6927	-70.305
11.443004710367	9	(27.0729,376.127,1.895)	45.0644	-69.7994
11.449164134695	6	(24.39,309.973,1.895)	21.319	-60.4685
11.504416990746	1	(25.2823,214.368,1.895)	114.742	-75.1211
11.513647731778	4	(28.0273,273.87,1.895)	55.2213	-66.8981
11.514938057924	0	(25.5322,187.602,1.895)	141.501	-87.9144
11.530686788412	8	(27.2913,352.725,1.895)	23.6375	-63.5243
11.537624808447	3	(28.2698,247.887,1.895)	81.2049	-71.6929
11.537166061508	5	(27.7953,298.73,1.895)	30.3596	-63.2664
11.538344002282	2	(25.0389,240.449,1.895)	88.6745	-70.3059
11.543004710367	9	(27.0897,374.333,1.895)	45.2463	-70.0823
11.549164134695	6	(24.4087,307.969,1.895)	21.3467	-60.4602
11.604416990746	1	(25.3009,212.383,1.895)	114.744	-75.1217
11.613647731778	4	(28.0456,271.908,1.895)	55.2003	-66.8992
11.614938057924	0	(25.5509,185.593,1.895)	141.527	-87.9159
11.630686788412	8	(27.3091,350.821,1.895)	23.7167	-63.4633
11.637624808447	3	(28.2885,245.885,1.895)	81.2237	-71.6862
11.637166061508	5	(27.8131,296.821,1.895)	30.2862	-63.3205
11.638344002282	2	(25.0571,238.502,1.895)	88.6381	-70.3078
11.643004710367	9	(27.1065,372.532,1.895)	45.428	-70.3571
11.649164134695	6	(24.4274,305.966,1.895)	21.3666	-60.4557
11.704416990746	1	(25.3195,210.39,1.895)	114.764	-75.129
11.713647731778	4	(28.064,269.944,1.895)	55.1912	-66.8996
11.714938057924	0	(25.5696,183.591,1.895)	141.555	-87.9176
11.730686788412	8	(27.3269,348.913,1.895)	23.781	-63.3995
11.737624808447	3	(28.3072,243.878,1.895)	81.2582	-71.674
11.737166061508	5	(27.8309,294.911,1.895)	30.2229	-63.3716
11.738344002282	2	(25.0753,236.553,1.895)	88.6138	-70.3091
11.743004710367	9	(27.1233,370.731,1.895)	45.6003	-70.6071
11.749164134695	6	(24.4461,303.959,1.895)	21.3992	-60.4509
11.804416990746	1	(25.338,208.407,1.895)	114.773	-75.1324
11.813647731778	4	(28.0823,267.977,1.895)	55.1842	-66.9
11.814938057924	0	(25.5883,181.586,1.895)	141.586	-87.9192
11.830686788412	8	(27.3446,347.017,1.895)	23.8592	-63.3074
11.837624808447	3	(28.326,241.87,1.895)	81.2923	-71.662
11.837166061508	5	(27.8489,292.99,1.895)	30.1699	-63.4175
11.838344002282	2	(25.0935,234.596,1.895)	88.5968	-70.31
11.843004710367	9	(27.1402,368.923,1.895)	45.7664	-70.8356
11.849164134695	6	(24.4648,301.96,1.895)	21.4244	-60.4494
11.904416990746	1	(25.3565,206.426,1.895)	114.781	-75.1351
11.913647731778	4	(28.1008,265.999,1.895)	55.1889	-66.8998
11.914938057924	0	(25.607,179.581,1.895)	141.618	-87.9207
11.930686788412	8	(27.3624,345.114,1.895)	23.9301	-63.2126
11.937624808447	3	(28.3447,239.866,1.895)	81.3226	-71.6514
11.937166061508	5	(27.8667,291.077,1.895)	30.1096	-63.473
11.938344002282	2	(25.1118,232.637,1.895)	88.5833	-70.3108
11.943004710367	9	(27.1569,367.126,1.895)	45.9426	-71.0611
11.949164134695	6	(24.4835,299.954,1.895)	21.4566	-60.4502
12.004416990746	1	(25.3749,204.446,1.895)	114.789	-75.1379
12.013647731778	4	(28.1191,264.033,1.895)	55.1828	-66.9001
12.014938057924	0	(25.6257,177.579,1.895)	141.648	-87.9221
12.030686788412	8	(27.3802,343.206,1.895)	23.9938	-63.1203
12.037624808447	3	(28.3634,237.859,1.895)	81.3578	-71.6392
12.037166061508	5	(27.8848,289.141,1.895)	30.0736	-63.5078
12.038344002282	2	(25.1301,230.677,1.895)	88.5708	-70.3115
12.043004710367	9	(27.1738,365.32,1.895)	46.1087	-71.2547
12.049164134695	6	(24.5023,297.946,1.895)	21.4918	-60.4546
12.104416990746	1	(25.3935,202.462,1.895)	114.786	-75.1371
12.113647731778	4	(28.1375,262.061,1.895)	55.1688	-66.9009
12.114938057924	0	(25.6444,175.576,1.895)	141.665	-87.9228
12.130686788412	8	(27.3979,341.304,1.895)	24.078	-62.9908
12.137624808447	3	(28.3822,235.852,1.895)	81.379	-71.6319
12.137166061508	5	(27.9027,287.225,1.895)	30.0036	-63.5791
12.138344002282	2	(25.1484,228.719,1.895)	88.5423	-70.313
12.143004710367	9	(27.1907,363.505,1.895)	46.2802	-71.4321
12.149164134695	6	(24.5209,295.945,1.895)	21.5066	-60.4577
12.204416990746	1	(25.412,200.475,1.895)	114.798	-75.1413
12.213647731778	4	(28.156,260.086,1.895)	55.1676	-66.9009
12.214938057924	0	(25.6632,173.567,1.895)	141.698	-87.9242
12.230686788412	8	(27.4158,339.393,1.895)	24.1428	-62.8875
12.237624808447	3	(28.4009,233.846,1.895)	81.4093	-71.6214
12.237166061508	5	(27.9206,285.299,1.895)	29.9533	-63.6332
12.238344002282	2	(25.1667,226.759,1.895)	88.5266	-70.3139
12.243004710367	9	(27.2076,361.695,1.895)	46.4456	-71.5789
12.249164134695	6	(24.5397,293.936,1.895)	21.5393	-60.4666
12.304416990746	1	(25.4305,198.49,1.895)	114.809	-75.1454
12.313647731778	4	(28.1744,258.113,1.895)	55.167	-66.901
12.314938057924	0	(25.6819,171.556,1.895)	141.735	-87.9255
12.330686788412	8	(27.4336,337.482,1.895)	24.206	-62.7854
12.337624808447	3	(28.4196,231.837,1.895)	81.4439	-71.6096
12.337166061508	5	(27.9386,283.373,1.895)	29.9059	-63.6863
12.338344002282	2	(25.185,224.799,1.895)	88.513	-70.3147
12.343004710367	9	(27.2246,359.871,1.895)	46.5956	-71.6894
12.349164134695	6	(24.5584,291.931,1.895)	21.5708	-60.4783
12.404416990746	1	(25.4492,196.494,1.895)	114.823	-75.1505
12.413647731778	4	(28.1928,256.138,1.895)	55.16	-66.9014
12.414938057924	0	(25.7007,169.544,1.895)	141.765	-87.9264
12.430686788412	8	(27.4515,335.57,1.895)	24.2754	-62.6731
12.437624808447	3	(28.4384,229.828,1.895)	81.4712	-71.6003
12.437166061508	5	(27.9566,281.447,1.895)	29.8497	-63.7518
12.438344002282	2	(25.2033,222.841,1.895)	88.489	-70.316
12.443004710367	9	(27.2416,358.049,1.895)	46.7557	-71.7821
12.449164134695	6	(24.5772,289.92,1.895)	21.5993	-60.4915
12.504416990746	1	(25.4677,194.506,1.895)	114.833	-75.1541
12.513647731778	4	(28.2113,254.155,1.895)	55.1657	-66.901
12.514938057924	0	(25.7194,167.539,1.895)	141.793	-87.9272
12.530686788412	8	(27.4693,333.655,1.895)	24.3385	-62.5722
12.537624808447	3	(28.457,227.827,1.895)	81.4946	-71.5923
12.537166061508	5	(27.9746,279.514,1.895)	29.8054	-63.8052
12.538344002282	2	(25.2216,220.873,1.895)	88.4797	-70.3165
12.543004710367	9	(27.2586,356.228,1.895)	46.9122	-71.8466
12.549164134695	6	(24.5959,287.911,1.895)	21.6304	-60.5086
12.604416990746	1	(25.4863,192.514,1.895)	114.84	-75.1566
12.613647731778	4	(28.2297,252.185,1.895)	55.1493	-66.902
12.614938057924	0	(25.7381,165.536,1.895)	141.81	-87.9276
12.630686788412	8	(27.4873,331.734,1.895)	24.4029	-62.4714
12.637624808447	3	(28.4757,225.827,1.895)	81.5083	-71.5877
12.637166061508	5	(27.9927,277.578,1.895)	29.7552	-63.8678
12.638344002282	2	(25.2399,218.91,1.895)	88.4564	-70.3179
12.643004710367	9	(27.2757,354.4,1.895)	47.0704	-71.885
12.649164134695	6	(24.6147,285.904,1.895)	21.6514	-60.5217
12.704416990746	1	(25.5049,190.527,1.895)	114.843	-75.1577
12.713647731778	4	(28.2482,250.208,1.895)	55.1431	-66.9024
12.714938057924	0	(25.7569,163.525,1.895)	141.837	-87.9283
12.730686788412	8	(27.5052,329.807,1.895)	24.4598	-62.385
12.737624808447	3	(28.4944,223.828,1.895)	81.5244	-71.5823
12.737166061508	5	(28.0107,275.646,1.895)	29.7043	-63.9332
12.738344002282	2	(25.2583,216.942,1.895)	88.4407	-70.3188
12.743004710367	9	(27.2928,352.567,1.895)	47.2204	-71.8967
12.749164134695	6	(24.6334,283.897,1.895)	21.6748	-60.5379
12.804416990746	1	(25.5235,188.534,1.895)	114.85	-75.1604
12.813647731778	4	(28.2665,248.24,1.895)	55.1252	-66.9035
12.814938057924	0	(25.7756,161.523,1.895)	141.853	-87.9286
12.830686788412	8	(27.5231,327.889,1.895)	24.5272	-62.2868
12.837624808447	3	(28.5131,221.817,1.895)	81.5487	-71.5741
12.837166061508	5	(28.0288,273.711,1.895)	29.6525	-64.0017
12.838344002282	2	(25.2766,214.984,1.895)	88.4134	-70.3204
12.843004710367	9	(27.31,350.723,1.895)	47.3629	-71.886
12.849164134695	6	(24.6521,281.894,1.895)	21.6908	-60.5499
12.904416990746	1	(25.542,186.549,1.895)	114.852	-75.1608
12.913647731778	4	(28.285,246.263,1.895)	55.1184	-66.9039
12.914938057924	0	(25.7943,159.521,1.895)	141.871	-87.9289
12.930686788412	8	(27.5411,325.961,1.895)	24.5837	-62.2084
12.937624808447	3	(28.5319,219.81,1.895)	81.5726	-71.5661
12.937166061508	5	(28.0468,271.786,1.895)	29.5939	-64.0814
12.938344002282	2	(25.295,213.017,1.895)	88.3969	-70.3214
12.943004710367	9	(27.3271,348.89,1.895)	47.5134	-71.8526
12.949164134695	6	(24.6709,279.882,1.895)	21.7186	-60.5725
13.004416990746	1	(25.5605,184.564,1.895)	114.865	-75.1657
13.013647731778	4	(28.3034,244.286,1.895)	55.1246	-66.9035
13.014938057924	0	(25.813,157.51,1.895)	141.911	-87.9295
13.030686788412	8	(27.5592,324.03,1.895)	24.6233	-62.1559
13.037624808447	3	(28.5506,217.8,1.895)	81.6117	-71.553
13.037166061508	5	(28.0649,269.843,1.895)	29.5658	-64.1204
13.038344002282	2	(25.3133,211.054,1.895)	88.3881	-70.3219
13.043004710367	9	(27.3443,347.046,1.895)	47.6407	-71.8077
13.049164134695	6	(24.6896,277.878,1.895)	21.7517	-60.6024
13.104416990746	1	(25.5791,182.569,1.895)	114.881	-75.1715
13.113647731778	4	(28.322,242.301,1.895)	55.1294	-66.9032
13.114938057924	0	(25.8318,155.504,1.895)	141.938	-87.9298
13.130686788412	8	(27.577,322.118,1.895)	24.691	-62.071
13.137624808447	3	(28.5694,215.789,1.895)	81.6423	-71.5429
13.137166061508	5	(28.083,267.899,1.895)	29.5303	-64.1702
13.138344002282	2	(25.3316,209.095,1.895)	88.3671	-70.3232
13.143004710367	9	(27.3616,345.201,1.895)	47.7756	-71.7447
13.149164134695	6	(24.7082,275.877,1.895)	21.7726	-60.6228
13.204416990746	1	(25.5978,180.572,1.895)	114.892	-75.1755
13.213647731778	4	(28.3404,240.323,1.895)	55.1216	-66.9037
13.214938057924	0	(25.8505,153.498,1.895)	141.958	-87.93
13.230686788412	8	(27.595,320.194,1.895)	24.7521	-62.0004
13.237624808447	3	(28.5881,213.783,1.895)	81.6631	-71.536
13.237166061508	5	(28.1012,265.953,1.895)	29.491	-64.2263
13.238344002282	2	(25.3499,207.127,1.895)	88.3498	-70.3242
13.243004710367	9	(27.3787,343.367,1.895)	47.9266	-71.6569
13.249164134695	6	(24.7269,273.878,1.895)	21.7861	-60.6367
13.304416990746	1	(25.6164,178.576,1.895)	114.908	-75.1813
13.313647731778	4	(28.3589,238.346,1.895)	55.1181	-66.9039
13.314938057924	0	(25.8692,151.496,1.895)	141.98	-87.9301
13.330686788412	8	(27.613,318.258,1.895)	24.7967	-61.9524
13.337624808447	3	(28.6069,211.776,1.895)	81.6893	-71.5274
13.337166061508	5	(28.1193,264.018,1.895)	29.4451	-64.2925
13.338344002282	2	(25.3684,205.15,1.895)	88.3471	-70.3244
13.343004710367	9	(27.3959,341.521,1.895)	48.0606	-71.5654
13.349164134695	6	(24.7456,271.875,1.895)	21.8079	-60.6602
13.404416990746	1	(25.635,176.586,1.895)	114.922	-75.1865
13.413647731778	4	(28.3773,236.367,1.895)	55.1217	-66.9037
13.414938057924	0	(25.8879,149.484,1.895)	142.016	-87.9302
13.430686788412	8	(27.631,316.332,1.895)	24.8463	-61.9029
13.437624808447	3	(28.6256,209.772,1.895)	81.7175	-71.5181
13.437166061508	5	(28.1374,262.072,1.895)	29.4162	-64.3347
13.438344002282	2	(25.3867,203.182,1.895)	88.3389	-70.3249
13.443004710367	9	(27.4133,339.656,1.895)	48.1714	-71.4812
13.449164134695	6	(24.7643,269.874,1.895)	21.8338	-60.6898
13.504416990746	1	(25.6537,174.585,1.895)	114.937	-75.1921
13.513647731778	4	(28.3958,234.392,1.895)	55.1105	-66.9044
13.514938057924	0	(25.9067,147.474,1.895)	142.04	-87.9302
13.530686788412	8	(27.6489,314.413,1.895)	24.9141	-61.8419
13.537624808447	3	(28.6442,207.772,1.895)	81.7317	-71.5135
13.537166061508	5	(28.1555,260.133,1.895)	29.3691	-64.4041
13.538344002282	2	(25.4052,201.209,1.895)	88.326	-70.3257
13.543004710367	9	(27.4306,337.806,1.895)	48.3073	-71.3686
13.549164134695	6	(24.783,267.87,1.895)	21.8515	-60.7111
13.604416990746	1	(25.6722,172.595,1.895)	114.951	-75.1969
13.613647731778	4	(28.4142,232.419,1.895)	55.1069	-66.9046
13.614938057924	0	(25.9254,145.475,1.895)	142.062	-87.9301
13.630686788412	8	(27.6669,312.485,1.895)	24.9625	-61.8033
13.637624808447	3	(28.663,205.763,1.895)	81.7647	-71.5028
13.637166061508	5	(28.1736,258.194,1.895)	29.3308	-64.4609
13.638344002282	2	(25.4236,199.234,1.895)	88.325	-70.3257
13.643004710367	9	(27.4478,335.959,1.895)	48.4369	-71.2531
13.649164134695	6	(24.8017,265.868,1.895)	21.8768	-60.7431
13.704416990746	1	(25.6907,170.611,1.895)	114.963	-75.2015
13.713647731778	4	(28.4327,230.431,1.895)	55.1243	-66.9035
13.714938057924	0	(25.9441,143.467,1.895)	142.1	-87.9299
13.730686788412	8	(27.6849,310.557,1.895)	25.006	-61.7721
13.737624808447	3	(28.6817,203.76,1.895)	81.7958	-71.4928
13.737166061508	5	(28.1917,256.261,1.895)	29.2932	-64.5171
13.738344002282	2	(25.442,197.26,1.895)	88.327	-70.3256
13.743004710367	9	(27.4652,334.102,1.895)	48.5517	-71.1451
13.749164134695	6	(24.8204,263.862,1.895)	21.9106	-60.7884
13.804416990746	1	(25.7093,168.619,1.895)	114.986	-75.21
13.813647731778	4	(28.4512,228.456,1.895)	55.1307	-66.9031
13.814938057924	0	(25.9628,141.458,1.895)	142.14	-87.9294
13.830686788412	8	(27.7029,308.63,1.895)	25.047	-61.7459
13.837624808447	3	(28.7004,201.75,1.895)	81.8375	-71.4793
13.837166061508	5	(28.2099,254.312,1.895)	29.2734	-64.5467
13.838344002282	2	(25.4603,195.3,1.895)	88.3186	-70.3261
13.843004710367	9	(27.4825,332.248,1.895)	48.6662	-71.033
13.849164134695	6	(24.8391,261.858,1.895)	21.9459	-60.8388
13.904416990746	1	(25.728,166.625,1.895)	115.002	-75.2156
13.913647731778	4	(28.4698,226.466,1.895)	55.1419	-66.9024
13.914938057924	0	(25.9816,139.453,1.895)	142.166	-87.929
13.930686788412	8	(27.7209,306.705,1.895)	25.1012	-61.7159
13.937624808447	3	(28.7192,199.742,1.895)	81.8666	-71.4701
13.937166061508	5	(28.2279,252.376,1.895)	29.2305	-64.611
13.938344002282	2	(25.4787,193.326,1.895)	88.314	-70.3264
13.943004710367	9	(27.4998,330.392,1.895)	48.789	-70.9089
13.949164134695	6	(24.8578,259.856,1.895)	21.9686	-60.873
14.004416990746	1	(25.7466,164.63,1.895)	115.028	-75.2252
14.013647731778	4	(28.4883,224.475,1.895)	55.1637	-66.9012
14.014938057924	0	(26.0003,137.448,1.895)	142.202	-87.9283
14.030686788412	8	(27.7389,304.773,1.895)	25.138	-61.6987
14.037624808447	3	(28.7378,197.742,1.895)	81.8981	-71.4601
14.037166061508	5	(28.2462,250.419,1.895)	29.219	-64.6282
14.038344002282	2	(25.4971,191.358,1.895)	88.3135	-70.3265
14.043004710367	9	(27.5172,328.527,1.895)	48.8929	-70.8012
14.049164134695	6	(24.8765,257.855,1.895)	22.0006	-60.9233
14.104416990746	1	(25.7652,162.633,1.895)	115.036	-75.2282
14.113647731778	4	(28.5068,222.493,1.895)	55.1572	-66.9015
14.114938057924	0	(26.0191,135.436,1.895)	142.225	-87.9278
14.130686788412	8	(27.7568,302.855,1.895)	25.2081	-61.6728
14.137624808447	3	(28.7566,195.73,1.895)	81.9212	-71.4527
14.137166061508	5	(28.2644,248.465,1.895)	29.1844	-64.6801
14.138344002282	2	(25.5155,189.383,1.895)	88.2999	-70.3273
14.143004710367	9	(27.5346,326.663,1.895)	49.0171	-70.6703
14.149164134695	6	(24.8952,255.847,1.895)	22.0199	-60.9549
14.204416990746	1	(25.7839,160.633,1.895)	115.054	-75.2348
14.213647731778	4	(28.5253,220.509,1.895)	55.159	-66.9014
14.214938057924	0	(26.0377,133.433,1.895)	142.246	-87.9273
14.230686788412	8	(27.7749,300.918,1.895)	25.2535	-61.6609
14.237624808447	3	(28.7754,193.723,1.895)	81.9465	-71.4448
14.237166061508	5	(28.2826,246.52,1.895)	29.1473	-64.7355
14.238344002282	2	(25.534,187.405,1.895)	88.2949	-70.3276
14.243004710367	9	(27.5519,324.807,1.895)	49.1438	-70.535
14.249164134695	6	(24.9139,253.847,1.895)	22.0377	-60.9849
14.304416990746	1	(25.8025,158.639,1.895)	115.066	-75.2391
14.313647731778	4	(28.5439,218.522,1.895)	55.1634	-66.9012
14.314938057924	0	(26.0565,131.429,1.895)	142.268	-87.9267
14.330686788412	8	(27.793,298.975,1.895)	25.2925	-61.6539
14.337624808447	3	(28.7941,191.719,1.895)	81.9681	-71.438
14.337166061508	5	(28.3008,244.564,1.895)	29.1205	-64.7754
14.338344002282	2	(25.5525,185.423,1.895)	88.2954	-70.3276
14.343004710367	9	(27.5693,322.939,1.895)	49.2581	-70.412
14.349164134695	6	(24.9325,251.845,1.895)	22.0565	-61.0173
14.404416990746	1	(25.821,156.653,1.895)	115.065	-75.2386
14.413647731778	4	(28.5624,216.543,1.895)	55.1554	-66.9016
14.414938057924	0	(26.0752,129.42,1.895)	142.289	-87.9261
14.430686788412	8	(27.8111,297.036,1.895)	25.3413	-61.649
14.437624808447	3	(28.8128,189.714,1.895)	81.9861	-71.4324
14.437166061508	5	(28.319,242.614,1.895)	29.083	-64.8309
14.438344002282	2	(25.571,183.446,1.895)	88.2852	-70.3282
14.443004710367	9	(27.5869,321.055,1.895)	49.3613	-70.3007
14.449164134695	6	(24.9513,249.834,1.895)	22.0801	-61.0591
14.504416990746	1	(25.8396,154.659,1.895)	115.077	-75.2431
14.513647731778	4	(28.5808,214.563,1.895)	55.1542	-66.9017
14.514938057924	0	(26.0939,127.42,1.895)	142.308	-87.9255
14.530686788412	8	(27.8292,295.098,1.895)	25.3847	-61.6485
14.537624808447	3	(28.8314,187.714,1.895)	82.0044	-71.4267
14.537166061508	5	(28.3372,240.67,1.895)	29.0456	-64.8857
14.538344002282	2	(25.5894,181.473,1.895)	88.2761	-70.3288
14.543004710367	9	(27.6045,319.177,1.895)	49.4644	-70.1894
14.549164134695	6	(24.9701,247.824,1.895)	22.1086	-61.1111
14.604416990746	1	(25.8582,152.675,1.895)	115.082	-75.245
14.613647731778	4	(28.5994,212.58,1.895)	55.1577	-66.9015
14.614938057924	0	(26.1126,125.411,1.895)	142.339	-87.9244
14.630686788412	8	(27.8473,293.157,1.895)	25.4228	-61.6509
14.637624808447	3	(28.8502,185.703,1.895)	82.0362	-71.4168
14.637166061508	5	(28.3554,238.716,1.895)	29.0213	-64.9208
14.638344002282	2	(25.6078,179.499,1.895)	88.2714	-70.3291
14.643004710367	9	(27.622,317.295,1.895)	49.5613	-70.0852
14.649164134695	6	(24.9888,245.813,1.895)	22.1398	-61.1703
14.704416990746	1	(25.8768,150.674,1.895)	115.094	-75.2493
14.713647731778	4	(28.6179,210.595,1.895)	55.153	-66.9018
14.714938057924	0	(26.1313,123.408,1.895)	142.352	-87.924
14.730686788412	8	(27.8654,291.216,1.895)	25.471	-61.6579
14.737624808447	3	(28.8689,183.696,1.895)	82.0532	-71.4115
14.737166061508	5	(28.3736,236.766,1.895)	28.9812	-64.9783
14.738344002282	2	(25.6262,177.528,1.895)	88.253	-70.3303
14.743004710367	9	(27.6396,315.413,1.895)	49.6689	-69.9701
14.749164134695	6	(25.0075,243.813,1.895)	22.1506	-61.1911
14.804416990746	1	(25.8955,148.677,1.895)	115.109	-75.255
14.813647731778	4	(28.6364,208.607,1.895)	55.1594	-66.9014
14.814938057924	0	(26.1501,121.399,1.895)	142.379	-87.9229
14.830686788412	8	(27.8836,289.263,1.895)	25.5	-61.6642
14.837624808447	3	(28.8876,181.692,1.895)	82.0761	-71.4045
14.837166061508	5	(28.3919,234.808,1.895)	28.9578	-65.0113
14.838344002282	2	(25.6447,175.547,1.895)	88.2519	-70.3303
14.843004710367	9	(27.6572,313.527,1.895)	49.7649	-69.8682
14.849164134695	6	(25.0263,241.803,1.895)	22.1787	-61.2468
14.904416990746	1	(25.9141,146.686,1.895)	115.109	-75.2551
14.913647731778	4	(28.6549,206.625,1.895)	55.1511	-66.9019
14.914938057924	0	(26.1688,119.395,1.895)	142.393	-87.9223
14.930686788412	8	(27.9018,287.318,1.895)	25.5459	-61.6774
14.937624808447	3	(28.9064,179.686,1.895)	82.0906	-71.4
14.937166061508	5	(28.4102,232.849,1.895)	28.926	-65.0556
14.938344002282	2	(25.6631,173.574,1.895)	88.2341	-70.3315
14.943004710367	9	(27.6748,311.635,1.895)	49.8636	-69.7644
14.949164134695	6	(25.045,239.792,1.895)	22.198	-61.2859
15.004416990746	1	(25.9326,144.696,1.895)	115.108	-75.2545
15.013647731778	4	(28.6735,204.637,1.895)	55.1479	-66.9021
15.014938057924	0	(26.1874,117.394,1.895)	142.401	-87.9219
15.030686788412	8	(27.9199,285.375,1.895)	25.594	-61.6954
15.037624808447	3	(28.925,177.685,1.895)	82.1005	-71.397
15.037166061508	5	(28.4284,230.895,1.895)	28.8887	-65.1063
15.038344002282	2	(25.6815,171.6,1.895)	88.2163	-70.3326
15.043004710367	9	(27.6925,309.744,1.895)	49.9644	-69.6595
15.049164134695	6	(25.0637,237.789,1.895)	22.2102	-61.3109
15.104416990746	1	(25.9512,142.711,1.895)	115.106	-75.254
15.113647731778	4	(28.692,202.655,1.895)	55.1432	-66.9024
15.114938057924	0	(26.2062,115.388,1.895)	142.421	-87.9211
15.130686788412	8	(27.9382,283.419,1.895)	25.6239	-61.7088
15.137624808447	3	(28.9438,175.674,1.895)	82.1257	-71.3893
15.137166061508	5	(28.4468,228.929,1.895)	28.8683	-65.1335
15.138344002282	2	(25.7,169.625,1.895)	88.2058	-70.3333
15.143004710367	9	(27.7102,307.851,1.895)	50.0575	-69.5639
15.149164134695	6	(25.0825,235.781,1.895)	22.2314	-61.3551
15.204416990746	1	(25.9698,140.712,1.895)	115.12	-75.259
15.213647731778	4	(28.7106,200.663,1.895)	55.1498	-66.902
15.214938057924	0	(26.2249,113.386,1.895)	142.438	-87.9203
15.230686788412	8	(27.9563,281.478,1.895)	25.6683	-61.7316
15.237624808447	3	(28.9625,173.674,1.895)	82.1397	-71.385
15.237166061508	5	(28.4651,226.969,1.895)	28.8428	-65.167
15.238344002282	2	(25.7183,167.659,1.895)	88.1867	-70.3346
15.243004710367	9	(27.7279,305.95,1.895)	50.142	-69.4781
15.249164134695	6	(25.1012,233.771,1.895)	22.2555	-61.4063
15.304416990746	1	(25.9883,138.726,1.895)	115.114	-75.2568
15.313647731778	4	(28.7291,198.681,1.895)	55.1399	-66.9026
15.314938057924	0	(26.2436,111.375,1.895)	142.458	-87.9193
15.330686788412	8	(27.9745,279.53,1.895)	25.7127	-61.758
15.337624808447	3	(28.9812,171.671,1.895)	82.1516	-71.3814
15.337166061508	5	(28.4834,225.006,1.895)	28.8135	-65.2045
15.338344002282	2	(25.7368,165.674,1.895)	88.1793	-70.335
15.343004710367	9	(27.7455,304.06,1.895)	50.2439	-69.3763
15.349164134695	6	(25.1199,231.769,1.895)	22.2656	-61.4279
15.404416990746	1	(26.007,136.727,1.895)	115.126	-75.2613
15.413647731778	4	(28.7477,196.69,1.895)	55.1447	-66.9023
15.414938057924	0	(26.2624,109.369,1.895)	142.477	-87.9183
15.430686788412	8	(27.9927,277.577,1.895)	25.7454	-61.7797
15.437624808447	3	(28.9999,169.665,1.895)	82.1708	-71.3756
15.437166061508	5	(28.5016,223.053,1.895)	28.7807	-65.2452
15.438344002282	2	(25.7553,163.698,1.895)	88.1691	-70.3357
15.443004710367	9	(27.7632,302.165,1.895)	50.3353	-69.2863
15.449164134695	6	(25.1387,229.761,1.895)	22.2867	-61.4739
15.504416990746	1	(26.0257,134.727,1.895)	115.144	-75.2679
15.513647731778	4	(28.7663,194.696,1.895)	55.1567	-66.9016
15.514938057924	0	(26.281,107.37,1.895)	142.494	-87.9175
15.530686788412	8	(28.0109,275.625,1.895)	25.7759	-61.8017
15.537624808447	3	(29.0187,167.653,1.895)	82.2003	-71.3667
15.537166061508	5	(28.5199,221.091,1.895)	28.7602	-65.2699
15.538344002282	2	(25.7738,161.712,1.895)	88.1732	-70.3354
15.543004710367	9	(27.7809,300.271,1.895)	50.4236	-69.2008
15.549164134695	6	(25.1574,227.756,1.895)	22.31	-61.5256
15.604416990746	1	(26.0442,132.742,1.895)	115.138	-75.2654
15.613647731778	4	(28.7849,192.703,1.895)	55.1575	-66.9015
15.614938057924	0	(26.2997,105.364,1.895)	142.508	-87.9167
15.630686788412	8	(28.0291,273.681,1.895)	25.8246	-61.8403
15.637624808447	3	(29.0374,165.646,1.895)	82.2159	-71.362
15.637166061508	5	(28.5383,219.123,1.895)	28.7361	-65.2982
15.638344002282	2	(25.7924,159.723,1.895)	88.1701	-70.3356
15.643004710367	9	(27.7987,298.368,1.895)	50.5124	-69.1163
15.649164134695	6	(25.1761,225.745,1.895)	22.3279	-61.5657
15.704416990746	1	(26.0628,130.744,1.895)	115.147	-75.2691
15.713647731778	4	(28.8035,190.705,1.895)	55.1672	-66.901
15.714938057924	0	(26.3184,103.362,1.895)	142.522	-87.9159
15.730686788412	8	(28.0473,271.728,1.895)	25.8593	-61.8702
15.737624808447	3	(29.0561,163.638,1.895)	82.2358	-71.356
15.737166061508	5	(28.5566,217.156,1.895)	28.7156	-65.3216
15.738344002282	2	(25.8108,157.746,1.895)	88.1588	-70.3364
15.743004710367	9	(27.8163,296.479,1.895)	50.6115	-69.0237
15.749164134695	6	(25.1949,223.739,1.895)	22.3464	-61.6078
15.804416990746	1	(26.0814,128.757,1.895)	115.15	-75.27
15.813647731778	4	(28.8221,188.718,1.895)	55.1703	-66.9008
15.814938057924	0	(26.3372,101.35,1.895)	142.549	-87.9143
15.830686788412	8	(28.0655,269.779,1.895)	25.8945	-61.9029
15.837624808447	3	(29.0749,161.626,1.895)	82.2633	-71.3478
15.837166061508	5	(28.5751,215.184,1.895)	28.7034	-65.3352
15.838344002282	2	(25.8293,155.766,1.895)	88.155	-70.3367
15.843004710367	9	(27.8341,294.575,1.895)	50.6917	-68.9501
15.849164134695	6	(25.2136,221.736,1.895)	22.3649	-61.6502
15.904416990746	1	(26.1,126.76,1.895)	115.155	-75.272
15.913647731778	4	(28.8407,186.726,1.895)	55.1704	-66.9008
15.914938057924	0	(26.3559,99.3467,1.895)	142.561	-87.9136
15.930686788412	8	(28.0836,267.834,1.895)	25.9415	-61.9497
15.937624808447	3	(29.0936,159.623,1.895)	82.2743	-71.3445
15.937166061508	5	(28.5934,213.219,1.895)	28.6758	-65.3652
15.938344002282	2	(25.8478,153.786,1.895)	88.1429	-70.3375
15.943004710367	9	(27.8518,292.67,1.895)	50.7785	-68.872
15.949164134695	6	(25.2323,219.725,1.895)	22.3833	-61.6927
16.004416990746	1	(26.1187,124.765,1.895)	115.165	-75.2755
16.013647731778	4	(28.8592,184.735,1.895)	55.1755	-66.9005
16.014938057924	0	(26.3746,97.3432,1.895)	142.579	-87.9125
16.030686788412	8	(28.1019,265.881,1.895)	25.9737	-61.9839
16.037624808447	3	(29.1123,157.617,1.895)	82.2943	-71.3386
16.037166061508	5	(28.6117,211.256,1.895)	28.6538	-65.3881
16.038344002282	2	(25.8663,151.806,1.895)	88.1375	-70.3378
16.043004710367	9	(27.8695,290.774,1.895)	50.8677	-68.7932
16.049164134695	6	(25.251,217.724,1.895)	22.3988	-61.7289
16.104416990746	1	(26.1373,122.771,1.895)	115.173	-75.2783
16.113647731778	4	(28.8779,182.741,1.895)	55.1833	-66.9001
16.114938057924	0	(26.3933,95.34,1.895)	142.595	-87.9115
16.130686788412	8	(28.1201,263.928,1.895)	26.0079	-62.0222
16.137624808447	3	(29.131,155.613,1.895)	82.3122	-71.3333
16.137166061508	5	(28.6301,209.285,1.895)	28.6379	-65.4041
16.138344002282	2	(25.8848,149.822,1.895)	88.1341	-70.3381
16.143004710367	9	(27.8873,288.872,1.895)	50.9521	-68.7203
16.149164134695	6	(25.2698,215.715,1.895)	22.4207	-61.7805
16.204416990746	1	(26.1559,120.777,1.895)	115.172	-75.2781
16.213647731778	4	(28.8965,180.744,1.895)	55.1858	-66.8999
16.214938057924	0	(26.412,93.3319,1.895)	142.609	-87.9105
16.230686788412	8	(28.1383,261.977,1.895)	26.0506	-62.0727
16.237624808447	3	(29.1497,153.612,1.895)	82.319	-71.3313
16.237166061508	5	(28.6485,207.31,1.895)	28.6189	-65.4227
16.238344002282	2	(25.9032,147.846,1.895)	88.117	-70.3392
16.243004710367	9	(27.9051,286.962,1.895)	51.0367	-68.6486
16.249164134695	6	(25.2885,213.707,1.895)	22.435	-61.8143
16.304416990746	1	(26.1745,118.783,1.895)	115.171	-75.2777
16.313647731778	4	(28.915,178.757,1.895)	55.1773	-66.9004
16.314938057924	0	(26.4308,91.3228,1.895)	142.623	-87.9096
16.330686788412	8	(28.1566,260.014,1.895)	26.0827	-62.1126
16.337624808447	3	(29.1684,151.606,1.895)	82.3299	-71.3281
16.337166061508	5	(28.6669,205.341,1.895)	28.5928	-65.4471
16.338344002282	2	(25.9217,145.869,1.895)	88.098	-70.3405
16.343004710367	9	(27.923,285.05,1.895)	51.1201	-68.5794
16.349164134695	6	(25.3072,211.701,1.895)	22.4454	-61.8392
16.404416990746	1	(26.1932,116.778,1.895)	115.181	-75.2813
16.413647731778	4	(28.9336,176.771,1.895)	55.1687	-66.9009
16.414938057924	0	(26.4495,89.3138,1.895)	142.637	-87.9087
16.430686788412	8	(28.1749,258.053,1.895)	26.1172	-62.1573
16.437624808447	3	(29.1872,149.598,1.895)	82.3431	-71.3242
16.437166061508	5	(28.6852,203.378,1.895)	28.5608	-65.4751
16.438344002282	2	(25.9402,143.884,1.895)	88.0885	-70.3411
16.443004710367	9	(27.9409,283.128,1.895)	51.1933	-68.52
16.449164134695	6	(25.3259,209.696,1.895)	22.4555	-61.8632
16.504416990746	1	(26.2119,114.774,1.895)	115.202	-75.289
16.513647731778	4	(28.9522,174.774,1.895)	55.1823	-66.9001
16.514938057924	0	(26.4683,87.3022,1.895)	142.666	-87.9066
16.530686788412	8	(28.1933,256.089,1.895)	26.1354	-62.1817
16.537624808447	3	(29.2059,147.589,1.895)	82.3693	-71.3165
16.537166061508	5	(28.7036,201.408,1.895)	28.5477	-65.486
16.538344002282	2	(25.9588,141.889,1.895)	88.1001	-70.3404
16.543004710367	9	(27.9587,281.216,1.895)	51.2643	-68.4633
16.549164134695	6	(25.3446,207.696,1.895)	22.4721	-61.903
16.604416990746	1	(26.2306,112.774,1.895)	115.216	-75.2941
16.613647731778	4	(28.9708,172.781,1.895)	55.1894	-66.8997
16.614938057924	0	(26.4871,85.2933,1.895)	142.688	-87.905
16.630686788412	8	(28.2116,254.129,1.895)	26.162	-62.2183
16.637624808447	3	(29.2246,145.585,1.895)	82.3863	-71.3116
16.637166061508	5	(28.722,199.437,1.895)	28.5325	-65.4982
16.638344002282	2	(25.9774,139.895,1.895)	88.1075	-70.3398
16.643004710367	9	(27.9767,279.292,1.895)	51.3261	-68.4149
16.649164134695	6	(25.3633,205.692,1.895)	22.4897	-61.9457
16.704416990746	1	(26.2492,110.773,1.895)	115.227	-75.2985
16.713647731778	4	(28.9894,170.793,1.895)	55.1889	-66.8998
16.714938057924	0	(26.5058,83.2854,1.895)	142.707	-87.9035
16.730686788412	8	(28.2298,252.173,1.895)	26.1945	-62.2643
16.737624808447	3	(29.2433,143.585,1.895)	82.3975	-71.3083
16.737166061508	5	(28.7404,197.467,1.895)	28.5132	-65.5129
16.738344002282	2	(25.9959,137.913,1.895)	88.1008	-70.3403
16.743004710367	9	(27.9946,277.37,1.895)	51.393	-68.3634
16.749164134695	6	(25.382,203.686,1.895)	22.5063	-61.9858
16.804416990746	1	(26.268,108.768,1.895)	115.24	-75.3031
16.813647731778	4	(29.0079,168.806,1.895)	55.1827	-66.9001
16.814938057924	0	(26.5245,81.2797,1.895)	142.72	-87.9025
16.830686788412	8	(28.2481,250.215,1.895)	26.23	-62.3165
16.837624808447	3	(29.262,141.579,1.895)	82.411	-71.3044
16.837166061508	5	(28.7587,195.504,1.895)	28.4836	-65.5338
16.838344002282	2	(26.0145,135.921,1.895)	88.1002	-70.3403
16.843004710367	9	(28.0126,275.449,1.895)	51.4652	-68.3089
16.849164134695	6	(25.4008,201.679,1.895)	22.5204	-62.02
16.904416990746	1	(26.2866,106.771,1.895)	115.254	-75.3084
16.913647731778	4	(29.0265,166.816,1.895)	55.1895	-66.8997
16.914938057924	0	(26.5433,79.2734,1.895)	142.743	-87.9007
16.930686788412	8	(28.2665,248.247,1.895)	26.2454	-62.3398
16.937624808447	3	(29.2807,139.58,1.895)	82.427	-71.2998
16.937166061508	5	(28.7771,193.532,1.895)	28.4724	-65.5412
16.938344002282	2	(26.0331,133.928,1.895)	88.1097	-70.3397
16.943004710367	9	(28.0304,273.539,1.895)	51.5382	-68.255
16.949164134695	6	(25.4195,199.673,1.895)	22.543	-62.0753
17.004416990746	1	(26.3053,104.771,1.895)	115.263	-75.3115
17.013647731778	4	(29.0451,164.826,1.895)	55.1889	-66.8998
17.014938057924	0	(26.562,77.2699,1.895)	142.756	-87.8997
17.030686788412	8	(28.2848,246.287,1.895)	26.276	-62.3869
17.037624808447	3	(29.2994,137.57,1.895)	82.4463	-71.2942
17.037166061508	5	(28.7955,191.564,1.895)	28.4493	-65.5555
17.038344002282	2	(26.0516,131.947,1.895)	88.1007	-70.3403
17.043004710367	9	(28.0484,271.608,1.895)	51.5976	-68.212
17.049164134695	6	(25.4382,197.673,1.895)	22.5522	-62.0978
17.104416990746	1	(26.3239,102.772,1.895)	115.281	-75.3181
17.113647731778	4	(29.0637,162.834,1.895)	55.2001	-66.8992
17.114938057924	0	(26.5807,75.2663,1.895)	142.779	-87.8978
17.130686788412	8	(28.303,244.327,1.895)	26.297	-62.4202
17.137624808447	3	(29.3182,135.561,1.895)	82.4745	-71.2861
17.137166061508	5	(28.8139,189.594,1.895)	28.4384	-65.5618
17.138344002282	2	(26.0702,129.961,1.895)	88.1053	-70.34
17.143004710367	9	(28.0663,269.694,1.895)	51.6645	-68.1644
17.149164134695	6	(25.4568,195.673,1.895)	22.5709	-62.1435
17.204416990746	1	(26.3425,100.781,1.895)	115.283	-75.3191
17.213647731778	4	(29.0823,160.831,1.895)	55.2144	-66.8984
17.214938057924	0	(26.5994,73.2599,1.895)	142.797	-87.8963
17.230686788412	8	(28.3212,242.378,1.895)	26.3359	-62.4833
17.237624808447	3	(29.3369,133.552,1.895)	82.4942	-71.2804
17.237166061508	5	(28.8323,187.624,1.895)	28.4204	-65.5715
17.238344002282	2	(26.0887,127.978,1.895)	88.1	-70.3404
17.243004710367	9	(28.0843,267.768,1.895)	51.727	-68.1208
17.249164134695	6	(25.4756,193.666,1.895)	22.5898	-62.1896
17.304416990746	1	(26.3612,98.7769,1.895)	115.304	-75.3269
17.313647731778	4	(29.1009,158.839,1.895)	55.2233	-66.898
17.314938057924	0	(26.6181,71.2531,1.895)	142.82	-87.8942
17.330686788412	8	(28.3396,240.411,1.895)	26.353	-62.5116
17.337624808447	3	(29.3557,131.541,1.895)	82.5221	-71.2725
17.337166061508	5	(28.8507,185.646,1.895)	28.4153	-65.5742
17.338344002282	2	(26.1072,125.995,1.895)	88.0998	-70.3404
17.343004710367	9	(28.1021,265.855,1.895)	51.7974	-68.0727
17.349164134695	6	(25.4943,191.656,1.895)	22.6154	-62.2525
17.404416990746	1	(26.3799,96.7767,1.895)	115.317	-75.3315
17.413647731778	4	(29.1196,156.834,1.895)	55.24	-66.8972
17.414938057924	0	(26.6368,69.2481,1.895)	142.837	-87.8926
17.430686788412	8	(28.3579,238.451,1.895)	26.3805	-62.5582
17.437624808447	3	(29.3745,129.53,1.895)	82.5454	-71.2659
17.437166061508	5	(28.8691,183.677,1.895)	28.3967	-65.5831
17.438344002282	2	(26.1258,124.003,1.895)	88.1042	-70.3401
17.443004710367	9	(28.1201,263.93,1.895)	51.8606	-68.0305
17.449164134695	6	(25.513,189.652,1.895)	22.6321	-62.2931
17.504416990746	1	(26.3985,94.7795,1.895)	115.332	-75.3371
17.513647731778	4	(29.1383,154.832,1.895)	55.2605	-66.8963
17.514938057924	0	(26.6555,67.2428,1.895)	142.861	-87.8905
17.530686788412	8	(28.3763,236.483,1.895)	26.3948	-62.5826
17.537624808447	3	(29.3932,127.52,1.895)	82.5734	-71.2579
17.537166061508	5	(28.8877,181.688,1.895)	28.4033	-65.5801
17.538344002282	2	(26.1444,122.011,1.895)	88.1136	-70.3394
17.543004710367	9	(28.138,262.012,1.895)	51.9244	-67.9886
17.549164134695	6	(25.5317,187.648,1.895)	22.6537	-62.3458
17.604416990746	1	(26.4171,92.7847,1.895)	115.331	-75.3367
17.613647731778	4	(29.1569,152.839,1.895)	55.2578	-66.8964
17.614938057924	0	(26.6743,65.2323,1.895)	142.875	-87.8891
17.630686788412	8	(28.3945,234.529,1.895)	26.4362	-62.6553
17.637624808447	3	(29.412,125.513,1.895)	82.5849	-71.2547
17.637166061508	5	(28.9062,179.699,1.895)	28.3962	-65.5834
17.638344002282	2	(26.1628,120.031,1.895)	88.0977	-70.3405
17.643004710367	9	(28.156,260.083,1.895)	51.9913	-67.9457
17.649164134695	6	(25.5504,185.646,1.895)	22.6594	-62.3597
17.704416990746	1	(26.4359,90.7761,1.895)	115.341	-75.3404
17.713647731778	4	(29.1755,150.849,1.895)	55.2492	-66.8968
17.714938057924	0	(26.693,63.2307,1.895)	142.878	-87.8888
17.730686788412	8	(28.4129,232.553,1.895)	26.4584	-62.6952
17.737624808447	3	(29.4307,123.503,1.895)	82.596	-71.2516
17.737166061508	5	(28.9247,177.724,1.895)	28.3728	-65.5934
17.738344002282	2	(26.1814,118.043,1.895)	88.0878	-70.3412
17.743004710367	9	(28.1739,258.169,1.895)	52.0757	-67.893
17.749164134695	6	(25.5691,183.641,1.895)	22.6658	-62.3753
17.804416990746	1	(26.4545,88.7798,1.895)	115.346	-75.3424
17.813647731778	4	(29.1942,148.851,1.895)	55.2557	-66.8965
17.814938057924	0	(26.7117,61.2259,1.895)	142.892	-87.8875
17.830686788412	8	(28.4314,230.575,1.895)	26.4718	-62.7196
17.837624808447	3	(29.4494,121.498,1.895)	82.6102	-71.2476
17.837166061508	5	(28.9431,175.753,1.895)	28.3525	-65.6009
17.838344002282	2	(26.2001,116.043,1.895)	88.0968	-70.3406
17.843004710367	9	(28.1919,256.232,1.895)	52.1298	-67.8599
17.849164134695	6	(25.5878,181.637,1.895)	22.6795	-62.4086
17.904416990746	1	(26.4731,86.7877,1.895)	115.357	-75.3464
17.913647731778	4	(29.2127,146.861,1.895)	55.2647	-66.8961
17.914938057924	0	(26.7304,59.2252,1.895)	142.912	-87.8856
17.930686788412	8	(28.4498,228.604,1.895)	26.4821	-62.7384
17.937624808447	3	(29.4681,119.496,1.895)	82.6309	-71.2418
17.937166061508	5	(28.9615,173.776,1.895)	28.3485	-65.6023
17.938344002282	2	(26.2187,114.05,1.895)	88.1077	-70.3398
17.943004710367	9	(28.2101,254.289,1.895)	52.1676	-67.8372
17.949164134695	6	(25.6065,179.637,1.895)	22.6978	-62.4528
18.004416990746	1	(26.4918,84.7887,1.895)	115.368	-75.3504
18.013647731778	4	(29.2313,144.866,1.895)	55.2714	-66.8959
18.014938057924	0	(26.7491,57.2232,1.895)	142.925	-87.8843
18.030686788412	8	(28.4681,226.644,1.895)	26.5098	-62.7898
18.037624808447	3	(29.4868,117.495,1.895)	82.6435	-71.2383
18.037166061508	5	(28.9799,171.802,1.895)	28.3345	-65.6067
18.038344002282	2	(26.2371,112.071,1.895)	88.0994	-70.3404
18.043004710367	9	(28.2281,252.355,1.895)	52.2219	-67.8051
18.049164134695	6	(25.6252,177.635,1.895)	22.7117	-62.4863
18.104416990746	1	(26.5104,82.7892,1.895)	115.378	-75.3543
18.113647731778	4	(29.2499,142.881,1.895)	55.2679	-66.896
18.114938057924	0	(26.7677,55.2234,1.895)	142.936	-87.8832
18.130686788412	8	(28.4865,224.672,1.895)	26.5271	-62.8222
18.137624808447	3	(29.5055,115.496,1.895)	82.6536	-71.2355
18.137166061508	5	(28.9984,169.82,1.895)	28.3271	-65.6087
18.138344002282	2	(26.2557,110.087,1.895)	88.0944	-70.3407
18.143004710367	9	(28.2462,250.422,1.895)	52.278	-67.7726
18.149164134695	6	(25.6439,175.626,1.895)	22.7315	-62.5334
18.204416990746	1	(26.529,80.7981,1.895)	115.376	-75.3534
18.213647731778	4	(29.2684,140.894,1.895)	55.2607	-66.8963
18.214938057924	0	(26.7864,53.2217,1.895)	142.944	-87.8823
18.230686788412	8	(28.5048,222.708,1.895)	26.5569	-62.8791
18.237624808447	3	(29.5242,113.494,1.895)	82.6626	-71.233
18.237166061508	5	(29.0168,167.849,1.895)	28.3047	-65.6142
18.238344002282	2	(26.2742,108.096,1.895)	88.0918	-70.3409
18.243004710367	9	(28.2643,248.478,1.895)	52.3279	-67.7442
18.249164134695	6	(25.6627,173.619,1.895)	22.7442	-62.5636
18.304416990746	1	(26.5477,78.7989,1.895)	115.393	-75.3597
18.313647731778	4	(29.2871,138.896,1.895)	55.2763	-66.8957
18.314938057924	0	(26.8051,51.215,1.895)	142.969	-87.8798
18.330686788412	8	(28.5232,220.739,1.895)	26.5701	-62.9045
18.337624808447	3	(29.5428,111.492,1.895)	82.6822	-71.2275
18.337166061508	5	(29.0352,165.88,1.895)	28.2913	-65.6168
18.338344002282	2	(26.2927,106.116,1.895)	88.0894	-70.3411
18.343004710367	9	(28.2823,246.548,1.895)	52.3801	-67.715
18.349164134695	6	(25.6814,171.608,1.895)	22.7727	-62.6306
18.404416990746	1	(26.5663,76.7987,1.895)	115.408	-75.3654
18.413647731778	4	(29.3056,136.906,1.895)	55.282	-66.8954
18.414938057924	0	(26.8239,49.2062,1.895)	142.993	-87.8773
18.430686788412	8	(28.5415,218.783,1.895)	26.5985	-62.9599
18.437624808447	3	(29.5616,109.48,1.895)	82.7092	-71.2201
18.437166061508	5	(29.0537,163.902,1.895)	28.2851	-65.6178
18.438344002282	2	(26.3113,104.121,1.895)	88.099	-70.3404
18.443004710367	9	(28.3004,244.614,1.895)	52.4313	-67.687
18.449164134695	6	(25.7002,169.597,1.895)	22.7982	-62.6897
18.504416990746	1	(26.5851,74.7924,1.895)	115.429	-75.3732
18.513647731778	4	(29.3243,134.902,1.895)	55.3005	-66.8947
18.514938057924	0	(26.8426,47.2014,1.895)	143.012	-87.8752
18.530686788412	8	(28.5597,216.823,1.895)	26.6244	-63.0114
18.537624808447	3	(29.5804,107.471,1.895)	82.7331	-71.2135
18.537166061508	5	(29.0722,161.922,1.895)	28.2789	-65.6188
18.538344002282	2	(26.3299,102.128,1.895)	88.1068	-70.3399
18.543004710367	9	(28.3184,242.684,1.895)	52.4857	-67.6577
18.549164134695	6	(25.719,167.588,1.895)	22.822	-62.744
18.604416990746	1	(26.6038,72.7873,1.895)	115.445	-75.3791
18.613647731778	4	(29.3431,132.898,1.895)	55.3158	-66.8942
18.614938057924	0	(26.8613,45.1937,1.895)	143.031	-87.8732
18.630686788412	8	(28.5781,214.86,1.895)	26.65	-63.0627
18.637624808447	3	(29.5991,105.46,1.895)	82.754	-71.2078
18.637166061508	5	(29.0907,159.932,1.895)	28.28	-65.6186
18.638344002282	2	(26.3486,100.132,1.895)	88.1138	-70.3394
18.643004710367	9	(28.3363,240.76,1.895)	52.5512	-67.6233
18.649164134695	6	(25.7377,165.582,1.895)	22.8385	-62.7811
18.704416990746	1	(26.6225,70.7839,1.895)	115.45	-75.3808
18.713647731778	4	(29.3618,130.891,1.895)	55.3232	-66.8939
18.714938057924	0	(26.8801,43.1863,1.895)	143.039	-87.8722
18.730686788412	8	(28.5965,212.89,1.895)	26.679	-63.1217
18.737624808447	3	(29.6179,103.454,1.895)	82.7614	-71.2058
18.737166061508	5	(29.1093,157.948,1.895)	28.2655	-65.6204
18.738344002282	2	(26.3672,98.1395,1.895)	88.1075	-70.3399
18.743004710367	9	(28.3544,238.827,1.895)	52.6176	-67.5894
18.749164134695	6	(25.7564,163.574,1.895)	22.848	-62.8025
18.804416990746	1	(26.6411,68.7852,1.895)	115.459	-75.3842
18.813647731778	4	(29.3804,128.892,1.895)	55.3334	-66.8936
18.814938057924	0	(26.8988,41.1825,1.895)	143.053	-87.8706
18.830686788412	8	(28.6149,210.91,1.895)	26.6889	-63.1419
18.837624808447	3	(29.6366,101.445,1.895)	82.7809	-71.2005
18.837166061508	5	(29.1278,155.957,1.895)	28.2667	-65.6202
18.838344002282	2	(26.3857,96.1508,1.895)	88.1066	-70.3399
18.843004710367	9	(28.3725,236.887,1.895)	52.6664	-67.565
18.849164134695	6	(25.7751,161.569,1.895)	22.8631	-62.8355
18.904416990746	1	(26.6597,66.7926,1.895)	115.451	-75.3812
18.913647731778	4	(29.3991,126.891,1.895)	55.3333	-66.8936
18.914938057924	0	(26.9175,39.1792,1.895)	143.056	-87.8703
18.930686788412	8	(28.6333,208.94,1.895)	26.7191	-63.2042
18.937624808447	3	(29.6553,99.4391,1.895)	82.7864	-71.199
18.937166061508	5	(29.1463,153.976,1.895)	28.2476	-65.6217
18.938344002282	2	(26.4043,94.1561,1.895)	88.1007	-70.3403
18.943004710367	9	(28.3907,234.933,1.895)	52.7136	-67.5419
18.949164134695	6	(25.7939,159.559,1.895)	22.8726	-62.8564
19.004416990746	1	(26.6783,64.8006,1.895)	115.446	-75.3795
19.013647731778	4	(29.4178,124.889,1.895)	55.339	-66.8934
19.014938057924	0	(26.9362,37.1772,1.895)	143.061	-87.8697
19.030686788412	8	(28.6518,206.962,1.895)	26.7377	-63.243
19.037624808447	3	(29.6741,97.4328,1.895)	82.7961	-71.1964
19.037166061508	5	(29.1648,151.995,1.895)	28.2318	-65.6222
19.038344002282	2	(26.4229,92.1712,1.895)	88.0889	-70.3411
19.043004710367	9	(28.4088,232.997,1.895)	52.774	-67.5129
19.049164134695	6	(25.8126,157.559,1.895)	22.8756	-62.8629
19.104416990746	1	(26.6969,62.8073,1.895)	115.448	-75.3801
19.113647731778	4	(29.4365,122.889,1.895)	55.3467	-66.8932
19.114938057924	0	(26.9549,35.1728,1.895)	143.074	-87.8682
19.130686788412	8	(28.6703,204.979,1.895)	26.7471	-63.2627
19.137624808447	3	(29.6928,95.4273,1.895)	82.8098	-71.1926
19.137166061508	5	(29.1833,150.011,1.895)	28.2238	-65.6221
19.138344002282	2	(26.4413,90.1924,1.895)	88.076	-70.342
19.143004710367	9	(28.427,231.051,1.895)	52.8198	-67.4914
19.149164134695	6	(25.8312,155.559,1.895)	22.8838	-62.8805
19.204416990746	1	(26.7155,60.8137,1.895)	115.443	-75.3783
19.213647731778	4	(29.4552,120.887,1.895)	55.3509	-66.8931
19.214938057924	0	(26.9736,33.1642,1.895)	143.084	-87.8671
19.230686788412	8	(28.6887,203.011,1.895)	26.7773	-63.3265
19.237624808447	3	(29.7115,93.4221,1.895)	82.8167	-71.1908
19.237166061508	5	(29.2019,148.021,1.895)	28.2154	-65.6219
19.238344002282	2	(26.4598,88.2091,1.895)	88.0609	-70.3431
19.243004710367	9	(28.4451,229.102,1.895)	52.8691	-67.4688
19.249164134695	6	(25.8499,153.555,1.895)	22.8899	-62.8935
19.304416990746	1	(26.7343,58.8063,1.895)	115.456	-75.3833
19.313647731778	4	(29.4737,118.895,1.895)	55.3483	-66.8932
19.314938057924	0	(26.9923,31.1632,1.895)	143.092	-87.8662
19.330686788412	8	(28.7071,201.034,1.895)	26.794	-63.362
19.337624808447	3	(29.7302,91.4172,1.895)	82.8277	-71.1878
19.337166061508	5	(29.2204,146.038,1.895)	28.2045	-65.6212
19.338344002282	2	(26.4784,86.2164,1.895)	88.0598	-70.3431
19.343004710367	9	(28.4632,227.163,1.895)	52.9245	-67.4439
19.349164134695	6	(25.8686,151.551,1.895)	22.8997	-62.9145
19.404416990746	1	(26.7529,56.814,1.895)	115.45	-75.3811
19.413647731778	4	(29.4924,116.899,1.895)	55.3463	-66.8932
19.414938057924	0	(27.011,29.1636,1.895)	143.093	-87.8661
19.430686788412	8	(28.7256,199.056,1.895)	26.8146	-63.4062
19.437624808447	3	(29.7489,89.4181,1.895)	82.8285	-71.1876
19.437166061508	5	(29.2389,144.053,1.895)	28.1914	-65.62
19.438344002282	2	(26.4972,84.2121,1.895)	88.0657	-70.3427
19.443004710367	9	(28.4814,225.214,1.895)	52.973	-67.4226
19.449164134695	6	(25.8874,149.539,1.895)	22.913	-62.9424
19.504416990746	1	(26.7715,54.8227,1.895)	115.446	-75.3796
19.513647731778	4	(29.511,114.901,1.895)	55.3489	-66.8931
19.514938057924	0	(27.0297,27.155,1.895)	143.106	-87.8645
19.530686788412	8	(28.7441,197.076,1.895)	26.8296	-63.4384
19.537624808447	3	(29.7675,87.4168,1.895)	82.8346	-71.1859
19.537166061508	5	(29.2574,142.073,1.895)	28.1756	-65.6178
19.538344002282	2	(26.5156,82.2308,1.895)	88.0519	-70.3437
19.543004710367	9	(28.4996,223.265,1.895)	53.0192	-67.4027
19.549164134695	6	(25.9061,147.535,1.895)	22.9217	-62.9604
19.604416990746	1	(26.7902,52.8169,1.895)	115.467	-75.3874
19.613647731778	4	(29.5296,112.907,1.895)	55.3579	-66.8929
19.614938057924	0	(27.0484,25.1547,1.895)	143.122	-87.8627
19.630686788412	8	(28.7625,195.105,1.895)	26.8428	-63.4671
19.637624808447	3	(29.7863,85.4111,1.895)	82.8555	-71.1803
19.637166061508	5	(29.276,140.083,1.895)	28.1812	-65.6187
19.638344002282	2	(26.5342,80.246,1.895)	88.0519	-70.3437
19.643004710367	9	(28.5178,221.315,1.895)	53.0545	-67.3878
19.649164134695	6	(25.9249,145.526,1.895)	22.9453	-63.0085
19.704416990746	1	(26.8088,50.8188,1.895)	115.469	-75.388
19.713647731778	4	(29.5483,110.911,1.895)	55.3572	-66.8929
19.730686788412	8	(28.7808,193.138,1.895)	26.8732	-63.533
19.737624808447	3	(29.8049,83.4103,1.895)	82.8595	-71.1793
19.737166061508	5	(29.2945,138.1,1.895)	28.1678	-65.6165
19.738344002282	2	(26.5528,78.2491,1.895)	88.0519	-70.3437
19.743004710367	9	(28.536,219.364,1.895)	53.0997	-67.3691
19.749164134695	6	(25.9436,143.521,1.895)	22.9534	-63.0245
19.804416990746	1	(26.8276,48.8082,1.895)	115.493	-75.3968
19.813647731778	4	(29.5668,108.922,1.895)	55.3596	-66.8928
19.830686788412	8	(28.7993,191.156,1.895)	26.8779	-63.5433
19.837624808447	3	(29.8237,81.4008,1.895)	82.8823	-71.1731
19.837166061508	5	(29.313,136.121,1.895)	28.1597	-65.6149
19.838344002282	2	(26.5714,76.2592,1.895)	88.0552	-70.3435
19.843004710367	9	(28.5542,217.418,1.895)	53.1404	-67.3526
19.849164134695	6	(25.9623,141.511,1.895)	22.9765	-63.0697
19.904416990746	1	(26.8464,46.7963,1.895)	115.519	-75.4067
19.913647731778	4	(29.5856,106.914,1.895)	55.3821	-66.8922
19.930686788412	8	(28.8177,189.181,1.895)	26.8877	-63.5648
19.937624808447	3	(29.8424,79.3906,1.895)	82.9072	-71.1665
19.937166061508	5	(29.3314,134.145,1.895)	28.1506	-65.6129
19.938344002282	2	(26.59,74.2619,1.895)	88.0671	-70.3426
19.943004710367	9	(28.5724,215.463,1.895)	53.1711	-67.3403
19.949164134695	6	(25.9811,139.5,1.895)	23.0026	-63.119
20.004416990746	1	(26.8651,44.7946,1.895)	115.54	-75.4145
20.013647731778	4	(29.6043,104.909,1.895)	55.4071	-66.8917
20.030686788412	8	(28.8361,187.213,1.895)	26.9011	-63.5941
20.037624808447	3	(29.8612,77.3852,1.895)	82.9315	-71.1601
20.037166061508	5	(29.35,132.154,1.895)	28.1607	-65.6151
20.038344002282	2	(26.6087,72.2567,1.895)	88.0914	-70.341
20.043004710367	9	(28.5907,213.507,1.895)	53.1958	-67.3306
20.049164134695	6	(25.9999,137.493,1.895)	23.0279	-63.1649
20.104416990746	1	(26.8838,42.7867,1.895)	115.545	-75.4164
20.113647731778	4	(29.6229,102.912,1.895)	55.4008	-66.8918
20.130686788412	8	(28.8545,185.242,1.895)	26.9324	-63.6628
20.137624808447	3	(29.8799,75.3752,1.895)	82.939	-71.1581
20.137166061508	5	(29.3686,130.162,1.895)	28.1497	-65.6127
20.138344002282	2	(26.6274,70.2582,1.895)	88.0872	-70.3412
20.143004710367	9	(28.6089,211.56,1.895)	53.2517	-67.309
20.149164134695	6	(26.0185,135.494,1.895)	23.0248	-63.1593
20.204416990746	1	(26.9025,40.7875,1.895)	115.55	-75.4183
20.213647731778	4	(29.6416,100.915,1.895)	55.4036	-66.8917
20.230686788412	8	(28.873,183.255,1.895)	26.9402	-63.68
20.237624808447	3	(29.8987,73.3685,1.895)	82.9515	-71.1548
20.237166061508	5	(29.3872,128.173,1.895)	28.1448	-65.6115
20.238344002282	2	(26.6461,68.2536,1.895)	88.0977	-70.3405
20.243004710367	9	(28.6271,209.612,1.895)	53.2982	-67.2915
20.249164134695	6	(26.0373,133.486,1.895)	23.0383	-63.1831
20.304416990746	1	(26.9212,38.7792,1.895)	115.564	-75.4233
20.313647731778	4	(29.6602,98.9217,1.895)	55.4022	-66.8918
20.330686788412	8	(28.8915,181.277,1.895)	26.9571	-63.7173
20.337624808447	3	(29.9174,71.3585,1.895)	82.9666	-71.1508
20.337166061508	5	(29.4057,126.185,1.895)	28.1376	-65.6096
20.338344002282	2	(26.6647,66.266,1.895)	88.0904	-70.341
20.343004710367	9	(28.6454,207.65,1.895)	53.3305	-67.2796
20.349164134695	6	(26.056,131.477,1.895)	23.0517	-63.2062
20.404416990746	1	(26.9399,36.773,1.895)	115.573	-75.4269
20.413647731778	4	(29.6789,96.9183,1.895)	55.4091	-66.8916
20.430686788412	8	(28.9099,179.302,1.895)	26.9782	-63.764
20.437624808447	3	(29.9361,69.3546,1.895)	82.974	-71.1489
20.437166061508	5	(29.4242,124.198,1.895)	28.1281	-65.6068
20.438344002282	2	(26.6834,64.2596,1.895)	88.1002	-70.3403
20.443004710367	9	(28.6636,205.698,1.895)	53.3757	-67.2632
20.449164134695	6	(26.0747,129.47,1.895)	23.0623	-63.2241
20.504416990746	1	(26.9587,34.7644,1.895)	115.59	-75.4331
20.513647731778	4	(29.6975,94.9183,1.895)	55.4172	-66.8915
20.530686788412	8	(28.9285,177.315,1.895)	26.9835	-63.7757
20.537624808447	3	(29.9548,67.3506,1.895)	82.986	-71.1457
20.537166061508	5	(29.4429,122.2,1.895)	28.1344	-65.6087
20.538344002282	2	(26.702,62.2653,1.895)	88.1026	-70.3402
20.543004710367	9	(28.6818,203.743,1.895)	53.4119	-67.2504
20.549164134695	6	(26.0934,127.466,1.895)	23.0745	-63.244
20.604416990746	1	(26.9774,32.7636,1.895)	115.592	-75.4338
20.613647731778	4	(29.7162,92.9149,1.895)	55.4214	-66.8914
20.630686788412	8	(28.9469,175.338,1.895)	27.0051	-63.8237
20.637624808447	3	(29.9736,65.3425,1.895)	82.995	-71.1434
20.637166061508	5	(29.4615,120.211,1.895)	28.1242	-65.6056
20.638344002282	2	(26.7207,60.2626,1.895)	88.1062	-70.3399
20.643004710367	9	(28.7002,201.774,1.895)	53.4429	-67.2396
20.649164134695	6	(26.1121,125.466,1.895)	23.0757	-63.246
20.704416990746	1	(26.9961,30.759,1.895)	115.601	-75.4374
20.713647731778	4	(29.7349,90.9094,1.895)	55.4321	-66.8912
20.730686788412	8	(28.9655,173.351,1.895)	27.0131	-63.8415
20.737624808447	3	(29.9922,63.3411,1.895)	83.0016	-71.1417
20.737166061508	5	(29.48,118.224,1.895)	28.1161	-65.603
20.738344002282	2	(26.7393,58.2678,1.895)	88.1061	-70.3399
20.743004710367	9	(28.7184,199.824,1.895)	53.4878	-67.2243
20.749164134695	6	(26.1308,123.461,1.895)	23.0853	-63.2614
20.804416990746	1	(27.0148,28.7559,1.895)	115.61	-75.4405
20.813647731778	4	(29.7536,88.9132,1.895)	55.4335	-66.8912
20.830686788412	8	(28.984,171.372,1.895)	27.029	-63.8768
20.837624808447	3	(30.0109,61.3411,1.895)	83.0068	-71.1403
20.837166061508	5	(29.4986,116.227,1.895)	28.1188	-65.6039
20.838344002282	2	(26.758,56.2689,1.895)	88.1103	-70.3397
20.843004710367	9	(28.7367,197.867,1.895)	53.5246	-67.212
20.849164134695	6	(26.1496,121.452,1.895)	23.0994	-63.2833
20.904416990746	1	(27.0335,26.7479,1.895)	115.614	-75.4421
20.913647731778	4	(29.7722,86.9121,1.895)	55.4307	-66.8912
20.930686788412	8	(29.0025,169.391,1.895)	27.0516	-63.927
20.937624808447	3	(30.0297,59.3298,1.895)	83.0142	-71.1384
20.937166061508	5	(29.5172,114.237,1.895)	28.105	-65.5991
20.938344002282	2	(26.7766,54.2706,1.895)	88.1046	-70.34
20.943004710367	9	(28.7549,195.915,1.895)	53.5769	-67.1949
20.949164134695	6	(26.1683,119.447,1.895)	23.1003	-63.2847
21.013647731778	4	(29.7909,84.9112,1.895)	55.4402	-66.8911
21.030686788412	8	(29.021,167.4,1.895)	27.0525	-63.929
21.037624808447	3	(30.0484,57.328,1.895)	83.0247	-71.1356
21.037166061508	5	(29.5358,112.241,1.895)	28.109	-65.6006
21.038344002282	2	(26.7953,52.271,1.895)	88.1129	-70.3395
21.043004710367	9	(28.7732,193.958,1.895)	53.6118	-67.1839
21.049164134695	6	(26.187,117.445,1.895)	23.1115	-63.3016
21.113647731778	4	(29.8095,82.9173,1.895)	55.4356	-66.8911
21.130686788412	8	(29.0395,165.426,1.895)	27.0762	-63.9816
21.137624808447	3	(30.0671,55.3182,1.895)	83.0359	-71.1327
21.137166061508	5	(29.5544,110.249,1.895)	28.1025	-65.5982
21.138344002282	2	(26.8141,50.2595,1.895)	88.1259	-70.3386
21.143004710367	9	(28.7916,191.987,1.895)	53.639	-67.1754
21.149164134695	6	(26.2057,115.442,1.895)	23.1158	-63.308
21.213647731778	4	(29.8283,80.9105,1.895)	55.4433	-66.891
21.230686788412	8	(29.058,163.442,1.895)	27.0913	-64.0153
21.237624808447	3	(30.0858,53.3126,1.895)	83.0425	-71.131
21.237166061508	5	(29.573,108.264,1.895)	28.0885	-65.5926
21.238344002282	2	(26.8328,48.2497,1.895)	88.1365	-70.3379
21.243004710367	9	(28.8098,190.03,1.895)	53.681	-67.1625
21.249164134695	6	(26.2244,113.434,1.895)	23.1239	-63.3199
21.313647731778	4	(29.847,78.9049,1.895)	55.4585	-66.8908
21.330686788412	8	(29.0765,161.452,1.895)	27.0923	-64.0173
21.337624808447	3	(30.1045,51.3089,1.895)	83.0556	-71.1276
21.337166061508	5	(29.5916,106.264,1.895)	28.0977	-65.5963
21.338344002282	2	(26.8515,46.2429,1.895)	88.1529	-70.3368
21.343004710367	9	(28.8281,188.069,1.895)	53.7109	-67.1536
21.349164134695	6	(26.2431,111.431,1.895)	23.1371	-63.3388
21.413647731778	4	(29.8656,76.9085,1.895)	55.4462	-66.891
21.430686788412	8	(29.095,159.475,1.895)	27.1234	-64.0864
21.437624808447	3	(30.1233,49.3035,1.895)	83.0524	-71.1284
21.437166061508	5	(29.6103,104.265,1.895)	28.089	-65.5928
21.438344002282	2	(26.8702,44.2415,1.895)	88.1456	-70.3373
21.443004710367	9	(28.8465,186.096,1.895)	53.7464	-67.1432
21.449164134695	6	(26.2618,109.425,1.895)	23.1338	-63.3341
21.513647731778	4	(29.8842,74.9136,1.895)	55.4328	-66.8912
21.530686788412	8	(29.1135,157.487,1.895)	27.1445	-64.1332
21.537624808447	3	(30.142,47.2933,1.895)	83.0542	-71.128
21.537166061508	5	(29.6288,102.28,1.895)	28.0649	-65.5818
21.538344002282	2	(26.8889,42.2419,1.895)	88.1369	-70.3379
21.543004710367	9	(28.8648,184.137,1.895)	53.7956	-67.1291
21.549164134695	6	(26.2806,107.419,1.895)	23.1318	-63.3312
21.613647731778	4	(29.9029,72.9095,1.895)	55.4413	-66.8911
21.630686788412	8	(29.1321,155.496,1.895)	27.1484	-64.1418
21.637624808447	3	(30.1608,45.2858,1.895)	83.0663	-71.1249
21.637166061508	5	(29.6473,100.296,1.895)	28.0538	-65.5762
21.638344002282	2	(26.9076,40.2407,1.895)	88.1426	-70.3375
21.643004710367	9	(28.8832,182.168,1.895)	53.8218	-67.1217
21.649164134695	6	(26.2993,105.41,1.895)	23.1447	-63.3492
21.713647731778	4	(29.9216,70.9121,1.895)	55.4517	-66.8909
21.730686788412	8	(29.1506,153.515,1.895)	27.1545	-64.1552
21.737624808447	3	(30.1794,43.2848,1.895)	83.0801	-71.1213
21.737166061508	5	(29.6659,98.3019,1.895)	28.0606	-65.5797
21.738344002282	2	(26.9263,38.2353,1.895)	88.1609	-70.3363
21.743004710367	9	(28.9016,180.196,1.895)	53.8367	-67.1176
21.749164134695	6	(26.318,103.406,1.895)	23.1614	-63.3716
21.813647731778	4	(29.9403,68.9109,1.895)	55.4541	-66.8909
21.830686788412	8	(29.1691,151.538,1.895)	27.1769	-64.2044
21.837624808447	3	(30.1982,41.273,1.895)	83.0932	-71.1179
21.837166061508	5	(29.6845,96.3153,1.895)	28.0484	-65.5733
21.838344002282	2	(26.945,36.2259,1.895)	88.1715	-70.3356
21.843004710367	9	(28.9199,178.23,1.895)	53.8702	-67.1085
21.849164134695	6	(26.3367,101.406,1.895)	23.1633	-63.3741
21.913647731778	4	(29.959,66.9077,1.895)	55.4664	-66.8907
21.930686788412	8	(29.1876,149.555,1.895)	27.1842	-64.2206
21.937624808447	3	(30.2169,39.2722,1.895)	83.103	-71.1154
21.937166061508	5	(29.703,94.3267,1.895)	28.0461	-65.5721
21.938344002282	2	(26.9638,34.2148,1.895)	88.1916	-70.3342
21.943004710367	9	(28.9383,176.266,1.895)	53.8972	-67.1014
21.949164134695	6	(26.3554,99.4,1.895)	23.178	-63.3927
22.013647731778	4	(29.9775,64.9174,1.895)	55.4682	-66.8907
22.030686788412	8	(29.2061,147.576,1.895)	27.1938	-64.2417
22.037624808447	3	(30.2357,37.2604,1.895)	83.1263	-71.1095
22.037166061508	5	(29.7216,92.3384,1.895)	28.046	-65.572
22.038344002282	2	(26.9826,32.2029,1.895)	88.215	-70.3327
22.043004710367	9	(28.9566,174.303,1.895)	53.9222	-67.0948
22.049164134695	6	(26.3742,97.3901,1.895)	23.1992	-63.4182
22.113647731778	4	(29.9962,62.9137,1.895)	55.4786	-66.8906
22.130686788412	8	(29.2245,145.598,1.895)	27.2094	-64.2758
22.137624808447	3	(30.2544,35.2546,1.895)	83.1389	-71.1062
22.137166061508	5	(29.7401,90.3548,1.895)	28.0363	-65.5666
22.138344002282	2	(27.0013,30.203,1.895)	88.2217	-70.3323
22.143004710367	9	(28.9749,172.341,1.895)	53.9532	-67.0869
22.149164134695	6	(26.3929,95.3837,1.895)	23.2122	-63.4329
22.213647731778	4	(30.0149,60.9138,1.895)	55.493	-66.8904
22.230686788412	8	(29.243,143.613,1.895)	27.2098	-64.2767
22.237624808447	3	(30.2731,33.2511,1.895)	83.1569	-71.1017
22.237166061508	5	(29.7588,88.3537,1.895)	28.0519	-65.5752
22.238344002282	2	(27.02,28.1975,1.895)	88.2417	-70.331
22.243004710367	9	(28.9932,170.383,1.895)	53.9809	-67.0799
22.249164134695	6	(26.4116,93.3794,1.895)	23.2309	-63.4529
22.313647731778	4	(30.0335,58.92,1.895)	55.4766	-66.8906
22.330686788412	8	(29.2615,141.637,1.895)	27.2436	-64.3501
22.337624808447	3	(30.2918,31.2445,1.895)	83.1533	-71.1026
22.337166061508	5	(29.7774,86.3591,1.895)	28.0364	-65.5666
22.338344002282	2	(27.0387,26.1864,1.895)	88.2426	-70.3309
22.343004710367	9	(29.0115,168.422,1.895)	54.0298	-67.0679
22.349164134695	6	(26.4304,91.3681,1.895)	23.2319	-63.4539
22.413647731778	4	(30.0522,56.914,1.895)	55.4826	-66.8905
22.430686788412	8	(29.2801,139.644,1.895)	27.251	-64.3661
22.437624808447	3	(30.3106,29.234,1.895)	83.1638	-71.0999
22.437166061508	5	(29.7959,84.3776,1.895)	28.0178	-65.5554
22.443004710367	9	(29.0298,166.456,1.895)	54.0639	-67.0598
22.449164134695	6	(26.4491,89.3644,1.895)	23.2356	-63.4577
22.513647731778	4	(30.071,54.9028,1.895)	55.5031	-66.8904
22.530686788412	8	(29.2986,137.657,1.895)	27.2548	-64.3741
22.537624808447	3	(30.3293,27.2297,1.895)	83.1774	-71.0965
22.537166061508	5	(29.8145,82.3852,1.895)	28.0195	-65.5564
22.543004710367	9	(29.0483,164.475,1.895)	54.0742	-67.0574
22.549164134695	6	(26.4678,87.3611,1.895)	23.248	-63.4699
22.613647731778	4	(30.0897,52.899,1.895)	55.5045	-66.8904
22.630686788412	8	(29.3171,135.674,1.895)	27.2741	-64.4158
22.637624808447	3	(30.348,25.2269,1.895)	83.1778	-71.0964
22.637166061508	5	(29.8332,80.3851,1.895)	28.0172	-65.555
22.643004710367	9	(29.0668,162.5,1.895)	54.101	-67.0512
22.649164134695	6	(26.4865,85.3516,1.895)	23.255	-63.4766
22.713647731778	4	(30.1083,50.9032,1.895)	55.4951	-66.8904
22.730686788412	8	(29.3358,133.677,1.895)	27.2825	-64.4337
22.737166061508	5	(29.8517,78.3947,1.895)	28.0024	-65.5453
22.743004710367	9	(29.0851,160.537,1.895)	54.1431	-67.0418
22.749164134695	6	(26.5052,83.3497,1.895)	23.2518	-63.4735
22.813647731778	4	(30.127,48.8976,1.895)	55.5061	-66.8903
22.830686788412	8	(29.3544,131.683,1.895)	27.2834	-64.4356
22.837166061508	5	(29.8703,76.4054,1.895)	27.9971	-65.5417
22.843004710367	9	(29.1036,158.551,1.895)	54.1525	-67.0397
22.849164134695	6	(26.524,81.3389,1.895)	23.2678	-63.4881
22.913647731778	4	(30.1457,46.894,1.895)	55.5138	-66.8903
22.930686788412	8	(29.373,129.693,1.895)	27.2886	-64.4466
22.937166061508	5	(29.889,74.4009,1.895)	28.0057	-65.5476
22.943004710367	9	(29.1221,156.571,1.895)	54.1682	-67.0362
22.949164134695	6	(26.5427,79.3271,1.895)	23.2835	-63.5014
23.013647731778	4	(30.1645,44.8877,1.895)	55.5131	-66.8903
23.030686788412	8	(29.3915,127.702,1.895)	27.3048	-64.4811
23.037166061508	5	(29.9076,72.4105,1.895)	27.9891	-65.5361
23.043004710367	9	(29.1405,154.596,1.895)	54.2004	-67.0294
23.049164134695	6	(26.5615,77.323,1.895)	23.2807	-63.4991
23.113647731778	4	(30.1831,42.8885,1.895)	55.5159	-66.8903
23.130686788412	8	(29.4101,125.71,1.895)	27.3088	-64.4896
23.137166061508	5	(29.9263,70.4103,1.895)	27.9929	-65.5388
23.143004710367	9	(29.1589,152.625,1.895)	54.2257	-67.0241
23.149164134695	6	(26.5802,75.3194,1.895)	23.2878	-63.5048
23.213647731778	4	(30.2018,40.8838,1.895)	55.523	-66.8903
23.230686788412	8	(29.4287,123.725,1.895)	27.3217	-64.5169
23.237166061508	5	(29.9448,68.4225,1.895)	27.983	-65.5316
23.243004710367	9	(29.1774,150.647,1.895)	54.245	-67.0201
23.249164134695	6	(26.5989,73.3105,1.895)	23.2989	-63.5134
23.313647731778	4	(30.2206,38.875,1.895)	55.5446	-66.8902
23.330686788412	8	(29.4472,121.737,1.895)	27.3207	-64.5147
23.337166061508	5	(29.9635,66.4236,1.895)	27.9948	-65.5401
23.343004710367	9	(29.1958,148.671,1.895)	54.2558	-67.0179
23.349164134695	6	(26.6176,71.3112,1.895)	23.311	-63.5221
23.413647731778	4	(30.2393,36.8754,1.895)	55.5432	-66.8902
23.430686788412	8	(29.4658,119.751,1.895)	27.3364	-64.5476
23.437166061508	5	(29.9822,64.4156,1.895)	28.0018	-65.5449
23.443004710367	9	(29.2143,146.696,1.895)	54.2819	-67.0127
23.449164134695	6	(26.6362,69.3103,1.895)	23.3108	-63.522
23.513647731778	4	(30.2579,34.8764,1.895)	55.531	-66.8902
23.530686788412	8	(29.4843,117.764,1.895)	27.3598	-64.5962
23.537166061508	5	(30.0008,62.4275,1.895)	27.9787	-65.5285
23.543004710367	9	(29.2327,144.725,1.895)	54.3221	-67.0048
23.549164134695	6	(26.6549,67.3069,1.895)	23.3032	-63.5165
23.613647731778	4	(30.2767,32.8649,1.895)	55.5509	-66.8902
23.630686788412	8	(29.503,115.757,1.895)	27.3451	-64.5657
23.637166061508	5	(30.0193,60.438,1.895)	27.9765	-65.5268
23.643004710367	9	(29.2511,142.747,1.895)	54.3361	-67.0022
23.649164134695	6	(26.6737,65.2983,1.895)	23.3199	-63.5281
23.713647731778	4	(30.2954,30.8611,1.895)	55.5671	-66.8902
23.730686788412	8	(29.5216,113.768,1.895)	27.3435	-64.5625
23.737166061508	5	(30.0381,58.4315,1.895)	27.9955	-65.5406
23.743004710367	9	(29.2696,140.763,1.895)	54.3392	-67.0016
23.749164134695	6	(26.6924,63.2948,1.895)	23.3357	-63.538
23.813647731778	4	(30.3141,28.855,1.895)	55.5704	-66.8902
23.830686788412	8	(29.5401,111.786,1.895)	27.364	-64.6049
23.837166061508	5	(30.0567,56.4379,1.895)	27.9863	-65.5341
23.843004710367	9	(29.288,138.791,1.895)	54.3704	-66.9958
23.849164134695	6	(26.7111,61.2857,1.895)	23.342	-63.5416
23.913647731778	4	(30.3328,26.8495,1.895)	55.5791	-66.8903
23.930686788412	8	(29.5587,109.789,1.895)	27.3641	-64.6052
23.937166061508	5	(30.0753,54.4376,1.895)	27.9897	-65.5365
23.943004710367	9	(29.3065,136.817,1.895)	54.3929	-66.9917
23.949164134695	6	(26.7299,59.2786,1.895)	23.3521	-63.547
24.030686788412	8	(29.5773,107.8,1.895)	27.3826	-64.6431
24.037166061508	5	(30.094,52.4411,1.895)	27.9788	-65.5285
24.043004710367	9	(29.3249,134.838,1.895)	54.4212	-66.9867
24.049164134695	6	(26.7486,57.2676,1.895)	23.3557	-63.5488
24.130686788412	8	(29.5959,105.802,1.895)	27.3863	-64.6505
24.137166061508	5	(30.1127,50.4354,1.895)	27.9829	-65.5316
24.143004710367	9	(29.3434,132.863,1.895)	54.4483	-66.982
24.149164134695	6	(26.7673,55.2672,1.895)	23.3544	-63.5482
24.230686788412	8	(29.6145,103.814,1.895)	27.4035	-64.6854
24.237166061508	5	(30.1314,48.4326,1.895)	27.9807	-65.5299
24.243004710367	9	(29.3619,130.878,1.895)	54.4685	-66.9786
24.249164134695	6	(26.7861,53.2554,1.895)	23.3611	-63.5515
24.330686788412	8	(29.6332,101.813,1.895)	27.4094	-64.6972
24.337166061508	5	(30.1501,46.4241,1.895)	27.9818	-65.5308
24.343004710367	9	(29.3803,128.906,1.895)	54.5035	-66.9729
24.349164134695	6	(26.8048,51.2489,1.895)	23.3603	-63.5511
24.430686788412	8	(29.6518,99.8203,1.895)	27.4284	-64.7353
24.437166061508	5	(30.1688,44.4234,1.895)	27.971	-65.5226
24.443004710367	9	(29.3989,126.916,1.895)	54.5253	-66.9694
24.449164134695	6	(26.8235,49.2422,1.895)	23.3554	-63.5487
24.530686788412	8	(29.6704,97.8248,1.895)	27.4365	-64.7511
24.537166061508	5	(30.1875,42.418,1.895)	27.9728	-65.524
24.543004710367	9	(29.4174,124.935,1.895)	54.5475	-66.9659
24.549164134695	6	(26.8423,47.2317,1.895)	23.3623	-63.552
24.630686788412	8	(29.6891,95.825,1.895)	27.4399	-64.7579
24.637166061508	5	(30.2063,40.409,1.895)	27.9786	-65.5284
24.643004710367	9	(29.4359,122.952,1.895)	54.5681	-66.9628
24.649164134695	6	(26.8611,45.2199,1.895)	23.3709	-63.5559
24.730686788412	8	(29.7077,93.8254,1.895)	27.4423	-64.7626
24.737166061508	5	(30.225,38.4071,1.895)	27.9785	-65.5283
24.743004710367	9	(29.4544,120.972,1.895)	54.5899	-66.9596
24.749164134695	6	(26.8799,43.2091,1.895)	23.3796	-63.5596
24.830686788412	8	(29.7264,91.8273,1.895)	27.4493	-64.7764
24.837166061508	5	(30.2436,36.4059,1.895)	27.9745	-65.5253
24.843004710367	9	(29.4729,118.989,1.895)	54.6123	-66.9563
24.849164134695	6	(26.8985,41.2071,1.895)	23.3765	-63.5583
24.930686788412	8	(29.745,89.8341,1.895)	27.4634	-64.8037
24.937166061508	5	(30.2624,34.3964,1.895)	27.9767	-65.527
24.943004710367	9	(29.4914,117.001,1.895)	54.6318	-66.9535
24.949164134695	6	(26.9173,39.1989,1.895)	23.3773	-63.5587
25.030686788412	8	(29.7636,87.8379,1.895)	27.4762	-64.8285
25.037166061508	5	(30.2811,32.3924,1.895)	27.9716	-65.5231
25.043004710367	9	(29.51,115.013,1.895)	54.6529	-66.9506
25.049164134695	6	(26.936,37.1921,1.895)	23.3751	-63.5577
25.130686788412	8	(29.7823,85.8358,1.895)	27.4827	-64.8409
25.137166061508	5	(30.2998,30.3856,1.895)	27.9699	-65.5218
25.143004710367	9	(29.5284,113.035,1.895)	54.6827	-66.9466
25.149164134695	6	(26.9547,35.1888,1.895)	23.37	-63.5556
25.230686788412	8	(29.801,83.8369,1.895)	27.4948	-64.8638
25.237166061508	5	(30.3186,28.3776,1.895)	27.9669	-65.5195
25.243004710367	9	(29.5471,111.041,1.895)	54.6996	-66.9444
25.249164134695	6	(26.9734,33.1824,1.895)	23.3654	-63.5535
25.330686788412	8	(29.8197,81.8295,1.895)	27.4949	-64.864
25.337166061508	5	(30.3373,26.3659,1.895)	27.9711	-65.5227
25.343004710367	9	(29.5656,109.052,1.895)	54.7189	-66.9419
25.349164134695	6	(26.9921,31.179,1.895)	23.3614	-63.5516
25.430686788412	8	(29.8383,79.8348,1.895)	27.5069	-64.8865
25.443004710367	9	(29.5842,107.056,1.895)	54.729	-66.9406
25.449164134695	6	(27.0109,29.1738,1.895)	23.3599	-63.5509
25.530686788412	8	(29.857,77.833,1.895)	27.5098	-64.892
25.543004710367	9	(29.6027,105.078,1.895)	54.756	-66.9373
25.549164134695	6	(27.0296,27.1647,1.895)	23.3642	-63.5529
25.630686788412	8	(29.8756,75.8415,1.895)	27.5194	-64.9097
25.643004710367	9	(29.6213,103.09,1.895)	54.7695	-66.9357
25.649164134695	6	(27.0483,25.1657,1.895)	23.3621	-63.5519
25.730686788412	8	(29.8942,73.8474,1.895)	27.5253	-64.9207
25.743004710367	9	(29.6398,101.103,1.895)	54.7816	-66.9343
25.830686788412	8	(29.9128,71.8566,1.895)	27.5455	-64.9574
25.843004710367	9	(29.6583,99.1181,1.895)	54.8082	-66.9312
25.930686788412	8	(29.9315,69.8513,1.895)	27.5483	-64.9624
25.943004710367	9	(29.6768,97.1411,1.895)	54.8393	-66.9278
26.030686788412	8	(29.9502,67.8483,1.895)	27.5451	-64.9567
26.043004710367	9	(29.6954,95.1471,1.895)	54.845	-66.9272
26.130686788412	8	(29.9688,65.8547,1.895)	27.5531	-64.9711
26.143004710367	9	(29.714,93.1546,1.895)	54.8542	-66.9262
26.230686788412	8	(29.9874,63.8558,1.895)	27.5545	-64.9736
26.243004710367	9	(29.7325,91.1693,1.895)	54.8692	-66.9247
26.330686788412	8	(30.006,61.866,1.895)	27.5754	-65.0105
26.343004710367	9	(29.7511,89.1751,1.895)	54.8856	-66.923
26.430686788412	8	(30.0247,59.8593,1.895)	27.5774	-65.014
26.443004710367	9	(29.7697,87.1905,1.895)	54.9097	-66.9206
26.530686788412	8	(30.0434,57.8551,1.895)	27.58	-65.0186
26.543004710367	9	(29.7882,85.1978,1.895)	54.9238	-66.9193
26.630686788412	8	(30.0621,55.8523,1.895)	27.582	-65.022
26.643004710367	9	(29.8069,83.2002,1.895)	54.931	-66.9186
26.730686788412	8	(30.0808,53.8556,1.895)	27.5908	-65.0373
26.743004710367	9	(29.8255,81.2118,1.895)	54.9482	-66.9171
