8.104416990746	1	(24.655,281.585,1.895)	134.771	-85.2755
8.106714331009	7	(26.8834,396.433,1.895)	19.908	-61.8428
8.113647731778	4	(27.4071,340.327,1.895)	76.0169	-74.4209
8.114938057924	0	(24.8958,255.787,1.895)	160.563	-82.1689
8.137624808447	3	(27.6334,316.078,1.895)	100.267	-71.1878
8.137166061508	5	(27.1978,362.744,1.895)	53.5984	-67.1881
8.138344002282	2	(24.4246,306.262,1.895)	110.101	-73.5745
8.149164134695	6	(23.7721,376.178,1.895)	40.2688	-64.7387
8.204416990746	1	(24.6733,279.622,1.895)	134.896	-85.3501
8.206714331009	7	(26.902,394.443,1.895)	20.0605	-61.9181
8.213647731778	4	(27.4251,338.395,1.895)	76.1113	-74.3544
8.214938057924	0	(24.9145,253.783,1.895)	160.73	-82.1265
8.237624808447	3	(27.6521,314.067,1.895)	100.44	-71.2188
8.237166061508	5	(27.2151,360.893,1.895)	53.6121	-67.1838
8.238344002282	2	(24.4426,304.343,1.895)	110.183	-73.5995
8.249164134695	6	(23.7908,374.177,1.895)	40.432	-64.7742
8.304416990746	1	(24.6916,277.66,1.895)	135.01	-85.4178
8.306714331009	7	(26.9206,392.452,1.895)	20.2033	-61.8699
8.313647731778	4	(27.4432,336.454,1.895)	76.2043	-74.2895
8.314938057924	0	(24.9331,251.781,1.895)	160.884	-82.0876
8.337624808447	3	(27.6708,312.067,1.895)	100.592	-71.2463
8.337166061508	5	(27.2323,359.049,1.895)	53.6082	-67.185
8.338344002282	2	(24.4604,302.433,1.895)	110.245	-73.6184
8.349164134695	6	(23.8094,372.175,1.895)	40.5851	-64.8179
8.404416990746	1	(24.71,275.694,1.895)	135.132	-85.4899
8.406714331009	7	(26.939,390.477,1.895)	20.3347	-61.7408
8.413647731778	4	(27.4612,334.524,1.895)	76.2901	-74.2302
8.414938057924	0	(24.9519,249.769,1.895)	161.051	-82.0455
8.437624808447	3	(27.6895,310.065,1.895)	100.75	-71.2753
8.437166061508	5	(27.2496,357.193,1.895)	53.6198	-67.1813
8.438344002282	2	(24.4783,300.518,1.895)	110.316	-73.6401
8.449164134695	6	(23.8281,370.172,1.895)	40.743	-64.8735
8.504416990746	1	(24.7284,273.721,1.895)	135.276	-85.5739
8.506714331009	7	(26.9575,388.488,1.895)	20.4936	-61.5116
8.513647731778	4	(27.4793,332.589,1.895)	76.3954	-74.1579
8.514938057924	0	(24.9706,247.769,1.895)	161.221	-82.0033
8.537624808447	3	(27.7082,308.061,1.895)	100.924	-71.3077
8.537166061508	5	(27.2668,355.356,1.895)	53.6272	-67.179
8.538344002282	2	(24.4962,298.599,1.895)	110.405	-73.6676
8.549164134695	6	(23.8468,368.172,1.895)	40.9126	-64.945
8.604416990746	1	(24.7467,271.752,1.895)	135.392	-85.6421
8.606714331009	7	(26.976,386.516,1.895)	20.6137	-61.3116
8.613647731778	4	(27.4974,330.65,1.895)	76.4827	-74.0987
8.614938057924	0	(24.9893,245.764,1.895)	161.375	-81.9654
8.637624808447	3	(27.727,306.049,1.895)	101.084	-71.3377
8.637166061508	5	(27.284,353.512,1.895)	53.6192	-67.1815
8.638344002282	2	(24.5141,296.678,1.895)	110.474	-73.6888
8.649164134695	6	(23.8656,366.161,1.895)	41.0717	-65.0228
8.704416990746	1	(24.7651,269.78,1.895)	135.531	-85.7222
8.706714331009	7	(26.9943,384.547,1.895)	20.7501	-61.0824
8.713647731778	4	(27.5156,328.7,1.895)	76.5994	-74.0202
8.714938057924	0	(25.008,243.757,1.895)	161.549	-81.9229
8.737624808447	3	(27.7457,304.044,1.895)	101.256	-71.3705
8.737166061508	5	(27.3013,351.663,1.895)	53.6354	-67.1765
8.738344002282	2	(24.532,294.76,1.895)	110.559	-73.7151
8.749164134695	6	(23.8842,364.162,1.895)	41.2377	-65.1149
8.804416990746	1	(24.7835,267.811,1.895)	135.656	-85.7941
8.806714331009	7	(27.0128,382.567,1.895)	20.8859	-60.8718
8.813647731778	4	(27.5338,326.751,1.895)	76.7037	-73.9509
8.814938057924	0	(25.0268,241.747,1.895)	161.715	-81.8827
8.837624808447	3	(27.7645,302.033,1.895)	101.423	-71.4027
8.837166061508	5	(27.3187,349.795,1.895)	53.6587	-67.1693
8.838344002282	2	(24.5499,292.838,1.895)	110.637	-73.7395
8.849164134695	6	(23.903,362.15,1.895)	41.4048	-65.2189
8.904416990746	1	(24.802,265.829,1.895)	135.792	-85.8713
8.906714331009	7	(27.0313,380.586,1.895)	21.0207	-60.6958
8.913647731778	4	(27.552,324.8,1.895)	76.8091	-73.8817
8.914938057924	0	(25.0455,239.739,1.895)	161.877	-81.8439
8.937624808447	3	(27.7832,300.021,1.895)	101.589	-71.435
8.937166061508	5	(27.336,347.935,1.895)	53.6729	-67.165
8.938344002282	2	(24.5679,290.916,1.895)	110.713	-73.7632
8.949164134695	6	(23.9218,360.14,1.895)	41.5678	-65.3309
9.004416990746	1	(24.8204,263.856,1.895)	135.916	-85.9416
9.006714331009	7	(27.0498,378.602,1.895)	21.1559	-60.5624
9.013647731778	4	(27.5702,322.846,1.895)	76.9148	-73.813
9.014938057924	0	(25.0642,237.738,1.895)	162.029	-81.8075
9.037624808447	3	(27.802,298.011,1.895)	101.751	-71.467
9.037166061508	5	(27.3535,346.065,1.895)	53.6946	-67.1584
9.038344002282	2	(24.5859,288.981,1.895)	110.8	-73.7902
9.049164134695	6	(23.9405,358.132,1.895)	41.7269	-65.4503
9.104416990746	1	(24.8388,261.892,1.895)	136.026	-86.0035
9.106714331009	7	(27.0683,376.623,1.895)	21.2814	-60.4833
9.113647731778	4	(27.5885,320.891,1.895)	77.015	-73.7487
9.114938057924	0	(25.083,235.729,1.895)	162.184	-81.771
9.137624808447	3	(27.8207,296.011,1.895)	101.897	-71.496
9.137166061508	5	(27.371,344.191,1.895)	53.7139	-67.1527
9.138344002282	2	(24.604,287.048,1.895)	110.879	-73.8149
9.143004710367	9	(26.6976,416.34,1.895)	18.4379	-59.4033
9.149164134695	6	(23.9592,356.132,1.895)	41.8725	-65.568
9.204416990746	1	(24.8573,259.911,1.895)	136.153	-86.0739
9.206714331009	7	(27.0868,374.635,1.895)	21.4147	-60.4497
9.213647731778	4	(27.6066,318.946,1.895)	77.1062	-73.6907
9.214938057924	0	(25.1017,233.721,1.895)	162.338	-81.7348
9.237624808447	3	(27.8394,294.005,1.895)	102.049	-71.5267
9.237166061508	5	(27.3885,342.316,1.895)	53.7355	-67.1463
9.238344002282	2	(24.6219,285.127,1.895)	110.945	-73.8358
9.243004710367	9	(26.7134,414.649,1.895)	18.6005	-59.3933
9.249164134695	6	(23.9778,354.132,1.895)	42.0177	-65.6934
9.304416990746	1	(24.8757,257.932,1.895)	136.267	-86.1364
9.306714331009	7	(27.1053,372.657,1.895)	21.5277	-60.4631
9.313647731778	4	(27.6248,316.993,1.895)	77.1936	-73.6358
9.314938057924	0	(25.1204,231.714,1.895)	162.479	-81.7021
9.337624808447	3	(27.8581,292.001,1.895)	102.187	-71.5549
9.337166061508	5	(27.406,340.44,1.895)	53.7458	-67.1433
9.338344002282	2	(24.6399,283.196,1.895)	111.01	-73.8563
9.343004710367	9	(26.7292,412.95,1.895)	18.7669	-59.5039
9.349164134695	6	(23.9965,352.132,1.895)	42.1523	-65.8167
9.404416990746	1	(24.8942,255.953,1.895)	136.385	-86.2007
9.406714331009	7	(27.1238,370.678,1.895)	21.6458	-60.5181
9.413647731778	4	(27.6431,315.04,1.895)	77.2863	-73.5782
9.414938057924	0	(25.1392,229.705,1.895)	162.628	-81.6678
9.437624808447	3	(27.8768,289.993,1.895)	102.334	-71.5851
9.437166061508	5	(27.4235,338.567,1.895)	53.7577	-67.1399
9.438344002282	2	(24.6579,281.266,1.895)	111.08	-73.8784
9.443004710367	9	(26.7452,411.241,1.895)	18.9189	-59.7073
9.449164134695	6	(24.0152,350.127,1.895)	42.2954	-65.9551
9.504416990746	1	(24.9127,253.974,1.895)	136.499	-86.2622
9.506714331009	7	(27.1423,368.693,1.895)	21.7653	-60.6156
9.513647731778	4	(27.6614,313.08,1.895)	77.3809	-73.52
9.514938057924	0	(25.1579,227.702,1.895)	162.765	-81.6362
9.537624808447	3	(27.8955,287.989,1.895)	102.473	-71.6138
9.537166061508	5	(27.4411,336.682,1.895)	53.7779	-67.1341
9.538344002282	2	(24.676,279.336,1.895)	111.144	-73.8987
9.543004710367	9	(26.7612,409.527,1.895)	19.0702	-59.9946
9.549164134695	6	(24.0339,348.123,1.895)	42.434	-66.0962
9.604416990746	1	(24.9311,251.995,1.895)	136.604	-86.3184
9.606714331009	7	(27.1608,366.71,1.895)	21.8747	-60.7404
9.613647731778	4	(27.6795,311.133,1.895)	77.4544	-73.4752
9.614938057924	0	(25.1765,225.703,1.895)	162.891	-81.6076
9.637624808447	3	(27.9143,285.977,1.895)	102.612	-71.6428
9.637166061508	5	(27.4586,334.801,1.895)	53.785	-67.1321
9.638344002282	2	(24.694,277.401,1.895)	111.206	-73.9183
9.643004710367	9	(26.7772,407.808,1.895)	19.2251	-60.3565
9.649164134695	6	(24.0527,346.113,1.895)	42.57	-66.2414
9.704416990746	1	(24.9495,250.027,1.895)	136.701	-86.3698
9.706714331009	7	(27.1793,364.728,1.895)	21.9861	-60.9002
9.713647731778	4	(27.6979,309.17,1.895)	77.5472	-73.4192
9.714938057924	0	(25.1953,223.694,1.895)	163.029	-81.5764
9.737624808447	3	(27.933,283.976,1.895)	102.742	-71.6704
9.737166061508	5	(27.4761,332.925,1.895)	53.7906	-67.1305
9.738344002282	2	(24.7121,275.466,1.895)	111.271	-73.939
9.743004710367	9	(26.7934,406.081,1.895)	19.3682	-60.7264
9.749164134695	6	(24.0714,344.11,1.895)	42.702	-66.3884
9.804416990746	1	(24.9679,248.054,1.895)	136.804	-86.4238
9.806714331009	7	(27.1978,362.747,1.895)	22.0974	-61.0905
9.813647731778	4	(27.7161,307.213,1.895)	77.6339	-73.3675
9.814938057924	0	(25.214,221.692,1.895)	163.161	-81.5467
9.837624808447	3	(27.9517,281.974,1.895)	102.874	-71.6984
9.837166061508	5	(27.4938,331.037,1.895)	53.8081	-67.1256
9.838344002282	2	(24.73,273.542,1.895)	111.324	-73.9561
9.843004710367	9	(26.8094,404.359,1.895)	19.5162	-61.1115
9.849164134695	6	(24.0902,342.098,1.895)	42.8432	-66.5523
9.904416990746	1	(24.9864,246.076,1.895)	136.906	-86.4765
9.906714331009	7	(27.2163,360.764,1.895)	22.2044	-61.2989
9.913647731778	4	(27.7344,305.257,1.895)	77.714	-73.3203
9.914938057924	0	(25.2327,219.685,1.895)	163.292	-81.5175
9.937624808447	3	(27.9704,279.966,1.895)	103.006	-71.7267
9.937166061508	5	(27.5114,329.151,1.895)	53.8182	-67.1227
9.938344002282	2	(24.7481,271.607,1.895)	111.383	-73.975
9.943004710367	9	(26.8256,402.628,1.895)	19.6616	-61.4535
9.949164134695	6	(24.1089,340.087,1.895)	42.9784	-66.7155
10.004416990746	1	(25.0049,244.093,1.895)	137.012	-86.5306
10.006714331009	7	(27.2348,358.779,1.895)	22.3116	-61.5291
10.013647731778	4	(27.7527,303.298,1.895)	77.795	-73.273
10.014938057924	0	(25.2514,217.678,1.895)	163.421	-81.4889
10.037624808447	3	(27.9892,277.959,1.895)	103.135	-71.7547
10.037166061508	5	(27.529,327.26,1.895)	53.8325	-67.1188
10.038344002282	2	(24.7661,269.674,1.895)	111.439	-73.9926
10.043004710367	9	(26.8418,400.892,1.895)	19.8029	-61.7134
10.049164134695	6	(24.1277,338.08,1.895)	43.1072	-66.8766
10.104416990746	1	(25.0234,242.111,1.895)	137.111	-86.5806
10.106714331009	7	(27.2534,356.795,1.895)	22.4134	-61.7632
10.113647731778	4	(27.7709,301.342,1.895)	77.8682	-73.2306
10.114938057924	0	(25.2702,215.671,1.895)	163.546	-81.4615
10.137624808447	3	(28.0078,275.956,1.895)	103.256	-71.7809
10.137166061508	5	(27.5467,325.364,1.895)	53.8455	-67.1152
10.138344002282	2	(24.7842,267.735,1.895)	111.495	-74.0108
10.143004710367	9	(26.8581,399.145,1.895)	19.9388	-61.869
10.149164134695	6	(24.1464,336.069,1.895)	43.2352	-67.042
10.204416990746	1	(25.0419,240.125,1.895)	137.215	-86.6324
10.206714331009	7	(27.2718,354.814,1.895)	22.5112	-61.9978
10.213647731778	4	(27.7891,299.391,1.895)	77.9368	-73.1913
10.214938057924	0	(25.2889,213.663,1.895)	163.672	-81.4339
10.237624808447	3	(28.0265,273.955,1.895)	103.374	-71.8068
10.237166061508	5	(27.5643,323.477,1.895)	53.8496	-67.1141
10.238344002282	2	(24.8024,265.788,1.895)	111.56	-74.0316
10.243004710367	9	(26.8744,397.397,1.895)	20.0729	-61.9183
10.249164134695	6	(24.1652,334.061,1.895)	43.3605	-67.2086
10.304416990746	1	(25.0605,238.138,1.895)	137.323	-86.6855
10.306714331009	7	(27.2902,352.844,1.895)	22.6028	-62.2216
10.313647731778	4	(27.8074,297.436,1.895)	78.0131	-73.1479
10.314938057924	0	(25.3076,211.658,1.895)	163.798	-81.4066
10.337624808447	3	(28.0452,271.955,1.895)	103.496	-71.8338
10.337166061508	5	(27.5819,321.589,1.895)	53.8593	-67.1115
10.338344002282	2	(24.8206,263.843,1.895)	111.626	-74.053
10.343004710367	9	(26.8908,395.642,1.895)	20.1965	-61.8745
10.349164134695	6	(24.184,332.05,1.895)	43.493	-67.3898
10.404416990746	1	(25.0789,236.164,1.895)	137.422	-86.7337
10.406714331009	7	(27.3087,350.864,1.895)	22.7088	-62.4793
10.413647731778	4	(27.8256,295.479,1.895)	78.0956	-73.1015
10.414938057924	0	(25.3264,209.652,1.895)	163.929	-81.3783
10.437624808447	3	(28.0639,269.949,1.895)	103.627	-71.8629
10.437166061508	5	(27.5996,319.7,1.895)	53.874	-67.1075
10.438344002282	2	(24.8388,261.892,1.895)	111.702	-74.0776
10.443004710367	9	(26.9072,393.886,1.895)	20.3157	-61.7636
10.449164134695	6	(24.2027,330.046,1.895)	43.6216	-67.5704
10.504416990746	1	(25.0974,234.178,1.895)	137.516	-86.7785
10.506714331009	7	(27.3271,348.892,1.895)	22.7878	-62.6659
10.513647731778	4	(27.8439,293.522,1.895)	78.161	-73.0651
10.514938057924	0	(25.345,207.653,1.895)	164.036	-81.3553
10.537624808447	3	(28.0827,267.938,1.895)	103.746	-71.8896
10.537166061508	5	(27.6173,317.802,1.895)	53.8798	-67.106
10.538344002282	2	(24.8569,259.949,1.895)	111.753	-74.0942
10.543004710367	9	(26.9235,392.134,1.895)	20.4551	-61.5721
10.549164134695	6	(24.2214,328.038,1.895)	43.7374	-67.7368
10.604416990746	1	(25.1159,232.199,1.895)	137.617	-86.8261
10.606714331009	7	(27.3456,346.908,1.895)	22.8946	-62.9037
10.613647731778	4	(27.8622,291.56,1.895)	78.2454	-73.0185
10.614938057924	0	(25.3637,205.649,1.895)	164.163	-81.3283
10.637624808447	3	(28.1014,265.937,1.895)	103.869	-71.9175
10.637166061508	5	(27.635,315.909,1.895)	53.8948	-67.102
10.638344002282	2	(24.8751,257.995,1.895)	111.829	-74.1189
10.643004710367	9	(26.94,390.369,1.895)	20.5682	-61.3886
10.649164134695	6	(24.2401,326.033,1.895)	43.8644	-67.9231
10.704416990746	1	(25.1343,230.224,1.895)	137.695	-86.8625
10.706714331009	7	(27.3641,344.934,1.895)	22.9713	-63.0597
10.713647731778	4	(27.8805,289.605,1.895)	78.3027	-72.9872
10.714938057924	0	(25.3824,203.644,1.895)	164.27	-81.3056
10.737624808447	3	(28.1201,263.931,1.895)	103.978	-71.9422
10.737166061508	5	(27.6527,314.004,1.895)	53.9027	-67.0999
10.738344002282	2	(24.8933,256.049,1.895)	111.879	-74.1351
10.743004710367	9	(26.9564,388.616,1.895)	20.7128	-61.144
10.749164134695	6	(24.2589,324.023,1.895)	43.9772	-68.0916
10.804416990746	1	(25.1528,228.243,1.895)	137.787	-86.9045
10.806714331009	7	(27.3825,342.952,1.895)	23.0641	-63.2271
10.813647731778	4	(27.8988,287.641,1.895)	78.3775	-72.9467
10.814938057924	0	(25.4012,201.634,1.895)	164.391	-81.28
10.837624808447	3	(28.1387,261.931,1.895)	104.089	-71.9677
10.837166061508	5	(27.6704,312.112,1.895)	53.9057	-67.0991
10.838344002282	2	(24.9115,254.103,1.895)	111.936	-74.1536
10.843004710367	9	(26.9729,386.841,1.895)	20.8262	-60.961
10.849164134695	6	(24.2776,322.017,1.895)	44.0935	-68.2683
10.904416990746	1	(25.1713,226.26,1.895)	137.872	-86.9429
10.906714331009	7	(27.401,340.976,1.895)	23.142	-63.3455
10.913647731778	4	(27.9171,285.679,1.895)	78.4416	-72.9123
10.914938057924	0	(25.4199,199.625,1.895)	164.502	-81.2569
10.937624808447	3	(28.1575,259.926,1.895)	104.196	-71.9923
10.937166061508	5	(27.6882,310.209,1.895)	53.911	-67.0977
10.938344002282	2	(24.9296,252.161,1.895)	111.98	-74.168
10.943004710367	9	(26.9895,385.069,1.895)	20.9529	-60.7794
10.949164134695	6	(24.2964,320.006,1.895)	44.2062	-68.4417
11.004416990746	1	(25.1898,224.281,1.895)	137.957	-86.9806
11.006714331009	7	(27.4194,339,1.895)	23.2235	-63.4451
11.013647731778	4	(27.9355,283.709,1.895)	78.5169	-72.8723
11.014938057924	0	(25.4387,197.615,1.895)	164.618	-81.2327
11.037624808447	3	(28.1762,257.919,1.895)	104.308	-72.0183
11.037166061508	5	(27.7059,308.304,1.895)	53.9213	-67.095
11.038344002282	2	(24.9478,250.211,1.895)	112.034	-74.1861
11.043004710367	9	(27.0061,383.285,1.895)	21.0631	-60.6489
11.049164134695	6	(24.315,318.004,1.895)	44.3129	-68.6079
11.104416990746	1	(25.2084,222.29,1.895)	138.057	-87.0244
11.106714331009	7	(27.4379,337.019,1.895)	23.3134	-63.5238
11.113647731778	4	(27.9539,281.739,1.895)	78.5965	-72.8304
11.114938057924	0	(25.4574,195.61,1.895)	164.731	-81.2092
11.137624808447	3	(28.1949,255.913,1.895)	104.423	-72.045
11.137166061508	5	(27.7238,306.385,1.895)	53.9488	-67.088
11.138344002282	2	(24.966,248.266,1.895)	112.089	-74.2038
11.143004710367	9	(27.0227,381.506,1.895)	21.1752	-60.5473
11.149164134695	6	(24.3338,315.999,1.895)	44.4268	-68.7869
11.204416990746	1	(25.2269,220.312,1.895)	138.132	-87.0566
11.206714331009	7	(27.4565,335.028,1.895)	23.4024	-63.5676
11.213647731778	4	(27.9722,279.778,1.895)	78.6551	-72.7999
11.214938057924	0	(25.4761,193.605,1.895)	164.834	-81.188
11.237624808447	3	(28.2137,253.903,1.895)	104.531	-72.0703
11.237166061508	5	(27.7417,304.473,1.895)	53.959	-67.0854
11.238344002282	2	(24.9842,246.312,1.895)	112.14	-74.2209
11.243004710367	9	(27.0394,379.72,1.895)	21.291	-60.4791
11.249164134695	6	(24.3525,313.996,1.895)	44.5269	-68.9454
11.304416990746	1	(25.2454,218.328,1.895)	138.213	-87.0909
11.306714331009	7	(27.475,333.046,1.895)	23.4802	-63.5781
11.313647731778	4	(27.9906,277.804,1.895)	78.7251	-72.7637
11.314938057924	0	(25.4948,191.604,1.895)	164.931	-81.1681
11.337624808447	3	(28.2324,251.892,1.895)	104.639	-72.0957
11.337166061508	5	(27.7595,302.562,1.895)	53.9656	-67.0837
11.338344002282	2	(25.0024,244.366,1.895)	112.183	-74.2348
11.343004710367	9	(27.0562,377.922,1.895)	21.3972	-60.4511
11.349164134695	6	(24.3712,311.984,1.895)	44.6345	-69.1165
11.404416990746	1	(25.2639,216.345,1.895)	138.297	-87.1259
11.406714331009	7	(27.4935,331.065,1.895)	23.5636	-63.5615
11.413647731778	4	(28.009,275.832,1.895)	78.799	-72.7259
11.414938057924	0	(25.5135,189.603,1.895)	165.034	-81.1472
11.437624808447	3	(28.2511,249.891,1.895)	104.741	-72.1201
11.437166061508	5	(27.7774,300.648,1.895)	53.9822	-67.0796
11.438344002282	2	(25.0206,242.407,1.895)	112.243	-74.2549
11.443004710367	9	(27.0729,376.127,1.895)	21.5008	-60.4564
11.449164134695	6	(24.39,309.973,1.895)	44.7474	-69.2965
11.504416990746	1	(25.2823,214.368,1.895)	138.372	-87.1567
11.506714331009	7	(27.5119,329.089,1.895)	23.6375	-63.5243
11.513647731778	4	(28.0273,273.87,1.895)	78.8588	-72.6956
11.514938057924	0	(25.5322,187.602,1.895)	165.133	-81.1271
11.537624808447	3	(28.2698,247.887,1.895)	104.842	-72.1442
11.537166061508	5	(27.7953,298.73,1.895)	53.9971	-67.0759
11.538344002282	2	(25.0389,240.449,1.895)	112.299	-74.2733
11.543004710367	9	(27.0897,374.333,1.895)	21.6088	-60.4963
11.549164134695	6	(24.4087,307.969,1.895)	44.8491	-69.4585
11.604416990746	1	(25.3009,212.383,1.895)	138.453	-87.1892
11.606714331009	7	(27.5305,327.106,1.895)	23.7167	-63.4633
11.613647731778	4	(28.0456,271.908,1.895)	78.9169	-72.6664
11.614938057924	0	(25.5509,185.593,1.895)	165.238	-81.106
11.637624808447	3	(28.2885,245.885,1.895)	104.94	-72.1677
11.637166061508	5	(27.8131,296.821,1.895)	54.0029	-67.0745
11.638344002282	2	(25.0571,238.502,1.895)	112.342	-74.2875
11.643004710367	9	(27.1065,372.532,1.895)	21.7114	-60.5664
11.649164134695	6	(24.4274,305.966,1.895)	44.9481	-69.6158
11.704416990746	1	(25.3195,210.39,1.895)	138.537	-87.2226
11.706714331009	7	(27.5489,325.133,1.895)	23.781	-63.3995
11.713647731778	4	(28.064,269.944,1.895)	78.9722	-72.6388
11.714938057924	0	(25.5696,183.591,1.895)	165.331	-81.0873
11.737624808447	3	(28.3072,243.878,1.895)	105.039	-72.1915
11.737166061508	5	(27.8309,294.911,1.895)	54.0039	-67.0742
11.738344002282	2	(25.0753,236.553,1.895)	112.382	-74.3008
11.743004710367	9	(27.1233,370.731,1.895)	21.8193	-60.673
11.749164134695	6	(24.4461,303.959,1.895)	45.0453	-69.7693
11.804416990746	1	(25.338,208.407,1.895)	138.624	-87.2565
11.806714331009	7	(27.5673,323.159,1.895)	23.8592	-63.3074
11.813647731778	4	(28.0823,267.977,1.895)	79.0434	-72.6036
11.814938057924	0	(25.5883,181.586,1.895)	165.44	-81.0655
11.837624808447	3	(28.326,241.87,1.895)	105.152	-72.2188
11.837166061508	5	(27.8489,292.99,1.895)	54.0291	-67.0681
11.838344002282	2	(25.0935,234.596,1.895)	112.443	-74.3212
11.843004710367	9	(27.1402,368.923,1.895)	21.9072	-60.7837
11.849164134695	6	(24.4648,301.96,1.895)	45.1487	-69.9312
11.904416990746	1	(25.3565,206.426,1.895)	138.703	-87.2862
11.906714331009	7	(27.5857,321.185,1.895)	23.9301	-63.2126
11.913647731778	4	(28.1008,265.999,1.895)	79.119	-72.5666
11.914938057924	0	(25.607,179.581,1.895)	165.542	-81.0452
11.937624808447	3	(28.3447,239.866,1.895)	105.253	-72.2434
11.937166061508	5	(27.8667,291.077,1.895)	54.0397	-67.0655
11.938344002282	2	(25.1118,232.637,1.895)	112.5	-74.3403
11.943004710367	9	(27.1569,367.126,1.895)	22.0125	-60.9427
11.949164134695	6	(24.4835,299.954,1.895)	45.2518	-70.0908
12.004416990746	1	(25.3749,204.446,1.895)	138.774	-87.3129
12.006714331009	7	(27.6041,319.213,1.895)	23.9938	-63.1203
12.013647731778	4	(28.1191,264.033,1.895)	79.1766	-72.5387
12.014938057924	0	(25.6257,177.579,1.895)	165.636	-81.0267
12.037624808447	3	(28.3634,237.859,1.895)	105.352	-72.2676
12.037166061508	5	(27.8848,289.141,1.895)	54.0674	-67.059
12.038344002282	2	(25.1301,230.677,1.895)	112.552	-74.3574
12.043004710367	9	(27.1738,365.32,1.895)	22.1149	-61.1229
12.049164134695	6	(24.5023,297.946,1.895)	45.3509	-70.2417
12.104416990746	1	(25.3935,202.462,1.895)	138.856	-87.3428
12.106714331009	7	(27.6226,317.227,1.895)	24.078	-62.9908
12.113647731778	4	(28.1375,262.061,1.895)	79.2468	-72.505
12.114938057924	0	(25.6444,175.576,1.895)	165.737	-81.0068
12.137624808447	3	(28.3822,235.852,1.895)	105.457	-72.2936
12.137166061508	5	(27.9027,287.225,1.895)	54.0816	-67.0557
12.138344002282	2	(25.1484,228.719,1.895)	112.607	-74.3761
12.143004710367	9	(27.1907,363.505,1.895)	22.2022	-61.2945
12.149164134695	6	(24.5209,295.945,1.895)	45.4498	-70.3894
12.204416990746	1	(25.412,200.475,1.895)	138.933	-87.3701
12.206714331009	7	(27.6411,315.251,1.895)	24.1428	-62.8875
12.213647731778	4	(28.156,260.086,1.895)	79.3105	-72.4747
12.214938057924	0	(25.6632,173.567,1.895)	165.835	-80.9876
12.237624808447	3	(28.4009,233.846,1.895)	105.552	-72.3172
12.237166061508	5	(27.9206,285.299,1.895)	54.0961	-67.0523
12.238344002282	2	(25.1667,226.759,1.895)	112.656	-74.3926
12.243004710367	9	(27.2076,361.695,1.895)	22.3028	-61.5095
12.249164134695	6	(24.5397,293.936,1.895)	45.5475	-70.5317
12.304416990746	1	(25.4305,198.49,1.895)	139.007	-87.3962
12.306714331009	7	(27.6595,313.277,1.895)	24.206	-62.7854
12.313647731778	4	(28.1744,258.113,1.895)	79.373	-72.4452
12.314938057924	0	(25.6819,171.556,1.895)	165.936	-80.9681
12.337624808447	3	(28.4196,231.837,1.895)	105.65	-72.3415
12.337166061508	5	(27.9386,283.373,1.895)	54.1119	-67.0487
12.338344002282	2	(25.185,224.799,1.895)	112.706	-74.4092
12.343004710367	9	(27.2246,359.871,1.895)	22.3896	-61.7073
12.349164134695	6	(24.5584,291.931,1.895)	45.6423	-70.6662
12.404416990746	1	(25.4492,196.494,1.895)	139.09	-87.4247
12.406714331009	7	(27.678,311.295,1.895)	24.2754	-62.6731
12.413647731778	4	(28.1928,256.138,1.895)	79.4354	-72.4161
12.414938057924	0	(25.7007,169.544,1.895)	166.035	-80.9489
12.437624808447	3	(28.4384,229.828,1.895)	105.747	-72.3657
12.437166061508	5	(27.9566,281.447,1.895)	54.1251	-67.0457
12.438344002282	2	(25.2033,222.841,1.895)	112.751	-74.4245
12.443004710367	9	(27.2416,358.049,1.895)	22.4803	-61.9229
12.449164134695	6	(24.5772,289.92,1.895)	45.7404	-70.8007
12.504416990746	1	(25.4677,194.506,1.895)	139.163	-87.4491
12.506714331009	7	(27.6965,309.318,1.895)	24.3385	-62.5722
12.513647731778	4	(28.2113,254.155,1.895)	79.5042	-72.3842
12.514938057924	0	(25.7194,167.539,1.895)	166.126	-80.9314
12.537624808447	3	(28.457,227.827,1.895)	105.833	-72.3874
12.537166061508	5	(27.9746,279.514,1.895)	54.1439	-67.0416
12.538344002282	2	(25.2216,220.873,1.895)	112.805	-74.4426
12.543004710367	9	(27.2586,356.228,1.895)	22.5737	-62.1503
12.549164134695	6	(24.5959,287.911,1.895)	45.8346	-70.9252
12.604416990746	1	(25.4863,192.514,1.895)	139.235	-87.4724
12.606714331009	7	(27.715,307.332,1.895)	24.4029	-62.4714
12.613647731778	4	(28.2297,252.185,1.895)	79.5522	-72.3622
12.614938057924	0	(25.7381,165.536,1.895)	166.207	-80.9159
12.637624808447	3	(28.4757,225.827,1.895)	105.911	-72.4071
12.637166061508	5	(27.9927,277.578,1.895)	54.1581	-67.0384
12.638344002282	2	(25.2399,218.91,1.895)	112.846	-74.4565
12.643004710367	9	(27.2757,354.4,1.895)	22.6676	-62.3796
12.649164134695	6	(24.6147,285.904,1.895)	45.9201	-71.0333
12.704416990746	1	(25.5049,190.527,1.895)	139.294	-87.4916
12.706714331009	7	(27.7335,305.349,1.895)	24.4598	-62.385
12.713647731778	4	(28.2482,250.208,1.895)	79.6029	-72.3391
12.714938057924	0	(25.7569,163.525,1.895)	166.291	-80.8998
12.737624808447	3	(28.4944,223.828,1.895)	105.984	-72.4256
12.737166061508	5	(28.0107,275.646,1.895)	54.1641	-67.0371
12.738344002282	2	(25.2583,216.942,1.895)	112.887	-74.4705
12.743004710367	9	(27.2928,352.567,1.895)	22.7606	-62.6022
12.749164134695	6	(24.6334,283.897,1.895)	46.0005	-71.1308
12.804416990746	1	(25.5235,188.534,1.895)	139.369	-87.515
12.806714331009	7	(27.7521,303.362,1.895)	24.5272	-62.2868
12.813647731778	4	(28.2665,248.24,1.895)	79.6525	-72.3166
12.814938057924	0	(25.7756,161.523,1.895)	166.375	-80.8838
12.837624808447	3	(28.5131,221.817,1.895)	106.076	-72.4489
12.837166061508	5	(28.0288,273.711,1.895)	54.1798	-67.0337
12.838344002282	2	(25.2766,214.984,1.895)	112.927	-74.4841
12.843004710367	9	(27.31,350.723,1.895)	22.8356	-62.7748
12.849164134695	6	(24.6521,281.894,1.895)	46.0838	-71.227
12.904416990746	1	(25.542,186.549,1.895)	139.427	-87.5326
12.906714331009	7	(27.7706,301.379,1.895)	24.5837	-62.2084
12.913647731778	4	(28.285,246.263,1.895)	79.7021	-72.2944
12.914938057924	0	(25.7943,159.521,1.895)	166.449	-80.8698
12.937624808447	3	(28.5319,219.81,1.895)	106.156	-72.4694
12.937166061508	5	(28.0468,271.786,1.895)	54.1776	-67.0342
12.938344002282	2	(25.295,213.017,1.895)	112.967	-74.4976
12.943004710367	9	(27.3271,348.89,1.895)	22.9297	-62.9768
12.949164134695	6	(24.6709,279.882,1.895)	46.1682	-71.319
13.004416990746	1	(25.5605,184.564,1.895)	139.48	-87.5485
13.006714331009	7	(27.789,299.408,1.895)	24.6233	-62.1559
13.013647731778	4	(28.3034,244.286,1.895)	79.7478	-72.274
13.014938057924	0	(25.813,157.51,1.895)	166.529	-80.8548
13.037624808447	3	(28.5506,217.8,1.895)	106.235	-72.4896
13.037166061508	5	(28.0649,269.843,1.895)	54.189	-67.0318
13.038344002282	2	(25.3133,211.054,1.895)	112.998	-74.5081
13.043004710367	9	(27.3443,347.046,1.895)	23.0174	-63.1461
13.049164134695	6	(24.6896,277.878,1.895)	46.241	-71.3938
13.104416990746	1	(25.5791,182.569,1.895)	139.564	-87.573
13.106714331009	7	(27.8074,297.428,1.895)	24.691	-62.071
13.113647731778	4	(28.322,242.301,1.895)	79.8205	-72.2418
13.114938057924	0	(25.8318,155.504,1.895)	166.623	-80.837
13.137624808447	3	(28.5694,215.789,1.895)	106.333	-72.5149
13.137166061508	5	(28.083,267.899,1.895)	54.2214	-67.0249
13.138344002282	2	(25.3316,209.095,1.895)	113.045	-74.524
13.143004710367	9	(27.3616,345.201,1.895)	23.0846	-63.2602
13.149164134695	6	(24.7082,275.877,1.895)	46.3298	-71.4787
13.204416990746	1	(25.5978,180.572,1.895)	139.636	-87.5934
13.206714331009	7	(27.826,295.443,1.895)	24.7521	-62.0004
13.213647731778	4	(28.3404,240.323,1.895)	79.8736	-72.2186
13.214938057924	0	(25.8505,153.498,1.895)	166.705	-80.8218
13.237624808447	3	(28.5881,213.783,1.895)	106.415	-72.536
13.237166061508	5	(28.1012,265.953,1.895)	54.243	-67.0205
13.238344002282	2	(25.3499,207.127,1.895)	113.088	-74.5389
13.243004710367	9	(27.3787,343.367,1.895)	23.1745	-63.3884
13.249164134695	6	(24.7269,273.878,1.895)	46.4043	-71.5445
13.304416990746	1	(25.6164,178.576,1.895)	139.696	-87.6102
13.306714331009	7	(27.8445,293.462,1.895)	24.7967	-61.9524
13.313647731778	4	(28.3589,238.346,1.895)	79.9148	-72.2007
13.314938057924	0	(25.8692,151.496,1.895)	166.771	-80.8095
13.337624808447	3	(28.6069,211.776,1.895)	106.486	-72.5544
13.337166061508	5	(28.1193,264.018,1.895)	54.2418	-67.0207
13.338344002282	2	(25.3684,205.15,1.895)	113.13	-74.5533
13.343004710367	9	(27.3959,341.521,1.895)	23.2639	-63.4847
13.349164134695	6	(24.7456,271.875,1.895)	46.4708	-71.599
13.404416990746	1	(25.635,176.586,1.895)	139.76	-87.6274
13.406714331009	7	(27.8629,291.486,1.895)	24.8463	-61.9029
13.413647731778	4	(28.3773,236.367,1.895)	79.968	-72.1777
13.414938057924	0	(25.8879,149.484,1.895)	166.856	-80.7936
13.437624808447	3	(28.6256,209.772,1.895)	106.564	-72.5747
13.437166061508	5	(28.1374,262.072,1.895)	54.2624	-67.0165
13.438344002282	2	(25.3867,203.182,1.895)	113.172	-74.5674
13.443004710367	9	(27.4133,339.656,1.895)	23.3251	-63.5315
13.449164134695	6	(24.7643,269.874,1.895)	46.5463	-71.6555
13.504416990746	1	(25.6537,174.585,1.895)	139.843	-87.6492
13.506714331009	7	(27.8814,289.5,1.895)	24.9141	-61.8419
13.513647731778	4	(28.3958,234.392,1.895)	80.0247	-72.1534
13.514938057924	0	(25.9067,147.474,1.895)	166.948	-80.7766
13.537624808447	3	(28.6442,207.772,1.895)	106.646	-72.5961
13.537166061508	5	(28.1555,260.133,1.895)	54.2832	-67.0124
13.538344002282	2	(25.4052,201.209,1.895)	113.227	-74.5862
13.543004710367	9	(27.4306,337.806,1.895)	23.3932	-63.5646
13.549164134695	6	(24.783,267.87,1.895)	46.6319	-71.7127
13.604416990746	1	(25.6722,172.595,1.895)	139.905	-87.6648
13.606714331009	7	(27.8999,287.524,1.895)	24.9625	-61.8033
13.613647731778	4	(28.4142,232.419,1.895)	80.0695	-72.1344
13.614938057924	0	(25.9254,145.475,1.895)	167.019	-80.7636
13.637624808447	3	(28.663,205.763,1.895)	106.727	-72.6174
13.637166061508	5	(28.1736,258.194,1.895)	54.2933	-67.0104
13.638344002282	2	(25.4236,199.234,1.895)	113.274	-74.6025
13.643004710367	9	(27.4478,335.959,1.895)	23.4744	-63.5782
13.649164134695	6	(24.8017,265.868,1.895)	46.7057	-71.7561
13.704416990746	1	(25.6907,170.611,1.895)	139.961	-87.6786
13.706714331009	7	(27.9183,285.553,1.895)	25.006	-61.7721
13.713647731778	4	(28.4327,230.431,1.895)	80.1303	-72.1087
13.714938057924	0	(25.9441,143.467,1.895)	167.1	-80.7488
13.737624808447	3	(28.6817,203.76,1.895)	106.802	-72.6371
13.737166061508	5	(28.1917,256.261,1.895)	54.2992	-67.0093
13.738344002282	2	(25.442,197.26,1.895)	113.319	-74.6182
13.743004710367	9	(27.4652,334.102,1.895)	23.5456	-63.5674
13.749164134695	6	(24.8204,263.862,1.895)	46.7833	-71.7954
13.804416990746	1	(25.7093,168.619,1.895)	140.025	-87.694
13.806714331009	7	(27.9367,283.584,1.895)	25.047	-61.7459
13.813647731778	4	(28.4512,228.456,1.895)	80.1777	-72.0889
13.814938057924	0	(25.9628,141.458,1.895)	167.181	-80.734
13.837624808447	3	(28.7004,201.75,1.895)	106.885	-72.659
13.837166061508	5	(28.2099,254.312,1.895)	54.3204	-67.0052
13.838344002282	2	(25.4603,195.3,1.895)	113.352	-74.6294
13.843004710367	9	(27.4825,332.248,1.895)	23.6192	-63.5354
13.849164134695	6	(24.8391,261.858,1.895)	46.8597	-71.8279
13.904416990746	1	(25.728,166.625,1.895)	140.094	-87.7102
13.906714331009	7	(27.9551,281.605,1.895)	25.1012	-61.7159
13.913647731778	4	(28.4698,226.466,1.895)	80.2432	-72.0617
13.914938057924	0	(25.9816,139.453,1.895)	167.261	-80.7194
13.937624808447	3	(28.7192,199.742,1.895)	106.968	-72.6811
13.937166061508	5	(28.2279,252.376,1.895)	54.3318	-67.003
13.938344002282	2	(25.4787,193.326,1.895)	113.402	-74.6465
13.943004710367	9	(27.4998,330.392,1.895)	23.6877	-63.488
13.949164134695	6	(24.8578,259.856,1.895)	46.9367	-71.8543
14.004416990746	1	(25.7466,164.63,1.895)	140.158	-87.7243
14.006714331009	7	(27.9735,279.636,1.895)	25.138	-61.6987
14.013647731778	4	(28.4883,224.475,1.895)	80.3017	-72.0377
14.014938057924	0	(26.0003,137.448,1.895)	167.334	-80.7062
14.037624808447	3	(28.7378,197.742,1.895)	107.036	-72.6992
14.037166061508	5	(28.2462,250.419,1.895)	54.357	-66.9983
14.038344002282	2	(25.4971,191.358,1.895)	113.438	-74.659
14.043004710367	9	(27.5172,328.527,1.895)	23.7549	-63.4268
14.049164134695	6	(24.8765,257.855,1.895)	47.0056	-71.8726
14.104416990746	1	(25.7652,162.633,1.895)	140.236	-87.7413
14.106714331009	7	(27.9921,277.648,1.895)	25.2081	-61.6728
14.113647731778	4	(28.5068,222.493,1.895)	80.3653	-72.0118
14.114938057924	0	(26.0191,135.436,1.895)	167.428	-80.6894
14.137624808447	3	(28.7566,195.73,1.895)	107.129	-72.7242
14.137166061508	5	(28.2644,248.465,1.895)	54.3925	-66.9918
14.138344002282	2	(25.5155,189.383,1.895)	113.494	-74.6786
14.143004710367	9	(27.5346,326.663,1.895)	23.8091	-63.3681
14.149164134695	6	(24.8952,255.847,1.895)	47.095	-71.8886
14.204416990746	1	(25.7839,160.633,1.895)	140.299	-87.7544
14.206714331009	7	(28.0106,275.666,1.895)	25.2535	-61.6609
14.213647731778	4	(28.5253,220.509,1.895)	80.4125	-71.9927
14.214938057924	0	(26.0377,133.433,1.895)	167.494	-80.6775
14.237624808447	3	(28.7754,193.723,1.895)	107.2	-72.7431
14.237166061508	5	(28.2826,246.52,1.895)	54.4008	-66.9903
14.238344002282	2	(25.534,187.405,1.895)	113.535	-74.6926
14.243004710367	9	(27.5519,324.807,1.895)	23.8903	-63.2669
14.249164134695	6	(24.9139,253.847,1.895)	47.1583	-71.8947
14.304416990746	1	(25.8025,158.639,1.895)	140.35	-87.7647
14.306714331009	7	(28.0291,273.683,1.895)	25.2925	-61.6539
14.313647731778	4	(28.5439,218.522,1.895)	80.4559	-71.9753
14.314938057924	0	(26.0565,131.429,1.895)	167.555	-80.6666
14.337624808447	3	(28.7941,191.719,1.895)	107.261	-72.7594
14.337166061508	5	(28.3008,244.564,1.895)	54.4129	-66.9882
14.338344002282	2	(25.5525,185.423,1.895)	113.574	-74.7063
14.343004710367	9	(27.5693,322.939,1.895)	23.9657	-63.1617
14.349164134695	6	(24.9325,251.845,1.895)	47.2162	-71.8967
14.404416990746	1	(25.821,156.653,1.895)	140.397	-87.774
14.406714331009	7	(28.0476,271.696,1.895)	25.3413	-61.649
14.413647731778	4	(28.5624,216.543,1.895)	80.4967	-71.9591
14.414938057924	0	(26.0752,129.42,1.895)	167.625	-80.6541
14.437624808447	3	(28.8128,189.714,1.895)	107.327	-72.7775
14.437166061508	5	(28.319,242.614,1.895)	54.4243	-66.9862
14.438344002282	2	(25.571,183.446,1.895)	113.613	-74.7198
14.443004710367	9	(27.5869,321.055,1.895)	24.0199	-63.0808
14.449164134695	6	(24.9513,249.834,1.895)	47.2887	-71.8941
14.504416990746	1	(25.8396,154.659,1.895)	140.453	-87.7846
14.506714331009	7	(28.0661,269.715,1.895)	25.3847	-61.6485
14.513647731778	4	(28.5808,214.563,1.895)	80.539	-71.9423
14.514938057924	0	(26.0939,127.42,1.895)	167.687	-80.6431
14.537624808447	3	(28.8314,187.714,1.895)	107.389	-72.7942
14.537166061508	5	(28.3372,240.67,1.895)	54.4303	-66.9851
14.538344002282	2	(25.5894,181.473,1.895)	113.647	-74.7317
14.543004710367	9	(27.6045,319.177,1.895)	24.0797	-62.9881
14.549164134695	6	(24.9701,247.824,1.895)	47.3607	-71.8863
14.604416990746	1	(25.8582,152.675,1.895)	140.496	-87.7925
14.606714331009	7	(28.0846,267.736,1.895)	25.4228	-61.6509
14.613647731778	4	(28.5994,212.58,1.895)	80.5805	-71.926
14.614938057924	0	(26.1126,125.411,1.895)	167.756	-80.6309
14.637624808447	3	(28.8502,185.703,1.895)	107.459	-72.8131
14.637166061508	5	(28.3554,238.716,1.895)	54.4441	-66.9827
14.638344002282	2	(25.6078,179.499,1.895)	113.68	-74.7433
14.643004710367	9	(27.622,317.295,1.895)	24.1385	-62.8944
14.649164134695	6	(24.9888,245.813,1.895)	47.4302	-71.8738
14.704416990746	1	(25.8768,150.674,1.895)	140.556	-87.8032
14.706714331009	7	(28.1031,265.746,1.895)	25.471	-61.6579
14.713647731778	4	(28.6179,210.595,1.895)	80.6241	-71.909
14.714938057924	0	(26.1313,123.408,1.895)	167.817	-80.6201
14.737624808447	3	(28.8689,183.696,1.895)	107.524	-72.8309
14.737166061508	5	(28.3736,236.766,1.895)	54.4523	-66.9814
14.738344002282	2	(25.6262,177.528,1.895)	113.71	-74.7537
14.743004710367	9	(27.6396,315.413,1.895)	24.1979	-62.7986
14.749164134695	6	(25.0075,243.813,1.895)	47.4892	-71.8595
14.804416990746	1	(25.8955,148.677,1.895)	140.601	-87.8108
14.806714331009	7	(28.1216,263.764,1.895)	25.5	-61.6642
14.813647731778	4	(28.6364,208.607,1.895)	80.6594	-71.8953
14.814938057924	0	(26.1501,121.399,1.895)	167.873	-80.6102
14.837624808447	3	(28.8876,181.692,1.895)	107.576	-72.8451
14.837166061508	5	(28.3919,234.808,1.895)	54.4578	-66.9804
14.838344002282	2	(25.6447,175.547,1.895)	113.738	-74.7635
14.843004710367	9	(27.6572,313.527,1.895)	24.2649	-62.69
14.849164134695	6	(25.0263,241.803,1.895)	47.5465	-71.8424
14.904416990746	1	(25.9141,146.686,1.895)	140.647	-87.8185
14.906714331009	7	(28.1402,261.773,1.895)	25.5459	-61.6774
14.913647731778	4	(28.6549,206.625,1.895)	80.697	-71.8807
14.914938057924	0	(26.1688,119.395,1.895)	167.933	-80.5998
14.937624808447	3	(28.9064,179.686,1.895)	107.636	-72.8616
14.937166061508	5	(28.4102,232.849,1.895)	54.4718	-66.9781
14.938344002282	2	(25.6631,173.574,1.895)	113.766	-74.7733
14.943004710367	9	(27.6748,311.635,1.895)	24.3177	-62.6052
14.949164134695	6	(25.045,239.792,1.895)	47.6117	-71.8192
15.004416990746	1	(25.9326,144.696,1.895)	140.693	-87.8259
15.006714331009	7	(28.1588,259.782,1.895)	25.594	-61.6954
15.013647731778	4	(28.6735,204.637,1.895)	80.7419	-71.8635
15.014938057924	0	(26.1874,117.394,1.895)	167.989	-80.5898
15.037624808447	3	(28.925,177.685,1.895)	107.695	-72.8775
15.037166061508	5	(28.4284,230.895,1.895)	54.4827	-66.9763
15.038344002282	2	(25.6815,171.6,1.895)	113.796	-74.7839
15.043004710367	9	(27.6925,309.744,1.895)	24.3704	-62.5219
15.049164134695	6	(25.0637,237.789,1.895)	47.6721	-71.7944
15.104416990746	1	(25.9512,142.711,1.895)	140.722	-87.8304
15.106714331009	7	(28.1773,257.796,1.895)	25.6239	-61.7088
15.113647731778	4	(28.692,202.655,1.895)	80.7671	-71.8539
15.114938057924	0	(26.2062,115.388,1.895)	168.039	-80.5811
15.137624808447	3	(28.9438,175.674,1.895)	107.75	-72.8927
15.137166061508	5	(28.4468,228.929,1.895)	54.4922	-66.9747
15.138344002282	2	(25.7,169.625,1.895)	113.816	-74.7907
15.143004710367	9	(27.7102,307.851,1.895)	24.4336	-62.4245
15.149164134695	6	(25.0825,235.781,1.895)	47.7233	-71.771
15.204416990746	1	(25.9698,140.712,1.895)	140.78	-87.8392
15.206714331009	7	(28.1959,255.81,1.895)	25.6683	-61.7316
15.213647731778	4	(28.7106,200.663,1.895)	80.8181	-71.8346
15.214938057924	0	(26.2249,113.386,1.895)	168.1	-80.5705
15.237624808447	3	(28.9625,173.674,1.895)	107.808	-72.9088
15.237166061508	5	(28.4651,226.969,1.895)	54.5111	-66.9717
15.238344002282	2	(25.7183,167.659,1.895)	113.841	-74.7995
15.243004710367	9	(27.7279,305.95,1.895)	24.4737	-62.3644
15.249164134695	6	(25.1012,233.771,1.895)	47.7919	-71.7361
15.304416990746	1	(25.9883,138.726,1.895)	140.818	-87.8447
15.306714331009	7	(28.2145,253.819,1.895)	25.7127	-61.758
15.313647731778	4	(28.7291,198.681,1.895)	80.8525	-71.8216
15.314938057924	0	(26.2436,111.375,1.895)	168.164	-80.5594
15.337624808447	3	(28.9812,171.671,1.895)	107.864	-72.9244
15.337166061508	5	(28.4834,225.006,1.895)	54.5261	-66.9693
15.338344002282	2	(25.7368,165.674,1.895)	113.878	-74.8125
15.343004710367	9	(27.7455,304.06,1.895)	24.5312	-62.2811
15.349164134695	6	(25.1199,231.769,1.895)	47.8462	-71.7058
15.404416990746	1	(26.007,136.727,1.895)	140.863	-87.8511
15.406714331009	7	(28.233,251.832,1.895)	25.7454	-61.7797
15.413647731778	4	(28.7477,196.69,1.895)	80.8901	-71.8075
15.414938057924	0	(26.2624,109.369,1.895)	168.217	-80.5503
15.437624808447	3	(28.9999,169.665,1.895)	107.916	-72.9388
15.437166061508	5	(28.5016,223.053,1.895)	54.5261	-66.9693
15.438344002282	2	(25.7553,163.698,1.895)	113.901	-74.8204
15.443004710367	9	(27.7632,302.165,1.895)	24.59	-62.2
15.449164134695	6	(25.1387,229.761,1.895)	47.9002	-71.6735
15.504416990746	1	(26.0257,134.727,1.895)	140.911	-87.8576
15.506714331009	7	(28.2515,249.85,1.895)	25.7759	-61.8017
15.513647731778	4	(28.7663,194.696,1.895)	80.9326	-71.7917
15.514938057924	0	(26.281,107.37,1.895)	168.264	-80.5422
15.537624808447	3	(29.0187,167.653,1.895)	107.976	-72.9554
15.537166061508	5	(28.5199,221.091,1.895)	54.5361	-66.9677
15.538344002282	2	(25.7738,161.712,1.895)	113.935	-74.8326
15.543004710367	9	(27.7809,300.271,1.895)	24.6477	-62.1245
15.549164134695	6	(25.1574,227.756,1.895)	47.9542	-71.6391
15.604416990746	1	(26.0442,132.742,1.895)	140.953	-87.863
15.606714331009	7	(28.2701,247.858,1.895)	25.8246	-61.8403
15.613647731778	4	(28.7849,192.703,1.895)	80.9821	-71.7734
15.614938057924	0	(26.2997,105.364,1.895)	168.327	-80.5314
15.637624808447	3	(29.0374,165.646,1.895)	108.04	-72.9734
15.637166061508	5	(28.5383,219.123,1.895)	54.5607	-66.9639
15.638344002282	2	(25.7924,159.723,1.895)	113.981	-74.8487
15.643004710367	9	(27.7987,298.368,1.895)	24.6878	-62.0749
15.649164134695	6	(25.1761,225.745,1.895)	48.0208	-71.5938
15.704416990746	1	(26.0628,130.744,1.895)	140.998	-87.8685
15.706714331009	7	(28.2886,245.87,1.895)	25.8593	-61.8702
15.713647731778	4	(28.8035,190.705,1.895)	81.0265	-71.7571
15.714938057924	0	(26.3184,103.362,1.895)	168.375	-80.5231
15.737624808447	3	(29.0561,163.638,1.895)	108.095	-72.9886
15.737166061508	5	(28.5566,217.156,1.895)	54.5749	-66.9618
15.738344002282	2	(25.8108,157.746,1.895)	114.004	-74.8569
15.743004710367	9	(27.8163,296.479,1.895)	24.7522	-62.0002
15.749164134695	6	(25.1949,223.739,1.895)	48.0741	-71.5556
15.804416990746	1	(26.0814,128.757,1.895)	141.036	-87.873
15.806714331009	7	(28.3072,243.886,1.895)	25.8945	-61.9029
15.813647731778	4	(28.8221,188.718,1.895)	81.0648	-71.7432
15.814938057924	0	(26.3372,101.35,1.895)	168.438	-80.5123
15.837624808447	3	(29.0749,161.626,1.895)	108.158	-73.0062
15.837166061508	5	(28.5751,215.184,1.895)	54.5979	-66.9584
15.838344002282	2	(25.8293,155.766,1.895)	114.035	-74.868
15.843004710367	9	(27.8341,294.575,1.895)	24.7972	-61.9519
15.849164134695	6	(25.2136,221.736,1.895)	48.1279	-71.5151
15.904416990746	1	(26.1,126.76,1.895)	141.088	-87.879
15.906714331009	7	(28.3258,241.894,1.895)	25.9415	-61.9497
15.913647731778	4	(28.8407,186.726,1.895)	81.112	-71.7261
15.914938057924	0	(26.3559,99.3467,1.895)	168.496	-80.5023
15.937624808447	3	(29.0936,159.623,1.895)	108.216	-73.0225
15.937166061508	5	(28.5934,213.219,1.895)	54.6173	-66.9556
15.938344002282	2	(25.8478,153.786,1.895)	114.07	-74.8804
15.943004710367	9	(27.8518,292.67,1.895)	24.837	-61.9119
15.949164134695	6	(25.2323,219.725,1.895)	48.1933	-71.4637
16.004416990746	1	(26.1187,124.765,1.895)	141.13	-87.8835
16.006714331009	7	(28.3443,239.908,1.895)	25.9737	-61.9839
16.013647731778	4	(28.8592,184.735,1.895)	81.1492	-71.7127
16.014938057924	0	(26.3746,97.3432,1.895)	168.546	-80.4939
16.037624808447	3	(29.1123,157.617,1.895)	108.268	-73.0372
16.037166061508	5	(28.6117,211.256,1.895)	54.6275	-66.9541
16.038344002282	2	(25.8663,151.806,1.895)	114.097	-74.8899
16.043004710367	9	(27.8695,290.774,1.895)	24.894	-61.8591
16.049164134695	6	(25.251,217.724,1.895)	48.241	-71.4247
16.104416990746	1	(26.1373,122.771,1.895)	141.172	-87.8878
16.106714331009	7	(28.3628,237.922,1.895)	26.0079	-62.0222
16.113647731778	4	(28.8779,182.741,1.895)	81.1911	-71.6977
16.114938057924	0	(26.3933,95.34,1.895)	168.597	-80.4852
16.137624808447	3	(29.131,155.613,1.895)	108.32	-73.0519
16.137166061508	5	(28.6301,209.285,1.895)	54.6458	-66.9516
16.138344002282	2	(25.8848,149.822,1.895)	114.128	-74.9007
16.143004710367	9	(27.8873,288.872,1.895)	24.9442	-61.8174
16.149164134695	6	(25.2698,215.715,1.895)	48.2972	-71.3772
16.204416990746	1	(26.1559,120.777,1.895)	141.214	-87.8919
16.206714331009	7	(28.3814,235.928,1.895)	26.0506	-62.0727
16.213647731778	4	(28.8965,180.744,1.895)	81.2364	-71.6817
16.214938057924	0	(26.412,93.3319,1.895)	168.654	-80.4756
16.237624808447	3	(29.1497,153.612,1.895)	108.37	-73.0659
16.237166061508	5	(28.6485,207.31,1.895)	54.6695	-66.9483
16.238344002282	2	(25.9032,147.846,1.895)	114.154	-74.9098
16.243004710367	9	(27.9051,286.962,1.895)	24.9861	-61.786
16.249164134695	6	(25.2885,213.707,1.895)	48.3543	-71.3275
16.304416990746	1	(26.1745,118.783,1.895)	141.245	-87.8948
16.306714331009	7	(28.4001,233.932,1.895)	26.0827	-62.1126
16.313647731778	4	(28.915,178.757,1.895)	81.26	-71.6734
16.314938057924	0	(26.4308,91.3228,1.895)	168.7	-80.4679
16.337624808447	3	(29.1684,151.606,1.895)	108.413	-73.0781
16.337166061508	5	(28.6669,205.341,1.895)	54.6754	-66.9476
16.338344002282	2	(25.9217,145.869,1.895)	114.167	-74.9145
16.343004710367	9	(27.923,285.05,1.895)	25.0375	-61.7517
16.349164134695	6	(25.3072,211.701,1.895)	48.3968	-71.2896
16.404416990746	1	(26.1932,116.778,1.895)	141.289	-87.8988
16.406714331009	7	(28.4187,231.937,1.895)	26.1172	-62.1573
16.413647731778	4	(28.9336,176.771,1.895)	81.2858	-71.6643
16.414938057924	0	(26.4495,89.3138,1.895)	168.749	-80.4597
16.437624808447	3	(29.1872,149.598,1.895)	108.46	-73.0916
16.437166061508	5	(28.6852,203.378,1.895)	54.678	-66.9472
16.438344002282	2	(25.9402,143.884,1.895)	114.192	-74.9234
16.443004710367	9	(27.9409,283.128,1.895)	25.0761	-61.7291
16.449164134695	6	(25.3259,209.696,1.895)	48.4414	-71.2489
16.504416990746	1	(26.2119,114.774,1.895)	141.328	-87.9021
16.506714331009	7	(28.4372,229.954,1.895)	26.1354	-62.1817
16.513647731778	4	(28.9522,174.774,1.895)	81.3177	-71.6531
16.514938057924	0	(26.4683,87.3022,1.895)	168.795	-80.4519
16.537624808447	3	(29.2059,147.589,1.895)	108.505	-73.1042
16.537166061508	5	(28.7036,201.408,1.895)	54.6831	-66.9465
16.538344002282	2	(25.9588,141.889,1.895)	114.221	-74.9339
16.543004710367	9	(27.9587,281.216,1.895)	25.1289	-61.7027
16.549164134695	6	(25.3446,207.696,1.895)	48.4763	-71.2165
16.604416990746	1	(26.2306,112.774,1.895)	141.369	-87.9053
16.606714331009	7	(28.4557,227.968,1.895)	26.162	-62.2183
16.613647731778	4	(28.9708,172.781,1.895)	81.3514	-71.6414
16.614938057924	0	(26.4871,85.2933,1.895)	168.844	-80.4436
16.637624808447	3	(29.2246,145.585,1.895)	108.548	-73.1167
16.637166061508	5	(28.722,199.437,1.895)	54.6945	-66.945
16.638344002282	2	(25.9774,139.895,1.895)	114.255	-74.9461
16.643004710367	9	(27.9767,279.292,1.895)	25.1641	-61.688
16.649164134695	6	(25.3633,205.692,1.895)	48.5207	-71.1747
16.704416990746	1	(26.2492,110.773,1.895)	141.413	-87.9086
16.706714331009	7	(28.4743,225.979,1.895)	26.1945	-62.2643
16.713647731778	4	(28.9894,170.793,1.895)	81.3834	-71.6304
16.714938057924	0	(26.5058,83.2854,1.895)	168.896	-80.435
16.737624808447	3	(29.2433,143.585,1.895)	108.592	-73.1291
16.737166061508	5	(28.7404,197.467,1.895)	54.7077	-66.9433
16.738344002282	2	(25.9959,137.913,1.895)	114.281	-74.9552
16.743004710367	9	(27.9946,277.37,1.895)	25.1985	-61.6758
16.749164134695	6	(25.382,203.686,1.895)	48.5697	-71.1277
16.804416990746	1	(26.268,108.768,1.895)	141.461	-87.9119
16.806714331009	7	(28.4929,223.986,1.895)	26.23	-62.3165
16.813647731778	4	(29.0079,168.806,1.895)	81.4126	-71.6203
16.814938057924	0	(26.5245,81.2797,1.895)	168.944	-80.4269
16.837624808447	3	(29.262,141.579,1.895)	108.641	-73.1432
16.837166061508	5	(28.7587,195.504,1.895)	54.7135	-66.9426
16.838344002282	2	(26.0145,135.921,1.895)	114.316	-74.9677
16.843004710367	9	(28.0126,275.449,1.895)	25.2353	-61.6652
16.849164134695	6	(25.4008,201.679,1.895)	48.6193	-71.0793
16.904416990746	1	(26.2866,106.771,1.895)	141.491	-87.9138
16.906714331009	7	(28.5114,222.003,1.895)	26.2454	-62.3398
16.913647731778	4	(29.0265,166.816,1.895)	81.4349	-71.6127
16.914938057924	0	(26.5433,79.2734,1.895)	168.983	-80.4205
16.937624808447	3	(29.2807,139.58,1.895)	108.672	-73.1522
16.937166061508	5	(28.7771,193.532,1.895)	54.7178	-66.942
16.938344002282	2	(26.0331,133.928,1.895)	114.341	-74.9766
16.943004710367	9	(28.0304,273.539,1.895)	25.2928	-61.6538
16.949164134695	6	(25.4195,199.673,1.895)	48.6576	-71.0416
17.004416990746	1	(26.3053,104.771,1.895)	141.53	-87.9161
17.006714331009	7	(28.53,220.012,1.895)	26.276	-62.3869
17.013647731778	4	(29.0451,164.826,1.895)	81.4649	-71.6024
17.014938057924	0	(26.562,77.2699,1.895)	169.026	-80.4134
17.037624808447	3	(29.2994,137.57,1.895)	108.722	-73.1665
17.037166061508	5	(28.7955,191.564,1.895)	54.7253	-66.9411
17.038344002282	2	(26.0516,131.947,1.895)	114.362	-74.9843
17.043004710367	9	(28.0484,271.608,1.895)	25.3216	-61.6504
17.049164134695	6	(25.4382,197.673,1.895)	48.6974	-71.0018
17.104416990746	1	(26.3239,102.772,1.895)	141.569	-87.9183
17.106714331009	7	(28.5485,218.031,1.895)	26.297	-62.4202
17.113647731778	4	(29.0637,162.834,1.895)	81.4972	-71.5915
17.114938057924	0	(26.5807,75.2663,1.895)	169.07	-80.4061
17.137624808447	3	(29.3182,135.561,1.895)	108.772	-73.1807
17.137166061508	5	(28.8139,189.594,1.895)	54.7355	-66.9398
17.138344002282	2	(26.0702,129.961,1.895)	114.388	-74.9935
17.143004710367	9	(28.0663,269.694,1.895)	25.3675	-61.6483
17.149164134695	6	(25.4568,195.673,1.895)	48.7372	-70.9616
17.204416990746	1	(26.3425,100.781,1.895)	141.61	-87.9204
17.206714331009	7	(28.567,216.043,1.895)	26.3359	-62.4833
17.213647731778	4	(29.0823,160.831,1.895)	81.5503	-71.5735
17.214938057924	0	(26.5994,73.2599,1.895)	169.127	-80.3967
17.237624808447	3	(29.3369,133.552,1.895)	108.83	-73.1976
17.237166061508	5	(28.8323,187.624,1.895)	54.7564	-66.9373
17.238344002282	2	(26.0887,127.978,1.895)	114.422	-75.0055
17.243004710367	9	(28.0843,267.768,1.895)	25.391	-61.6487
17.249164134695	6	(25.4756,193.666,1.895)	48.7951	-70.9026
17.304416990746	1	(26.3612,98.7769,1.895)	141.648	-87.9221
17.306714331009	7	(28.5855,214.06,1.895)	26.353	-62.5116
17.313647731778	4	(29.1009,158.839,1.895)	81.5762	-71.5648
17.314938057924	0	(26.6181,71.2531,1.895)	169.167	-80.3901
17.337624808447	3	(29.3557,131.541,1.895)	108.875	-73.2106
17.337166061508	5	(28.8507,185.646,1.895)	54.7683	-66.9358
17.338344002282	2	(26.1072,125.995,1.895)	114.439	-75.0116
17.343004710367	9	(28.1021,265.855,1.895)	25.4444	-61.6535
17.349164134695	6	(25.4943,191.656,1.895)	48.838	-70.8584
17.404416990746	1	(26.3799,96.7767,1.895)	141.688	-87.9238
17.406714331009	7	(28.6041,212.072,1.895)	26.3805	-62.5582
17.413647731778	4	(29.1196,156.834,1.895)	81.6206	-71.5501
17.414938057924	0	(26.6368,69.2481,1.895)	169.212	-80.3827
17.437624808447	3	(29.3745,129.53,1.895)	108.926	-73.2253
17.437166061508	5	(28.8691,183.677,1.895)	54.7773	-66.9348
17.438344002282	2	(26.1258,124.003,1.895)	114.471	-75.023
17.443004710367	9	(28.1201,263.93,1.895)	25.4801	-61.6597
17.449164134695	6	(25.513,189.652,1.895)	48.8822	-70.8124
17.504416990746	1	(26.3985,94.7795,1.895)	141.718	-87.9249
17.506714331009	7	(28.6226,210.09,1.895)	26.3948	-62.5826
17.513647731778	4	(29.1383,154.832,1.895)	81.6553	-71.5386
17.514938057924	0	(26.6555,67.2428,1.895)	169.249	-80.3766
17.537624808447	3	(29.3932,127.52,1.895)	108.968	-73.2376
17.537166061508	5	(28.8877,181.688,1.895)	54.798	-66.9324
17.538344002282	2	(26.1444,122.011,1.895)	114.494	-75.0315
17.543004710367	9	(28.138,262.012,1.895)	25.5297	-61.6723
17.549164134695	6	(25.5317,187.648,1.895)	48.9182	-70.7747
17.604416990746	1	(26.4171,92.7847,1.895)	141.758	-87.9262
17.606714331009	7	(28.6412,208.094,1.895)	26.4362	-62.6553
17.613647731778	4	(29.1569,152.839,1.895)	81.6939	-71.5259
17.614938057924	0	(26.6743,65.2323,1.895)	169.305	-80.3674
17.637624808447	3	(29.412,125.513,1.895)	109.021	-73.2529
17.637166061508	5	(28.9062,179.699,1.895)	54.8324	-66.9286
17.638344002282	2	(26.1628,120.031,1.895)	114.52	-75.0407
17.643004710367	9	(28.156,260.083,1.895)	25.5552	-61.6805
17.649164134695	6	(25.5504,185.646,1.895)	48.9653	-70.7252
17.704416990746	1	(26.4359,90.7761,1.895)	141.79	-87.9271
17.706714331009	7	(28.6599,206.095,1.895)	26.4584	-62.6952
17.713647731778	4	(29.1755,150.849,1.895)	81.7077	-71.5214
17.714938057924	0	(26.693,63.2307,1.895)	169.331	-80.3632
17.737624808447	3	(29.4307,123.503,1.895)	109.054	-73.2627
17.737166061508	5	(28.9247,177.724,1.895)	54.8312	-66.9287
17.738344002282	2	(26.1814,118.043,1.895)	114.532	-75.0451
17.743004710367	9	(28.1739,258.169,1.895)	25.6172	-61.7056
17.749164134695	6	(25.5691,183.641,1.895)	48.994	-70.6949
17.804416990746	1	(26.4545,88.7798,1.895)	141.809	-87.9276
17.806714331009	7	(28.6785,204.105,1.895)	26.4718	-62.7196
17.813647731778	4	(29.1942,148.851,1.895)	81.7276	-71.5149
17.814938057924	0	(26.7117,61.2259,1.895)	169.358	-80.3588
17.837624808447	3	(29.4494,121.498,1.895)	109.082	-73.2707
17.837166061508	5	(28.9431,175.753,1.895)	54.8243	-66.9294
17.838344002282	2	(26.2001,116.043,1.895)	114.554	-75.0532
17.843004710367	9	(28.1919,256.232,1.895)	25.6579	-61.7259
17.849164134695	6	(25.5878,181.637,1.895)	49.0212	-70.666
17.904416990746	1	(26.4731,86.7877,1.895)	141.83	-87.9281
17.906714331009	7	(28.6969,202.123,1.895)	26.4821	-62.7384
17.913647731778	4	(29.2127,146.861,1.895)	81.7469	-71.5086
17.914938057924	0	(26.7304,59.2252,1.895)	169.388	-80.354
17.937624808447	3	(29.4681,119.496,1.895)	109.113	-73.2798
17.937166061508	5	(28.9615,173.776,1.895)	54.8306	-66.9288
17.938344002282	2	(26.2187,114.05,1.895)	114.576	-75.0608
17.943004710367	9	(28.2101,254.289,1.895)	25.6855	-61.7414
17.949164134695	6	(25.6065,179.637,1.895)	49.0499	-70.6355
18.004416990746	1	(26.4918,84.7887,1.895)	141.869	-87.9289
18.006714331009	7	(28.7155,200.135,1.895)	26.5098	-62.7898
18.013647731778	4	(29.2313,144.866,1.895)	81.7813	-71.4974
18.014938057924	0	(26.7491,57.2232,1.895)	169.429	-80.3472
18.037624808447	3	(29.4868,117.495,1.895)	109.153	-73.2916
18.037166061508	5	(28.9799,171.802,1.895)	54.8443	-66.9273
18.038344002282	2	(26.2371,112.071,1.895)	114.595	-75.0678
18.043004710367	9	(28.2281,252.355,1.895)	25.7121	-61.7576
18.049164134695	6	(25.6252,177.635,1.895)	49.0916	-70.591
18.104416990746	1	(26.5104,82.7892,1.895)	141.896	-87.9293
18.106714331009	7	(28.7341,198.146,1.895)	26.5271	-62.8222
18.113647731778	4	(29.2499,142.881,1.895)	81.795	-71.493
18.114938057924	0	(26.7677,55.2234,1.895)	169.457	-80.3427
18.137624808447	3	(29.5055,115.496,1.895)	109.181	-73.2996
18.137166061508	5	(28.9984,169.82,1.895)	54.8542	-66.9262
18.138344002282	2	(26.2557,110.087,1.895)	114.607	-75.0722
18.143004710367	9	(28.2462,250.422,1.895)	25.7509	-61.7836
18.149164134695	6	(25.6439,175.626,1.895)	49.1287	-70.5513
18.204416990746	1	(26.529,80.7981,1.895)	141.924	-87.9297
18.206714331009	7	(28.7527,196.153,1.895)	26.5569	-62.8791
18.213647731778	4	(29.2684,140.894,1.895)	81.8177	-71.4857
18.214938057924	0	(26.7864,53.2217,1.895)	169.495	-80.3365
18.237624808447	3	(29.5242,113.494,1.895)	109.22	-73.311
18.237166061508	5	(29.0168,167.849,1.895)	54.8616	-66.9255
18.238344002282	2	(26.2742,108.096,1.895)	114.634	-75.082
18.243004710367	9	(28.2643,248.478,1.895)	25.7709	-61.798
18.249164134695	6	(25.6627,173.619,1.895)	49.1713	-70.5055
18.304416990746	1	(26.5477,78.7989,1.895)	141.954	-87.93
18.306714331009	7	(28.7712,194.17,1.895)	26.5701	-62.9045
18.313647731778	4	(29.2871,138.896,1.895)	81.8463	-71.4765
18.314938057924	0	(26.8051,51.215,1.895)	169.533	-80.3304
18.337624808447	3	(29.5428,111.492,1.895)	109.252	-73.3206
18.337166061508	5	(29.0352,165.88,1.895)	54.8614	-66.9255
18.338344002282	2	(26.2927,106.116,1.895)	114.645	-75.0859
18.343004710367	9	(28.2823,246.548,1.895)	25.81	-61.8283
18.349164134695	6	(25.6814,171.608,1.895)	49.2131	-70.4605
18.404416990746	1	(26.5663,76.7987,1.895)	141.998	-87.9302
18.406714331009	7	(28.7897,192.185,1.895)	26.5985	-62.9599
18.413647731778	4	(29.3056,136.906,1.895)	81.8805	-71.4656
18.414938057924	0	(26.8239,49.2062,1.895)	169.585	-80.322
18.437624808447	3	(29.5616,109.48,1.895)	109.308	-73.3369
18.437166061508	5	(29.0537,163.902,1.895)	54.8835	-66.9232
18.438344002282	2	(26.3113,104.121,1.895)	114.683	-75.0996
18.443004710367	9	(28.3004,244.614,1.895)	25.8328	-61.8472
18.449164134695	6	(25.7002,169.597,1.895)	49.2672	-70.4022
18.504416990746	1	(26.5851,74.7924,1.895)	142.045	-87.9302
18.506714331009	7	(28.8082,190.2,1.895)	26.6244	-63.0114
18.513647731778	4	(29.3243,134.902,1.895)	81.9249	-71.4516
18.514938057924	0	(26.8426,47.2014,1.895)	169.631	-80.3147
18.537624808447	3	(29.5804,107.471,1.895)	109.358	-73.3516
18.537166061508	5	(29.0722,161.922,1.895)	54.9033	-66.9213
18.538344002282	2	(26.3299,102.128,1.895)	114.717	-75.1119
18.543004710367	9	(28.3184,242.684,1.895)	25.8613	-61.8721
18.549164134695	6	(25.719,167.588,1.895)	49.3171	-70.3484
18.604416990746	1	(26.6038,72.7873,1.895)	142.086	-87.93
18.606714331009	7	(28.8268,188.211,1.895)	26.65	-63.0627
18.613647731778	4	(29.3431,132.898,1.895)	81.9658	-71.4387
18.614938057924	0	(26.8613,45.1937,1.895)	169.675	-80.3076
18.637624808447	3	(29.5991,105.46,1.895)	109.404	-73.3653
18.637166061508	5	(29.0907,159.932,1.895)	54.93	-66.9187
18.638344002282	2	(26.3486,100.132,1.895)	114.749	-75.1237
18.643004710367	9	(28.3363,240.76,1.895)	25.9012	-61.9093
18.649164134695	6	(25.7377,165.582,1.895)	49.3592	-70.3029
18.704416990746	1	(26.6225,70.7839,1.895)	142.12	-87.9297
18.706714331009	7	(28.8455,186.212,1.895)	26.679	-63.1217
18.713647731778	4	(29.3618,130.891,1.895)	82.0022	-71.4273
18.714938057924	0	(26.8801,43.1863,1.895)	169.712	-80.3016
18.737624808447	3	(29.6179,103.454,1.895)	109.44	-73.3761
18.737166061508	5	(29.1093,157.948,1.895)	54.9446	-66.9174
18.738344002282	2	(26.3672,98.1395,1.895)	114.772	-75.1319
18.743004710367	9	(28.3544,238.827,1.895)	25.9385	-61.9466
18.749164134695	6	(25.7564,163.574,1.895)	49.3979	-70.2612
18.804416990746	1	(26.6411,68.7852,1.895)	142.139	-87.9294
18.806714331009	7	(28.864,184.223,1.895)	26.6889	-63.1419
18.813647731778	4	(29.3804,128.892,1.895)	82.0223	-71.4211
18.814938057924	0	(26.8988,41.1825,1.895)	169.736	-80.2977
18.837624808447	3	(29.6366,101.445,1.895)	109.47	-73.3848
18.837166061508	5	(29.1278,155.957,1.895)	54.9556	-66.9164
18.838344002282	2	(26.3857,96.1508,1.895)	114.781	-75.1352
18.843004710367	9	(28.3725,236.887,1.895)	25.9775	-61.9881
18.849164134695	6	(25.7751,161.569,1.895)	49.4228	-70.2342
18.904416990746	1	(26.6597,66.7926,1.895)	142.161	-87.9291
18.906714331009	7	(28.8827,182.222,1.895)	26.7191	-63.2042
18.913647731778	4	(29.3991,126.891,1.895)	82.0524	-71.4118
18.914938057924	0	(26.9175,39.1792,1.895)	169.769	-80.2924
18.937624808447	3	(29.6553,99.4391,1.895)	109.506	-73.3954
18.937166061508	5	(29.1463,153.976,1.895)	54.9667	-66.9154
18.938344002282	2	(26.4043,94.1561,1.895)	114.805	-75.144
18.943004710367	9	(28.3907,234.933,1.895)	25.9945	-62.007
18.949164134695	6	(25.7939,159.559,1.895)	49.4626	-70.1914
19.004416990746	1	(26.6783,64.8006,1.895)	142.175	-87.9289
19.006714331009	7	(28.9013,180.225,1.895)	26.7377	-63.243
19.013647731778	4	(29.4178,124.889,1.895)	82.0767	-71.4043
19.014938057924	0	(26.9362,37.1772,1.895)	169.793	-80.2886
19.037624808447	3	(29.6741,97.4328,1.895)	109.534	-73.4038
19.037166061508	5	(29.1648,151.995,1.895)	54.9695	-66.9152
19.038344002282	2	(26.4229,92.1712,1.895)	114.812	-75.1464
19.043004710367	9	(28.4088,232.997,1.895)	26.0364	-62.0555
19.049164134695	6	(25.8126,157.559,1.895)	49.4841	-70.1682
19.104416990746	1	(26.6969,62.8073,1.895)	142.186	-87.9287
19.106714331009	7	(28.9199,178.234,1.895)	26.7471	-63.2627
19.113647731778	4	(29.4365,122.889,1.895)	82.0937	-71.3991
19.114938057924	0	(26.9549,35.1728,1.895)	169.815	-80.2851
19.137624808447	3	(29.6928,95.4273,1.895)	109.557	-73.4107
19.137166061508	5	(29.1833,150.011,1.895)	54.9709	-66.915
19.138344002282	2	(26.4413,90.1924,1.895)	114.809	-75.1452
19.143004710367	9	(28.427,231.051,1.895)	26.0728	-62.1001
19.149164134695	6	(25.8312,155.559,1.895)	49.5018	-70.1492
19.204416990746	1	(26.7155,60.8137,1.895)	142.211	-87.9281
19.206714331009	7	(28.9386,176.235,1.895)	26.7773	-63.3265
19.213647731778	4	(29.4552,120.887,1.895)	82.1281	-71.3885
19.214938057924	0	(26.9736,33.1642,1.895)	169.856	-80.2787
19.237624808447	3	(29.7115,93.4221,1.895)	109.594	-73.4217
19.237166061508	5	(29.2019,148.021,1.895)	54.9926	-66.9132
19.238344002282	2	(26.4598,88.2091,1.895)	114.824	-75.1507
19.243004710367	9	(28.4451,229.102,1.895)	26.0918	-62.1243
19.249164134695	6	(25.8499,153.555,1.895)	49.538	-70.1102
19.304416990746	1	(26.7343,58.8063,1.895)	142.241	-87.9274
19.306714331009	7	(28.9572,174.241,1.895)	26.794	-63.362
19.313647731778	4	(29.4737,118.895,1.895)	82.1423	-71.3843
19.314938057924	0	(26.9923,31.1632,1.895)	169.88	-80.2749
19.337624808447	3	(29.7302,91.4172,1.895)	109.622	-73.43
19.337166061508	5	(29.2204,146.038,1.895)	54.9985	-66.9127
19.338344002282	2	(26.4784,86.2164,1.895)	114.839	-75.1563
19.343004710367	9	(28.4632,227.163,1.895)	26.1305	-62.1752
19.349164134695	6	(25.8686,151.551,1.895)	49.5646	-70.0816
19.404416990746	1	(26.7529,56.814,1.895)	142.256	-87.9271
19.406714331009	7	(28.9758,172.243,1.895)	26.8146	-63.4062
19.413647731778	4	(29.4924,116.899,1.895)	82.1609	-71.3786
19.414938057924	0	(27.011,29.1636,1.895)	169.901	-80.2714
19.437624808447	3	(29.7489,89.4181,1.895)	109.643	-73.4364
19.437166061508	5	(29.2389,144.053,1.895)	55.006	-66.9121
19.438344002282	2	(26.4972,84.2121,1.895)	114.866	-75.166
19.443004710367	9	(28.4814,225.214,1.895)	26.1584	-62.2132
19.449164134695	6	(25.8874,149.539,1.895)	49.5986	-70.0452
19.504416990746	1	(26.7715,54.8227,1.895)	142.267	-87.9267
19.506714331009	7	(28.9945,170.248,1.895)	26.8296	-63.4384
19.513647731778	4	(29.511,114.901,1.895)	82.1785	-71.3733
19.514938057924	0	(27.0297,27.155,1.895)	169.93	-80.2669
19.537624808447	3	(29.7675,87.4168,1.895)	109.664	-73.4427
19.537166061508	5	(29.2574,142.073,1.895)	55.0052	-66.9122
19.538344002282	2	(26.5156,82.2308,1.895)	114.867	-75.1664
19.543004710367	9	(28.4996,223.265,1.895)	26.1896	-62.2574
19.549164134695	6	(25.9061,147.535,1.895)	49.6223	-70.0199
19.604416990746	1	(26.7902,52.8169,1.895)	142.301	-87.9257
19.606714331009	7	(29.013,168.263,1.895)	26.8428	-63.4671
19.613647731778	4	(29.5296,112.907,1.895)	82.2007	-71.3666
19.614938057924	0	(27.0484,25.1547,1.895)	169.959	-80.2624
19.637624808447	3	(29.7863,85.4111,1.895)	109.698	-73.4529
19.637166061508	5	(29.276,140.083,1.895)	55.024	-66.9106
19.638344002282	2	(26.5342,80.246,1.895)	114.88	-75.1712
19.643004710367	9	(28.5178,221.315,1.895)	26.2117	-62.2894
19.649164134695	6	(25.9249,145.526,1.895)	49.6594	-69.9802
19.704416990746	1	(26.8088,50.8188,1.895)	142.333	-87.9246
19.706714331009	7	(29.0316,166.266,1.895)	26.8732	-63.533
19.713647731778	4	(29.5483,110.911,1.895)	82.2304	-71.3577
19.737624808447	3	(29.8049,83.4103,1.895)	109.733	-73.4632
19.737166061508	5	(29.2945,138.1,1.895)	55.041	-66.9093
19.738344002282	2	(26.5528,78.2491,1.895)	114.911	-75.1823
19.743004710367	9	(28.536,219.364,1.895)	26.2265	-62.3113
19.749164134695	6	(25.9436,143.521,1.895)	49.6978	-69.9394
19.804416990746	1	(26.8276,48.8082,1.895)	142.362	-87.9236
19.806714331009	7	(29.0502,164.28,1.895)	26.8779	-63.5433
19.813647731778	4	(29.5668,108.922,1.895)	82.2375	-71.3555
19.837624808447	3	(29.8237,81.4008,1.895)	109.76	-73.4715
19.837166061508	5	(29.313,136.121,1.895)	55.0376	-66.9096
19.838344002282	2	(26.5714,76.2592,1.895)	114.919	-75.1852
19.843004710367	9	(28.5542,217.418,1.895)	26.2625	-62.366
19.849164134695	6	(25.9623,141.511,1.895)	49.7258	-69.9096
19.904416990746	1	(26.8464,46.7963,1.895)	142.398	-87.9221
19.906714331009	7	(29.0687,162.294,1.895)	26.8877	-63.5648
19.913647731778	4	(29.5856,106.914,1.895)	82.2699	-71.3459
19.937624808447	3	(29.8424,79.3906,1.895)	109.795	-73.4819
19.937166061508	5	(29.3314,134.145,1.895)	55.0383	-66.9095
19.938344002282	2	(26.59,74.2619,1.895)	114.94	-75.1932
19.943004710367	9	(28.5724,215.463,1.895)	26.2834	-62.3986
19.949164134695	6	(25.9811,139.5,1.895)	49.7619	-69.8714
20.004416990746	1	(26.8651,44.7946,1.895)	142.432	-87.9206
20.006714331009	7	(29.0872,160.313,1.895)	26.9011	-63.5941
20.013647731778	4	(29.6043,104.909,1.895)	82.3082	-71.3345
20.037624808447	3	(29.8612,77.3852,1.895)	109.833	-73.4933
20.037166061508	5	(29.35,132.154,1.895)	55.0619	-66.9078
20.038344002282	2	(26.6087,72.2567,1.895)	114.978	-75.2069
20.043004710367	9	(28.5907,213.507,1.895)	26.2946	-62.4164
20.049164134695	6	(25.9999,137.493,1.895)	49.8008	-69.8303
20.104416990746	1	(26.8838,42.7867,1.895)	142.469	-87.9188
20.106714331009	7	(29.1059,158.31,1.895)	26.9324	-63.6628
20.113647731778	4	(29.6229,102.912,1.895)	82.3332	-71.3271
20.137624808447	3	(29.8799,75.3752,1.895)	109.871	-73.5049
20.137166061508	5	(29.3686,130.162,1.895)	55.0821	-66.9063
20.138344002282	2	(26.6274,70.2582,1.895)	115.005	-75.2168
20.143004710367	9	(28.6089,211.56,1.895)	26.3193	-62.456
20.149164134695	6	(26.0185,135.494,1.895)	49.8289	-69.8008
20.204416990746	1	(26.9025,40.7875,1.895)	142.482	-87.9181
20.206714331009	7	(29.1245,156.316,1.895)	26.9402	-63.68
20.213647731778	4	(29.6416,100.915,1.895)	82.3438	-71.324
20.237624808447	3	(29.8987,73.3685,1.895)	109.892	-73.511
20.237166061508	5	(29.3872,128.173,1.895)	55.085	-66.9061
20.238344002282	2	(26.6461,68.2536,1.895)	115.023	-75.2235
20.243004710367	9	(28.6271,209.612,1.895)	26.358	-62.5199
20.249164134695	6	(26.0373,133.486,1.895)	49.8502	-69.7784
20.304416990746	1	(26.9212,38.7792,1.895)	142.512	-87.9165
20.306714331009	7	(29.1431,154.321,1.895)	26.9571	-63.7173
20.313647731778	4	(29.6602,98.9217,1.895)	82.3593	-71.3195
20.337624808447	3	(29.9174,71.3585,1.895)	109.924	-73.5207
20.337166061508	5	(29.4057,126.185,1.895)	55.0947	-66.9055
20.338344002282	2	(26.6647,66.266,1.895)	115.033	-75.227
20.343004710367	9	(28.6454,207.65,1.895)	26.3734	-62.546
20.349164134695	6	(26.056,131.477,1.895)	49.8807	-69.7465
20.404416990746	1	(26.9399,36.773,1.895)	142.543	-87.9147
20.406714331009	7	(29.1617,152.325,1.895)	26.9782	-63.764
20.413647731778	4	(29.6789,96.9183,1.895)	82.3873	-71.3113
20.437624808447	3	(29.9361,69.3546,1.895)	109.952	-73.5293
20.437166061508	5	(29.4242,124.198,1.895)	55.1063	-66.9047
20.438344002282	2	(26.6834,64.2596,1.895)	115.064	-75.2384
20.443004710367	9	(28.6636,205.698,1.895)	26.3975	-62.5873
20.449164134695	6	(26.0747,129.47,1.895)	49.9124	-69.7134
20.504416990746	1	(26.9587,34.7644,1.895)	142.565	-87.9134
20.506714331009	7	(29.1803,150.333,1.895)	26.9835	-63.7757
20.513647731778	4	(29.6975,94.9183,1.895)	82.4007	-71.3074
20.537624808447	3	(29.9548,67.3506,1.895)	109.97	-73.5346
20.537166061508	5	(29.4429,122.2,1.895)	55.1179	-66.9039
20.538344002282	2	(26.702,62.2653,1.895)	115.072	-75.2412
20.543004710367	9	(28.6818,203.743,1.895)	26.4284	-62.6414
20.549164134695	6	(26.0934,127.466,1.895)	49.9299	-69.6952
20.604416990746	1	(26.9774,32.7636,1.895)	142.588	-87.9119
20.606714331009	7	(29.199,148.334,1.895)	27.0051	-63.8237
20.613647731778	4	(29.7162,92.9149,1.895)	82.4265	-71.2999
20.637624808447	3	(29.9736,65.3425,1.895)	110	-73.5439
20.637166061508	5	(29.4615,120.211,1.895)	55.1293	-66.9032
20.638344002282	2	(26.7207,60.2626,1.895)	115.097	-75.2504
20.643004710367	9	(28.7002,201.774,1.895)	26.4378	-62.6581
20.649164134695	6	(26.1121,125.466,1.895)	49.9527	-69.6716
20.704416990746	1	(26.9961,30.759,1.895)	142.606	-87.9108
20.706714331009	7	(29.2176,146.339,1.895)	27.0131	-63.8415
20.713647731778	4	(29.7349,90.9094,1.895)	82.4452	-71.2945
20.737624808447	3	(29.9922,63.3411,1.895)	110.015	-73.5483
20.737166061508	5	(29.48,118.224,1.895)	55.1292	-66.9032
20.738344002282	2	(26.7393,58.2678,1.895)	115.105	-75.2534
20.743004710367	9	(28.7184,199.824,1.895)	26.4747	-62.7247
20.749164134695	6	(26.1308,123.461,1.895)	49.9705	-69.6533
20.804416990746	1	(27.0148,28.7559,1.895)	142.63	-87.9092
20.806714331009	7	(29.2362,144.344,1.895)	27.029	-63.8768
20.813647731778	4	(29.7536,88.9132,1.895)	82.4625	-71.2895
20.837624808447	3	(30.0109,61.3411,1.895)	110.036	-73.5547
20.837166061508	5	(29.4986,116.227,1.895)	55.1478	-66.9021
20.838344002282	2	(26.758,56.2689,1.895)	115.125	-75.2607
20.843004710367	9	(28.7367,197.867,1.895)	26.4956	-62.7633
20.849164134695	6	(26.1496,121.452,1.895)	50.0005	-69.6223
20.904416990746	1	(27.0335,26.7479,1.895)	142.657	-87.9073
20.906714331009	7	(29.2549,142.34,1.895)	27.0516	-63.927
20.913647731778	4	(29.7722,86.9121,1.895)	82.4823	-71.2838
20.937624808447	3	(30.0297,59.3298,1.895)	110.066	-73.5638
20.937166061508	5	(29.5172,114.237,1.895)	55.1566	-66.9016
20.938344002282	2	(26.7766,54.2706,1.895)	115.142	-75.2669
20.943004710367	9	(28.7549,195.915,1.895)	26.5253	-62.8188
20.949164134695	6	(26.1683,119.447,1.895)	50.0239	-69.5982
21.006714331009	7	(29.2735,140.349,1.895)	27.0525	-63.929
21.013647731778	4	(29.7909,84.9112,1.895)	82.4927	-71.2808
21.037624808447	3	(30.0484,57.328,1.895)	110.077	-73.5673
21.037166061508	5	(29.5358,112.241,1.895)	55.1615	-66.9013
21.038344002282	2	(26.7953,52.271,1.895)	115.151	-75.2703
21.043004710367	9	(28.7732,193.958,1.895)	26.5593	-62.8836
21.049164134695	6	(26.187,117.445,1.895)	50.0361	-69.5858
21.106714331009	7	(29.2922,138.351,1.895)	27.0762	-63.9816
21.113647731778	4	(29.8095,82.9173,1.895)	82.5118	-71.2754
21.137624808447	3	(30.0671,55.3182,1.895)	110.112	-73.5779
21.137166061508	5	(29.5544,110.249,1.895)	55.1787	-66.9003
21.138344002282	2	(26.8141,50.2595,1.895)	115.188	-75.2838
21.143004710367	9	(28.7916,191.987,1.895)	26.5628	-62.8904
21.149164134695	6	(26.2057,115.442,1.895)	50.0641	-69.5572
21.206714331009	7	(29.3108,136.351,1.895)	27.0913	-64.0153
21.213647731778	4	(29.8283,80.9105,1.895)	82.5347	-71.2689
21.237624808447	3	(30.0858,53.3126,1.895)	110.134	-73.5845
21.237166061508	5	(29.573,108.264,1.895)	55.1799	-66.9002
21.238344002282	2	(26.8328,48.2497,1.895)	115.213	-75.2933
21.243004710367	9	(28.8098,190.03,1.895)	26.5897	-62.9427
21.249164134695	6	(26.2244,113.434,1.895)	50.0874	-69.5334
21.306714331009	7	(29.3294,134.361,1.895)	27.0923	-64.0173
21.313647731778	4	(29.847,78.9049,1.895)	82.5507	-71.2643
21.337624808447	3	(30.1045,51.3089,1.895)	110.148	-73.5888
21.337166061508	5	(29.5916,106.264,1.895)	55.19	-66.8997
21.338344002282	2	(26.8515,46.2429,1.895)	115.231	-75.2997
21.343004710367	9	(28.8281,188.069,1.895)	26.6187	-62.9999
21.349164134695	6	(26.2431,111.431,1.895)	50.1016	-69.5189
21.406714331009	7	(29.3481,132.352,1.895)	27.1234	-64.0864
21.413647731778	4	(29.8656,76.9085,1.895)	82.5696	-71.259
21.437624808447	3	(30.1233,49.3035,1.895)	110.176	-73.5973
21.437166061508	5	(29.6103,104.265,1.895)	55.2124	-66.8985
21.438344002282	2	(26.8702,44.2415,1.895)	115.254	-75.3085
21.443004710367	9	(28.8465,186.096,1.895)	26.623	-63.0085
21.449164134695	6	(26.2618,109.425,1.895)	50.1293	-69.4909
21.506714331009	7	(29.3669,130.344,1.895)	27.1445	-64.1332
21.513647731778	4	(29.8842,74.9136,1.895)	82.5773	-71.2568
21.537624808447	3	(30.142,47.2933,1.895)	110.199	-73.6043
21.537166061508	5	(29.6288,102.28,1.895)	55.2094	-66.8987
21.538344002282	2	(26.8889,42.2419,1.895)	115.267	-75.3131
21.543004710367	9	(28.8648,184.137,1.895)	26.6511	-63.0649
21.549164134695	6	(26.2806,107.419,1.895)	50.1484	-69.4717
21.606714331009	7	(29.3855,128.348,1.895)	27.1484	-64.1418
21.613647731778	4	(29.9029,72.9095,1.895)	82.5898	-71.2533
21.637624808447	3	(30.1608,45.2858,1.895)	110.215	-73.6092
21.637166061508	5	(29.6473,100.296,1.895)	55.2022	-66.8991
21.638344002282	2	(26.9076,40.2407,1.895)	115.276	-75.3166
21.643004710367	9	(28.8832,182.168,1.895)	26.6734	-63.1102
21.649164134695	6	(26.2993,105.41,1.895)	50.1653	-69.4547
21.706714331009	7	(29.4041,126.361,1.895)	27.1545	-64.1552
21.713647731778	4	(29.9216,70.9121,1.895)	82.6062	-71.2487
21.737624808447	3	(30.1794,43.2848,1.895)	110.235	-73.6153
21.737166061508	5	(29.6659,98.3019,1.895)	55.2152	-66.8984
21.738344002282	2	(26.9263,38.2353,1.895)	115.301	-75.3256
21.743004710367	9	(28.9016,180.196,1.895)	26.6822	-63.1282
21.749164134695	6	(26.318,103.406,1.895)	50.1882	-69.4317
21.806714331009	7	(29.4227,124.363,1.895)	27.1769	-64.2044
21.813647731778	4	(29.9403,68.9109,1.895)	82.631	-71.2418
21.837624808447	3	(30.1982,41.273,1.895)	110.27	-73.6261
21.837166061508	5	(29.6845,96.3153,1.895)	55.2253	-66.8979
21.838344002282	2	(26.945,36.2259,1.895)	115.334	-75.3378
21.843004710367	9	(28.9199,178.23,1.895)	26.6934	-63.1511
21.849164134695	6	(26.3367,101.406,1.895)	50.2124	-69.4075
21.906714331009	7	(29.4413,122.372,1.895)	27.1842	-64.2206
21.913647731778	4	(29.959,66.9077,1.895)	82.6506	-71.2363
21.937624808447	3	(30.2169,39.2722,1.895)	110.287	-73.6314
21.937166061508	5	(29.703,94.3267,1.895)	55.2303	-66.8977
21.938344002282	2	(26.9638,34.2148,1.895)	115.361	-75.348
21.943004710367	9	(28.9383,176.266,1.895)	26.713	-63.1916
21.949164134695	6	(26.3554,99.4,1.895)	50.2345	-69.3855
22.006714331009	7	(29.4599,120.383,1.895)	27.1938	-64.2417
22.013647731778	4	(29.9775,64.9174,1.895)	82.662	-71.2331
22.037624808447	3	(30.2357,37.2604,1.895)	110.32	-73.6415
22.037166061508	5	(29.7216,92.3384,1.895)	55.2398	-66.8972
22.038344002282	2	(26.9826,32.2029,1.895)	115.394	-75.3603
22.043004710367	9	(28.9566,174.303,1.895)	26.7283	-63.2235
22.049164134695	6	(26.3742,97.3901,1.895)	50.2656	-69.3548
22.106714331009	7	(29.4785,118.39,1.895)	27.2094	-64.2758
22.113647731778	4	(29.9962,62.9137,1.895)	82.688	-71.2259
22.137624808447	3	(30.2544,35.2546,1.895)	110.348	-73.6502
22.137166061508	5	(29.7401,90.3548,1.895)	55.2458	-66.897
22.138344002282	2	(27.0013,30.203,1.895)	115.417	-75.3685
22.143004710367	9	(28.9749,172.341,1.895)	26.7438	-63.2558
22.149164134695	6	(26.3929,95.3837,1.895)	50.2942	-69.3266
22.206714331009	7	(29.497,116.404,1.895)	27.2098	-64.2767
22.213647731778	4	(30.0149,60.9138,1.895)	82.7028	-71.2218
22.237624808447	3	(30.2731,33.2511,1.895)	110.367	-73.6558
22.237166061508	5	(29.7588,88.3537,1.895)	55.2617	-66.8963
22.238344002282	2	(27.02,28.1975,1.895)	115.437	-75.3761
22.243004710367	9	(28.9932,170.383,1.895)	26.7711	-63.3134
22.249164134695	6	(26.4116,93.3794,1.895)	50.3135	-69.3077
22.306714331009	7	(29.5158,114.394,1.895)	27.2436	-64.3501
22.313647731778	4	(30.0335,58.92,1.895)	82.7202	-71.217
22.337624808447	3	(30.2918,31.2445,1.895)	110.397	-73.6651
22.337166061508	5	(29.7774,86.3591,1.895)	55.28	-66.8955
22.338344002282	2	(27.0387,26.1864,1.895)	115.472	-75.389
22.343004710367	9	(29.0115,168.422,1.895)	26.7862	-63.3455
22.349164134695	6	(26.4304,91.3681,1.895)	50.3482	-69.2738
22.406714331009	7	(29.5344,112.394,1.895)	27.251	-64.3661
22.413647731778	4	(30.0522,56.914,1.895)	82.7336	-71.2134
22.437624808447	3	(30.3106,29.234,1.895)	110.415	-73.6706
22.437166061508	5	(29.7959,84.3776,1.895)	55.2688	-66.896
22.443004710367	9	(29.0298,166.456,1.895)	26.8129	-63.4025
22.449164134695	6	(26.4491,89.3644,1.895)	50.3593	-69.2629
22.506714331009	7	(29.553,110.403,1.895)	27.2548	-64.3741
22.513647731778	4	(30.071,54.9028,1.895)	82.7578	-71.2068
22.537624808447	3	(30.3293,27.2297,1.895)	110.432	-73.676
22.537166061508	5	(29.8145,82.3852,1.895)	55.2742	-66.8957
22.543004710367	9	(29.0483,164.475,1.895)	26.8194	-63.4166
22.549164134695	6	(26.4678,87.3611,1.895)	50.3755	-69.2472
22.606714331009	7	(29.5717,108.401,1.895)	27.2741	-64.4158
22.613647731778	4	(30.0897,52.899,1.895)	82.7787	-71.2011
22.637624808447	3	(30.348,25.2269,1.895)	110.452	-73.6821
22.637166061508	5	(29.8332,80.3851,1.895)	55.2914	-66.8951
22.643004710367	9	(29.0668,162.5,1.895)	26.8269	-63.4326
22.649164134695	6	(26.4865,85.3516,1.895)	50.4019	-69.2217
22.706714331009	7	(29.5904,106.396,1.895)	27.2825	-64.4337
22.713647731778	4	(30.1083,50.9032,1.895)	82.7776	-71.2014
22.737166061508	5	(29.8517,78.3947,1.895)	55.2849	-66.8953
22.743004710367	9	(29.0851,160.537,1.895)	26.8606	-63.5055
22.749164134695	6	(26.5052,83.3497,1.895)	50.407	-69.2168
22.806714331009	7	(29.609,104.401,1.895)	27.2834	-64.4356
22.813647731778	4	(30.127,48.8976,1.895)	82.7895	-71.1981
22.837166061508	5	(29.8703,76.4054,1.895)	55.2805	-66.8955
22.843004710367	9	(29.1036,158.551,1.895)	26.8691	-63.524
22.849164134695	6	(26.524,81.3389,1.895)	50.4241	-69.2004
22.906714331009	7	(29.6276,102.405,1.895)	27.2886	-64.4466
22.913647731778	4	(30.1457,46.894,1.895)	82.8023	-71.1947
22.937166061508	5	(29.889,74.4009,1.895)	55.2943	-66.895
22.943004710367	9	(29.1221,156.571,1.895)	26.8796	-63.547
22.949164134695	6	(26.5427,79.3271,1.895)	50.4451	-69.1802
23.006714331009	7	(29.6464,100.398,1.895)	27.3048	-64.4811
23.013647731778	4	(30.1645,44.8877,1.895)	82.8179	-71.1904
23.037166061508	5	(29.9076,72.4105,1.895)	55.294	-66.895
23.043004710367	9	(29.1405,154.596,1.895)	26.8956	-63.5819
23.049164134695	6	(26.5615,77.323,1.895)	50.4584	-69.1675
23.106714331009	7	(29.665,98.402,1.895)	27.3088	-64.4896
23.113647731778	4	(30.1831,42.8885,1.895)	82.8247	-71.1886
23.137166061508	5	(29.9263,70.4103,1.895)	55.3017	-66.8947
23.143004710367	9	(29.1589,152.625,1.895)	26.9168	-63.6286
23.149164134695	6	(26.5802,75.3194,1.895)	50.4696	-69.1569
23.206714331009	7	(29.6837,96.4043,1.895)	27.3217	-64.5169
23.213647731778	4	(30.2018,40.8838,1.895)	82.8447	-71.1832
23.237166061508	5	(29.9448,68.4225,1.895)	55.3047	-66.8946
23.243004710367	9	(29.1774,150.647,1.895)	26.9232	-63.6426
23.249164134695	6	(26.5989,73.3105,1.895)	50.4937	-69.134
23.306714331009	7	(29.7022,94.4172,1.895)	27.3207	-64.5147
23.313647731778	4	(30.2206,38.875,1.895)	82.8653	-71.1777
23.337166061508	5	(29.9635,66.4236,1.895)	55.3155	-66.8942
23.343004710367	9	(29.1958,148.671,1.895)	26.9351	-63.6688
23.349164134695	6	(26.6176,71.3112,1.895)	50.5048	-69.1234
23.406714331009	7	(29.7209,92.4162,1.895)	27.3364	-64.5476
23.413647731778	4	(30.2393,36.8754,1.895)	82.8796	-71.1739
23.437166061508	5	(29.9822,64.4156,1.895)	55.3382	-66.8935
23.443004710367	9	(29.2143,146.696,1.895)	26.9455	-63.6916
23.449164134695	6	(26.6362,69.3103,1.895)	50.5204	-69.1088
23.506714331009	7	(29.7396,90.405,1.895)	27.3598	-64.5962
23.513647731778	4	(30.2579,34.8764,1.895)	82.8908	-71.1709
23.537166061508	5	(30.0008,62.4275,1.895)	55.3385	-66.8934
23.543004710367	9	(29.2327,144.725,1.895)	26.9623	-63.7288
23.549164134695	6	(26.6549,67.3069,1.895)	50.536	-69.0941
23.606714331009	7	(29.7582,88.4133,1.895)	27.3451	-64.5657
23.613647731778	4	(30.2767,32.8649,1.895)	82.8959	-71.1695
23.637166061508	5	(30.0193,60.438,1.895)	55.3216	-66.894
23.643004710367	9	(29.2511,142.747,1.895)	26.9911	-63.7925
23.649164134695	6	(26.6737,65.2983,1.895)	50.5381	-69.0921
23.706714331009	7	(29.7768,86.4258,1.895)	27.3435	-64.5625
23.713647731778	4	(30.2954,30.8611,1.895)	82.9106	-71.1656
23.737166061508	5	(30.0381,58.4315,1.895)	55.339	-66.8934
23.743004710367	9	(29.2696,140.763,1.895)	26.9957	-63.8027
23.749164134695	6	(26.6924,63.2948,1.895)	50.5526	-69.0785
23.806714331009	7	(29.7955,84.423,1.895)	27.364	-64.6049
23.813647731778	4	(30.3141,28.855,1.895)	82.9344	-71.1593
23.837166061508	5	(30.0567,56.4379,1.895)	55.3503	-66.8931
23.843004710367	9	(29.288,138.791,1.895)	27.0063	-63.8264
23.849164134695	6	(26.7111,61.2857,1.895)	50.5793	-69.0535
23.906714331009	7	(29.8141,82.4261,1.895)	27.3641	-64.6052
23.913647731778	4	(30.3328,26.8495,1.895)	82.9432	-71.157
23.937166061508	5	(30.0753,54.4376,1.895)	55.3539	-66.893
23.943004710367	9	(29.3065,136.817,1.895)	27.0288	-63.8763
23.949164134695	6	(26.7299,59.2786,1.895)	50.5897	-69.0439
24.006714331009	7	(29.8329,80.4187,1.895)	27.3826	-64.6431
24.037166061508	5	(30.094,52.4411,1.895)	55.3614	-66.8928
24.043004710367	9	(29.3249,134.838,1.895)	27.0385	-63.898
24.049164134695	6	(26.7486,57.2676,1.895)	50.6117	-69.0235
24.106714331009	7	(29.8515,78.4171,1.895)	27.3863	-64.6505
24.137166061508	5	(30.1127,50.4354,1.895)	55.3692	-66.8926
24.143004710367	9	(29.3434,132.863,1.895)	27.0621	-63.9503
24.149164134695	6	(26.7673,55.2672,1.895)	50.6141	-69.0213
24.206714331009	7	(29.8702,76.412,1.895)	27.4035	-64.6854
24.237166061508	5	(30.1314,48.4326,1.895)	55.3841	-66.8922
24.243004710367	9	(29.3619,130.878,1.895)	27.065	-63.9569
24.249164134695	6	(26.7861,53.2554,1.895)	50.638	-68.9993
24.306714331009	7	(29.889,74.4047,1.895)	27.4094	-64.6972
24.337166061508	5	(30.1501,46.4241,1.895)	55.3912	-66.892
24.343004710367	9	(29.3803,128.906,1.895)	27.0941	-64.0215
24.349164134695	6	(26.8048,51.2489,1.895)	50.643	-68.9946
24.406714331009	7	(29.9078,72.3931,1.895)	27.4284	-64.7353
24.437166061508	5	(30.1688,44.4234,1.895)	55.3994	-66.8918
24.443004710367	9	(29.3989,126.916,1.895)	27.0969	-64.0277
24.449164134695	6	(26.8235,49.2422,1.895)	50.6571	-68.9817
24.506714331009	7	(29.9265,70.3895,1.895)	27.4365	-64.7511
24.537166061508	5	(30.1875,42.418,1.895)	55.4092	-66.8916
24.543004710367	9	(29.4174,124.935,1.895)	27.1111	-64.059
24.549164134695	6	(26.8423,47.2317,1.895)	50.672	-68.968
24.606714331009	7	(29.9452,68.3863,1.895)	27.4399	-64.7579
24.637166061508	5	(30.2063,40.409,1.895)	55.4185	-66.8914
24.643004710367	9	(29.4359,122.952,1.895)	27.1282	-64.0971
24.649164134695	6	(26.8611,45.2199,1.895)	50.6841	-68.9571
24.706714331009	7	(29.9638,66.3844,1.895)	27.4423	-64.7626
24.737166061508	5	(30.225,38.4071,1.895)	55.4207	-66.8914
24.743004710367	9	(29.4544,120.972,1.895)	27.1476	-64.14
24.749164134695	6	(26.8799,43.2091,1.895)	50.6953	-68.9469
24.806714331009	7	(29.9826,64.3792,1.895)	27.4493	-64.7764
24.837166061508	5	(30.2436,36.4059,1.895)	55.4238	-66.8913
24.843004710367	9	(29.4729,118.989,1.895)	27.163	-64.1739
24.849164134695	6	(26.8985,41.2071,1.895)	50.6992	-68.9433
24.906714331009	7	(30.0013,62.3719,1.895)	27.4634	-64.8037
24.937166061508	5	(30.2624,34.3964,1.895)	55.4401	-66.8911
24.943004710367	9	(29.4914,117.001,1.895)	27.1685	-64.1859
24.949164134695	6	(26.9173,39.1989,1.895)	50.7141	-68.9299
25.006714331009	7	(30.02,60.3628,1.895)	27.4762	-64.8285
25.037166061508	5	(30.2811,32.3924,1.895)	55.4479	-66.891
25.043004710367	9	(29.51,115.013,1.895)	27.1766	-64.2039
25.049164134695	6	(26.936,37.1921,1.895)	50.7246	-68.9203
25.106714331009	7	(30.0388,58.3544,1.895)	27.4827	-64.8409
25.137166061508	5	(30.2998,30.3856,1.895)	55.4526	-66.8909
25.143004710367	9	(29.5284,113.035,1.895)	27.2	-64.2551
25.149164134695	6	(26.9547,35.1888,1.895)	50.726	-68.9191
25.206714331009	7	(30.0576,56.3433,1.895)	27.4948	-64.8638
25.237166061508	5	(30.3186,28.3776,1.895)	55.4617	-66.8908
25.243004710367	9	(29.5471,111.041,1.895)	27.2049	-64.2658
25.249164134695	6	(26.9734,33.1824,1.895)	50.7334	-68.9124
25.306714331009	7	(30.0763,54.3358,1.895)	27.4949	-64.864
25.337166061508	5	(30.3373,26.3659,1.895)	55.4661	-66.8907
25.343004710367	9	(29.5656,109.052,1.895)	27.224	-64.3076
25.349164134695	6	(26.9921,31.179,1.895)	50.7295	-68.916
25.406714331009	7	(30.095,52.3291,1.895)	27.5069	-64.8865
25.443004710367	9	(29.5842,107.056,1.895)	27.2221	-64.3034
25.449164134695	6	(27.0109,29.1738,1.895)	50.7399	-68.9066
25.506714331009	7	(30.1137,50.3244,1.895)	27.5098	-64.892
25.543004710367	9	(29.6027,105.078,1.895)	27.2462	-64.3558
25.549164134695	6	(27.0296,27.1647,1.895)	50.7472	-68.9
25.606714331009	7	(30.1324,48.3233,1.895)	27.5194	-64.9097
25.643004710367	9	(29.6213,103.09,1.895)	27.2501	-64.3642
25.649164134695	6	(27.0483,25.1657,1.895)	50.7546	-68.8934
25.706714331009	7	(30.1511,46.3233,1.895)	27.5253	-64.9207
25.743004710367	9	(29.6398,101.103,1.895)	27.2563	-64.3775
25.806714331009	7	(30.1698,44.3123,1.895)	27.5455	-64.9574
25.843004710367	9	(29.6583,99.1181,1.895)	27.2627	-64.3913
25.906714331009	7	(30.1886,42.3042,1.895)	27.5483	-64.9624
25.943004710367	9	(29.6768,97.1411,1.895)	27.291	-64.4519
26.006714331009	7	(30.2073,40.3045,1.895)	27.5451	-64.9567
26.043004710367	9	(29.6954,95.1471,1.895)	27.3	-64.4709
26.106714331009	7	(30.2259,38.3028,1.895)	27.5531	-64.9711
26.143004710367	9	(29.714,93.1546,1.895)	27.3011	-64.4732
26.206714331009	7	(30.2446,36.3025,1.895)	27.5545	-64.9736
26.243004710367	9	(29.7325,91.1693,1.895)	27.3147	-64.5021
26.306714331009	7	(30.2634,34.2918,1.895)	27.5754	-65.0105
26.343004710367	9	(29.7511,89.1751,1.895)	27.3103	-64.4927
26.406714331009	7	(30.2821,32.2832,1.895)	27.5774	-65.014
26.443004710367	9	(29.7697,87.1905,1.895)	27.3323	-64.5391
26.506714331009	7	(30.3008,30.2764,1.895)	27.58	-65.0186
26.543004710367	9	(29.7882,85.1978,1.895)	27.3439	-64.5631
26.606714331009	7	(30.3196,28.2715,1.895)	27.582	-65.022
26.643004710367	9	(29.8069,83.2002,1.895)	27.3491	-64.574
26.706714331009	7	(30.3383,26.266,1.895)	27.5908	-65.0373
26.743004710367	9	(29.8255,81.2118,1.895)	27.3574	-64.5913
26.843004710367	9	(29.8441,79.2184,1.895)	27.3573	-64.5909
26.943004710367	9	(29.8625,77.2379,1.895)	27.3881	-64.6542
27.043004710367	9	(29.8812,75.2345,1.895)	27.3953	-64.6689
27.143004710367	9	(29.8999,73.2328,1.895)	27.4026	-64.6837
27.243004710367	9	(29.9186,71.2347,1.895)	27.4119	-64.7022
27.343004710367	9	(29.9372,69.2373,1.895)	27.4245	-64.7275
27.443004710367	9	(29.9559,67.2315,1.895)	27.4205	-64.7194
27.543004710367	9	(29.9745,65.2429,1.895)	27.439	-64.7562
27.643004710367	9	(29.9931,63.2507,1.895)	27.4579	-64.7932
27.743004710367	9	(30.0117,61.253,1.895)	27.4627	-64.8025
27.843004710367	9	(30.0304,59.2553,1.895)	27.4725	-64.8213
27.943004710367	9	(30.049,57.2567,1.895)	27.4795	-64.8347
28.043004710367	9	(30.0677,55.257,1.895)	27.4825	-64.8405
28.143004710367	9	(30.0863,53.2623,1.895)	27.4927	-64.8599
