9.104416990746	1	(24.8388,261.892,1.895)	154.459	-83.9964
9.106714331009	7	(27.0683,376.623,1.895)	39.7193	-64.7067
9.113647731778	4	(27.5885,320.891,1.895)	95.4529	-70.5116
9.114938057924	0	(25.083,235.729,1.895)	180.618	-78.9566
9.130686788412	8	(26.8697,397.903,1.895)	18.4379	-59.4033
9.137624808447	3	(27.8207,296.011,1.895)	120.335	-77.3607
9.137166061508	5	(27.371,344.191,1.895)	72.1519	-77.1488
9.138344002282	2	(24.604,287.048,1.895)	129.309	-81.96
9.149164134695	6	(23.9592,356.132,1.895)	60.2706	-68.3282
9.204416990746	1	(24.8573,259.911,1.895)	154.749	-83.8972
9.206714331009	7	(27.0868,374.635,1.895)	40.0151	-64.7069
9.213647731778	4	(27.6066,318.946,1.895)	95.7067	-70.5377
9.214938057924	0	(25.1017,233.721,1.895)	180.935	-78.9275
9.230686788412	8	(26.887,396.049,1.895)	18.6005	-59.3933
9.237624808447	3	(27.8394,294.005,1.895)	120.649	-77.4999
9.237166061508	5	(27.3885,342.316,1.895)	72.3359	-77.056
9.238344002282	2	(24.6219,285.127,1.895)	129.538	-82.0945
9.249164134695	6	(23.9778,354.132,1.895)	60.5783	-68.5122
9.304416990746	1	(24.8757,257.932,1.895)	155.029	-83.8024
9.306714331009	7	(27.1053,372.657,1.895)	40.2945	-64.7435
9.313647731778	4	(27.6248,316.993,1.895)	95.9605	-70.5649
9.314938057924	0	(25.1204,231.714,1.895)	181.242	-78.8997
9.330686788412	8	(26.9044,394.184,1.895)	18.7669	-59.5039
9.337624808447	3	(27.8581,292.001,1.895)	120.954	-77.6363
9.337166061508	5	(27.406,340.44,1.895)	72.5127	-76.9585
9.338344002282	2	(24.6399,283.196,1.895)	129.77	-82.2312
9.349164134695	6	(23.9965,352.132,1.895)	60.8793	-68.7022
9.404416990746	1	(24.8942,255.953,1.895)	155.299	-83.7121
9.406714331009	7	(27.1238,370.678,1.895)	40.5648	-64.8116
9.413647731778	4	(27.6431,315.04,1.895)	96.2052	-70.5923
9.414938057924	0	(25.1392,229.705,1.895)	181.543	-78.8729
9.430686788412	8	(26.9218,392.323,1.895)	18.9189	-59.7073
9.437624808447	3	(27.8768,289.993,1.895)	121.253	-77.7716
9.437166061508	5	(27.4235,338.567,1.895)	72.6767	-76.8614
9.438344002282	2	(24.6579,281.266,1.895)	129.992	-82.3629
9.449164134695	6	(24.0152,350.127,1.895)	61.1745	-68.8981
9.504416990746	1	(24.9127,253.974,1.895)	155.564	-83.6245
9.506714331009	7	(27.1423,368.693,1.895)	40.8356	-64.911
9.513647731778	4	(27.6614,313.08,1.895)	96.4511	-70.6208
9.514938057924	0	(25.1579,227.702,1.895)	181.832	-78.8475
9.530686788412	8	(26.9392,390.457,1.895)	19.0702	-59.9946
9.537624808447	3	(27.8955,287.989,1.895)	121.543	-77.9039
9.537166061508	5	(27.4411,336.682,1.895)	72.8481	-76.754
9.538344002282	2	(24.676,279.336,1.895)	130.207	-82.4914
9.549164134695	6	(24.0339,348.123,1.895)	61.4644	-69.0996
9.604416990746	1	(24.9311,251.995,1.895)	155.824	-83.5397
9.606714331009	7	(27.1608,366.71,1.895)	41.0998	-65.0376
9.613647731778	4	(27.6795,311.133,1.895)	96.6795	-70.6482
9.614938057924	0	(25.1765,225.703,1.895)	182.113	-78.8232
9.630686788412	8	(26.9567,388.584,1.895)	19.2251	-60.3565
9.637624808447	3	(27.9143,285.977,1.895)	121.837	-78.0391
9.637166061508	5	(27.4586,334.801,1.895)	73.01	-76.6477
9.638344002282	2	(24.694,277.401,1.895)	130.424	-82.6211
9.649164134695	6	(24.0527,346.113,1.895)	61.7552	-69.3109
9.704416990746	1	(24.9495,250.027,1.895)	156.064	-83.4621
9.706714331009	7	(27.1793,364.728,1.895)	41.3543	-65.1863
9.713647731778	4	(27.6979,309.17,1.895)	96.9154	-70.6774
9.714938057924	0	(25.1953,223.694,1.895)	182.393	-78.7992
9.730686788412	8	(26.9741,386.713,1.895)	19.3682	-60.7264
9.737624808447	3	(27.933,283.976,1.895)	122.11	-78.1666
9.737166061508	5	(27.4761,332.925,1.895)	73.1587	-76.5465
9.738344002282	2	(24.7121,275.466,1.895)	130.632	-82.7463
9.749164134695	6	(24.0714,344.11,1.895)	62.0303	-69.5191
9.804416990746	1	(24.9679,248.054,1.895)	156.316	-83.3821
9.806714331009	7	(27.1978,362.747,1.895)	41.6136	-65.3643
9.813647731778	4	(27.7161,307.213,1.895)	97.1501	-70.7074
9.814938057924	0	(25.214,221.692,1.895)	182.674	-78.7756
9.830686788412	8	(26.9916,384.843,1.895)	19.5162	-61.1115
9.837624808447	3	(27.9517,281.974,1.895)	122.39	-78.2981
9.837166061508	5	(27.4938,331.037,1.895)	73.3243	-76.4304
9.838344002282	2	(24.73,273.542,1.895)	130.833	-82.868
9.849164134695	6	(24.0902,342.098,1.895)	62.3195	-69.7468
9.904416990746	1	(24.9864,246.076,1.895)	156.563	-83.3042
9.906714331009	7	(27.2163,360.764,1.895)	41.866	-65.5626
9.913647731778	4	(27.7344,305.257,1.895)	97.3756	-70.737
9.914938057924	0	(25.2327,219.685,1.895)	182.95	-78.7527
9.930686788412	8	(27.0091,382.967,1.895)	19.6616	-61.4535
9.937624808447	3	(27.9704,279.966,1.895)	122.668	-78.4296
9.937166061508	5	(27.5114,329.151,1.895)	73.4799	-76.3185
9.938344002282	2	(24.7481,271.607,1.895)	131.038	-82.9919
9.949164134695	6	(24.1089,340.087,1.895)	62.6002	-69.9761
10.004416990746	1	(25.0049,244.093,1.895)	156.81	-83.2273
10.006714331009	7	(27.2348,358.779,1.895)	42.1145	-65.7813
10.013647731778	4	(27.7527,303.298,1.895)	97.5978	-70.7671
10.014938057924	0	(25.2514,217.678,1.895)	183.221	-78.7306
10.030686788412	8	(27.0266,381.09,1.895)	19.8029	-61.7134
10.037624808447	3	(27.9892,277.959,1.895)	122.938	-78.5592
10.037166061508	5	(27.529,327.26,1.895)	73.6354	-76.2045
10.038344002282	2	(24.7661,269.674,1.895)	131.234	-83.1113
10.049164134695	6	(24.1277,338.08,1.895)	62.8702	-70.2047
10.104416990746	1	(25.0234,242.111,1.895)	157.045	-83.1551
10.106714331009	7	(27.2534,356.795,1.895)	42.3522	-66.0121
10.113647731778	4	(27.7709,301.342,1.895)	97.807	-70.7961
10.114938057924	0	(25.2702,215.671,1.895)	183.481	-78.7096
10.130686788412	8	(27.0442,379.207,1.895)	19.9388	-61.869
10.137624808447	3	(28.0078,275.956,1.895)	123.194	-78.6829
10.137166061508	5	(27.5467,325.364,1.895)	73.7843	-76.0936
10.138344002282	2	(24.7842,267.735,1.895)	131.427	-83.2287
10.149164134695	6	(24.1464,336.069,1.895)	63.1343	-70.4356
10.204416990746	1	(25.0419,240.125,1.895)	157.283	-83.0828
10.206714331009	7	(27.2718,354.814,1.895)	42.5841	-66.2568
10.213647731778	4	(27.7891,299.391,1.895)	98.0096	-70.8249
10.214938057924	0	(25.2889,213.663,1.895)	183.741	-78.6888
10.230686788412	8	(27.0617,377.325,1.895)	20.0729	-61.9183
10.237624808447	3	(28.0265,273.955,1.895)	123.447	-78.8057
10.237166061508	5	(27.5643,323.477,1.895)	73.9224	-75.9897
10.238344002282	2	(24.8024,265.788,1.895)	131.625	-83.3501
10.249164134695	6	(24.1652,334.061,1.895)	63.3936	-70.6695
10.304416990746	1	(25.0605,238.138,1.895)	157.514	-83.0131
10.306714331009	7	(27.2902,352.844,1.895)	42.7993	-66.5007
10.313647731778	4	(27.8074,297.436,1.895)	98.2097	-70.8539
10.314938057924	0	(25.3076,211.658,1.895)	183.991	-78.6692
10.330686788412	8	(27.0793,375.446,1.895)	20.1965	-61.8745
10.337624808447	3	(28.0452,271.955,1.895)	123.693	-78.9265
10.337166061508	5	(27.5819,321.589,1.895)	74.0558	-75.8886
10.338344002282	2	(24.8206,263.843,1.895)	131.815	-83.4665
10.349164134695	6	(24.184,332.05,1.895)	63.6498	-70.9072
10.404416990746	1	(25.0789,236.164,1.895)	157.733	-82.9482
10.406714331009	7	(27.3087,350.864,1.895)	43.0245	-66.7726
10.413647731778	4	(27.8256,295.479,1.895)	98.4113	-70.8838
10.414938057924	0	(25.3264,209.652,1.895)	184.241	-78.6498
10.430686788412	8	(27.0968,373.571,1.895)	20.3157	-61.7636
10.437624808447	3	(28.0639,269.949,1.895)	123.942	-79.0501
10.437166061508	5	(27.5996,319.7,1.895)	74.1897	-75.7865
10.438344002282	2	(24.8388,261.892,1.895)	132.01	-83.5863
10.449164134695	6	(24.2027,330.046,1.895)	63.8975	-71.1435
10.504416990746	1	(25.0974,234.178,1.895)	157.966	-82.8797
10.506714331009	7	(27.3271,348.892,1.895)	43.243	-67.0521
10.513647731778	4	(27.8439,293.522,1.895)	98.6161	-70.9148
10.514938057924	0	(25.345,207.653,1.895)	184.487	-78.6309
10.530686788412	8	(27.1144,371.679,1.895)	20.4551	-61.5721
10.537624808447	3	(28.0827,267.938,1.895)	124.201	-79.1792
10.537166061508	5	(27.6173,317.802,1.895)	74.3349	-75.6754
10.538344002282	2	(24.8569,259.949,1.895)	132.201	-83.7035
10.549164134695	6	(24.2214,328.038,1.895)	64.1528	-71.3933
10.604416990746	1	(25.1159,232.199,1.895)	158.18	-82.8175
10.606714331009	7	(27.3456,346.908,1.895)	43.4629	-67.3481
10.613647731778	4	(27.8622,291.56,1.895)	98.8136	-70.9453
10.614938057924	0	(25.3637,205.649,1.895)	184.727	-78.6127
10.630686788412	8	(27.132,369.802,1.895)	20.5682	-61.3886
10.637624808447	3	(28.1014,265.937,1.895)	124.437	-79.2984
10.637166061508	5	(27.635,315.909,1.895)	74.463	-75.5772
10.638344002282	2	(24.8751,257.995,1.895)	132.39	-83.82
10.649164134695	6	(24.2401,326.033,1.895)	64.3929	-71.6341
10.704416990746	1	(25.1343,230.224,1.895)	158.403	-82.7535
10.706714331009	7	(27.3641,344.934,1.895)	43.6841	-67.6598
10.713647731778	4	(27.8805,289.605,1.895)	99.0156	-70.9771
10.714938057924	0	(25.3824,203.644,1.895)	184.979	-78.5939
10.730686788412	8	(27.1497,367.905,1.895)	20.7128	-61.144
10.737624808447	3	(28.1201,263.931,1.895)	124.691	-79.4271
10.737166061508	5	(27.6527,314.004,1.895)	74.6155	-75.4605
10.738344002282	2	(24.8933,256.049,1.895)	132.584	-83.9396
10.749164134695	6	(24.2589,324.023,1.895)	64.6503	-71.8982
10.804416990746	1	(25.1528,228.243,1.895)	158.608	-82.6952
10.806714331009	7	(27.3825,342.952,1.895)	43.8904	-67.9617
10.813647731778	4	(27.8988,287.641,1.895)	99.2038	-71.0073
10.814938057924	0	(25.4012,201.634,1.895)	185.214	-78.5766
10.830686788412	8	(27.1673,366.016,1.895)	20.8262	-60.961
10.837624808447	3	(28.1387,261.931,1.895)	124.915	-79.5419
10.837166061508	5	(27.6704,312.112,1.895)	74.7319	-75.3715
10.838344002282	2	(24.9115,254.103,1.895)	132.754	-84.0445
10.849164134695	6	(24.2776,322.017,1.895)	64.8801	-72.139
10.904416990746	1	(25.1713,226.26,1.895)	158.82	-82.6356
10.906714331009	7	(27.401,340.976,1.895)	44.0949	-68.2705
10.913647731778	4	(27.9171,285.679,1.895)	99.3945	-71.0385
10.914938057924	0	(25.4199,199.625,1.895)	185.451	-78.5593
10.930686788412	8	(27.185,364.117,1.895)	20.9529	-60.7794
10.937624808447	3	(28.1575,259.926,1.895)	125.149	-79.6625
10.937166061508	5	(27.6882,310.209,1.895)	74.864	-75.2709
10.938344002282	2	(24.9296,252.161,1.895)	132.925	-84.1497
10.949164134695	6	(24.2964,320.006,1.895)	65.1194	-72.3946
11.004416990746	1	(25.1898,224.281,1.895)	159.015	-82.5814
11.006714331009	7	(27.4194,339,1.895)	44.2865	-68.5667
11.013647731778	4	(27.9355,283.709,1.895)	99.58	-71.0693
11.014938057924	0	(25.4387,197.615,1.895)	185.677	-78.543
11.030686788412	8	(27.2027,362.223,1.895)	21.0631	-60.6489
11.037624808447	3	(28.1762,257.919,1.895)	125.371	-79.7779
11.037166061508	5	(27.7059,308.304,1.895)	74.9844	-75.1794
11.038344002282	2	(24.9478,250.211,1.895)	133.09	-84.2514
11.049164134695	6	(24.315,318.004,1.895)	65.3363	-72.6302
11.104416990746	1	(25.2084,222.29,1.895)	159.227	-82.5229
11.106714331009	7	(27.4379,337.019,1.895)	44.4887	-68.8848
11.113647731778	4	(27.9539,281.739,1.895)	99.7718	-71.1017
11.114938057924	0	(25.4574,195.61,1.895)	185.903	-78.5269
11.130686788412	8	(27.2203,360.332,1.895)	21.1752	-60.5473
11.137624808447	3	(28.1949,255.913,1.895)	125.598	-79.8965
11.137166061508	5	(27.7238,306.385,1.895)	75.124	-75.0741
11.138344002282	2	(24.966,248.266,1.895)	133.256	-84.3538
11.149164134695	6	(24.3338,315.999,1.895)	65.5624	-72.8795
11.204416990746	1	(25.2269,220.312,1.895)	159.417	-82.4709
11.206714331009	7	(27.4565,335.028,1.895)	44.6935	-69.2104
11.213647731778	4	(27.9722,279.778,1.895)	99.9461	-71.1316
11.214938057924	0	(25.4761,193.605,1.895)	186.121	-78.5115
11.230686788412	8	(27.2381,358.43,1.895)	21.291	-60.4791
11.237624808447	3	(28.2137,253.903,1.895)	125.822	-80.0144
11.237166061508	5	(27.7417,304.473,1.895)	75.25	-74.9795
11.238344002282	2	(24.9842,246.312,1.895)	133.424	-84.4569
11.249164134695	6	(24.3525,313.996,1.895)	65.7783	-73.1208
11.304416990746	1	(25.2454,218.328,1.895)	159.605	-82.4204
11.306714331009	7	(27.475,333.046,1.895)	44.8773	-69.5034
11.313647731778	4	(27.9906,277.804,1.895)	100.122	-71.1623
11.314938057924	0	(25.4948,191.604,1.895)	186.325	-78.4973
11.330686788412	8	(27.2559,356.526,1.895)	21.3972	-60.4511
11.337624808447	3	(28.2324,251.892,1.895)	126.036	-80.1279
11.337166061508	5	(27.7595,302.562,1.895)	75.3627	-74.8955
11.338344002282	2	(25.0024,244.366,1.895)	133.572	-84.5479
11.349164134695	6	(24.3712,311.984,1.895)	65.9921	-73.3623
11.404416990746	1	(25.2639,216.345,1.895)	159.792	-82.3702
11.406714331009	7	(27.4935,331.065,1.895)	45.0644	-69.7994
11.413647731778	4	(28.009,275.832,1.895)	100.3	-71.1937
11.414938057924	0	(25.5135,189.603,1.895)	186.531	-78.4831
11.430686788412	8	(27.2736,354.627,1.895)	21.5008	-60.4564
11.437624808447	3	(28.2511,249.891,1.895)	126.242	-80.2381
11.437166061508	5	(27.7774,300.648,1.895)	75.483	-74.8066
11.438344002282	2	(25.0206,242.407,1.895)	133.736	-84.6488
11.449164134695	6	(24.39,309.973,1.895)	66.2087	-73.6092
11.504416990746	1	(25.2823,214.368,1.895)	159.975	-82.3217
11.506714331009	7	(27.5119,329.089,1.895)	45.2463	-70.0823
11.513647731778	4	(28.0273,273.87,1.895)	100.468	-71.2238
11.514938057924	0	(25.5322,187.602,1.895)	186.738	-78.469
11.530686788412	8	(27.2913,352.725,1.895)	21.6088	-60.4963
11.537624808447	3	(28.2698,247.887,1.895)	126.451	-80.3505
11.537166061508	5	(27.7953,298.73,1.895)	75.6059	-74.7164
11.538344002282	2	(25.0389,240.449,1.895)	133.9	-84.7488
11.549164134695	6	(24.4087,307.969,1.895)	66.4184	-73.8498
11.604416990746	1	(25.3009,212.383,1.895)	160.159	-82.2735
11.606714331009	7	(27.5305,327.106,1.895)	45.428	-70.3571
11.613647731778	4	(28.0456,271.908,1.895)	100.628	-71.253
11.614938057924	0	(25.5509,185.593,1.895)	186.945	-78.455
11.630686788412	8	(27.3091,350.821,1.895)	21.7114	-60.5664
11.637624808447	3	(28.2885,245.885,1.895)	126.652	-80.4591
11.637166061508	5	(27.8131,296.821,1.895)	75.7142	-74.6375
11.638344002282	2	(25.0571,238.502,1.895)	134.045	-84.8375
11.649164134695	6	(24.4274,305.966,1.895)	66.62	-74.0822
11.704416990746	1	(25.3195,210.39,1.895)	160.351	-82.2235
11.706714331009	7	(27.5489,325.133,1.895)	45.6003	-70.6071
11.713647731778	4	(28.064,269.944,1.895)	100.791	-71.283
11.714938057924	0	(25.5696,183.591,1.895)	187.146	-78.4416
11.730686788412	8	(27.3269,348.913,1.895)	21.8193	-60.673
11.737624808447	3	(28.3072,243.878,1.895)	126.858	-80.5716
11.737166061508	5	(27.8309,294.911,1.895)	75.8232	-74.5589
11.738344002282	2	(25.0753,236.553,1.895)	134.193	-84.9275
11.749164134695	6	(24.4461,303.959,1.895)	66.8251	-74.3189
11.804416990746	1	(25.338,208.407,1.895)	160.526	-82.1784
11.806714331009	7	(27.5673,323.159,1.895)	45.7664	-70.8356
11.813647731778	4	(28.0823,267.977,1.895)	100.951	-71.3126
11.814938057924	0	(25.5883,181.586,1.895)	187.343	-78.4286
11.830686788412	8	(27.3446,347.017,1.895)	21.9072	-60.7837
11.837624808447	3	(28.326,241.87,1.895)	127.059	-80.6814
11.837166061508	5	(27.8489,292.99,1.895)	75.9363	-74.478
11.838344002282	2	(25.0935,234.596,1.895)	134.342	-85.0178
11.849164134695	6	(24.4648,301.96,1.895)	67.0164	-74.5395
11.904416990746	1	(25.3565,206.426,1.895)	160.71	-82.1315
11.906714331009	7	(27.5857,321.185,1.895)	45.9426	-71.0611
11.913647731778	4	(28.1008,265.999,1.895)	101.132	-71.3467
11.914938057924	0	(25.607,179.581,1.895)	187.551	-78.415
11.930686788412	8	(27.3624,345.114,1.895)	22.0125	-60.9427
11.937624808447	3	(28.3447,239.866,1.895)	127.265	-80.7953
11.937166061508	5	(27.8667,291.077,1.895)	76.0522	-74.3959
11.938344002282	2	(25.1118,232.637,1.895)	134.505	-85.116
11.949164134695	6	(24.4835,299.954,1.895)	67.2249	-74.7788
12.004416990746	1	(25.3749,204.446,1.895)	160.884	-82.0875
12.006714331009	7	(27.6041,319.213,1.895)	46.1087	-71.2547
12.013647731778	4	(28.1191,264.033,1.895)	101.292	-71.3773
12.014938057924	0	(25.6257,177.579,1.895)	187.747	-78.4023
12.030686788412	8	(27.3802,343.206,1.895)	22.1149	-61.1229
12.037624808447	3	(28.3634,237.859,1.895)	127.466	-80.9069
12.037166061508	5	(27.8848,289.141,1.895)	76.1823	-74.3048
12.038344002282	2	(25.1301,230.677,1.895)	134.658	-85.2083
12.049164134695	6	(24.5023,297.946,1.895)	67.4264	-75.008
12.104416990746	1	(25.3935,202.462,1.895)	161.053	-82.0451
12.106714331009	7	(27.6226,317.227,1.895)	46.2802	-71.4321
12.113647731778	4	(28.1375,262.061,1.895)	101.449	-71.4077
12.114938057924	0	(25.6444,175.576,1.895)	187.936	-78.3903
12.130686788412	8	(27.3979,341.304,1.895)	22.2022	-61.2945
12.137624808447	3	(28.3822,235.852,1.895)	127.659	-81.0145
12.137166061508	5	(27.9027,287.225,1.895)	76.2838	-74.2345
12.138344002282	2	(25.1484,228.719,1.895)	134.801	-85.2938
12.149164134695	6	(24.5209,295.945,1.895)	67.6127	-75.2174
12.204416990746	1	(25.412,200.475,1.895)	161.23	-82.0012
12.206714331009	7	(27.6411,315.251,1.895)	46.4456	-71.5789
12.213647731778	4	(28.156,260.086,1.895)	101.613	-71.4398
12.214938057924	0	(25.6632,173.567,1.895)	188.134	-78.3777
12.230686788412	8	(27.4158,339.393,1.895)	22.3028	-61.5095
12.237624808447	3	(28.4009,233.846,1.895)	127.855	-81.1244
12.237166061508	5	(27.9206,285.299,1.895)	76.3989	-74.1555
12.238344002282	2	(25.1667,226.759,1.895)	134.951	-85.3828
12.249164134695	6	(24.5397,293.936,1.895)	67.8109	-75.4367
12.304416990746	1	(25.4305,198.49,1.895)	161.391	-81.9615
12.306714331009	7	(27.6595,313.277,1.895)	46.5956	-71.6894
12.313647731778	4	(28.1744,258.113,1.895)	101.763	-71.4693
12.314938057924	0	(25.6819,171.556,1.895)	188.321	-78.3659
12.330686788412	8	(27.4336,337.482,1.895)	22.3896	-61.7073
12.337624808447	3	(28.4196,231.837,1.895)	128.039	-81.2285
12.337166061508	5	(27.9386,283.373,1.895)	76.5015	-74.086
12.338344002282	2	(25.185,224.799,1.895)	135.087	-85.4634
12.349164134695	6	(24.5584,291.931,1.895)	67.9926	-75.6334
12.404416990746	1	(25.4492,196.494,1.895)	161.565	-81.919
12.406714331009	7	(27.678,311.295,1.895)	46.7557	-71.7821
12.413647731778	4	(28.1928,256.138,1.895)	101.916	-71.4999
12.414938057924	0	(25.7007,169.544,1.895)	188.511	-78.3542
12.430686788412	8	(27.4515,335.57,1.895)	22.4803	-61.9229
12.437624808447	3	(28.4384,229.828,1.895)	128.227	-81.3349
12.437166061508	5	(27.9566,281.447,1.895)	76.6054	-74.0162
12.438344002282	2	(25.2033,222.841,1.895)	135.223	-85.5434
12.449164134695	6	(24.5772,289.92,1.895)	68.1814	-75.8327
12.504416990746	1	(25.4677,194.506,1.895)	161.732	-81.8787
12.506714331009	7	(27.6965,309.318,1.895)	46.9122	-71.8466
12.513647731778	4	(28.2113,254.155,1.895)	102.078	-71.5326
12.514938057924	0	(25.7194,167.539,1.895)	188.695	-78.3428
12.530686788412	8	(27.4693,333.655,1.895)	22.5737	-62.1503
12.537624808447	3	(28.457,227.827,1.895)	128.407	-81.4375
12.537166061508	5	(27.9746,279.514,1.895)	76.7176	-73.9417
12.538344002282	2	(25.2216,220.873,1.895)	135.371	-85.6293
12.549164134695	6	(24.5959,287.911,1.895)	68.3691	-76.0245
12.604416990746	1	(25.4863,192.514,1.895)	161.897	-81.8391
12.606714331009	7	(27.715,307.332,1.895)	47.0704	-71.885
12.613647731778	4	(28.2297,252.185,1.895)	102.22	-71.5615
12.614938057924	0	(25.7381,165.536,1.895)	188.87	-78.3322
12.630686788412	8	(27.4873,331.734,1.895)	22.6676	-62.3796
12.637624808447	3	(28.4757,225.827,1.895)	128.579	-81.536
12.637166061508	5	(27.9927,277.578,1.895)	76.8257	-73.8708
12.638344002282	2	(25.2399,218.91,1.895)	135.505	-85.7075
12.649164134695	6	(24.6147,285.904,1.895)	68.5484	-76.2008
12.704416990746	1	(25.5049,190.527,1.895)	162.05	-81.8028
12.706714331009	7	(27.7335,305.349,1.895)	47.2204	-71.8967
12.713647731778	4	(28.2482,250.208,1.895)	102.363	-71.5911
12.714938057924	0	(25.7569,163.525,1.895)	189.048	-78.3215
12.730686788412	8	(27.5052,329.807,1.895)	22.7606	-62.6022
12.737624808447	3	(28.4944,223.828,1.895)	128.745	-81.6317
12.737166061508	5	(28.0107,275.646,1.895)	76.9247	-73.8066
12.738344002282	2	(25.2583,216.942,1.895)	135.64	-85.7847
12.749164134695	6	(24.6334,283.897,1.895)	68.7218	-76.364
12.804416990746	1	(25.5235,188.534,1.895)	162.199	-81.7674
12.806714331009	7	(27.7521,303.362,1.895)	47.3629	-71.886
12.813647731778	4	(28.2665,248.24,1.895)	102.488	-71.617
12.814938057924	0	(25.7756,161.523,1.895)	189.207	-78.312
12.830686788412	8	(27.5231,327.889,1.895)	22.8356	-62.7748
12.837624808447	3	(28.5131,221.817,1.895)	128.912	-81.7282
12.837166061508	5	(28.0288,273.711,1.895)	77.0154	-73.7484
12.838344002282	2	(25.2766,214.984,1.895)	135.755	-85.8504
12.849164134695	6	(24.6521,281.894,1.895)	68.8802	-76.5061
12.904416990746	1	(25.542,186.549,1.895)	162.351	-81.7318
12.906714331009	7	(27.7706,301.379,1.895)	47.5134	-71.8526
12.913647731778	4	(28.285,246.263,1.895)	102.632	-71.647
12.914938057924	0	(25.7943,159.521,1.895)	189.375	-78.302
12.930686788412	8	(27.5411,325.961,1.895)	22.9297	-62.9768
12.937624808447	3	(28.5319,219.81,1.895)	129.086	-81.8295
12.937166061508	5	(28.0468,271.786,1.895)	77.1073	-73.6901
12.938344002282	2	(25.295,213.017,1.895)	135.889	-85.9263
12.949164134695	6	(24.6709,279.882,1.895)	69.0587	-76.657
13.004416990746	1	(25.5605,184.564,1.895)	162.492	-81.6991
13.006714331009	7	(27.789,299.408,1.895)	47.6407	-71.8077
13.013647731778	4	(28.3034,244.286,1.895)	102.765	-71.6752
13.014938057924	0	(25.813,157.51,1.895)	189.542	-78.2922
13.030686788412	8	(27.5592,324.03,1.895)	23.0174	-63.1461
13.037624808447	3	(28.5506,217.8,1.895)	129.252	-81.9266
13.037166061508	5	(28.0649,269.843,1.895)	77.2065	-73.6278
13.038344002282	2	(25.3133,211.054,1.895)	136.007	-85.9928
13.049164134695	6	(24.6896,277.878,1.895)	69.2193	-76.7839
13.104416990746	1	(25.5791,182.569,1.895)	162.643	-81.6643
13.106714331009	7	(27.8074,297.428,1.895)	47.7756	-71.7447
13.113647731778	4	(28.322,242.301,1.895)	102.905	-71.705
13.114938057924	0	(25.8318,155.504,1.895)	189.704	-78.2828
13.130686788412	8	(27.577,322.118,1.895)	23.0846	-63.2602
13.137624808447	3	(28.5694,215.789,1.895)	129.418	-82.0236
13.137166061508	5	(28.083,267.899,1.895)	77.306	-73.566
13.138344002282	2	(25.3316,209.095,1.895)	136.121	-86.0562
13.149164134695	6	(24.7082,275.877,1.895)	69.3752	-76.8983
13.204416990746	1	(25.5978,180.572,1.895)	162.805	-81.6272
13.206714331009	7	(27.826,295.443,1.895)	47.9266	-71.6569
13.213647731778	4	(28.3404,240.323,1.895)	103.048	-71.7358
13.214938057924	0	(25.8505,153.498,1.895)	189.875	-78.2729
13.230686788412	8	(27.595,320.194,1.895)	23.1745	-63.3884
13.237624808447	3	(28.5881,213.783,1.895)	129.59	-82.1246
13.237166061508	5	(28.1012,265.953,1.895)	77.4176	-73.4976
13.238344002282	2	(25.3499,207.127,1.895)	136.255	-86.1298
13.249164134695	6	(24.7269,273.878,1.895)	69.5396	-77.0089
13.304416990746	1	(25.6164,178.576,1.895)	162.954	-81.5932
13.306714331009	7	(27.8445,293.462,1.895)	48.0606	-71.5654
13.313647731778	4	(28.3589,238.346,1.895)	103.179	-71.7641
13.314938057924	0	(25.8692,151.496,1.895)	190.031	-78.264
13.330686788412	8	(27.613,318.258,1.895)	23.2639	-63.4847
13.337624808447	3	(28.6069,211.776,1.895)	129.75	-82.2193
13.337166061508	5	(28.1193,264.018,1.895)	77.5057	-73.4442
13.338344002282	2	(25.3684,205.15,1.895)	136.386	-86.2014
13.349164134695	6	(24.7456,271.875,1.895)	69.6955	-77.1036
13.404416990746	1	(25.635,176.586,1.895)	163.08	-81.565
13.406714331009	7	(27.8629,291.486,1.895)	48.1714	-71.4812
13.413647731778	4	(28.3773,236.367,1.895)	103.293	-71.7891
13.414938057924	0	(25.8879,149.484,1.895)	190.178	-78.2557
13.430686788412	8	(27.631,316.332,1.895)	23.3251	-63.5315
13.437624808447	3	(28.6256,209.772,1.895)	129.889	-82.3017
13.437166061508	5	(28.1374,262.072,1.895)	77.5876	-73.3951
13.438344002282	2	(25.3867,203.182,1.895)	136.489	-86.2568
13.449164134695	6	(24.7643,269.874,1.895)	69.8323	-77.1782
13.504416990746	1	(25.6537,174.585,1.895)	163.231	-81.5312
13.506714331009	7	(27.8814,289.5,1.895)	48.3073	-71.3686
13.513647731778	4	(28.3958,234.392,1.895)	103.418	-71.8165
13.514938057924	0	(25.9067,147.474,1.895)	190.337	-78.2467
13.530686788412	8	(27.6489,314.413,1.895)	23.3932	-63.5646
13.537624808447	3	(28.6442,207.772,1.895)	130.039	-82.391
13.537166061508	5	(28.1555,260.133,1.895)	77.6764	-73.3424
13.538344002282	2	(25.4052,201.209,1.895)	136.611	-86.3224
13.549164134695	6	(24.783,267.87,1.895)	69.986	-77.252
13.604416990746	1	(25.6722,172.595,1.895)	163.373	-81.4995
13.606714331009	7	(27.8999,287.524,1.895)	48.4369	-71.2531
13.613647731778	4	(28.4142,232.419,1.895)	103.544	-71.8444
13.614938057924	0	(25.9254,145.475,1.895)	190.49	-78.2382
13.630686788412	8	(27.6669,312.485,1.895)	23.4744	-63.5782
13.637624808447	3	(28.663,205.763,1.895)	130.202	-82.488
13.637166061508	5	(28.1736,258.194,1.895)	77.7677	-73.2888
13.638344002282	2	(25.4236,199.234,1.895)	136.74	-86.3902
13.649164134695	6	(24.8017,265.868,1.895)	70.141	-77.3156
13.704416990746	1	(25.6907,170.611,1.895)	163.501	-81.4714
13.706714331009	7	(27.9183,285.553,1.895)	48.5517	-71.1451
13.713647731778	4	(28.4327,230.431,1.895)	103.676	-71.8739
13.714938057924	0	(25.9441,143.467,1.895)	190.642	-78.2298
13.730686788412	8	(27.6849,310.557,1.895)	23.5456	-63.5674
13.737624808447	3	(28.6817,203.76,1.895)	130.347	-82.5753
13.737166061508	5	(28.1917,256.261,1.895)	77.8448	-73.2441
13.738344002282	2	(25.442,197.26,1.895)	136.857	-86.4509
13.749164134695	6	(24.8204,263.862,1.895)	70.2898	-77.3661
13.804416990746	1	(25.7093,168.619,1.895)	163.639	-81.4412
13.806714331009	7	(27.9367,283.584,1.895)	48.6662	-71.033
13.813647731778	4	(28.4512,228.456,1.895)	103.797	-71.9011
13.814938057924	0	(25.9628,141.458,1.895)	190.796	-78.2213
13.830686788412	8	(27.7029,308.63,1.895)	23.6192	-63.5354
13.837624808447	3	(28.7004,201.75,1.895)	130.504	-82.6692
13.837166061508	5	(28.2099,254.312,1.895)	77.9396	-73.1896
13.838344002282	2	(25.4603,195.3,1.895)	136.963	-86.5055
13.849164134695	6	(24.8391,261.858,1.895)	70.4399	-77.4063
13.904416990746	1	(25.728,166.625,1.895)	163.777	-81.4111
13.906714331009	7	(27.9551,281.605,1.895)	48.789	-70.9089
13.913647731778	4	(28.4698,226.466,1.895)	103.931	-71.9315
13.914938057924	0	(25.9816,139.453,1.895)	190.945	-78.2132
13.930686788412	8	(27.7209,306.705,1.895)	23.6877	-63.488
13.937624808447	3	(28.7192,199.742,1.895)	130.656	-82.7607
13.937166061508	5	(28.2279,252.376,1.895)	78.0195	-73.1443
13.938344002282	2	(25.4787,193.326,1.895)	137.081	-86.5655
13.949164134695	6	(24.8578,259.856,1.895)	70.5855	-77.435
14.004416990746	1	(25.7466,164.63,1.895)	163.907	-81.383
14.006714331009	7	(27.9735,279.636,1.895)	48.8929	-70.8012
14.013647731778	4	(28.4883,224.475,1.895)	104.057	-71.9602
14.014938057924	0	(26.0003,137.448,1.895)	191.085	-78.2056
14.030686788412	8	(27.7389,304.773,1.895)	23.7549	-63.4268
14.037624808447	3	(28.7378,197.742,1.895)	130.791	-82.8424
14.037166061508	5	(28.2462,250.419,1.895)	78.112	-73.0924
14.038344002282	2	(25.4971,191.358,1.895)	137.184	-86.6172
14.049164134695	6	(24.8765,257.855,1.895)	70.7216	-77.4527
14.104416990746	1	(25.7652,162.633,1.895)	164.039	-81.3546
14.106714331009	7	(27.9921,277.648,1.895)	49.0171	-70.6703
14.113647731778	4	(28.5068,222.493,1.895)	104.174	-71.9873
14.114938057924	0	(26.0191,135.436,1.895)	191.233	-78.1977
14.130686788412	8	(27.7568,302.855,1.895)	23.8091	-63.3681
14.137624808447	3	(28.7566,195.73,1.895)	130.938	-82.9317
14.137166061508	5	(28.2644,248.465,1.895)	78.2016	-73.0426
14.138344002282	2	(25.5155,189.383,1.895)	137.295	-86.6718
14.149164134695	6	(24.8952,255.847,1.895)	70.8652	-77.4618
14.204416990746	1	(25.7839,160.633,1.895)	164.184	-81.3238
14.206714331009	7	(28.0106,275.666,1.895)	49.1438	-70.535
14.213647731778	4	(28.5253,220.509,1.895)	104.303	-72.017
14.214938057924	0	(26.0377,133.433,1.895)	191.38	-78.1899
14.230686788412	8	(27.7749,300.918,1.895)	23.8903	-63.2669
14.237624808447	3	(28.7754,193.723,1.895)	131.09	-83.0239
14.237166061508	5	(28.2826,246.52,1.895)	78.2911	-72.9935
14.238344002282	2	(25.534,187.405,1.895)	137.417	-86.7309
14.249164134695	6	(24.9139,253.847,1.895)	71.0098	-77.4611
14.304416990746	1	(25.8025,158.639,1.895)	164.31	-81.2971
14.306714331009	7	(28.0291,273.683,1.895)	49.2581	-70.412
14.313647731778	4	(28.5439,218.522,1.895)	104.422	-72.0447
14.314938057924	0	(26.0565,131.429,1.895)	191.516	-78.1827
14.330686788412	8	(27.793,298.975,1.895)	23.9657	-63.1617
14.337624808447	3	(28.7941,191.719,1.895)	131.226	-83.1066
14.337166061508	5	(28.3008,244.564,1.895)	78.3786	-72.9461
14.338344002282	2	(25.5525,185.423,1.895)	137.531	-86.7858
14.349164134695	6	(24.9325,251.845,1.895)	71.143	-77.4521
14.404416990746	1	(25.821,156.653,1.895)	164.412	-81.2757
14.406714331009	7	(28.0476,271.696,1.895)	49.3613	-70.3007
14.413647731778	4	(28.5624,216.543,1.895)	104.517	-72.067
14.414938057924	0	(26.0752,129.42,1.895)	191.641	-78.1762
14.430686788412	8	(27.8111,297.036,1.895)	24.0199	-63.0808
14.437624808447	3	(28.8128,189.714,1.895)	131.347	-83.1804
14.437166061508	5	(28.319,242.614,1.895)	78.4443	-72.9109
14.438344002282	2	(25.571,183.446,1.895)	137.624	-86.8295
14.449164134695	6	(24.9513,249.834,1.895)	71.2698	-77.4362
14.504416990746	1	(25.8396,154.659,1.895)	164.527	-81.2515
14.506714331009	7	(28.0661,269.715,1.895)	49.4644	-70.1894
14.513647731778	4	(28.5808,214.563,1.895)	104.619	-72.091
14.514938057924	0	(26.0939,127.42,1.895)	191.762	-78.1699
14.530686788412	8	(27.8292,295.098,1.895)	24.0797	-62.9881
14.537624808447	3	(28.8314,187.714,1.895)	131.469	-83.2546
14.537166061508	5	(28.3372,240.67,1.895)	78.51	-72.8759
14.538344002282	2	(25.5894,181.473,1.895)	137.718	-86.8731
14.549164134695	6	(24.9701,247.824,1.895)	71.4016	-77.4122
14.604416990746	1	(25.8582,152.675,1.895)	164.629	-81.2303
14.606714331009	7	(28.0846,267.736,1.895)	49.5613	-70.0852
14.613647731778	4	(28.5994,212.58,1.895)	104.719	-72.1148
14.614938057924	0	(26.1126,125.411,1.895)	191.89	-78.1633
14.630686788412	8	(27.8473,293.157,1.895)	24.1385	-62.8944
14.637624808447	3	(28.8502,185.703,1.895)	131.598	-83.3333
14.637166061508	5	(28.3554,238.716,1.895)	78.5826	-72.8377
14.638344002282	2	(25.6078,179.499,1.895)	137.811	-86.9152
14.649164134695	6	(24.9888,245.813,1.895)	71.5299	-77.382
14.704416990746	1	(25.8768,150.674,1.895)	164.748	-81.2056
14.706714331009	7	(28.1031,265.746,1.895)	49.6689	-69.9701
14.713647731778	4	(28.6179,210.595,1.895)	104.822	-72.1393
14.714938057924	0	(26.1313,123.408,1.895)	192.011	-78.1571
14.730686788412	8	(27.8654,291.216,1.895)	24.1979	-62.7986
14.737624808447	3	(28.8689,183.696,1.895)	131.722	-83.4096
14.737166061508	5	(28.3736,236.766,1.895)	78.6501	-72.8024
14.738344002282	2	(25.6262,177.528,1.895)	137.9	-86.9553
14.749164134695	6	(25.0075,243.813,1.895)	71.6483	-77.3483
14.804416990746	1	(25.8955,148.677,1.895)	164.86	-81.1827
14.806714331009	7	(28.1216,263.764,1.895)	49.7649	-69.8682
14.813647731778	4	(28.6364,208.607,1.895)	104.924	-72.1638
14.814938057924	0	(26.1501,121.399,1.895)	192.134	-78.1508
14.830686788412	8	(27.8836,289.263,1.895)	24.2649	-62.69
14.837624808447	3	(28.8876,181.692,1.895)	131.841	-83.4825
14.837166061508	5	(28.3919,234.808,1.895)	78.7227	-72.7649
14.838344002282	2	(25.6447,175.547,1.895)	137.995	-86.9972
14.849164134695	6	(25.0263,241.803,1.895)	71.7726	-77.3072
14.904416990746	1	(25.9141,146.686,1.895)	164.959	-81.1625
14.906714331009	7	(28.1402,261.773,1.895)	49.8636	-69.7644
14.913647731778	4	(28.6549,206.625,1.895)	105.015	-72.1856
14.914938057924	0	(26.1688,119.395,1.895)	192.246	-78.1452
14.930686788412	8	(27.9018,287.318,1.895)	24.3177	-62.6052
14.937624808447	3	(28.9064,179.686,1.895)	131.954	-83.552
14.937166061508	5	(28.4102,232.849,1.895)	78.7896	-72.7307
14.938344002282	2	(25.6631,173.574,1.895)	138.075	-87.0324
14.949164134695	6	(25.045,239.792,1.895)	71.8907	-77.263
15.004416990746	1	(25.9326,144.696,1.895)	165.058	-81.1423
15.006714331009	7	(28.1588,259.782,1.895)	49.9644	-69.6595
15.013647731778	4	(28.6735,204.637,1.895)	105.112	-72.2092
15.014938057924	0	(26.1874,117.394,1.895)	192.356	-78.1397
15.030686788412	8	(27.9199,285.375,1.895)	24.3704	-62.5219
15.037624808447	3	(28.925,177.685,1.895)	132.065	-83.62
15.037166061508	5	(28.4284,230.895,1.895)	78.8531	-72.6985
15.038344002282	2	(25.6815,171.6,1.895)	138.158	-87.068
15.049164134695	6	(25.0637,237.789,1.895)	72.0037	-77.2163
15.104416990746	1	(25.9512,142.711,1.895)	165.15	-81.1237
15.106714331009	7	(28.1773,257.796,1.895)	50.0575	-69.5639
15.113647731778	4	(28.692,202.655,1.895)	105.201	-72.2307
15.114938057924	0	(26.2062,115.388,1.895)	192.469	-78.134
15.130686788412	8	(27.9382,283.419,1.895)	24.4336	-62.4245
15.137624808447	3	(28.9438,175.674,1.895)	132.183	-83.6927
15.137166061508	5	(28.4468,228.929,1.895)	78.9258	-72.6619
15.138344002282	2	(25.7,169.625,1.895)	138.241	-87.1027
15.149164134695	6	(25.0825,235.781,1.895)	72.1181	-77.1648
15.204416990746	1	(25.9698,140.712,1.895)	165.248	-81.1039
15.206714331009	7	(28.1959,255.81,1.895)	50.142	-69.4781
15.213647731778	4	(28.7106,200.663,1.895)	105.292	-72.253
15.214938057924	0	(26.2249,113.386,1.895)	192.57	-78.129
15.230686788412	8	(27.9563,281.478,1.895)	24.4737	-62.3644
15.237624808447	3	(28.9625,173.674,1.895)	132.282	-83.7534
15.237166061508	5	(28.4651,226.969,1.895)	78.9848	-72.6325
15.238344002282	2	(25.7183,167.659,1.895)	138.306	-87.1299
15.249164134695	6	(25.1012,233.771,1.895)	72.227	-77.1121
15.304416990746	1	(25.9883,138.726,1.895)	165.344	-81.0848
15.306714331009	7	(28.2145,253.819,1.895)	50.2439	-69.3763
15.313647731778	4	(28.7291,198.681,1.895)	105.384	-72.2755
15.314938057924	0	(26.2436,111.375,1.895)	192.691	-78.123
15.330686788412	8	(27.9745,279.53,1.895)	24.5312	-62.2811
15.337624808447	3	(28.9812,171.671,1.895)	132.396	-83.8235
15.337166061508	5	(28.4834,225.006,1.895)	79.0573	-72.5968
15.338344002282	2	(25.7368,165.674,1.895)	138.401	-87.1684
15.349164134695	6	(25.1199,231.769,1.895)	72.3388	-77.0545
15.404416990746	1	(26.007,136.727,1.895)	165.447	-81.064
15.406714331009	7	(28.233,251.832,1.895)	50.3353	-69.2863
15.413647731778	4	(28.7477,196.69,1.895)	105.48	-72.2993
15.414938057924	0	(26.2624,109.369,1.895)	192.802	-78.1175
15.430686788412	8	(27.9927,277.577,1.895)	24.59	-62.2
15.437624808447	3	(28.9999,169.665,1.895)	132.506	-83.8916
15.437166061508	5	(28.5016,223.053,1.895)	79.116	-72.5681
15.438344002282	2	(25.7553,163.698,1.895)	138.482	-87.2009
15.449164134695	6	(25.1387,229.761,1.895)	72.4515	-76.9931
15.504416990746	1	(26.0257,134.727,1.895)	165.553	-81.043
15.506714331009	7	(28.2515,249.85,1.895)	50.4236	-69.2008
15.513647731778	4	(28.7663,194.696,1.895)	105.58	-72.3242
15.514938057924	0	(26.281,107.37,1.895)	192.908	-78.1124
15.530686788412	8	(28.0109,275.625,1.895)	24.6477	-62.1245
15.537624808447	3	(29.0187,167.653,1.895)	132.624	-83.9642
15.537166061508	5	(28.5199,221.091,1.895)	79.1838	-72.5352
15.538344002282	2	(25.7738,161.712,1.895)	138.574	-87.2372
15.549164134695	6	(25.1574,227.756,1.895)	72.5633	-76.9291
15.604416990746	1	(26.0442,132.742,1.895)	165.636	-81.0268
15.606714331009	7	(28.2701,247.858,1.895)	50.5124	-69.1163
15.613647731778	4	(28.7849,192.703,1.895)	105.67	-72.3465
15.614938057924	0	(26.2997,105.364,1.895)	193.01	-78.1075
15.630686788412	8	(28.0291,273.681,1.895)	24.6878	-62.0749
15.637624808447	3	(29.0374,165.646,1.895)	132.728	-84.0286
15.637166061508	5	(28.5383,219.123,1.895)	79.2485	-72.5042
15.638344002282	2	(25.7924,159.723,1.895)	138.66	-87.2701
15.649164134695	6	(25.1761,225.745,1.895)	72.6701	-76.8654
15.704416990746	1	(26.0628,130.744,1.895)	165.745	-81.0054
15.706714331009	7	(28.2886,245.87,1.895)	50.6115	-69.0237
15.713647731778	4	(28.8035,190.705,1.895)	105.779	-72.3737
15.714938057924	0	(26.3184,103.362,1.895)	193.123	-78.102
15.730686788412	8	(28.0473,271.728,1.895)	24.7522	-62.0002
15.737624808447	3	(29.0561,163.638,1.895)	132.847	-84.1019
15.737166061508	5	(28.5566,217.156,1.895)	79.3271	-72.4668
15.738344002282	2	(25.8108,157.746,1.895)	138.748	-87.3031
15.749164134695	6	(25.1949,223.739,1.895)	72.7878	-76.7924
15.804416990746	1	(26.0814,128.757,1.895)	165.827	-80.9892
15.806714331009	7	(28.3072,243.886,1.895)	50.6917	-68.9501
15.813647731778	4	(28.8221,188.718,1.895)	105.862	-72.3947
15.814938057924	0	(26.3372,101.35,1.895)	193.231	-78.0969
15.830686788412	8	(28.0655,269.779,1.895)	24.7972	-61.9519
15.837624808447	3	(29.0749,161.626,1.895)	132.955	-84.1683
15.837166061508	5	(28.5751,215.184,1.895)	79.3951	-72.4349
15.838344002282	2	(25.8293,155.766,1.895)	138.824	-87.3312
15.849164134695	6	(25.2136,221.736,1.895)	72.8866	-76.7291
15.904416990746	1	(26.1,126.76,1.895)	165.919	-80.9713
15.906714331009	7	(28.3258,241.894,1.895)	50.7785	-68.872
15.913647731778	4	(28.8407,186.726,1.895)	105.949	-72.4166
15.914938057924	0	(26.3559,99.3467,1.895)	193.329	-78.0922
15.930686788412	8	(28.0836,267.834,1.895)	24.837	-61.9119
15.937624808447	3	(29.0936,159.623,1.895)	133.053	-84.2286
15.937166061508	5	(28.5934,213.219,1.895)	79.4543	-72.4073
15.938344002282	2	(25.8478,153.786,1.895)	138.899	-87.3581
15.949164134695	6	(25.2323,219.725,1.895)	72.9918	-76.6599
16.004416990746	1	(26.1187,124.765,1.895)	166.018	-80.9521
16.006714331009	7	(28.3443,239.908,1.895)	50.8677	-68.7932
16.013647731778	4	(28.8592,184.735,1.895)	106.043	-72.4406
16.014938057924	0	(26.3746,97.3432,1.895)	193.436	-78.0871
16.030686788412	8	(28.1019,265.881,1.895)	24.894	-61.8591
16.037624808447	3	(29.1123,157.617,1.895)	133.162	-84.2959
16.037166061508	5	(28.6117,211.256,1.895)	79.5215	-72.3762
16.038344002282	2	(25.8663,151.806,1.895)	138.983	-87.3877
16.049164134695	6	(25.251,217.724,1.895)	73.0966	-76.5892
16.104416990746	1	(26.1373,122.771,1.895)	166.11	-80.9344
16.106714331009	7	(28.3628,237.922,1.895)	50.9521	-68.7203
16.113647731778	4	(28.8779,182.741,1.895)	106.135	-72.464
16.114938057924	0	(26.3933,95.34,1.895)	193.537	-78.0824
16.130686788412	8	(28.1201,263.928,1.895)	24.9442	-61.8174
16.137624808447	3	(29.131,155.613,1.895)	133.264	-84.3589
16.137166061508	5	(28.6301,209.285,1.895)	79.59	-72.3449
16.138344002282	2	(25.8848,149.822,1.895)	139.064	-87.4156
16.149164134695	6	(25.2698,215.715,1.895)	73.203	-76.5158
16.204416990746	1	(26.1559,120.777,1.895)	166.194	-80.9183
16.206714331009	7	(28.3814,235.928,1.895)	51.0367	-68.6486
16.213647731778	4	(28.8965,180.744,1.895)	106.223	-72.4864
16.214938057924	0	(26.412,93.3319,1.895)	193.636	-78.0777
16.230686788412	8	(28.1383,261.977,1.895)	24.9861	-61.786
16.237624808447	3	(29.1497,153.612,1.895)	133.356	-84.4151
16.237166061508	5	(28.6485,207.31,1.895)	79.6556	-72.3152
16.238344002282	2	(25.9032,147.846,1.895)	139.131	-87.4384
16.249164134695	6	(25.2885,213.707,1.895)	73.302	-76.4462
16.304416990746	1	(26.1745,118.783,1.895)	166.277	-80.9025
16.306714331009	7	(28.4001,233.932,1.895)	51.1201	-68.5794
16.313647731778	4	(28.915,178.757,1.895)	106.297	-72.5056
16.314938057924	0	(26.4308,91.3228,1.895)	193.733	-78.0732
16.330686788412	8	(28.1566,260.014,1.895)	25.0375	-61.7517
16.337624808447	3	(29.1684,151.606,1.895)	133.45	-84.4731
16.337166061508	5	(28.6669,205.341,1.895)	79.7129	-72.2895
16.338344002282	2	(25.9217,145.869,1.895)	139.195	-87.4597
16.349164134695	6	(25.3072,211.701,1.895)	73.3958	-76.3792
16.404416990746	1	(26.1932,116.778,1.895)	166.359	-80.8868
16.406714331009	7	(28.4187,231.937,1.895)	51.1933	-68.52
16.413647731778	4	(28.9336,176.771,1.895)	106.362	-72.5223
16.414938057924	0	(26.4495,89.3138,1.895)	193.82	-78.0692
16.430686788412	8	(28.1749,258.053,1.895)	25.0761	-61.7291
16.437624808447	3	(29.1872,149.598,1.895)	133.536	-84.5262
16.437166061508	5	(28.6852,203.378,1.895)	79.7541	-72.2712
16.438344002282	2	(25.9402,143.884,1.895)	139.259	-87.4803
16.449164134695	6	(25.3259,209.696,1.895)	73.4791	-76.3191
16.504416990746	1	(26.2119,114.774,1.895)	166.452	-80.8693
16.506714331009	7	(28.4372,229.954,1.895)	51.2643	-68.4633
16.513647731778	4	(28.9522,174.774,1.895)	106.447	-72.5442
16.514938057924	0	(26.4683,87.3022,1.895)	193.92	-78.0646
16.530686788412	8	(28.1933,256.089,1.895)	25.1289	-61.7027
16.537624808447	3	(29.2059,147.589,1.895)	133.634	-84.5858
16.537166061508	5	(28.7036,201.408,1.895)	79.8121	-72.2456
16.538344002282	2	(25.9588,141.889,1.895)	139.342	-87.5064
16.549164134695	6	(25.3446,207.696,1.895)	73.5668	-76.255
16.604416990746	1	(26.2306,112.774,1.895)	166.527	-80.8551
16.606714331009	7	(28.4557,227.968,1.895)	51.3261	-68.4149
16.613647731778	4	(28.9708,172.781,1.895)	106.515	-72.5621
16.614938057924	0	(26.4871,85.2933,1.895)	194.004	-78.0608
16.630686788412	8	(28.2116,254.129,1.895)	25.1641	-61.688
16.637624808447	3	(29.2246,145.585,1.895)	133.712	-84.6341
16.637166061508	5	(28.722,199.437,1.895)	79.8586	-72.2251
16.638344002282	2	(25.9774,139.895,1.895)	139.411	-87.5277
16.649164134695	6	(25.3633,205.692,1.895)	73.6464	-76.1964
16.704416990746	1	(26.2492,110.773,1.895)	166.606	-80.8403
16.706714331009	7	(28.4743,225.979,1.895)	51.393	-68.3634
16.713647731778	4	(28.9894,170.793,1.895)	106.582	-72.5794
16.714938057924	0	(26.5058,83.2854,1.895)	194.09	-78.0568
16.730686788412	8	(28.2298,252.173,1.895)	25.1985	-61.6758
16.737624808447	3	(29.2433,143.585,1.895)	133.79	-84.6819
16.737166061508	5	(28.7404,197.467,1.895)	79.9062	-72.2044
16.738344002282	2	(25.9959,137.913,1.895)	139.471	-87.5458
16.749164134695	6	(25.382,203.686,1.895)	73.7299	-76.1343
16.804416990746	1	(26.268,108.768,1.895)	166.691	-80.8244
16.806714331009	7	(28.4929,223.986,1.895)	51.4652	-68.3089
16.813647731778	4	(29.0079,168.806,1.895)	106.648	-72.5966
16.814938057924	0	(26.5245,81.2797,1.895)	194.175	-78.053
16.830686788412	8	(28.2481,250.215,1.895)	25.2353	-61.6652
16.837624808447	3	(29.262,141.579,1.895)	133.876	-84.7343
16.837166061508	5	(28.7587,195.504,1.895)	79.9488	-72.186
16.838344002282	2	(26.0145,135.921,1.895)	139.543	-87.5669
16.849164134695	6	(25.4008,201.679,1.895)	73.8163	-76.0697
16.904416990746	1	(26.2866,106.771,1.895)	166.778	-80.8082
16.906714331009	7	(28.5114,222.003,1.895)	51.5382	-68.255
16.913647731778	4	(29.0265,166.816,1.895)	106.728	-72.6176
16.914938057924	0	(26.5433,79.2734,1.895)	194.271	-78.0487
16.930686788412	8	(28.2665,248.247,1.895)	25.2928	-61.6538
16.937624808447	3	(29.2807,139.58,1.895)	133.965	-84.7887
16.937166061508	5	(28.7771,193.532,1.895)	80.0106	-72.1594
16.938344002282	2	(26.0331,133.928,1.895)	139.625	-87.5905
16.949164134695	6	(25.4195,199.673,1.895)	73.9121	-75.9975
17.004416990746	1	(26.3053,104.771,1.895)	166.846	-80.7956
17.006714331009	7	(28.53,220.012,1.895)	51.5976	-68.212
17.013647731778	4	(29.0451,164.826,1.895)	106.786	-72.6331
17.014938057924	0	(26.562,77.2699,1.895)	194.344	-78.0454
17.030686788412	8	(28.2848,246.287,1.895)	25.3216	-61.6504
17.037624808447	3	(29.2994,137.57,1.895)	134.044	-84.8366
17.037166061508	5	(28.7955,191.564,1.895)	80.0469	-72.1439
17.038344002282	2	(26.0516,131.947,1.895)	139.675	-87.6045
17.049164134695	6	(25.4382,197.673,1.895)	73.9807	-75.9456
17.104416990746	1	(26.3239,102.772,1.895)	166.93	-80.7799
17.106714331009	7	(28.5485,218.031,1.895)	51.6645	-68.1644
17.113647731778	4	(29.0637,162.834,1.895)	106.865	-72.6537
17.114938057924	0	(26.5807,75.2663,1.895)	194.433	-78.0414
17.130686788412	8	(28.303,244.327,1.895)	25.3675	-61.6483
17.137624808447	3	(29.3182,135.561,1.895)	134.139	-84.8946
17.137166061508	5	(28.8139,189.594,1.895)	80.103	-72.1202
17.138344002282	2	(26.0702,129.961,1.895)	139.747	-87.6239
17.149164134695	6	(25.4568,195.673,1.895)	74.0665	-75.8805
17.204416990746	1	(26.3425,100.781,1.895)	166.995	-80.768
17.206714331009	7	(28.567,216.043,1.895)	51.727	-68.1208
17.213647731778	4	(29.0823,160.831,1.895)	106.941	-72.674
17.214938057924	0	(26.5994,73.2599,1.895)	194.513	-78.0378
17.230686788412	8	(28.3212,242.378,1.895)	25.391	-61.6487
17.237624808447	3	(29.3369,133.552,1.895)	134.221	-84.9444
17.237166061508	5	(28.8323,187.624,1.895)	80.1474	-72.1015
17.238344002282	2	(26.0887,127.978,1.895)	139.804	-87.6391
17.249164134695	6	(25.4756,193.666,1.895)	74.1478	-75.8184
17.304416990746	1	(26.3612,98.7769,1.895)	167.087	-80.7512
17.306714331009	7	(28.5855,214.06,1.895)	51.7974	-68.0727
17.313647731778	4	(29.1009,158.839,1.895)	107.021	-72.6951
17.314938057924	0	(26.6181,71.2531,1.895)	194.607	-78.0337
17.330686788412	8	(28.3396,240.411,1.895)	25.4444	-61.6535
17.337624808447	3	(29.3557,131.541,1.895)	134.319	-85.004
17.337166061508	5	(28.8507,185.646,1.895)	80.2127	-72.0743
17.338344002282	2	(26.1072,125.995,1.895)	139.874	-87.6571
17.349164134695	6	(25.4943,191.656,1.895)	74.2442	-75.7449
17.404416990746	1	(26.3799,96.7767,1.895)	167.163	-80.7373
17.406714331009	7	(28.6041,212.072,1.895)	51.8606	-68.0305
17.413647731778	4	(29.1196,156.834,1.895)	107.101	-72.7165
17.414938057924	0	(26.6368,69.2481,1.895)	194.688	-78.0302
17.430686788412	8	(28.3579,238.451,1.895)	25.4801	-61.6597
17.437624808447	3	(29.3745,129.53,1.895)	134.406	-85.0563
17.437166061508	5	(28.8691,183.677,1.895)	80.2573	-72.0559
17.438344002282	2	(26.1258,124.003,1.895)	139.942	-87.674
17.449164134695	6	(25.513,189.652,1.895)	74.3241	-75.6837
17.504416990746	1	(26.3985,94.7795,1.895)	167.242	-80.723
17.506714331009	7	(28.6226,210.09,1.895)	51.9244	-67.9886
17.513647731778	4	(29.1383,154.832,1.895)	107.185	-72.7391
17.514938057924	0	(26.6555,67.2428,1.895)	194.775	-78.0263
17.530686788412	8	(28.3763,236.483,1.895)	25.5297	-61.6723
17.537624808447	3	(29.3932,127.52,1.895)	134.498	-85.1118
17.537166061508	5	(28.8877,181.688,1.895)	80.3277	-72.027
17.538344002282	2	(26.1444,122.011,1.895)	140.015	-87.6917
17.549164134695	6	(25.5317,187.648,1.895)	74.4097	-75.6181
17.604416990746	1	(26.4171,92.7847,1.895)	167.307	-80.7111
17.606714331009	7	(28.6412,208.094,1.895)	51.9913	-67.9457
17.613647731778	4	(29.1569,152.839,1.895)	107.249	-72.7563
17.614938057924	0	(26.6743,65.2323,1.895)	194.856	-78.0228
17.630686788412	8	(28.3945,234.529,1.895)	25.5552	-61.6805
17.637624808447	3	(29.412,125.513,1.895)	134.576	-85.1589
17.637166061508	5	(28.9062,179.699,1.895)	80.3875	-72.0028
17.638344002282	2	(26.1628,120.031,1.895)	140.066	-87.7037
17.649164134695	6	(25.5504,185.646,1.895)	74.4823	-75.5625
17.704416990746	1	(26.4359,90.7761,1.895)	167.402	-80.694
17.706714331009	7	(28.6599,206.095,1.895)	52.0757	-67.893
17.713647731778	4	(29.1755,150.849,1.895)	107.325	-72.7768
17.714938057924	0	(26.693,63.2307,1.895)	194.944	-78.019
17.730686788412	8	(28.4129,232.553,1.895)	25.6172	-61.7056
17.737624808447	3	(29.4307,123.503,1.895)	134.672	-85.2162
17.737166061508	5	(28.9247,177.724,1.895)	80.4484	-71.9783
17.738344002282	2	(26.1814,118.043,1.895)	140.14	-87.7206
17.749164134695	6	(25.5691,183.641,1.895)	74.573	-75.493
17.804416990746	1	(26.4545,88.7798,1.895)	167.461	-80.6833
17.806714331009	7	(28.6785,204.105,1.895)	52.1298	-67.8599
17.813647731778	4	(29.1942,148.851,1.895)	107.385	-72.7932
17.814938057924	0	(26.7117,61.2259,1.895)	195.012	-78.0161
17.830686788412	8	(28.4314,230.575,1.895)	25.6579	-61.7259
17.837624808447	3	(29.4494,121.498,1.895)	134.74	-85.2571
17.837166061508	5	(28.9431,175.753,1.895)	80.4823	-71.9648
17.838344002282	2	(26.2001,116.043,1.895)	140.204	-87.7344
17.849164134695	6	(25.5878,181.637,1.895)	74.6409	-75.4411
17.904416990746	1	(26.4731,86.7877,1.895)	167.51	-80.6746
17.906714331009	7	(28.6969,202.123,1.895)	52.1676	-67.8372
17.913647731778	4	(29.2127,146.861,1.895)	107.432	-72.8059
17.914938057924	0	(26.7304,59.2252,1.895)	195.069	-78.0136
17.930686788412	8	(28.4498,228.604,1.895)	25.6855	-61.7414
17.937624808447	3	(29.4681,119.496,1.895)	134.798	-85.292
17.937166061508	5	(28.9615,173.776,1.895)	80.5161	-71.9514
17.938344002282	2	(26.2187,114.05,1.895)	140.252	-87.7448
17.949164134695	6	(25.6065,179.637,1.895)	74.6971	-75.3981
18.004416990746	1	(26.4918,84.7887,1.895)	167.575	-80.663
18.006714331009	7	(28.7155,200.135,1.895)	52.2219	-67.8051
18.013647731778	4	(29.2313,144.866,1.895)	107.493	-72.8225
18.014938057924	0	(26.7491,57.2232,1.895)	195.137	-78.0107
18.030686788412	8	(28.4681,226.644,1.895)	25.7121	-61.7576
18.037624808447	3	(29.4868,117.495,1.895)	134.865	-85.3319
18.037166061508	5	(28.9799,171.802,1.895)	80.5563	-71.9355
18.038344002282	2	(26.2371,112.071,1.895)	140.298	-87.7543
18.049164134695	6	(25.6252,177.635,1.895)	74.7655	-75.3459
18.104416990746	1	(26.5104,82.7892,1.895)	167.642	-80.6511
18.106714331009	7	(28.7341,198.146,1.895)	52.278	-67.7726
18.113647731778	4	(29.2499,142.881,1.895)	107.546	-72.8368
18.114938057924	0	(26.7677,55.2234,1.895)	195.204	-78.0078
18.130686788412	8	(28.4865,224.672,1.895)	25.7509	-61.7836
18.137624808447	3	(29.5055,115.496,1.895)	134.932	-85.3713
18.137166061508	5	(28.9984,169.82,1.895)	80.6051	-71.9164
18.138344002282	2	(26.2557,110.087,1.895)	140.349	-87.7646
18.149164134695	6	(25.6439,175.626,1.895)	74.8414	-75.288
18.204416990746	1	(26.529,80.7981,1.895)	167.689	-80.6427
18.206714331009	7	(28.7527,196.153,1.895)	52.3279	-67.7442
18.213647731778	4	(29.2684,140.894,1.895)	107.589	-72.8485
18.214938057924	0	(26.7864,53.2217,1.895)	195.262	-78.0054
18.230686788412	8	(28.5048,222.708,1.895)	25.7709	-61.798
18.237624808447	3	(29.5242,113.494,1.895)	134.99	-85.4061
18.237166061508	5	(29.0168,167.849,1.895)	80.6325	-71.9057
18.238344002282	2	(26.2742,108.096,1.895)	140.397	-87.7739
18.249164134695	6	(25.6627,173.619,1.895)	74.9041	-75.2404
18.304416990746	1	(26.5477,78.7989,1.895)	167.758	-80.6305
18.306714331009	7	(28.7712,194.17,1.895)	52.3801	-67.715
18.313647731778	4	(29.2871,138.896,1.895)	107.656	-72.8671
18.314938057924	0	(26.8051,51.215,1.895)	195.339	-78.0021
18.330686788412	8	(28.5232,220.739,1.895)	25.81	-61.8283
18.337624808447	3	(29.5428,111.492,1.895)	135.062	-85.4486
18.337166061508	5	(29.0352,165.88,1.895)	80.6714	-71.8906
18.338344002282	2	(26.2927,106.116,1.895)	140.446	-87.7833
18.349164134695	6	(25.6814,171.608,1.895)	74.985	-75.179
18.404416990746	1	(26.5663,76.7987,1.895)	167.825	-80.6187
18.406714331009	7	(28.7897,192.185,1.895)	52.4313	-67.687
18.413647731778	4	(29.3056,136.906,1.895)	107.713	-72.8827
18.414938057924	0	(26.8239,49.2062,1.895)	195.414	-77.999
18.430686788412	8	(28.5415,218.783,1.895)	25.8328	-61.8472
18.437624808447	3	(29.5616,109.48,1.895)	135.141	-85.4947
18.437166061508	5	(29.0537,163.902,1.895)	80.7163	-71.8733
18.438344002282	2	(26.3113,104.121,1.895)	140.507	-87.7945
18.449164134695	6	(25.7002,169.597,1.895)	75.0619	-75.1208
18.504416990746	1	(26.5851,74.7924,1.895)	167.9	-80.6054
18.506714331009	7	(28.8082,190.2,1.895)	52.4857	-67.6577
18.513647731778	4	(29.3243,134.902,1.895)	107.786	-72.9028
18.514938057924	0	(26.8426,47.2014,1.895)	195.488	-77.9959
18.530686788412	8	(28.5597,216.823,1.895)	25.8613	-61.8721
18.537624808447	3	(29.5804,107.471,1.895)	135.219	-85.5407
18.537166061508	5	(29.0722,161.922,1.895)	80.7646	-71.8549
18.538344002282	2	(26.3299,102.128,1.895)	140.569	-87.8055
18.549164134695	6	(25.719,167.588,1.895)	75.1403	-75.0618
18.604416990746	1	(26.6038,72.7873,1.895)	167.982	-80.5912
18.606714331009	7	(28.8268,188.211,1.895)	52.5512	-67.6233
18.613647731778	4	(29.3431,132.898,1.895)	107.867	-72.9251
18.614938057924	0	(26.8613,45.1937,1.895)	195.572	-77.9923
18.630686788412	8	(28.5781,214.86,1.895)	25.9012	-61.9093
18.637624808447	3	(29.5991,105.46,1.895)	135.305	-85.5913
18.637166061508	5	(29.0907,159.932,1.895)	80.8313	-71.8296
18.638344002282	2	(26.3486,100.132,1.895)	140.642	-87.8177
18.649164134695	6	(25.7377,165.582,1.895)	75.2224	-75.0002
18.704416990746	1	(26.6225,70.7839,1.895)	168.052	-80.5788
18.706714331009	7	(28.8455,186.212,1.895)	52.6176	-67.5894
18.713647731778	4	(29.3618,130.891,1.895)	107.941	-72.9456
18.714938057924	0	(26.8801,43.1863,1.895)	195.647	-77.9892
18.730686788412	8	(28.5965,212.89,1.895)	25.9385	-61.9466
18.737624808447	3	(29.6179,103.454,1.895)	135.379	-85.6342
18.737166061508	5	(29.1093,157.948,1.895)	80.8831	-71.8102
18.738344002282	2	(26.3672,98.1395,1.895)	140.702	-87.8273
18.749164134695	6	(25.7564,163.574,1.895)	75.2984	-74.9434
18.804416990746	1	(26.6411,68.7852,1.895)	168.11	-80.5687
18.806714331009	7	(28.864,184.223,1.895)	52.6664	-67.565
18.813647731778	4	(29.3804,128.892,1.895)	108	-72.962
18.814938057924	0	(26.8988,41.1825,1.895)	195.71	-77.9866
18.830686788412	8	(28.6149,210.91,1.895)	25.9775	-61.9881
18.837624808447	3	(29.6366,101.445,1.895)	135.447	-85.6739
18.837166061508	5	(29.1278,155.957,1.895)	80.9331	-71.7915
18.838344002282	2	(26.3857,96.1508,1.895)	140.75	-87.8347
18.849164134695	6	(25.7751,161.569,1.895)	75.3623	-74.8958
18.904416990746	1	(26.6597,66.7926,1.895)	168.15	-80.5619
18.906714331009	7	(28.8827,182.222,1.895)	52.7136	-67.5419
18.913647731778	4	(29.3991,126.891,1.895)	108.047	-72.9751
18.914938057924	0	(26.9175,39.1792,1.895)	195.76	-77.9846
18.930686788412	8	(28.6333,208.94,1.895)	25.9945	-62.007
18.937624808447	3	(29.6553,99.4391,1.895)	135.5	-85.7044
18.937166061508	5	(29.1463,153.976,1.895)	80.9612	-71.7811
18.938344002282	2	(26.4043,94.1561,1.895)	140.791	-87.8408
18.949164134695	6	(25.7939,159.559,1.895)	75.4191	-74.8537
19.004416990746	1	(26.6783,64.8006,1.895)	168.205	-80.5523
19.006714331009	7	(28.9013,180.225,1.895)	52.774	-67.5129
19.013647731778	4	(29.4178,124.889,1.895)	108.113	-72.9936
19.014938057924	0	(26.9362,37.1772,1.895)	195.825	-77.9819
19.030686788412	8	(28.6518,206.962,1.895)	26.0364	-62.0555
19.037624808447	3	(29.6741,97.4328,1.895)	135.57	-85.7448
19.037166061508	5	(29.1648,151.995,1.895)	81.0059	-71.7647
19.038344002282	2	(26.4229,92.1712,1.895)	140.84	-87.8478
19.049164134695	6	(25.8126,157.559,1.895)	75.4825	-74.8069
19.104416990746	1	(26.6969,62.8073,1.895)	168.253	-80.5441
19.106714331009	7	(28.9199,178.234,1.895)	52.8198	-67.4914
19.113647731778	4	(29.4365,122.889,1.895)	108.167	-73.0086
19.114938057924	0	(26.9549,35.1728,1.895)	195.884	-77.9795
19.130686788412	8	(28.6703,204.979,1.895)	26.0728	-62.1001
19.137624808447	3	(29.6928,95.4273,1.895)	135.63	-85.779
19.137166061508	5	(29.1833,150.011,1.895)	81.0437	-71.7509
19.138344002282	2	(26.4413,90.1924,1.895)	140.873	-87.8523
19.149164134695	6	(25.8312,155.559,1.895)	75.5365	-74.7672
19.204416990746	1	(26.7155,60.8137,1.895)	168.297	-80.5365
19.206714331009	7	(28.9386,176.235,1.895)	52.8691	-67.4688
19.213647731778	4	(29.4552,120.887,1.895)	108.22	-73.0236
19.214938057924	0	(26.9736,33.1642,1.895)	195.943	-77.977
19.230686788412	8	(28.6887,203.011,1.895)	26.0918	-62.1243
19.237624808447	3	(29.7115,93.4221,1.895)	135.686	-85.8111
19.237166061508	5	(29.2019,148.021,1.895)	81.0845	-71.736
19.238344002282	2	(26.4598,88.2091,1.895)	140.907	-87.8569
19.249164134695	6	(25.8499,153.555,1.895)	75.5919	-74.7266
19.304416990746	1	(26.7343,58.8063,1.895)	168.366	-80.5246
19.306714331009	7	(28.9572,174.241,1.895)	52.9245	-67.4439
19.313647731778	4	(29.4737,118.895,1.895)	108.273	-73.0385
19.314938057924	0	(26.9923,31.1632,1.895)	196.006	-77.9745
19.330686788412	8	(28.7071,201.034,1.895)	26.1305	-62.1752
19.337624808447	3	(29.7302,91.4172,1.895)	135.752	-85.849
19.337166061508	5	(29.2204,146.038,1.895)	81.129	-71.72
19.338344002282	2	(26.4784,86.2164,1.895)	140.961	-87.8639
19.349164134695	6	(25.8686,151.551,1.895)	75.6572	-74.679
19.404416990746	1	(26.7529,56.814,1.895)	168.408	-80.5174
19.406714331009	7	(28.9758,172.243,1.895)	52.973	-67.4226
19.413647731778	4	(29.4924,116.899,1.895)	108.319	-73.0516
19.414938057924	0	(27.011,29.1636,1.895)	196.056	-77.9725
19.430686788412	8	(28.7256,199.056,1.895)	26.1584	-62.2132
19.437624808447	3	(29.7489,89.4181,1.895)	135.801	-85.8769
19.437166061508	5	(29.2389,144.053,1.895)	81.1644	-71.7073
19.438344002282	2	(26.4972,84.2121,1.895)	141.015	-87.8706
19.449164134695	6	(25.8874,149.539,1.895)	75.719	-74.6341
19.504416990746	1	(26.7715,54.8227,1.895)	168.451	-80.5101
19.506714331009	7	(28.9945,170.248,1.895)	53.0192	-67.4027
19.513647731778	4	(29.511,114.901,1.895)	108.368	-73.0655
19.514938057924	0	(27.0297,27.155,1.895)	196.115	-77.9701
19.530686788412	8	(28.7441,197.076,1.895)	26.1896	-62.2574
19.537624808447	3	(29.7675,87.4168,1.895)	135.854	-85.9066
19.537166061508	5	(29.2574,142.073,1.895)	81.1948	-71.6964
19.538344002282	2	(26.5156,82.2308,1.895)	141.048	-87.8744
19.549164134695	6	(25.9061,147.535,1.895)	75.774	-74.5943
19.604416990746	1	(26.7902,52.8169,1.895)	168.507	-80.5005
19.606714331009	7	(29.013,168.263,1.895)	53.0545	-67.3878
19.613647731778	4	(29.5296,112.907,1.895)	108.412	-73.078
19.614938057924	0	(27.0484,25.1547,1.895)	196.166	-77.968
19.630686788412	8	(28.7625,195.105,1.895)	26.2117	-62.2894
19.637624808447	3	(29.7863,85.4111,1.895)	135.91	-85.9383
19.637166061508	5	(29.276,140.083,1.895)	81.2357	-71.6819
19.638344002282	2	(26.5342,80.246,1.895)	141.083	-87.8784
19.649164134695	6	(25.9249,145.526,1.895)	75.8331	-74.5518
19.704416990746	1	(26.8088,50.8188,1.895)	168.554	-80.4926
19.706714331009	7	(29.0316,166.266,1.895)	53.0997	-67.3691
19.713647731778	4	(29.5483,110.911,1.895)	108.457	-73.0906
19.730686788412	8	(28.7808,193.138,1.895)	26.2265	-62.3113
19.737624808447	3	(29.8049,83.4103,1.895)	135.959	-85.9659
19.737166061508	5	(29.2945,138.1,1.895)	81.2675	-71.6707
19.738344002282	2	(26.5528,78.2491,1.895)	141.128	-87.8833
19.749164134695	6	(25.9436,143.521,1.895)	75.8863	-74.5137
19.804416990746	1	(26.8276,48.8082,1.895)	168.618	-80.4817
19.806714331009	7	(29.0502,164.28,1.895)	53.1404	-67.3526
19.813647731778	4	(29.5668,108.922,1.895)	108.5	-73.1029
19.830686788412	8	(28.7993,191.156,1.895)	26.2625	-62.366
19.837624808447	3	(29.8237,81.4008,1.895)	136.023	-86.0015
19.837166061508	5	(29.313,136.121,1.895)	81.3001	-71.6593
19.838344002282	2	(26.5714,76.2592,1.895)	141.172	-87.8879
19.849164134695	6	(25.9623,141.511,1.895)	75.9504	-74.468
19.904416990746	1	(26.8464,46.7963,1.895)	168.675	-80.472
19.906714331009	7	(29.0687,162.294,1.895)	53.1711	-67.3403
19.913647731778	4	(29.5856,106.914,1.895)	108.553	-73.1181
19.930686788412	8	(28.8177,189.181,1.895)	26.2834	-62.3986
19.937624808447	3	(29.8424,79.3906,1.895)	136.078	-86.0324
19.937166061508	5	(29.3314,134.145,1.895)	81.3217	-71.6518
19.938344002282	2	(26.59,74.2619,1.895)	141.215	-87.892
19.949164134695	6	(25.9811,139.5,1.895)	76.0074	-74.4276
20.004416990746	1	(26.8651,44.7946,1.895)	168.721	-80.4643
20.006714331009	7	(29.0872,160.313,1.895)	53.1958	-67.3306
20.013647731778	4	(29.6043,104.909,1.895)	108.603	-73.1322
20.030686788412	8	(28.8361,187.213,1.895)	26.2946	-62.4164
20.037624808447	3	(29.8612,77.3852,1.895)	136.127	-86.0597
20.037166061508	5	(29.35,132.154,1.895)	81.3565	-71.6396
20.038344002282	2	(26.6087,72.2567,1.895)	141.264	-87.8966
20.049164134695	6	(25.9999,137.493,1.895)	76.0576	-74.3921
20.104416990746	1	(26.8838,42.7867,1.895)	168.782	-80.4541
20.106714331009	7	(29.1059,158.31,1.895)	53.2517	-67.309
20.113647731778	4	(29.6229,102.912,1.895)	108.652	-73.1465
20.130686788412	8	(28.8545,185.242,1.895)	26.3193	-62.456
20.137624808447	3	(29.8799,75.3752,1.895)	136.191	-86.0946
20.137166061508	5	(29.3686,130.162,1.895)	81.4014	-71.6242
20.138344002282	2	(26.6274,70.2582,1.895)	141.316	-87.901
20.149164134695	6	(26.0185,135.494,1.895)	76.1103	-74.3551
20.204416990746	1	(26.9025,40.7875,1.895)	168.834	-80.4454
20.206714331009	7	(29.1245,156.316,1.895)	53.2982	-67.2915
20.213647731778	4	(29.6416,100.915,1.895)	108.702	-73.1606
20.230686788412	8	(28.873,183.255,1.895)	26.358	-62.5199
20.237624808447	3	(29.8987,73.3685,1.895)	136.25	-86.1271
20.237166061508	5	(29.3872,128.173,1.895)	81.443	-71.6099
20.238344002282	2	(26.6461,68.2536,1.895)	141.373	-87.9056
20.249164134695	6	(26.0373,133.486,1.895)	76.1704	-74.3131
20.304416990746	1	(26.9212,38.7792,1.895)	168.879	-80.4378
20.306714331009	7	(29.1431,154.321,1.895)	53.3305	-67.2796
20.313647731778	4	(29.6602,98.9217,1.895)	108.733	-73.1695
20.330686788412	8	(28.8915,181.277,1.895)	26.3734	-62.546
20.337624808447	3	(29.9174,71.3585,1.895)	136.297	-86.1531
20.337166061508	5	(29.4057,126.185,1.895)	81.4681	-71.6013
20.338344002282	2	(26.6647,66.266,1.895)	141.398	-87.9074
20.349164134695	6	(26.056,131.477,1.895)	76.2163	-74.2812
20.404416990746	1	(26.9399,36.773,1.895)	168.934	-80.4286
20.406714331009	7	(29.1617,152.325,1.895)	53.3757	-67.2632
20.413647731778	4	(29.6789,96.9183,1.895)	108.785	-73.1845
20.430686788412	8	(28.9099,179.302,1.895)	26.3975	-62.5873
20.437624808447	3	(29.9361,69.3546,1.895)	136.35	-86.1817
20.437166061508	5	(29.4242,124.198,1.895)	81.5037	-71.5892
20.438344002282	2	(26.6834,64.2596,1.895)	141.453	-87.9113
20.449164134695	6	(26.0747,129.47,1.895)	76.2721	-74.2426
20.504416990746	1	(26.9587,34.7644,1.895)	168.987	-80.4199
20.506714331009	7	(29.1803,150.333,1.895)	53.4119	-67.2504
20.513647731778	4	(29.6975,94.9183,1.895)	108.829	-73.1973
20.530686788412	8	(28.9285,177.315,1.895)	26.4284	-62.6414
20.537624808447	3	(29.9548,67.3506,1.895)	136.398	-86.2079
20.537166061508	5	(29.4429,122.2,1.895)	81.5463	-71.5749
20.538344002282	2	(26.702,62.2653,1.895)	141.491	-87.9138
20.549164134695	6	(26.0934,127.466,1.895)	76.3205	-74.2092
20.604416990746	1	(26.9774,32.7636,1.895)	169.02	-80.4144
20.606714331009	7	(29.199,148.334,1.895)	53.4429	-67.2396
20.613647731778	4	(29.7162,92.9149,1.895)	108.864	-73.2074
20.630686788412	8	(28.9469,175.338,1.895)	26.4378	-62.6581
20.637624808447	3	(29.9736,65.3425,1.895)	136.438	-86.2295
20.637166061508	5	(29.4615,120.211,1.895)	81.5671	-71.5679
20.638344002282	2	(26.7207,60.2626,1.895)	141.526	-87.9159
20.649164134695	6	(26.1121,125.466,1.895)	76.3528	-74.1871
20.704416990746	1	(26.9961,30.759,1.895)	169.074	-80.4054
20.706714331009	7	(29.2176,146.339,1.895)	53.4878	-67.2243
20.713647731778	4	(29.7349,90.9094,1.895)	108.92	-73.2235
20.730686788412	8	(28.9655,173.351,1.895)	26.4747	-62.7247
20.737624808447	3	(29.9922,63.3411,1.895)	136.489	-86.2572
20.737166061508	5	(29.48,118.224,1.895)	81.6039	-71.5556
20.738344002282	2	(26.7393,58.2678,1.895)	141.571	-87.9184
20.749164134695	6	(26.1308,123.461,1.895)	76.4073	-74.1498
20.804416990746	1	(27.0148,28.7559,1.895)	169.119	-80.3979
20.806714331009	7	(29.2362,144.344,1.895)	53.5246	-67.212
20.813647731778	4	(29.7536,88.9132,1.895)	108.958	-73.2346
20.830686788412	8	(28.984,171.372,1.895)	26.4956	-62.7633
20.837624808447	3	(30.0109,61.3411,1.895)	136.531	-86.2797
20.837166061508	5	(29.4986,116.227,1.895)	81.6434	-71.5425
20.838344002282	2	(26.758,56.2689,1.895)	141.612	-87.9204
20.849164134695	6	(26.1496,121.452,1.895)	76.4583	-74.1152
20.904416990746	1	(27.0335,26.7479,1.895)	169.176	-80.3886
20.906714331009	7	(29.2549,142.34,1.895)	53.5769	-67.1949
20.913647731778	4	(29.7722,86.9121,1.895)	109.008	-73.249
20.930686788412	8	(29.0025,169.391,1.895)	26.5253	-62.8188
20.937624808447	3	(30.0297,59.3298,1.895)	136.591	-86.3116
20.937166061508	5	(29.5172,114.237,1.895)	81.6818	-71.5298
20.938344002282	2	(26.7766,54.2706,1.895)	141.658	-87.9226
20.949164134695	6	(26.1683,119.447,1.895)	76.5114	-74.0792
21.006714331009	7	(29.2735,140.349,1.895)	53.6118	-67.1839
21.013647731778	4	(29.7909,84.9112,1.895)	109.052	-73.2619
21.030686788412	8	(29.021,167.4,1.895)	26.5593	-62.8836
21.037624808447	3	(30.0484,57.328,1.895)	136.636	-86.3357
21.037166061508	5	(29.5358,112.241,1.895)	81.7208	-71.5171
21.038344002282	2	(26.7953,52.271,1.895)	141.701	-87.9243
21.049164134695	6	(26.187,117.445,1.895)	76.5576	-74.0482
21.106714331009	7	(29.2922,138.351,1.895)	53.639	-67.1754
21.113647731778	4	(29.8095,82.9173,1.895)	109.075	-73.2685
21.130686788412	8	(29.0395,165.426,1.895)	26.5628	-62.8904
21.137624808447	3	(30.0671,55.3182,1.895)	136.675	-86.3559
21.137166061508	5	(29.5544,110.249,1.895)	81.7415	-71.5104
21.138344002282	2	(26.8141,50.2595,1.895)	141.741	-87.9257
21.149164134695	6	(26.2057,115.442,1.895)	76.5891	-74.0271
21.206714331009	7	(29.3108,136.351,1.895)	53.681	-67.1625
21.213647731778	4	(29.8283,80.9105,1.895)	109.124	-73.2831
21.230686788412	8	(29.058,163.442,1.895)	26.5897	-62.9427
21.237624808447	3	(30.0858,53.3126,1.895)	136.723	-86.3815
21.237166061508	5	(29.573,108.264,1.895)	81.7695	-71.5012
21.238344002282	2	(26.8328,48.2497,1.895)	141.794	-87.9272
21.249164134695	6	(26.2244,113.434,1.895)	76.6393	-73.9936
21.306714331009	7	(29.3294,134.361,1.895)	53.7109	-67.1536
21.313647731778	4	(29.847,78.9049,1.895)	109.169	-73.2962
21.330686788412	8	(29.0765,161.452,1.895)	26.6187	-62.9999
21.337624808447	3	(30.1045,51.3089,1.895)	136.767	-86.4041
21.337166061508	5	(29.5916,106.264,1.895)	81.8087	-71.4886
21.338344002282	2	(26.8515,46.2429,1.895)	141.84	-87.9283
21.349164134695	6	(26.2431,111.431,1.895)	76.6825	-73.9649
21.406714331009	7	(29.3481,132.352,1.895)	53.7464	-67.1432
21.413647731778	4	(29.8656,76.9085,1.895)	109.193	-73.303
21.430686788412	8	(29.095,159.475,1.895)	26.623	-63.0085
21.437624808447	3	(30.1233,49.3035,1.895)	136.799	-86.4209
21.437166061508	5	(29.6103,104.265,1.895)	81.8354	-71.48
21.438344002282	2	(26.8702,44.2415,1.895)	141.869	-87.9289
21.449164134695	6	(26.2618,109.425,1.895)	76.7146	-73.9437
21.506714331009	7	(29.3669,130.344,1.895)	53.7956	-67.1291
21.513647731778	4	(29.8842,74.9136,1.895)	109.228	-73.3136
21.530686788412	8	(29.1135,157.487,1.895)	26.6511	-63.0649
21.537624808447	3	(30.142,47.2933,1.895)	136.85	-86.4474
21.537166061508	5	(29.6288,102.28,1.895)	81.8605	-71.472
21.538344002282	2	(26.8889,42.2419,1.895)	141.909	-87.9295
21.549164134695	6	(26.2806,107.419,1.895)	76.7618	-73.9127
21.606714331009	7	(29.3855,128.348,1.895)	53.8218	-67.1217
21.613647731778	4	(29.9029,72.9095,1.895)	109.263	-73.3238
21.630686788412	8	(29.1321,155.496,1.895)	26.6734	-63.1102
21.637624808447	3	(30.1608,45.2858,1.895)	136.888	-86.4672
21.637166061508	5	(29.6473,100.296,1.895)	81.8756	-71.4672
21.638344002282	2	(26.9076,40.2407,1.895)	141.941	-87.9299
21.649164134695	6	(26.2993,105.41,1.895)	76.8009	-73.887
21.706714331009	7	(29.4041,126.361,1.895)	53.8367	-67.1176
21.713647731778	4	(29.9216,70.9121,1.895)	109.288	-73.3312
21.730686788412	8	(29.1506,153.515,1.895)	26.6822	-63.1282
21.737624808447	3	(30.1794,43.2848,1.895)	136.917	-86.4819
21.737166061508	5	(29.6659,98.3019,1.895)	81.8974	-71.4603
21.738344002282	2	(26.9263,38.2353,1.895)	141.974	-87.9301
21.749164134695	6	(26.318,103.406,1.895)	76.8327	-73.8663
21.806714331009	7	(29.4227,124.363,1.895)	53.8702	-67.1085
21.813647731778	4	(29.9403,68.9109,1.895)	109.324	-73.3418
21.830686788412	8	(29.1691,151.538,1.895)	26.6934	-63.1511
21.837624808447	3	(30.1982,41.273,1.895)	136.963	-86.5058
21.837166061508	5	(29.6845,96.3153,1.895)	81.9187	-71.4535
21.838344002282	2	(26.945,36.2259,1.895)	142.018	-87.9302
21.849164134695	6	(26.3367,101.406,1.895)	76.8681	-73.8432
21.906714331009	7	(29.4413,122.372,1.895)	53.8972	-67.1014
21.913647731778	4	(29.959,66.9077,1.895)	109.364	-73.3534
21.930686788412	8	(29.1876,149.555,1.895)	26.713	-63.1916
21.937624808447	3	(30.2169,39.2722,1.895)	137	-86.5245
21.937166061508	5	(29.703,94.3267,1.895)	81.9433	-71.4458
21.938344002282	2	(26.9638,34.2148,1.895)	142.065	-87.9301
21.949164134695	6	(26.3554,99.4,1.895)	76.9098	-73.8162
22.006714331009	7	(29.4599,120.383,1.895)	53.9222	-67.0948
22.013647731778	4	(29.9775,64.9174,1.895)	109.39	-73.3613
22.030686788412	8	(29.2061,147.576,1.895)	26.7283	-63.2235
22.037624808447	3	(30.2357,37.2604,1.895)	137.048	-86.549
22.037166061508	5	(29.7216,92.3384,1.895)	81.9681	-71.438
22.038344002282	2	(26.9826,32.2029,1.895)	142.114	-87.9297
22.049164134695	6	(26.3742,97.3901,1.895)	76.9562	-73.7863
22.106714331009	7	(29.4785,118.39,1.895)	53.9532	-67.0869
22.113647731778	4	(29.9962,62.9137,1.895)	109.432	-73.3736
22.130686788412	8	(29.2245,145.598,1.895)	26.7438	-63.2558
22.137624808447	3	(30.2544,35.2546,1.895)	137.092	-86.5711
22.137166061508	5	(29.7401,90.3548,1.895)	81.9896	-71.4313
22.138344002282	2	(27.0013,30.203,1.895)	142.151	-87.9292
22.149164134695	6	(26.3929,95.3837,1.895)	77.0004	-73.758
22.206714331009	7	(29.497,116.404,1.895)	53.9809	-67.0799
22.213647731778	4	(30.0149,60.9138,1.895)	109.474	-73.386
22.230686788412	8	(29.243,143.613,1.895)	26.7711	-63.3134
22.237624808447	3	(30.2731,33.2511,1.895)	137.138	-86.594
22.237166061508	5	(29.7588,88.3537,1.895)	82.0328	-71.4178
22.238344002282	2	(27.02,28.1975,1.895)	142.199	-87.9284
22.249164134695	6	(26.4116,93.3794,1.895)	77.0469	-73.7283
22.306714331009	7	(29.5158,114.394,1.895)	54.0298	-67.0679
22.313647731778	4	(30.0335,58.92,1.895)	109.506	-73.3957
22.330686788412	8	(29.2615,141.637,1.895)	26.7862	-63.3455
22.337624808447	3	(30.2918,31.2445,1.895)	137.183	-86.6166
22.337166061508	5	(29.7774,86.3591,1.895)	82.0662	-71.4075
22.338344002282	2	(27.0387,26.1864,1.895)	142.249	-87.9272
22.349164134695	6	(26.4304,91.3681,1.895)	77.0968	-73.6967
22.406714331009	7	(29.5344,112.394,1.895)	54.0639	-67.0598
22.413647731778	4	(30.0522,56.914,1.895)	109.546	-73.4076
22.430686788412	8	(29.2801,139.644,1.895)	26.8129	-63.4025
22.437624808447	3	(30.3106,29.234,1.895)	137.228	-86.6387
22.437166061508	5	(29.7959,84.3776,1.895)	82.0817	-71.4028
22.449164134695	6	(26.4491,89.3644,1.895)	77.1346	-73.6729
22.506714331009	7	(29.553,110.403,1.895)	54.0742	-67.0574
22.513647731778	4	(30.071,54.9028,1.895)	109.577	-73.4168
22.530686788412	8	(29.2986,137.657,1.895)	26.8194	-63.4166
22.537624808447	3	(30.3293,27.2297,1.895)	137.252	-86.6505
22.537166061508	5	(29.8145,82.3852,1.895)	82.0937	-71.3991
22.549164134695	6	(26.4678,87.3611,1.895)	77.1574	-73.6585
22.606714331009	7	(29.5717,108.401,1.895)	54.101	-67.0512
22.613647731778	4	(30.0897,52.899,1.895)	109.606	-73.4252
22.630686788412	8	(29.3171,135.674,1.895)	26.8269	-63.4326
22.637624808447	3	(30.348,25.2269,1.895)	137.279	-86.6639
22.637166061508	5	(29.8332,80.3851,1.895)	82.1183	-71.3916
22.649164134695	6	(26.4865,85.3516,1.895)	77.1912	-73.6373
22.706714331009	7	(29.5904,106.396,1.895)	54.1431	-67.0418
22.713647731778	4	(30.1083,50.9032,1.895)	109.638	-73.4349
22.730686788412	8	(29.3358,133.677,1.895)	26.8606	-63.5055
22.737166061508	5	(29.8517,78.3947,1.895)	82.1455	-71.3833
22.749164134695	6	(26.5052,83.3497,1.895)	77.23	-73.6131
22.806714331009	7	(29.609,104.401,1.895)	54.1525	-67.0397
22.813647731778	4	(30.127,48.8976,1.895)	109.659	-73.441
22.830686788412	8	(29.3544,131.683,1.895)	26.8691	-63.524
22.837166061508	5	(29.8703,76.4054,1.895)	82.1495	-71.382
22.849164134695	6	(26.524,81.3389,1.895)	77.2555	-73.5972
22.906714331009	7	(29.6276,102.405,1.895)	54.1682	-67.0362
22.913647731778	4	(30.1457,46.894,1.895)	109.682	-73.448
22.930686788412	8	(29.373,129.693,1.895)	26.8796	-63.547
22.937166061508	5	(29.889,74.4009,1.895)	82.1739	-71.3747
22.949164134695	6	(26.5427,79.3271,1.895)	77.2871	-73.5776
23.006714331009	7	(29.6464,100.398,1.895)	54.2004	-67.0294
23.013647731778	4	(30.1645,44.8877,1.895)	109.713	-73.4575
23.030686788412	8	(29.3915,127.702,1.895)	26.8956	-63.5819
23.037166061508	5	(29.9076,72.4105,1.895)	82.1895	-71.3699
23.049164134695	6	(26.5615,77.323,1.895)	77.3164	-73.5595
23.106714331009	7	(29.665,98.402,1.895)	54.2257	-67.0241
23.113647731778	4	(30.1831,42.8885,1.895)	109.742	-73.4659
23.130686788412	8	(29.4101,125.71,1.895)	26.9168	-63.6286
23.137166061508	5	(29.9263,70.4103,1.895)	82.2186	-71.3612
23.149164134695	6	(26.5802,75.3194,1.895)	77.3489	-73.5396
23.206714331009	7	(29.6837,96.4043,1.895)	54.245	-67.0201
23.213647731778	4	(30.2018,40.8838,1.895)	109.768	-73.4738
23.230686788412	8	(29.4287,123.725,1.895)	26.9232	-63.6426
23.237166061508	5	(29.9448,68.4225,1.895)	82.2279	-71.3584
23.249164134695	6	(26.5989,73.3105,1.895)	77.3794	-73.5209
23.306714331009	7	(29.7022,94.4172,1.895)	54.2558	-67.0179
23.313647731778	4	(30.2206,38.875,1.895)	109.8	-73.4836
23.330686788412	8	(29.4472,121.737,1.895)	26.9351	-63.6688
23.337166061508	5	(29.9635,66.4236,1.895)	82.2506	-71.3516
23.349164134695	6	(26.6176,71.3112,1.895)	77.4024	-73.5068
23.406714331009	7	(29.7209,92.4162,1.895)	54.2819	-67.0127
23.413647731778	4	(30.2393,36.8754,1.895)	109.825	-73.491
23.430686788412	8	(29.4658,119.751,1.895)	26.9455	-63.6916
23.437166061508	5	(29.9822,64.4156,1.895)	82.2837	-71.3418
23.449164134695	6	(26.6362,69.3103,1.895)	77.4283	-73.491
23.506714331009	7	(29.7396,90.405,1.895)	54.3221	-67.0048
23.513647731778	4	(30.2579,34.8764,1.895)	109.853	-73.4994
23.530686788412	8	(29.4843,117.764,1.895)	26.9623	-63.7288
23.537166061508	5	(30.0008,62.4275,1.895)	82.3008	-71.3367
23.549164134695	6	(26.6549,67.3069,1.895)	77.4608	-73.4713
23.606714331009	7	(29.7582,88.4133,1.895)	54.3361	-67.0022
23.613647731778	4	(30.2767,32.8649,1.895)	109.887	-73.5096
23.630686788412	8	(29.503,115.757,1.895)	26.9911	-63.7925
23.637166061508	5	(30.0193,60.438,1.895)	82.3126	-71.3332
23.649164134695	6	(26.6737,65.2983,1.895)	77.4916	-73.4527
23.706714331009	7	(29.7768,86.4258,1.895)	54.3392	-67.0016
23.713647731778	4	(30.2954,30.8611,1.895)	109.906	-73.5155
23.730686788412	8	(29.5216,113.768,1.895)	26.9957	-63.8027
23.737166061508	5	(30.0381,58.4315,1.895)	82.3347	-71.3267
23.749164134695	6	(26.6924,63.2948,1.895)	77.5107	-73.4412
23.806714331009	7	(29.7955,84.423,1.895)	54.3704	-66.9958
23.813647731778	4	(30.3141,28.855,1.895)	109.941	-73.5259
23.830686788412	8	(29.5401,111.786,1.895)	27.0063	-63.8264
23.837166061508	5	(30.0567,56.4379,1.895)	82.3567	-71.3202
23.849164134695	6	(26.7111,61.2857,1.895)	77.5482	-73.4187
23.906714331009	7	(29.8141,82.4261,1.895)	54.3929	-66.9917
23.913647731778	4	(30.3328,26.8495,1.895)	109.972	-73.5353
23.930686788412	8	(29.5587,109.789,1.895)	27.0288	-63.8763
23.937166061508	5	(30.0753,54.4376,1.895)	82.3826	-71.3127
23.949164134695	6	(26.7299,59.2786,1.895)	77.5809	-73.3991
24.006714331009	7	(29.8329,80.4187,1.895)	54.4212	-66.9867
24.030686788412	8	(29.5773,107.8,1.895)	27.0385	-63.898
24.037166061508	5	(30.094,52.4411,1.895)	82.4	-71.3076
24.049164134695	6	(26.7486,57.2676,1.895)	77.6127	-73.3801
24.106714331009	7	(29.8515,78.4171,1.895)	54.4483	-66.982
24.130686788412	8	(29.5959,105.802,1.895)	27.0621	-63.9503
24.137166061508	5	(30.1127,50.4354,1.895)	82.4313	-71.2985
24.149164134695	6	(26.7673,55.2672,1.895)	77.6386	-73.3647
24.206714331009	7	(29.8702,76.412,1.895)	54.4685	-66.9786
24.230686788412	8	(29.6145,103.814,1.895)	27.065	-63.9569
24.237166061508	5	(30.1314,48.4326,1.895)	82.4492	-71.2934
24.249164134695	6	(26.7861,53.2554,1.895)	77.6655	-73.3488
24.306714331009	7	(29.889,74.4047,1.895)	54.5035	-66.9729
24.330686788412	8	(29.6332,101.813,1.895)	27.0941	-64.0215
24.337166061508	5	(30.1501,46.4241,1.895)	82.4854	-71.283
24.349164134695	6	(26.8048,51.2489,1.895)	77.6996	-73.3287
24.406714331009	7	(29.9078,72.3931,1.895)	54.5253	-66.9694
24.430686788412	8	(29.6518,99.8203,1.895)	27.0969	-64.0277
24.437166061508	5	(30.1688,44.4234,1.895)	82.4963	-71.2798
24.449164134695	6	(26.8235,49.2422,1.895)	77.7165	-73.3188
24.506714331009	7	(29.9265,70.3895,1.895)	54.5475	-66.9659
24.530686788412	8	(29.6704,97.8248,1.895)	27.1111	-64.059
24.537166061508	5	(30.1875,42.418,1.895)	82.5203	-71.273
24.549164134695	6	(26.8423,47.2317,1.895)	77.7456	-73.3017
24.606714331009	7	(29.9452,68.3863,1.895)	54.5681	-66.9628
24.630686788412	8	(29.6891,95.825,1.895)	27.1282	-64.0971
24.637166061508	5	(30.2063,40.409,1.895)	82.5467	-71.2655
24.649164134695	6	(26.8611,45.2199,1.895)	77.7748	-73.2847
24.706714331009	7	(29.9638,66.3844,1.895)	54.5899	-66.9596
24.730686788412	8	(29.7077,93.8254,1.895)	27.1476	-64.14
24.737166061508	5	(30.225,38.4071,1.895)	82.5684	-71.2594
24.749164134695	6	(26.8799,43.2091,1.895)	77.8054	-73.2669
24.806714331009	7	(29.9826,64.3792,1.895)	54.6123	-66.9563
24.830686788412	8	(29.7264,91.8273,1.895)	27.163	-64.1739
24.837166061508	5	(30.2436,36.4059,1.895)	82.5868	-71.2541
24.849164134695	6	(26.8985,41.2071,1.895)	77.8247	-73.2557
24.906714331009	7	(30.0013,62.3719,1.895)	54.6318	-66.9535
24.930686788412	8	(29.745,89.8341,1.895)	27.1685	-64.1859
24.937166061508	5	(30.2624,34.3964,1.895)	82.6085	-71.2481
24.949164134695	6	(26.9173,39.1989,1.895)	77.845	-73.2439
25.006714331009	7	(30.02,60.3628,1.895)	54.6529	-66.9506
25.030686788412	8	(29.7636,87.8379,1.895)	27.1766	-64.2039
25.037166061508	5	(30.2811,32.3924,1.895)	82.6245	-71.2436
25.049164134695	6	(26.936,37.1921,1.895)	77.8638	-73.2331
25.106714331009	7	(30.0388,58.3544,1.895)	54.6827	-66.9466
25.130686788412	8	(29.7823,85.8358,1.895)	27.2	-64.2551
25.137166061508	5	(30.2998,30.3856,1.895)	82.6526	-71.2357
25.149164134695	6	(26.9547,35.1888,1.895)	77.8884	-73.2189
25.206714331009	7	(30.0576,56.3433,1.895)	54.6996	-66.9444
25.230686788412	8	(29.801,83.8369,1.895)	27.2049	-64.2658
25.237166061508	5	(30.3186,28.3776,1.895)	82.6665	-71.2319
25.249164134695	6	(26.9734,33.1824,1.895)	77.9007	-73.2119
25.306714331009	7	(30.0763,54.3358,1.895)	54.7189	-66.9419
25.330686788412	8	(29.8197,81.8295,1.895)	27.224	-64.3076
25.337166061508	5	(30.3373,26.3659,1.895)	82.6901	-71.2254
25.349164134695	6	(26.9921,31.179,1.895)	77.9159	-73.2032
25.406714331009	7	(30.095,52.3291,1.895)	54.729	-66.9406
25.430686788412	8	(29.8383,79.8348,1.895)	27.2221	-64.3034
25.449164134695	6	(27.0109,29.1738,1.895)	77.9244	-73.1983
25.506714331009	7	(30.1137,50.3244,1.895)	54.756	-66.9373
25.530686788412	8	(29.857,77.833,1.895)	27.2462	-64.3558
25.549164134695	6	(27.0296,27.1647,1.895)	77.9559	-73.1804
25.606714331009	7	(30.1324,48.3233,1.895)	54.7695	-66.9357
25.630686788412	8	(29.8756,75.8415,1.895)	27.2501	-64.3642
25.649164134695	6	(27.0483,25.1657,1.895)	77.9672	-73.1739
25.706714331009	7	(30.1511,46.3233,1.895)	54.7816	-66.9343
25.730686788412	8	(29.8942,73.8474,1.895)	27.2563	-64.3775
25.806714331009	7	(30.1698,44.3123,1.895)	54.8082	-66.9312
25.830686788412	8	(29.9128,71.8566,1.895)	27.2627	-64.3913
25.906714331009	7	(30.1886,42.3042,1.895)	54.8393	-66.9278
25.930686788412	8	(29.9315,69.8513,1.895)	27.291	-64.4519
26.006714331009	7	(30.2073,40.3045,1.895)	54.845	-66.9272
26.030686788412	8	(29.9502,67.8483,1.895)	27.3	-64.4709
26.106714331009	7	(30.2259,38.3028,1.895)	54.8542	-66.9262
26.130686788412	8	(29.9688,65.8547,1.895)	27.3011	-64.4732
26.206714331009	7	(30.2446,36.3025,1.895)	54.8692	-66.9247
26.230686788412	8	(29.9874,63.8558,1.895)	27.3147	-64.5021
26.306714331009	7	(30.2634,34.2918,1.895)	54.8856	-66.923
26.330686788412	8	(30.006,61.866,1.895)	27.3103	-64.4927
26.406714331009	7	(30.2821,32.2832,1.895)	54.9097	-66.9206
26.430686788412	8	(30.0247,59.8593,1.895)	27.3323	-64.5391
26.506714331009	7	(30.3008,30.2764,1.895)	54.9238	-66.9193
26.530686788412	8	(30.0434,57.8551,1.895)	27.3439	-64.5631
26.606714331009	7	(30.3196,28.2715,1.895)	54.931	-66.9186
26.630686788412	8	(30.0621,55.8523,1.895)	27.3491	-64.574
26.706714331009	7	(30.3383,26.266,1.895)	54.9482	-66.9171
26.730686788412	8	(30.0808,53.8556,1.895)	27.3574	-64.5913
26.830686788412	8	(30.0994,51.8624,1.895)	27.3573	-64.5909
26.930686788412	8	(30.1182,49.851,1.895)	27.3881	-64.6542
27.030686788412	8	(30.1369,47.8404,1.895)	27.3953	-64.6689
27.130686788412	8	(30.1557,45.8314,1.895)	27.4026	-64.6837
27.230686788412	8	(30.1744,43.8241,1.895)	27.4119	-64.7022
27.330686788412	8	(30.1932,41.814,1.895)	27.4245	-64.7275
27.430686788412	8	(30.2118,39.8122,1.895)	27.4205	-64.7194
27.530686788412	8	(30.2306,37.8051,1.895)	27.439	-64.7562
27.630686788412	8	(30.2494,35.794,1.895)	27.4579	-64.7932
27.730686788412	8	(30.268,33.7914,1.895)	27.4627	-64.8025
27.830686788412	8	(30.2868,31.784,1.895)	27.4725	-64.8213
27.930686788412	8	(30.3055,29.7784,1.895)	27.4795	-64.8347
28.030686788412	8	(30.3242,27.7757,1.895)	27.4825	-64.8405
28.130686788412	8	(30.3429,25.7708,1.895)	27.4927	-64.8599
