1.119172076066	1	(26.6976,416.34,1.895)	20.0333	-60.8748
1.219172076066	1	(26.7149,414.484,1.895)	20.183	-60.9395
1.319172076066	1	(26.7323,412.619,1.895)	20.3183	-60.9976
1.419172076066	1	(26.7497,410.759,1.895)	20.458	-61.0571
1.519172076066	1	(26.767,408.9,1.895)	20.606	-61.1197
1.619172076066	1	(26.7844,407.036,1.895)	20.7436	-61.1775
1.719172076066	1	(26.8019,405.169,1.895)	20.8822	-61.2353
1.819172076066	1	(26.8193,403.296,1.895)	21.0134	-61.2897
1.919172076066	1	(26.8368,401.426,1.895)	21.1437	-61.3434
2.019172076066	1	(26.8543,399.552,1.895)	21.28	-61.3992
2.104964017577	2	(23.3976,416.3,1.895)	40.2068	-66.9258
2.119172076066	1	(26.8719,397.669,1.895)	21.4079	-61.4513
2.204964017577	2	(23.4163,414.293,1.895)	40.2009	-66.9245
2.219172076066	1	(26.8894,395.788,1.895)	21.5279	-61.4998
2.304964017577	2	(23.435,412.291,1.895)	40.2092	-66.9263
2.319172076066	1	(26.9069,393.911,1.895)	21.6617	-61.5536
2.404964017577	2	(23.4537,410.291,1.895)	40.2078	-66.926
2.419172076066	1	(26.9246,392.019,1.895)	21.7692	-61.5966
2.504964017577	2	(23.4724,408.289,1.895)	40.2078	-66.926
2.519172076066	1	(26.9422,390.135,1.895)	21.886	-61.6431
2.604964017577	2	(23.4911,406.284,1.895)	40.2045	-66.9253
2.619172076066	1	(26.9598,388.249,1.895)	22.0017	-61.6889
2.704964017577	2	(23.5098,404.274,1.895)	40.1968	-66.9236
2.719172076066	1	(26.9774,386.359,1.895)	22.1152	-61.7336
2.804964017577	2	(23.5286,402.269,1.895)	40.2025	-66.9249
2.819172076066	1	(26.9951,384.466,1.895)	22.232	-61.7794
2.904964017577	2	(23.5472,400.27,1.895)	40.205	-66.9254
2.919172076066	1	(27.0128,382.564,1.895)	22.3321	-61.8184
3.004964017577	2	(23.566,398.259,1.895)	40.201	-66.9245
3.019172076066	1	(27.0306,380.666,1.895)	22.4408	-61.8606
3.104964017577	2	(23.5847,396.251,1.895)	40.2021	-66.9248
3.119172076066	1	(27.0483,378.767,1.895)	22.5506	-61.9029
3.125066219154	3	(26.6976,416.34,1.895)	60.1258	-70.421
3.204964017577	2	(23.6035,394.245,1.895)	40.2052	-66.9254
3.219172076066	1	(27.0661,376.859,1.895)	22.6526	-61.9422
3.225066219154	3	(26.7164,414.33,1.895)	60.1247	-70.4208
3.304964017577	2	(23.6222,392.233,1.895)	40.2013	-66.9246
3.319172076066	1	(27.0839,374.951,1.895)	22.7523	-61.9803
3.325066219154	3	(26.7351,412.32,1.895)	60.1224	-70.4205
3.404964017577	2	(23.6409,390.229,1.895)	40.2064	-66.9257
3.419172076066	1	(27.1017,373.043,1.895)	22.8525	-62.0185
3.425066219154	3	(26.7539,410.313,1.895)	60.1246	-70.4208
3.504964017577	2	(23.6596,388.23,1.895)	40.207	-66.9258
3.519172076066	1	(27.1195,371.132,1.895)	22.9417	-62.0523
3.525066219154	3	(26.7726,408.307,1.895)	60.1187	-70.42
3.604964017577	2	(23.6783,386.222,1.895)	40.2038	-66.9251
3.619172076066	1	(27.1374,369.223,1.895)	23.0372	-62.0884
3.625066219154	3	(26.7912,406.307,1.895)	60.1224	-70.4205
3.704964017577	2	(23.697,384.22,1.895)	40.2116	-66.9268
3.719172076066	1	(27.1553,367.305,1.895)	23.1295	-62.1231
3.725066219154	3	(26.8099,404.307,1.895)	60.1338	-70.4222
3.804964017577	2	(23.7157,382.216,1.895)	40.2118	-66.9269
3.819172076066	1	(27.1732,365.387,1.895)	23.2151	-62.1552
3.825066219154	3	(26.8287,402.298,1.895)	60.1275	-70.4213
3.904964017577	2	(23.7345,380.207,1.895)	40.2099	-66.9265
3.919172076066	1	(27.1911,363.466,1.895)	23.302	-62.1876
3.925066219154	3	(26.8473,400.295,1.895)	60.1326	-70.422
4.004964017577	2	(23.7532,378.199,1.895)	40.2062	-66.9257
4.019172076066	1	(27.209,361.544,1.895)	23.3837	-62.2181
4.025066219154	3	(26.8661,398.288,1.895)	60.1289	-70.4215
4.104964017577	2	(23.7719,376.195,1.895)	40.2131	-66.9271
4.119172076066	1	(27.2269,359.624,1.895)	23.475	-62.2519
4.125066219154	3	(26.8848,396.284,1.895)	60.1367	-70.4226
4.141651904734	4	(26.6976,416.34,1.895)	80.1937	-72.9226
4.204964017577	2	(23.7906,374.195,1.895)	40.2243	-66.9296
4.219172076066	1	(27.2449,357.699,1.895)	23.5602	-62.2834
4.225066219154	3	(26.9035,394.275,1.895)	60.138	-70.4228
4.241651904734	4	(26.7149,414.487,1.895)	80.3515	-72.9397
4.304964017577	2	(23.8093,372.186,1.895)	40.2135	-66.9272
4.319172076066	1	(27.2629,355.772,1.895)	23.6329	-62.3101
4.325066219154	3	(26.9222,392.27,1.895)	60.1327	-70.422
4.341651904734	4	(26.7323,412.622,1.895)	80.4849	-72.9541
4.404964017577	2	(23.8281,370.179,1.895)	40.2129	-66.9271
4.419172076066	1	(27.2808,353.852,1.895)	23.7186	-62.3416
4.425066219154	3	(26.941,390.262,1.895)	60.1298	-70.4216
4.441651904734	4	(26.7497,410.762,1.895)	80.6315	-72.9699
4.504964017577	2	(23.8468,368.169,1.895)	40.2106	-66.9266
4.519172076066	1	(27.2989,351.92,1.895)	23.7937	-62.369
4.525066219154	3	(26.9597,388.258,1.895)	60.1342	-70.4222
4.541651904734	4	(26.7671,408.897,1.895)	80.7734	-72.9852
4.604964017577	2	(23.8656,366.162,1.895)	40.213	-66.9271
4.619172076066	1	(27.3168,349.993,1.895)	23.8773	-62.3995
4.625066219154	3	(26.9784,386.249,1.895)	60.1349	-70.4223
4.641651904734	4	(26.7844,407.037,1.895)	80.9239	-73.0013
4.704964017577	2	(23.8843,364.154,1.895)	40.2093	-66.9263
4.719172076066	1	(27.3348,348.063,1.895)	23.9509	-62.4262
4.725066219154	3	(26.9972,384.237,1.895)	60.1265	-70.4211
4.741651904734	4	(26.802,405.158,1.895)	81.0482	-73.0147
4.804964017577	2	(23.903,362.151,1.895)	40.2065	-66.9257
4.819172076066	1	(27.3528,346.136,1.895)	24.0246	-62.4529
4.825066219154	3	(27.016,382.227,1.895)	60.1168	-70.4197
4.841651904734	4	(26.8194,403.286,1.895)	81.177	-73.0284
4.904964017577	2	(23.9217,360.151,1.895)	40.2079	-66.926
4.919172076066	1	(27.3708,344.206,1.895)	24.0955	-62.4785
4.925066219154	3	(27.0347,380.221,1.895)	60.1121	-70.419
4.941651904734	4	(26.8369,401.412,1.895)	81.3035	-73.042
5.004964017577	2	(23.9404,358.14,1.895)	40.2008	-66.9245
5.019172076066	1	(27.3889,342.276,1.895)	24.1689	-62.5049
5.025066219154	3	(27.0534,378.219,1.895)	60.1138	-70.4193
5.041651904734	4	(26.8545,399.527,1.895)	81.4231	-73.0547
5.104964017577	2	(23.9592,356.129,1.895)	40.1956	-66.9234
5.119172076066	1	(27.4069,340.338,1.895)	24.2379	-62.5297
5.120336667087	5	(23.3976,416.3,1.895)	100.288	-74.8648
5.125066219154	3	(27.0721,376.22,1.895)	60.1208	-70.4203
5.141651904734	4	(26.8721,397.644,1.895)	81.5465	-73.0679
5.204964017577	2	(23.978,354.121,1.895)	40.198	-66.9239
5.219172076066	1	(27.425,338.403,1.895)	24.3134	-62.5567
5.220336667087	5	(23.4163,414.295,1.895)	100.293	-74.8652
5.225066219154	3	(27.0908,374.212,1.895)	60.1234	-70.4207
5.241651904734	4	(26.8896,395.772,1.895)	81.6843	-73.0826
5.304964017577	2	(23.9967,352.114,1.895)	40.2026	-66.9249
5.319172076066	1	(27.4432,336.457,1.895)	24.3784	-62.5799
5.320336667087	5	(23.435,412.295,1.895)	100.304	-74.8662
5.325066219154	3	(27.1095,372.209,1.895)	60.1316	-70.4218
5.341651904734	4	(26.9072,393.885,1.895)	81.8088	-73.0958
5.404964017577	2	(24.0154,350.11,1.895)	40.2065	-66.9257
5.419172076066	1	(27.4613,334.513,1.895)	24.4429	-62.6028
5.420336667087	5	(23.4537,410.294,1.895)	100.312	-74.8668
5.425066219154	3	(27.1282,370.204,1.895)	60.1349	-70.4223
5.441651904734	4	(26.9247,392.005,1.895)	81.9371	-73.1094
5.504964017577	2	(24.0342,348.099,1.895)	40.2003	-66.9244
5.519172076066	1	(27.4795,332.565,1.895)	24.4987	-62.6227
5.520336667087	5	(23.4723,408.294,1.895)	100.317	-74.8672
5.525066219154	3	(27.1469,368.204,1.895)	60.1395	-70.423
5.541651904734	4	(26.9424,390.112,1.895)	82.0488	-73.1212
5.604964017577	2	(24.0529,346.091,1.895)	40.1958	-66.9234
5.619172076066	1	(27.4976,330.628,1.895)	24.5655	-62.6463
5.620336667087	5	(23.4911,406.282,1.895)	100.308	-74.8665
5.625066219154	3	(27.1656,366.194,1.895)	60.1325	-70.422
5.641651904734	4	(26.96,388.227,1.895)	82.1665	-73.1337
5.704964017577	2	(24.0716,344.089,1.895)	40.2014	-66.9246
5.719172076066	1	(27.5157,328.684,1.895)	24.6295	-62.6689
5.720336667087	5	(23.5098,404.281,1.895)	100.315	-74.8671
5.725066219154	3	(27.1844,364.184,1.895)	60.1312	-70.4218
5.741651904734	4	(26.9777,386.327,1.895)	82.2747	-73.1451
5.804964017577	2	(24.0903,342.084,1.895)	40.2088	-66.9262
5.819172076066	1	(27.5339,326.733,1.895)	24.6903	-62.6903
5.820336667087	5	(23.5285,402.277,1.895)	100.322	-74.8677
5.825066219154	3	(27.2031,362.183,1.895)	60.1417	-70.4233
5.841651904734	4	(26.9955,384.425,1.895)	82.3845	-73.1567
5.904964017577	2	(24.1091,340.073,1.895)	40.2001	-66.9243
5.919172076066	1	(27.5521,324.783,1.895)	24.7438	-62.7091
5.920336667087	5	(23.5472,400.267,1.895)	100.315	-74.8671
5.925066219154	3	(27.2218,360.174,1.895)	60.1364	-70.4225
5.941651904734	4	(27.0131,382.532,1.895)	82.4953	-73.1684
6.004964017577	2	(24.1278,338.07,1.895)	40.1973	-66.9237
6.019172076066	1	(27.5703,322.838,1.895)	24.798	-62.7281
6.020336667087	5	(23.566,398.258,1.895)	100.307	-74.8664
6.025066219154	3	(27.2406,358.166,1.895)	60.1271	-70.4212
6.041651904734	4	(27.0309,380.632,1.895)	82.5947	-73.1788
6.104964017577	2	(24.1465,336.066,1.895)	40.1971	-66.9237
6.119172076066	1	(27.5884,320.901,1.895)	24.865	-62.7515
6.120336667087	5	(23.5847,396.252,1.895)	100.304	-74.8662
6.125066219154	3	(27.2593,356.161,1.895)	60.1268	-70.4212
6.130111458793	6	(26.6976,416.34,1.895)	120.308	-76.4457
6.141651904734	4	(27.0486,378.729,1.895)	82.6951	-73.1894
6.204964017577	2	(24.1651,334.066,1.895)	40.1999	-66.9243
6.219172076066	1	(27.6065,318.953,1.895)	24.9197	-62.7707
6.220336667087	5	(23.6034,394.252,1.895)	100.308	-74.8665
6.225066219154	3	(27.278,354.155,1.895)	60.1238	-70.4207
6.230111458793	6	(26.7163,414.341,1.895)	120.312	-76.446
6.241651904734	4	(27.0664,376.829,1.895)	82.7986	-73.2003
6.304964017577	2	(24.1838,332.063,1.895)	40.2051	-66.9254
6.319172076066	1	(27.6247,317.008,1.895)	24.9836	-62.7929
6.320336667087	5	(23.6221,392.242,1.895)	100.305	-74.8663
6.325066219154	3	(27.2967,352.154,1.895)	60.1305	-70.4217
6.330111458793	6	(26.735,412.334,1.895)	120.313	-76.4461
6.341651904734	4	(27.0842,374.92,1.895)	82.8981	-73.2107
6.404964017577	2	(24.2025,330.06,1.895)	40.2107	-66.9266
6.419172076066	1	(27.6429,315.056,1.895)	25.0402	-62.8126
6.420336667087	5	(23.6408,390.241,1.895)	100.314	-74.867
6.425066219154	3	(27.3154,350.146,1.895)	60.1314	-70.4218
6.430111458793	6	(26.7536,410.335,1.895)	120.323	-76.4467
6.441651904734	4	(27.1019,373.02,1.895)	83.0065	-73.222
6.504964017577	2	(24.2212,328.057,1.895)	40.2103	-66.9265
6.519172076066	1	(27.6611,313.104,1.895)	25.0902	-62.8299
6.520336667087	5	(23.6595,388.237,1.895)	100.312	-74.8668
6.525066219154	3	(27.3341,348.14,1.895)	60.1285	-70.4214
6.530111458793	6	(26.7723,408.335,1.895)	120.326	-76.447
6.541651904734	4	(27.1198,371.108,1.895)	83.0966	-73.2315
6.604964017577	2	(24.24,326.048,1.895)	40.2083	-66.9261
6.619172076066	1	(27.6793,311.152,1.895)	25.1455	-62.849
6.620336667087	5	(23.6782,386.234,1.895)	100.315	-74.8671
6.625066219154	3	(27.3528,346.137,1.895)	60.1314	-70.4218
6.630111458793	6	(26.791,406.329,1.895)	120.327	-76.447
6.641651904734	4	(27.1376,369.196,1.895)	83.1923	-73.2414
6.704964017577	2	(24.2587,324.036,1.895)	40.2047	-66.9253
6.719172076066	1	(27.6976,309.2,1.895)	25.2013	-62.8683
6.720336667087	5	(23.6969,384.228,1.895)	100.317	-74.8673
6.725066219154	3	(27.3715,344.133,1.895)	60.136	-70.4225
6.730111458793	6	(26.8098,404.321,1.895)	120.327	-76.447
6.741651904734	4	(27.1555,367.281,1.895)	83.2845	-73.2511
6.804964017577	2	(24.2775,322.029,1.895)	40.2	-66.9243
6.819172076066	1	(27.7158,307.242,1.895)	25.2455	-62.8835
6.820336667087	5	(23.7157,382.224,1.895)	100.316	-74.8672
6.825066219154	3	(27.3902,342.133,1.895)	60.1377	-70.4227
6.830111458793	6	(26.8285,402.311,1.895)	120.318	-76.4464
6.841651904734	4	(27.1734,365.362,1.895)	83.3677	-73.2597
6.904964017577	2	(24.2962,320.021,1.895)	40.1965	-66.9236
6.919172076066	1	(27.7341,305.287,1.895)	25.295	-62.9005
6.920336667087	5	(23.7344,380.213,1.895)	100.31	-74.8666
6.925066219154	3	(27.4089,340.128,1.895)	60.138	-70.4228
6.930111458793	6	(26.8472,400.306,1.895)	120.318	-76.4464
6.941651904734	4	(27.1912,363.449,1.895)	83.4595	-73.2693
7.004964017577	2	(24.315,318.01,1.895)	40.1844	-66.9209
7.019172076066	1	(27.7523,303.333,1.895)	25.3403	-62.916
7.020336667087	5	(23.7531,378.21,1.895)	100.306	-74.8663
7.025066219154	3	(27.4276,338.121,1.895)	60.1296	-70.4215
7.030111458793	6	(26.866,398.297,1.895)	120.309	-76.4457
7.041651904734	4	(27.2092,361.53,1.895)	83.5396	-73.2776
7.104964017577	2	(24.3337,316.01,1.895)	40.1913	-66.9224
7.119172076066	1	(27.7706,301.375,1.895)	25.3897	-62.9329
7.120336667087	5	(23.7719,376.2,1.895)	100.303	-74.866
7.125066219154	3	(27.4464,336.114,1.895)	60.1304	-70.4217
7.130111458793	6	(26.8847,396.297,1.895)	120.315	-76.4462
7.141651904734	4	(27.2271,359.613,1.895)	83.63	-73.287
7.149149505596	7	(26.6976,416.34,1.895)	140.36	-77.7846
7.204964017577	2	(24.3523,314.008,1.895)	40.1927	-66.9227
7.219172076066	1	(27.7889,299.414,1.895)	25.4318	-62.9473
7.220336667087	5	(23.7906,374.195,1.895)	100.301	-74.8659
7.225066219154	3	(27.4651,334.104,1.895)	60.1226	-70.4205
7.230111458793	6	(26.9033,394.297,1.895)	120.318	-76.4464
7.241651904734	4	(27.2451,357.684,1.895)	83.7042	-73.2947
7.249149505596	7	(26.7149,414.487,1.895)	140.509	-77.7939
7.304964017577	2	(24.371,312.006,1.895)	40.1891	-66.9219
7.319172076066	1	(27.8071,297.462,1.895)	25.4781	-62.9631
7.320336667087	5	(23.8093,372.189,1.895)	100.294	-74.8653
7.325066219154	3	(27.4839,332.094,1.895)	60.1116	-70.4189
7.330111458793	6	(26.922,392.296,1.895)	120.317	-76.4463
7.341651904734	4	(27.263,355.761,1.895)	83.7796	-73.3026
7.349149505596	7	(26.7323,412.627,1.895)	140.648	-77.8025
7.404964017577	2	(24.3898,309.996,1.895)	40.1833	-66.9207
7.419172076066	1	(27.8254,295.503,1.895)	25.5229	-62.9784
7.420336667087	5	(23.828,370.184,1.895)	100.292	-74.8652
7.425066219154	3	(27.5027,330.083,1.895)	60.1052	-70.418
7.430111458793	6	(26.9407,390.295,1.895)	120.32	-76.4465
7.441651904734	4	(27.281,353.835,1.895)	83.8574	-73.3106
7.449149505596	7	(26.7495,410.774,1.895)	140.8	-77.8118
7.504964017577	2	(24.4085,307.994,1.895)	40.1864	-66.9214
7.519172076066	1	(27.8437,293.538,1.895)	25.5629	-62.992
7.520336667087	5	(23.8468,368.177,1.895)	100.29	-74.865
7.525066219154	3	(27.5214,328.077,1.895)	60.1031	-70.4177
7.530111458793	6	(26.9595,388.284,1.895)	120.313	-76.446
7.541651904734	4	(27.2991,351.897,1.895)	83.9241	-73.3175
7.549149505596	7	(26.7669,408.92,1.895)	140.95	-77.8211
7.604964017577	2	(24.4272,305.992,1.895)	40.1896	-66.9221
7.619172076066	1	(27.8621,291.576,1.895)	25.6069	-63.0069
7.620336667087	5	(23.8655,366.17,1.895)	100.289	-74.8649
7.625066219154	3	(27.5401,326.074,1.895)	60.1066	-70.4182
7.630111458793	6	(26.9781,386.283,1.895)	120.318	-76.4464
7.641651904734	4	(27.3171,349.961,1.895)	83.9944	-73.3248
7.649149505596	7	(26.7843,407.046,1.895)	141.082	-77.8292
7.704964017577	2	(24.4458,303.992,1.895)	40.1912	-66.9224
7.719172076066	1	(27.8804,289.609,1.895)	25.641	-63.0185
7.720336667087	5	(23.8843,364.159,1.895)	100.279	-74.864
7.725066219154	3	(27.5589,324.062,1.895)	60.0956	-70.4166
7.730111458793	6	(26.9969,384.276,1.895)	120.312	-76.446
7.741651904734	4	(27.3351,348.037,1.895)	84.0709	-73.3327
7.749149505596	7	(26.8017,405.186,1.895)	141.223	-77.8379
7.804964017577	2	(24.4645,301.99,1.895)	40.1985	-66.924
7.819172076066	1	(27.8987,287.648,1.895)	25.6892	-63.0348
7.820336667087	5	(23.903,362.156,1.895)	100.286	-74.8646
7.825066219154	3	(27.5776,322.057,1.895)	60.1001	-70.4173
7.830111458793	6	(27.0156,382.265,1.895)	120.31	-76.4459
7.841651904734	4	(27.3532,346.099,1.895)	84.1433	-73.3402
7.849149505596	7	(26.8192,403.31,1.895)	141.356	-77.8461
7.904964017577	2	(24.4833,299.981,1.895)	40.2009	-66.9245
7.919172076066	1	(27.9171,285.676,1.895)	25.7289	-63.0482
7.920336667087	5	(23.9217,360.147,1.895)	100.288	-74.8648
7.925066219154	3	(27.5963,320.056,1.895)	60.1102	-70.4188
7.930111458793	6	(27.0344,380.256,1.895)	120.313	-76.446
7.941651904734	4	(27.3712,344.166,1.895)	84.2216	-73.3483
7.949149505596	7	(26.8367,401.434,1.895)	141.492	-77.8544
8.004964017577	2	(24.502,297.973,1.895)	40.1934	-66.9229
8.019172076066	1	(27.9355,283.707,1.895)	25.7601	-63.0587
8.020336667087	5	(23.9404,358.147,1.895)	100.289	-74.8648
8.025066219154	3	(27.6149,318.053,1.895)	60.1073	-70.4183
8.030111458793	6	(27.0532,378.244,1.895)	120.301	-76.4452
8.041651904734	4	(27.3892,342.236,1.895)	84.2915	-73.3555
8.049149505596	7	(26.8542,399.557,1.895)	141.615	-77.862
8.104964017577	2	(24.5208,295.963,1.895)	40.1875	-66.9216
8.105159656343	8	(23.3976,416.3,1.895)	160.428	-78.9454
8.119172076066	1	(27.9539,281.74,1.895)	25.7972	-63.0712
8.120336667087	5	(23.9591,356.142,1.895)	100.287	-74.8647
8.125066219154	3	(27.6337,316.048,1.895)	60.1067	-70.4182
8.130111458793	6	(27.0719,376.235,1.895)	120.296	-76.4448
8.141651904734	4	(27.4073,340.305,1.895)	84.3644	-73.363
8.149149505596	7	(26.8718,397.677,1.895)	141.739	-77.8696
8.204964017577	2	(24.5395,293.955,1.895)	40.1841	-66.9209
8.205159656343	8	(23.4163,414.297,1.895)	160.43	-78.9455
8.219172076066	1	(27.9722,279.78,1.895)	25.842	-63.0863
8.220336667087	5	(23.9778,354.138,1.895)	100.288	-74.8648
8.225066219154	3	(27.6524,314.044,1.895)	60.1074	-70.4184
8.230111458793	6	(27.0906,374.233,1.895)	120.299	-76.445
8.241651904734	4	(27.4253,338.372,1.895)	84.4363	-73.3704
8.249149505596	7	(26.8893,395.797,1.895)	141.864	-77.8772
8.304964017577	2	(24.5583,291.947,1.895)	40.1854	-66.9212
8.305159656343	8	(23.435,412.29,1.895)	160.432	-78.9456
8.319172076066	1	(27.9905,277.81,1.895)	25.8807	-63.0993
8.320336667087	5	(23.9965,352.133,1.895)	100.293	-74.8652
8.325066219154	3	(27.6711,312.035,1.895)	60.1076	-70.4184
8.330111458793	6	(27.1093,372.224,1.895)	120.299	-76.445
8.341651904734	4	(27.4434,336.43,1.895)	84.5038	-73.3773
8.349149505596	7	(26.9069,393.92,1.895)	141.996	-77.8853
8.404964017577	2	(24.577,289.943,1.895)	40.1865	-66.9214
8.405159656343	8	(23.4537,410.284,1.895)	160.432	-78.9456
8.419172076066	1	(28.0089,275.845,1.895)	25.9215	-63.113
8.420336667087	5	(24.0152,350.131,1.895)	100.296	-74.8655
8.425066219154	3	(27.6899,310.026,1.895)	60.1041	-70.4179
8.430111458793	6	(27.1281,370.215,1.895)	120.296	-76.4448
8.441651904734	4	(27.4615,334.49,1.895)	84.5689	-73.384
8.449149505596	7	(26.9246,392.023,1.895)	142.105	-77.892
8.504964017577	2	(24.5957,287.932,1.895)	40.181	-66.9202
8.505159656343	8	(23.4725,408.278,1.895)	160.431	-78.9456
8.519172076066	1	(28.0273,273.874,1.895)	25.9559	-63.1245
8.520336667087	5	(24.034,348.12,1.895)	100.29	-74.865
8.525066219154	3	(27.7085,308.025,1.895)	60.1092	-70.4186
8.530111458793	6	(27.1468,368.216,1.895)	120.302	-76.4453
8.541651904734	4	(27.4797,332.548,1.895)	84.6331	-73.3906
8.549149505596	7	(26.9422,390.129,1.895)	142.216	-77.8988
8.604964017577	2	(24.6144,285.928,1.895)	40.1887	-66.9219
8.605159656343	8	(23.4912,406.273,1.895)	160.438	-78.9459
8.619172076066	1	(28.0456,271.909,1.895)	26.0028	-63.1402
8.620336667087	5	(24.0527,346.11,1.895)	100.292	-74.8652
8.625066219154	3	(27.7273,306.014,1.895)	60.1098	-70.4187
8.630111458793	6	(27.1655,366.213,1.895)	120.311	-76.4459
8.641651904734	4	(27.4977,330.613,1.895)	84.7098	-73.3985
8.649149505596	7	(26.9599,388.241,1.895)	142.34	-77.9063
8.704964017577	2	(24.6332,283.922,1.895)	40.1868	-66.9215
8.705159656343	8	(23.5099,404.268,1.895)	160.437	-78.9459
8.719172076066	1	(28.064,269.939,1.895)	26.0368	-63.1515
8.720336667087	5	(24.0714,344.107,1.895)	100.293	-74.8652
8.725066219154	3	(27.746,304.012,1.895)	60.1112	-70.4189
8.730111458793	6	(27.1842,364.207,1.895)	120.309	-76.4458
8.741651904734	4	(27.5158,328.671,1.895)	84.7719	-73.4048
8.749149505596	7	(26.9776,386.345,1.895)	142.448	-77.9129
8.804964017577	2	(24.6519,281.916,1.895)	40.1893	-66.922
8.805159656343	8	(23.5286,402.268,1.895)	160.445	-78.9463
8.819172076066	1	(28.0824,267.965,1.895)	26.071	-63.163
8.820336667087	5	(24.0901,342.104,1.895)	100.299	-74.8657
8.825066219154	3	(27.7648,302,1.895)	60.108	-70.4184
8.830111458793	6	(27.2029,362.205,1.895)	120.316	-76.4462
8.841651904734	4	(27.534,326.725,1.895)	84.8344	-73.4112
8.849149505596	7	(26.9952,384.453,1.895)	142.565	-77.92
8.904964017577	2	(24.6706,279.908,1.895)	40.1852	-66.9211
8.905159656343	8	(23.5473,400.261,1.895)	160.442	-78.9462
8.919172076066	1	(28.1008,265.992,1.895)	26.1018	-63.1732
8.920336667087	5	(24.1088,340.104,1.895)	100.302	-74.866
8.925066219154	3	(27.7835,299.992,1.895)	60.1039	-70.4178
8.930111458793	6	(27.2216,360.2,1.895)	120.314	-76.4461
8.941651904734	4	(27.5522,324.778,1.895)	84.8911	-73.417
8.949149505596	7	(27.0129,382.559,1.895)	142.674	-77.9267
9.004964017577	2	(24.6894,277.896,1.895)	40.1817	-66.9203
9.005159656343	8	(23.566,398.254,1.895)	160.443	-78.9462
9.019172076066	1	(28.1192,264.02,1.895)	26.1388	-63.1855
9.020336667087	5	(24.1275,338.103,1.895)	100.31	-74.8667
9.025066219154	3	(27.8022,297.991,1.895)	60.1107	-70.4188
9.030111458793	6	(27.2403,358.19,1.895)	120.313	-76.446
9.041651904734	4	(27.5703,322.834,1.895)	84.9554	-73.4236
9.049149505596	7	(27.0306,380.661,1.895)	142.784	-77.9334
9.104964017577	2	(24.7081,275.897,1.895)	40.1878	-66.9217
9.105159656343	8	(23.5847,396.251,1.895)	160.445	-78.9463
9.110420700861	9	(26.6976,416.34,1.895)	180.471	-79.9679
9.119172076066	1	(28.1377,262.042,1.895)	26.1657	-63.1944
9.120336667087	5	(24.1462,336.097,1.895)	100.31	-74.8666
9.125066219154	3	(27.8209,295.989,1.895)	60.1147	-70.4194
9.130111458793	6	(27.2591,356.181,1.895)	120.309	-76.4458
9.141651904734	4	(27.5884,320.895,1.895)	85.0218	-73.4304
9.149149505596	7	(27.0484,378.757,1.895)	142.886	-77.9396
9.204964017577	2	(24.7268,273.888,1.895)	40.1787	-66.9197
9.205159656343	8	(23.6035,394.241,1.895)	160.436	-78.9458
9.210420700861	9	(26.7164,414.33,1.895)	180.461	-79.9674
9.219172076066	1	(28.1561,260.068,1.895)	26.192	-63.2032
9.220336667087	5	(24.1649,334.089,1.895)	100.301	-74.8659
9.225066219154	3	(27.8396,293.983,1.895)	60.1083	-70.4185
9.230111458793	6	(27.2778,354.179,1.895)	120.306	-76.4456
9.241651904734	4	(27.6066,318.943,1.895)	85.0688	-73.4352
9.249149505596	7	(27.0662,376.845,1.895)	142.974	-77.9449
9.304964017577	2	(24.7455,271.882,1.895)	40.1759	-66.9191
9.305159656343	8	(23.6222,392.234,1.895)	160.432	-78.9456
9.310420700861	9	(26.735,412.329,1.895)	180.463	-79.9675
9.319172076066	1	(28.1745,258.099,1.895)	26.2264	-63.2145
9.320336667087	5	(24.1836,332.087,1.895)	100.302	-74.866
9.325066219154	3	(27.8583,291.974,1.895)	60.1027	-70.4177
9.330111458793	6	(27.2965,352.169,1.895)	120.3	-76.4451
9.341651904734	4	(27.6249,316.989,1.895)	85.1187	-73.4403
9.349149505596	7	(27.084,374.942,1.895)	143.074	-77.951
9.404964017577	2	(24.7642,269.881,1.895)	40.1784	-66.9196
9.405159656343	8	(23.641,390.224,1.895)	160.425	-78.9452
9.410420700861	9	(26.7537,410.326,1.895)	180.463	-79.9676
9.419172076066	1	(28.1929,256.127,1.895)	26.257	-63.2247
9.420336667087	5	(24.2023,330.085,1.895)	100.303	-74.8661
9.425066219154	3	(27.8771,289.966,1.895)	60.0976	-70.4169
9.430111458793	6	(27.3153,350.159,1.895)	120.294	-76.4447
9.441651904734	4	(27.6432,315.03,1.895)	85.1626	-73.4448
9.449149505596	7	(27.1018,373.032,1.895)	143.168	-77.9567
9.504964017577	2	(24.7829,267.874,1.895)	40.1727	-66.9184
9.505159656343	8	(23.6597,388.22,1.895)	160.421	-78.945
9.510420700861	9	(26.7725,408.316,1.895)	180.454	-79.9671
9.519172076066	1	(28.2114,254.15,1.895)	26.2809	-63.2326
9.520336667087	5	(24.221,328.079,1.895)	100.299	-74.8657
9.525066219154	3	(27.8958,287.956,1.895)	60.0893	-70.4157
9.530111458793	6	(27.334,348.15,1.895)	120.285	-76.444
9.541651904734	4	(27.6614,313.07,1.895)	85.2041	-73.449
9.549149505596	7	(27.1197,371.118,1.895)	143.254	-77.962
9.604964017577	2	(24.8017,265.867,1.895)	40.177	-66.9193
9.605159656343	8	(23.6784,386.22,1.895)	160.433	-78.9457
9.610420700861	9	(26.7912,406.306,1.895)	180.456	-79.9672
9.619172076066	1	(28.2297,252.181,1.895)	26.3242	-63.2469
9.620336667087	5	(24.2397,326.076,1.895)	100.308	-74.8665
9.625066219154	3	(27.9145,285.954,1.895)	60.0986	-70.4171
9.630111458793	6	(27.3528,346.139,1.895)	120.286	-76.4441
9.641651904734	4	(27.6797,311.117,1.895)	85.2624	-73.4549
9.649149505596	7	(27.1375,369.207,1.895)	143.355	-77.968
9.704964017577	2	(24.8204,263.856,1.895)	40.1686	-66.9175
9.705159656343	8	(23.6971,384.215,1.895)	160.431	-78.9456
9.710420700861	9	(26.81,404.298,1.895)	180.45	-79.9669
9.719172076066	1	(28.2482,250.201,1.895)	26.3466	-63.2543
9.720336667087	5	(24.2584,324.074,1.895)	100.308	-74.8665
9.725066219154	3	(27.9333,283.943,1.895)	60.0897	-70.4158
9.730111458793	6	(27.3716,344.13,1.895)	120.279	-76.4436
9.741651904734	4	(27.6978,309.171,1.895)	85.3192	-73.4607
9.749149505596	7	(27.1554,367.285,1.895)	143.436	-77.9729
9.804964017577	2	(24.8392,261.847,1.895)	40.171	-66.918
9.805159656343	8	(23.7158,382.205,1.895)	160.432	-78.9456
9.810420700861	9	(26.8287,402.297,1.895)	180.46	-79.9674
9.819172076066	1	(28.2667,248.221,1.895)	26.3774	-63.2644
9.820336667087	5	(24.2771,322.071,1.895)	100.316	-74.8672
9.825066219154	3	(27.952,281.938,1.895)	60.0961	-70.4167
9.830111458793	6	(27.3903,342.118,1.895)	120.278	-76.4435
9.841651904734	4	(27.7161,307.216,1.895)	85.3755	-73.4665
9.849149505596	7	(27.1733,365.368,1.895)	143.53	-77.9786
9.904964017577	2	(24.8579,259.846,1.895)	40.1721	-66.9183
9.905159656343	8	(23.7346,380.196,1.895)	160.426	-78.9453
9.910420700861	9	(26.8474,400.293,1.895)	180.459	-79.9673
9.919172076066	1	(28.2852,246.24,1.895)	26.3996	-63.2717
9.920336667087	5	(24.2957,320.072,1.895)	100.32	-74.8675
9.925066219154	3	(27.9708,279.929,1.895)	60.0893	-70.4157
9.930111458793	6	(27.4091,340.112,1.895)	120.276	-76.4434
9.941651904734	4	(27.7344,305.255,1.895)	85.4168	-73.4707
9.949149505596	7	(27.1913,363.444,1.895)	143.609	-77.9834
10.004964017577	2	(24.8765,257.846,1.895)	40.1769	-66.9193
10.005159656343	8	(23.7532,378.196,1.895)	160.43	-78.9455
10.010420700861	9	(26.866,398.292,1.895)	180.462	-79.9675
10.019172076066	1	(28.3036,244.263,1.895)	26.4262	-63.2805
10.020336667087	5	(24.3144,318.07,1.895)	100.322	-74.8677
10.025066219154	3	(27.9895,277.919,1.895)	60.0843	-70.415
10.030111458793	6	(27.4278,338.106,1.895)	120.274	-76.4432
10.041651904734	4	(27.7526,303.3,1.895)	85.466	-73.4757
10.049149505596	7	(27.2092,361.522,1.895)	143.69	-77.9883
10.104964017577	2	(24.8952,255.847,1.895)	40.18	-66.92
10.105159656343	8	(23.7719,376.196,1.895)	160.433	-78.9456
10.110420700861	9	(26.8848,396.287,1.895)	180.459	-79.9674
10.119172076066	1	(28.3221,242.29,1.895)	26.4558	-63.2902
10.120336667087	5	(24.3331,316.065,1.895)	100.319	-74.8675
10.125066219154	3	(28.0082,275.914,1.895)	60.0813	-70.4146
10.130111458793	6	(27.4465,336.104,1.895)	120.274	-76.4432
10.141651904734	4	(27.7709,301.34,1.895)	85.5089	-73.48
10.149149505596	7	(27.2271,359.605,1.895)	143.776	-77.9935
10.204964017577	2	(24.9139,253.839,1.895)	40.1814	-66.9203
10.205159656343	8	(23.7906,374.195,1.895)	160.441	-78.9461
10.210420700861	9	(26.9034,394.286,1.895)	180.468	-79.9678
10.219172076066	1	(28.3405,240.315,1.895)	26.4905	-63.3016
10.220336667087	5	(24.3518,314.064,1.895)	100.328	-74.8682
10.225066219154	3	(28.0269,273.912,1.895)	60.0888	-70.4157
10.230111458793	6	(27.4651,334.104,1.895)	120.284	-76.4439
10.241651904734	4	(27.7893,299.375,1.895)	85.5526	-73.4845
10.249149505596	7	(27.2451,357.682,1.895)	143.863	-77.9988
10.304964017577	2	(24.9327,251.829,1.895)	40.1706	-66.9179
10.305159656343	8	(23.8092,372.196,1.895)	160.441	-78.9461
10.310420700861	9	(26.9222,392.278,1.895)	180.459	-79.9674
10.319172076066	1	(28.359,238.332,1.895)	26.5069	-63.307
10.320336667087	5	(24.3705,312.062,1.895)	100.325	-74.868
10.325066219154	3	(28.0456,271.91,1.895)	60.0858	-70.4152
10.330111458793	6	(27.4839,332.092,1.895)	120.271	-76.443
10.341651904734	4	(27.8075,297.418,1.895)	85.5947	-73.4887
10.349149505596	7	(27.263,355.765,1.895)	143.945	-78.0037
10.404964017577	2	(24.9514,249.822,1.895)	40.1698	-66.9178
10.405159656343	8	(23.828,370.186,1.895)	160.438	-78.9459
10.410420700861	9	(26.9409,390.267,1.895)	180.455	-79.9672
10.419172076066	1	(28.3774,236.362,1.895)	26.5431	-63.3188
10.420336667087	5	(24.3892,310.056,1.895)	100.325	-74.868
10.425066219154	3	(28.0644,269.902,1.895)	60.0841	-70.415
10.430111458793	6	(27.5026,330.086,1.895)	120.271	-76.443
10.441651904734	4	(27.8259,295.455,1.895)	85.639	-73.4932
10.449149505596	7	(27.281,353.834,1.895)	144.02	-78.0082
10.504964017577	2	(24.9702,247.813,1.895)	40.1675	-66.9173
10.505159656343	8	(23.8468,368.175,1.895)	160.434	-78.9457
10.510420700861	9	(26.9596,388.265,1.895)	180.46	-79.9674
10.519172076066	1	(28.3958,234.386,1.895)	26.5735	-63.3288
10.520336667087	5	(24.4079,308.056,1.895)	100.332	-74.8686
10.525066219154	3	(28.0831,267.897,1.895)	60.0862	-70.4153
10.530111458793	6	(27.5214,328.078,1.895)	120.27	-76.4429
10.541651904734	4	(27.8441,293.498,1.895)	85.688	-73.4982
10.549149505596	7	(27.2989,351.911,1.895)	144.104	-78.0133
10.604964017577	2	(24.9889,245.813,1.895)	40.1747	-66.9188
10.605159656343	8	(23.8655,366.174,1.895)	160.439	-78.946
10.610420700861	9	(26.9783,386.264,1.895)	180.465	-79.9677
10.619172076066	1	(28.4143,232.402,1.895)	26.5969	-63.3364
10.620336667087	5	(24.4266,306.05,1.895)	100.333	-74.8687
10.625066219154	3	(28.1018,265.89,1.895)	60.0868	-70.4154
10.630111458793	6	(27.5401,326.07,1.895)	120.269	-76.4429
10.641651904734	4	(27.8625,291.531,1.895)	85.728	-73.5022
10.649149505596	7	(27.317,349.979,1.895)	144.179	-78.0178
10.704964017577	2	(25.0076,243.804,1.895)	40.1735	-66.9186
10.705159656343	8	(23.8842,364.163,1.895)	160.437	-78.9459
10.710420700861	9	(26.997,384.259,1.895)	180.468	-79.9678
10.719172076066	1	(28.4329,230.414,1.895)	26.6162	-63.3427
10.720336667087	5	(24.4453,304.05,1.895)	100.341	-74.8694
10.725066219154	3	(28.1205,263.891,1.895)	60.0949	-70.4165
10.730111458793	6	(27.5589,324.058,1.895)	120.265	-76.4426
10.741651904734	4	(27.8808,289.569,1.895)	85.7743	-73.5069
10.749149505596	7	(27.3351,348.04,1.895)	144.247	-78.022
10.804964017577	2	(25.0263,241.802,1.895)	40.1721	-66.9183
10.805159656343	8	(23.903,362.153,1.895)	160.427	-78.9453
10.810420700861	9	(27.0157,382.257,1.895)	180.467	-79.9677
10.819172076066	1	(28.4515,228.425,1.895)	26.6278	-63.3465
10.820336667087	5	(24.464,302.042,1.895)	100.333	-74.8687
10.825066219154	3	(28.1392,261.882,1.895)	60.0867	-70.4154
10.830111458793	6	(27.5776,322.055,1.895)	120.263	-76.4424
10.841651904734	4	(27.8991,287.605,1.895)	85.8103	-73.5106
10.849149505596	7	(27.3531,346.105,1.895)	144.313	-78.0259
10.904964017577	2	(25.045,239.793,1.895)	40.1656	-66.9169
10.905159656343	8	(23.9217,360.147,1.895)	160.423	-78.9451
10.910420700861	9	(27.0345,380.246,1.895)	180.458	-79.9673
10.919172076066	1	(28.4699,226.448,1.895)	26.653	-63.3547
10.920336667087	5	(24.4828,300.036,1.895)	100.329	-74.8684
10.925066219154	3	(28.1579,259.881,1.895)	60.0877	-70.4155
10.930111458793	6	(27.5963,320.048,1.895)	120.258	-76.442
10.941651904734	4	(27.9174,285.642,1.895)	85.8496	-73.5146
10.949149505596	7	(27.3711,344.176,1.895)	144.387	-78.0303
11.004964017577	2	(25.0638,237.785,1.895)	40.1615	-66.916
11.005159656343	8	(23.9405,358.137,1.895)	160.417	-78.9448
11.010420700861	9	(27.0532,378.241,1.895)	180.457	-79.9673
11.019172076066	1	(28.4885,224.462,1.895)	26.6719	-63.3609
11.020336667087	5	(24.5015,298.027,1.895)	100.325	-74.868
11.025066219154	3	(28.1766,257.875,1.895)	60.0862	-70.4153
11.030111458793	6	(27.615,318.043,1.895)	120.256	-76.4419
11.041651904734	4	(27.9358,283.677,1.895)	85.8893	-73.5186
11.049149505596	7	(27.3892,342.237,1.895)	144.452	-78.0342
11.104964017577	2	(25.0825,235.779,1.895)	40.1617	-66.916
11.105159656343	8	(23.9592,356.134,1.895)	160.42	-78.945
11.110420700861	9	(27.0719,376.239,1.895)	180.462	-79.9675
11.119172076066	1	(28.5069,222.483,1.895)	26.6991	-63.3697
11.120336667087	5	(24.5202,296.022,1.895)	100.326	-74.8681
11.125066219154	3	(28.1953,255.874,1.895)	60.0915	-70.4161
11.130111458793	6	(27.6338,316.036,1.895)	120.256	-76.4419
11.141651904734	4	(27.9542,281.708,1.895)	85.9261	-73.5223
11.149149505596	7	(27.4073,340.299,1.895)	144.52	-78.0384
11.204964017577	2	(25.1013,233.769,1.895)	40.163	-66.9163
11.205159656343	8	(23.9778,354.132,1.895)	160.429	-78.9455
11.210420700861	9	(27.0905,374.238,1.895)	180.472	-79.968
11.219172076066	1	(28.5255,220.494,1.895)	26.7205	-63.3767
11.220336667087	5	(24.5389,294.017,1.895)	100.332	-74.8686
11.225066219154	3	(28.214,253.871,1.895)	60.099	-70.4171
11.230111458793	6	(27.6525,314.027,1.895)	120.258	-76.4421
11.241651904734	4	(27.9725,279.747,1.895)	85.9763	-73.5274
11.249149505596	7	(27.4254,338.365,1.895)	144.597	-78.043
11.304964017577	2	(25.1199,231.767,1.895)	40.1708	-66.918
11.305159656343	8	(23.9966,352.124,1.895)	160.43	-78.9455
11.310420700861	9	(27.1092,372.238,1.895)	180.481	-79.9684
11.319172076066	1	(28.5441,218.504,1.895)	26.7406	-63.3832
11.320336667087	5	(24.5576,292.014,1.895)	100.338	-74.8691
11.325066219154	3	(28.2327,251.86,1.895)	60.0976	-70.4169
11.330111458793	6	(27.6713,312.015,1.895)	120.256	-76.4419
11.341651904734	4	(27.9908,277.782,1.895)	86.0211	-73.5319
11.349149505596	7	(27.4435,336.42,1.895)	144.662	-78.0468
11.404964017577	2	(25.1387,229.76,1.895)	40.1656	-66.9169
11.405159656343	8	(24.0153,350.114,1.895)	160.423	-78.9451
11.410420700861	9	(27.1279,370.232,1.895)	180.477	-79.9682
11.419172076066	1	(28.5626,216.517,1.895)	26.7546	-63.3878
11.420336667087	5	(24.5764,290.004,1.895)	100.33	-74.8684
11.425066219154	3	(28.2514,249.86,1.895)	60.0995	-70.4172
11.430111458793	6	(27.69,310.013,1.895)	120.255	-76.4418
11.441651904734	4	(28.0093,275.803,1.895)	86.0437	-73.5342
11.449149505596	7	(27.4616,334.479,1.895)	144.722	-78.0505
11.504964017577	2	(25.1574,227.749,1.895)	40.1552	-66.9146
11.505159656343	8	(24.0341,348.109,1.895)	160.418	-78.9449
11.510420700861	9	(27.1467,368.223,1.895)	180.468	-79.9678
11.519172076066	1	(28.5811,214.533,1.895)	26.7715	-63.3932
11.520336667087	5	(24.5951,287.998,1.895)	100.325	-74.8679
11.525066219154	3	(28.2701,247.854,1.895)	60.0944	-70.4165
11.530111458793	6	(27.7087,308.006,1.895)	120.249	-76.4414
11.541651904734	4	(28.0276,273.84,1.895)	86.0808	-73.5379
11.549149505596	7	(27.4797,332.546,1.895)	144.79	-78.0545
11.604964017577	2	(25.1761,225.746,1.895)	40.1534	-66.9142
11.605159656343	8	(24.0528,346.098,1.895)	160.408	-78.9443
11.610420700861	9	(27.1655,366.213,1.895)	180.46	-79.9674
11.619172076066	1	(28.5996,212.552,1.895)	26.792	-63.3999
11.620336667087	5	(24.6138,285.992,1.895)	100.321	-74.8676
11.625066219154	3	(28.2888,245.85,1.895)	60.0914	-70.416
11.630111458793	6	(27.7275,305.996,1.895)	120.241	-76.4408
11.641651904734	4	(28.046,271.87,1.895)	86.1127	-73.5411
11.649149505596	7	(27.4978,330.603,1.895)	144.848	-78.0581
11.704964017577	2	(25.1948,223.743,1.895)	40.1553	-66.9147
11.705159656343	8	(24.0716,344.089,1.895)	160.405	-78.9442
11.710420700861	9	(27.1842,364.203,1.895)	180.455	-79.9672
11.719172076066	1	(28.6182,210.565,1.895)	26.8103	-63.4058
11.720336667087	5	(24.6325,283.989,1.895)	100.322	-74.8677
11.725066219154	3	(28.3076,243.842,1.895)	60.0886	-70.4156
11.730111458793	6	(27.7462,303.986,1.895)	120.235	-76.4404
11.741651904734	4	(28.0644,269.899,1.895)	86.1464	-73.5445
11.749149505596	7	(27.5159,328.661,1.895)	144.912	-78.0619
11.804964017577	2	(25.2136,221.733,1.895)	40.1503	-66.9136
11.805159656343	8	(24.0903,342.089,1.895)	160.409	-78.9444
11.810420700861	9	(27.203,362.192,1.895)	180.448	-79.9668
11.819172076066	1	(28.6367,208.581,1.895)	26.8306	-63.4124
11.820336667087	5	(24.6513,281.978,1.895)	100.316	-74.8672
11.825066219154	3	(28.3263,241.831,1.895)	60.0823	-70.4147
11.830111458793	6	(27.7649,301.986,1.895)	120.24	-76.4408
11.841651904734	4	(28.0828,267.925,1.895)	86.1772	-73.5476
11.849149505596	7	(27.5341,326.717,1.895)	144.972	-78.0655
11.904964017577	2	(25.2323,219.727,1.895)	40.1449	-66.9124
11.905159656343	8	(24.1089,340.087,1.895)	160.407	-78.9443
11.910420700861	9	(27.2217,360.186,1.895)	180.443	-79.9666
11.919172076066	1	(28.6552,206.595,1.895)	26.8451	-63.4171
11.920336667087	5	(24.67,279.977,1.895)	100.315	-74.8671
11.925066219154	3	(28.3451,239.82,1.895)	60.0721	-70.4132
11.930111458793	6	(27.7836,299.98,1.895)	120.234	-76.4403
11.941651904734	4	(28.1012,265.954,1.895)	86.2068	-73.5506
11.949149505596	7	(27.5522,324.778,1.895)	145.034	-78.0692
12.004964017577	2	(25.251,217.725,1.895)	40.1448	-66.9124
12.005159656343	8	(24.1277,338.079,1.895)	160.402	-78.944
12.010420700861	9	(27.2404,358.184,1.895)	180.444	-79.9666
12.019172076066	1	(28.6737,204.617,1.895)	26.8693	-63.4249
12.020336667087	5	(24.6887,277.973,1.895)	100.314	-74.867
12.025066219154	3	(28.3639,237.809,1.895)	60.0632	-70.412
12.030111458793	6	(27.8023,297.977,1.895)	120.234	-76.4403
12.041651904734	4	(28.1196,263.979,1.895)	86.2343	-73.5534
12.049149505596	7	(27.5704,322.827,1.895)	145.085	-78.0722
12.104964017577	2	(25.2698,215.715,1.895)	40.1429	-66.912
12.105159656343	8	(24.1464,336.078,1.895)	160.409	-78.9444
12.110420700861	9	(27.259,356.185,1.895)	180.452	-79.967
12.119172076066	1	(28.6921,202.639,1.895)	26.8993	-63.4346
12.120336667087	5	(24.7075,275.961,1.895)	100.31	-74.8667
12.125066219154	3	(28.3826,235.8,1.895)	60.0622	-70.4118
12.130111458793	6	(27.821,295.972,1.895)	120.237	-76.4405
12.141651904734	4	(28.1381,262,1.895)	86.2634	-73.5563
12.149149505596	7	(27.5885,320.882,1.895)	145.148	-78.076
12.204964017577	2	(25.2884,213.714,1.895)	40.1528	-66.9141
12.205159656343	8	(24.1651,334.072,1.895)	160.414	-78.9446
12.210420700861	9	(27.2778,354.175,1.895)	180.453	-79.9671
12.219172076066	1	(28.7106,200.656,1.895)	26.9271	-63.4436
12.220336667087	5	(24.7262,273.956,1.895)	100.316	-74.8672
12.225066219154	3	(28.4013,233.796,1.895)	60.069	-70.4128
12.230111458793	6	(27.8397,293.971,1.895)	120.247	-76.4412
12.241651904734	4	(28.1565,260.024,1.895)	86.2984	-73.5598
12.249149505596	7	(27.6067,318.937,1.895)	145.213	-78.0799
12.304964017577	2	(25.3071,211.714,1.895)	40.1635	-66.9164
12.305159656343	8	(24.1838,332.07,1.895)	160.423	-78.9451
12.310420700861	9	(27.2965,352.175,1.895)	180.464	-79.9676
12.319172076066	1	(28.7293,198.66,1.895)	26.9419	-63.4484
12.320336667087	5	(24.7448,271.957,1.895)	100.328	-74.8682
12.325066219154	3	(28.4201,231.785,1.895)	60.0691	-70.4128
12.330111458793	6	(27.8584,291.967,1.895)	120.254	-76.4418
12.341651904734	4	(28.1749,258.053,1.895)	86.3378	-73.5638
12.349149505596	7	(27.6249,316.989,1.895)	145.276	-78.0837
12.404964017577	2	(25.3259,209.703,1.895)	40.1586	-66.9154
12.405159656343	8	(24.2025,330.064,1.895)	160.423	-78.9451
12.410420700861	9	(27.3152,350.167,1.895)	180.462	-79.9675
12.419172076066	1	(28.7479,196.665,1.895)	26.9529	-63.4519
12.420336667087	5	(24.7635,269.957,1.895)	100.334	-74.8688
12.425066219154	3	(28.4388,229.783,1.895)	60.0728	-70.4133
12.430111458793	6	(27.8771,289.965,1.895)	120.258	-76.442
12.441651904734	4	(28.1934,256.078,1.895)	86.3691	-73.567
12.449149505596	7	(27.6431,315.032,1.895)	145.326	-78.0867
12.504964017577	2	(25.3445,207.704,1.895)	40.1653	-66.9168
12.505159656343	8	(24.2212,328.057,1.895)	160.422	-78.9451
12.510420700861	9	(27.3339,348.166,1.895)	180.467	-79.9678
12.519172076066	1	(28.7665,194.674,1.895)	26.9689	-63.4571
12.520336667087	5	(24.7823,267.947,1.895)	100.33	-74.8684
12.525066219154	3	(28.4575,227.776,1.895)	60.0721	-70.4132
12.530111458793	6	(27.8958,287.96,1.895)	120.259	-76.4421
12.541651904734	4	(28.2118,254.099,1.895)	86.3958	-73.5696
12.549149505596	7	(27.6614,313.078,1.895)	145.378	-78.0898
12.604964017577	2	(25.3633,205.697,1.895)	40.1618	-66.916
12.605159656343	8	(24.2399,326.057,1.895)	160.425	-78.9452
12.610420700861	9	(27.3527,346.155,1.895)	180.46	-79.9674
12.619172076066	1	(28.7851,192.68,1.895)	26.9782	-63.46
12.620336667087	5	(24.801,265.942,1.895)	100.328	-74.8682
12.625066219154	3	(28.4762,225.772,1.895)	60.0712	-70.4131
12.630111458793	6	(27.9146,285.949,1.895)	120.251	-76.4416
12.641651904734	4	(28.2302,252.127,1.895)	86.4274	-73.5728
12.649149505596	7	(27.6796,311.13,1.895)	145.433	-78.093
12.704964017577	2	(25.382,203.691,1.895)	40.1666	-66.9171
12.705159656343	8	(24.2586,324.049,1.895)	160.428	-78.9454
12.710420700861	9	(27.3714,344.15,1.895)	180.465	-79.9677
12.719172076066	1	(28.8037,190.691,1.895)	26.9992	-63.4668
12.720336667087	5	(24.8197,263.931,1.895)	100.328	-74.8682
12.725066219154	3	(28.495,223.763,1.895)	60.0731	-70.4134
12.730111458793	6	(27.9333,283.948,1.895)	120.261	-76.4423
12.741651904734	4	(28.2487,250.153,1.895)	86.4642	-73.5765
12.749149505596	7	(27.6979,309.165,1.895)	145.479	-78.0958
12.804964017577	2	(25.4008,201.679,1.895)	40.1584	-66.9153
12.805159656343	8	(24.2774,322.043,1.895)	160.425	-78.9453
12.810420700861	9	(27.3901,342.146,1.895)	180.465	-79.9676
12.819172076066	1	(28.8223,188.692,1.895)	27.0041	-63.4684
12.820336667087	5	(24.8385,261.926,1.895)	100.326	-74.8681
12.825066219154	3	(28.5137,221.758,1.895)	60.0717	-70.4132
12.830111458793	6	(27.952,281.937,1.895)	120.253	-76.4417
12.841651904734	4	(28.2672,248.17,1.895)	86.4843	-73.5785
12.849149505596	7	(27.7161,307.21,1.895)	145.527	-78.0987
12.904964017577	2	(25.4195,199.671,1.895)	40.1569	-66.915
12.905159656343	8	(24.2961,320.033,1.895)	160.422	-78.9451
12.910420700861	9	(27.4088,340.137,1.895)	180.463	-79.9675
12.919172076066	1	(28.8409,186.699,1.895)	27.0177	-63.4727
12.920336667087	5	(24.8571,259.924,1.895)	100.331	-74.8685
12.925066219154	3	(28.5324,219.753,1.895)	60.0732	-70.4134
12.930111458793	6	(27.9707,279.938,1.895)	120.261	-76.4423
12.941651904734	4	(28.2857,246.187,1.895)	86.5091	-73.581
12.949149505596	7	(27.7344,305.25,1.895)	145.574	-78.1015
13.004964017577	2	(25.4382,197.671,1.895)	40.1689	-66.9176
13.005159656343	8	(24.3148,318.034,1.895)	160.435	-78.9458
13.010420700861	9	(27.4275,338.136,1.895)	180.473	-79.968
13.019172076066	1	(28.8595,184.707,1.895)	27.0375	-63.4791
13.020336667087	5	(24.8759,257.917,1.895)	100.336	-74.8689
13.025066219154	3	(28.5511,217.745,1.895)	60.0767	-70.4139
13.030111458793	6	(27.9894,277.936,1.895)	120.271	-76.443
13.041651904734	4	(28.3042,244.205,1.895)	86.5378	-73.5839
13.049149505596	7	(27.7526,303.3,1.895)	145.635	-78.1051
13.104964017577	2	(25.4569,195.666,1.895)	40.1706	-66.9179
13.105159656343	8	(24.3334,316.035,1.895)	160.443	-78.9462
13.110420700861	9	(27.4463,336.125,1.895)	180.469	-79.9678
13.119172076066	1	(28.8782,182.707,1.895)	27.0449	-63.4815
13.120336667087	5	(24.8946,255.913,1.895)	100.339	-74.8692
13.125066219154	3	(28.5699,215.737,1.895)	60.076	-70.4138
13.130111458793	6	(28.008,275.935,1.895)	120.277	-76.4434
13.141651904734	4	(28.3226,242.228,1.895)	86.5679	-73.5869
13.149149505596	7	(27.7709,301.343,1.895)	145.685	-78.1081
13.204964017577	2	(25.4756,193.657,1.895)	40.1688	-66.9176
13.205159656343	8	(24.3521,314.031,1.895)	160.446	-78.9464
13.210420700861	9	(27.4649,334.124,1.895)	180.475	-79.9681
13.219172076066	1	(28.8968,180.713,1.895)	27.0577	-63.4856
13.220336667087	5	(24.9133,253.91,1.895)	100.343	-74.8695
13.225066219154	3	(28.5886,213.733,1.895)	60.0792	-70.4143
13.230111458793	6	(28.0267,273.935,1.895)	120.284	-76.4439
13.241651904734	4	(28.3411,240.249,1.895)	86.5959	-73.5897
13.249149505596	7	(27.7892,299.387,1.895)	145.737	-78.1112
13.304964017577	2	(25.4944,191.651,1.895)	40.1688	-66.9176
13.305159656343	8	(24.3708,312.027,1.895)	160.448	-78.9465
13.310420700861	9	(27.4837,332.118,1.895)	180.475	-79.9681
13.319172076066	1	(28.9154,178.719,1.895)	27.0704	-63.4897
13.320336667087	5	(24.932,251.905,1.895)	100.344	-74.8696
13.325066219154	3	(28.6073,211.732,1.895)	60.0844	-70.415
13.330111458793	6	(28.0454,271.933,1.895)	120.288	-76.4442
13.341651904734	4	(28.3596,238.273,1.895)	86.6267	-73.5928
13.349149505596	7	(27.8074,297.431,1.895)	145.787	-78.1142
13.404964017577	2	(25.5131,189.643,1.895)	40.1688	-66.9176
13.405159656343	8	(24.3895,310.025,1.895)	160.454	-78.9468
13.410420700861	9	(27.5024,330.112,1.895)	180.476	-79.9682
13.419172076066	1	(28.9339,176.734,1.895)	27.0924	-63.4967
13.420336667087	5	(24.9506,249.906,1.895)	100.352	-74.8703
13.425066219154	3	(28.626,209.725,1.895)	60.0848	-70.4151
13.430111458793	6	(28.0641,269.93,1.895)	120.293	-76.4446
13.441651904734	4	(28.3781,236.29,1.895)	86.6512	-73.5953
13.449149505596	7	(27.8257,295.469,1.895)	145.833	-78.1169
13.504964017577	2	(25.5318,187.636,1.895)	40.1701	-66.9178
13.505159656343	8	(24.4082,308.024,1.895)	160.462	-78.9472
13.510420700861	9	(27.5211,328.111,1.895)	180.485	-79.9686
13.519172076066	1	(28.9524,174.749,1.895)	27.1155	-63.5042
13.520336667087	5	(24.9693,247.906,1.895)	100.361	-74.8711
13.525066219154	3	(28.6447,207.718,1.895)	60.0864	-70.4153
13.530111458793	6	(28.0828,267.927,1.895)	120.298	-76.445
13.541651904734	4	(28.3965,234.315,1.895)	86.6842	-73.5986
13.549149505596	7	(27.844,293.516,1.895)	145.888	-78.1202
13.604964017577	2	(25.5506,185.628,1.895)	40.1708	-66.918
13.605159656343	8	(24.4269,306.025,1.895)	160.471	-78.9477
13.610420700861	9	(27.5397,326.111,1.895)	180.493	-79.969
13.619172076066	1	(28.9711,172.752,1.895)	27.1277	-63.5081
13.620336667087	5	(24.9881,245.896,1.895)	100.359	-74.871
13.625066219154	3	(28.6635,205.709,1.895)	60.0863	-70.4153
13.630111458793	6	(28.1015,265.922,1.895)	120.302	-76.4452
13.641651904734	4	(28.415,232.327,1.895)	86.7055	-73.6007
13.649149505596	7	(27.8622,291.562,1.895)	145.942	-78.1234
13.704964017577	2	(25.5693,183.619,1.895)	40.1689	-66.9176
13.705159656343	8	(24.4455,304.022,1.895)	160.475	-78.948
13.710420700861	9	(27.5584,324.107,1.895)	180.496	-79.9692
13.719172076066	1	(28.9897,170.753,1.895)	27.1352	-63.5104
13.720336667087	5	(25.0068,243.888,1.895)	100.359	-74.8709
13.725066219154	3	(28.6821,203.709,1.895)	60.0932	-70.4163
13.730111458793	6	(28.1203,263.911,1.895)	120.298	-76.445
13.741651904734	4	(28.4335,230.346,1.895)	86.731	-73.6033
13.749149505596	7	(27.8805,289.603,1.895)	145.991	-78.1263
13.804964017577	2	(25.5881,181.611,1.895)	40.1676	-66.9173
13.805159656343	8	(24.4643,302.015,1.895)	160.475	-78.948
13.810420700861	9	(27.5771,322.106,1.895)	180.502	-79.9694
13.819172076066	1	(29.0084,168.759,1.895)	27.1483	-63.5146
13.820336667087	5	(25.0256,241.878,1.895)	100.356	-74.8707
13.825066219154	3	(28.7009,201.701,1.895)	60.0925	-70.4162
13.830111458793	6	(28.139,261.908,1.895)	120.302	-76.4452
13.841651904734	4	(28.452,228.371,1.895)	86.7638	-73.6066
13.849149505596	7	(27.8989,287.631,1.895)	146.026	-78.1284
13.904964017577	2	(25.6068,179.601,1.895)	40.1661	-66.917
13.905159656343	8	(24.483,300.009,1.895)	160.478	-78.9481
13.910420700861	9	(27.5958,320.103,1.895)	180.508	-79.9697
13.919172076066	1	(29.027,166.763,1.895)	27.1611	-63.5187
13.920336667087	5	(25.0443,239.873,1.895)	100.359	-74.8709
13.925066219154	3	(28.7196,199.701,1.895)	60.1002	-70.4173
13.930111458793	6	(28.1577,259.901,1.895)	120.303	-76.4453
13.941651904734	4	(28.4704,226.391,1.895)	86.7918	-73.6094
13.949149505596	7	(27.9172,285.665,1.895)	146.068	-78.1309
14.004964017577	2	(25.6256,177.596,1.895)	40.17	-66.9178
14.005159656343	8	(24.5017,298.01,1.895)	160.487	-78.9486
14.010420700861	9	(27.6145,318.096,1.895)	180.51	-79.9698
14.019172076066	1	(29.0456,164.771,1.895)	27.1784	-63.5243
14.020336667087	5	(25.063,237.868,1.895)	100.363	-74.8713
14.025066219154	3	(28.7383,197.696,1.895)	60.1047	-70.418
14.030111458793	6	(28.1764,257.896,1.895)	120.307	-76.4456
14.041651904734	4	(28.4889,224.417,1.895)	86.8271	-73.6129
14.049149505596	7	(27.9355,283.703,1.895)	146.116	-78.1337
14.104964017577	2	(25.6442,175.594,1.895)	40.1779	-66.9195
14.105159656343	8	(24.5204,296.007,1.895)	160.494	-78.949
14.110420700861	9	(27.6332,316.093,1.895)	180.517	-79.9701
14.119172076066	1	(29.0641,162.782,1.895)	27.1994	-63.531
14.120336667087	5	(25.0818,235.857,1.895)	100.362	-74.8712
14.125066219154	3	(28.757,195.686,1.895)	60.1045	-70.4179
14.130111458793	6	(28.1951,255.893,1.895)	120.314	-76.4461
14.141651904734	4	(28.5073,222.441,1.895)	86.8606	-73.6162
14.149149505596	7	(27.9539,281.737,1.895)	146.159	-78.1363
14.204964017577	2	(25.663,173.583,1.895)	40.1701	-66.9179
14.205159656343	8	(24.5391,293.999,1.895)	160.49	-78.9487
14.210420700861	9	(27.652,314.086,1.895)	180.513	-79.97
14.219172076066	1	(29.0828,160.782,1.895)	27.202	-63.5318
14.220336667087	5	(25.1005,233.853,1.895)	100.361	-74.8711
14.225066219154	3	(28.7758,193.68,1.895)	60.1016	-70.4175
14.230111458793	6	(28.2138,253.89,1.895)	120.314	-76.4461
14.241651904734	4	(28.5259,220.452,1.895)	86.8747	-73.6177
14.249149505596	7	(27.9723,279.767,1.895)	146.192	-78.1383
14.304964017577	2	(25.6817,171.579,1.895)	40.1656	-66.9169
14.305159656343	8	(24.5578,291.992,1.895)	160.482	-78.9483
14.310420700861	9	(27.6706,312.087,1.895)	180.513	-79.97
14.319172076066	1	(29.1013,158.796,1.895)	27.2161	-63.5363
14.320336667087	5	(25.1192,231.842,1.895)	100.35	-74.8701
14.325066219154	3	(28.7945,191.669,1.895)	60.09	-70.4158
14.330111458793	6	(28.2326,251.878,1.895)	120.302	-76.4453
14.341651904734	4	(28.5444,218.473,1.895)	86.8952	-73.6197
14.349149505596	7	(27.9906,277.802,1.895)	146.227	-78.1403
14.404964017577	2	(25.7005,169.57,1.895)	40.1658	-66.9169
14.405159656343	8	(24.5765,289.988,1.895)	160.486	-78.9486
14.410420700861	9	(27.6893,310.087,1.895)	180.523	-79.9704
14.419172076066	1	(29.1198,156.814,1.895)	27.242	-63.5446
14.420336667087	5	(25.138,229.832,1.895)	100.349	-74.87
14.425066219154	3	(28.8133,189.66,1.895)	60.0895	-70.4158
14.430111458793	6	(28.2513,249.874,1.895)	120.306	-76.4456
14.441651904734	4	(28.5629,216.482,1.895)	86.913	-73.6215
14.449149505596	7	(28.009,275.829,1.895)	146.262	-78.1424
14.504964017577	2	(25.7192,167.562,1.895)	40.1568	-66.915
14.505159656343	8	(24.5953,287.982,1.895)	160.48	-78.9482
14.510420700861	9	(27.708,308.085,1.895)	180.519	-79.9703
14.519172076066	1	(29.1385,154.817,1.895)	27.2444	-63.5453
14.520336667087	5	(25.1568,227.824,1.895)	100.34	-74.8692
14.525066219154	3	(28.8321,187.648,1.895)	60.0772	-70.414
14.530111458793	6	(28.2699,247.874,1.895)	120.305	-76.4455
14.541651904734	4	(28.5815,214.49,1.895)	86.9207	-73.6223
14.549149505596	7	(28.0274,273.86,1.895)	146.293	-78.1443
14.604964017577	2	(25.7379,165.554,1.895)	40.1493	-66.9134
14.605159656343	8	(24.614,285.974,1.895)	160.473	-78.9478
14.610420700861	9	(27.7267,306.077,1.895)	180.512	-79.9699
14.619172076066	1	(29.157,152.829,1.895)	27.2569	-63.5493
14.620336667087	5	(25.1755,225.815,1.895)	100.332	-74.8686
14.625066219154	3	(28.8508,185.636,1.895)	60.0659	-70.4123
14.630111458793	6	(28.2886,245.87,1.895)	120.302	-76.4452
14.641651904734	4	(28.6001,212.503,1.895)	86.9335	-73.6235
14.649149505596	7	(28.0458,271.893,1.895)	146.326	-78.1462
14.704964017577	2	(25.7566,163.554,1.895)	40.1592	-66.9155
14.705159656343	8	(24.6327,283.974,1.895)	160.482	-78.9483
14.710420700861	9	(27.7454,304.077,1.895)	180.521	-79.9704
14.719172076066	1	(29.1756,150.834,1.895)	27.2715	-63.554
14.720336667087	5	(25.1942,223.816,1.895)	100.342	-74.8695
14.725066219154	3	(28.8695,183.636,1.895)	60.0754	-70.4137
14.730111458793	6	(28.3074,243.862,1.895)	120.304	-76.4454
14.741651904734	4	(28.6187,210.508,1.895)	86.9489	-73.6251
14.749149505596	7	(28.0642,269.923,1.895)	146.366	-78.1486
14.804964017577	2	(25.7754,161.544,1.895)	40.154	-66.9144
14.805159656343	8	(24.6514,281.966,1.895)	160.48	-78.9482
14.810420700861	9	(27.7641,302.077,1.895)	180.527	-79.9706
14.819172076066	1	(29.1943,148.84,1.895)	27.2828	-63.5576
14.820336667087	5	(25.2129,221.811,1.895)	100.342	-74.8695
14.825066219154	3	(28.8882,181.629,1.895)	60.0738	-70.4135
14.830111458793	6	(28.3261,241.857,1.895)	120.304	-76.4454
14.841651904734	4	(28.6372,208.529,1.895)	86.9745	-73.6276
14.849149505596	7	(28.0826,267.951,1.895)	146.4	-78.1506
14.904964017577	2	(25.7941,159.541,1.895)	40.1544	-66.9145
14.905159656343	8	(24.6702,279.957,1.895)	160.474	-78.9479
14.910420700861	9	(27.7828,300.069,1.895)	180.522	-79.9704
14.919172076066	1	(29.2129,146.844,1.895)	27.2901	-63.5599
14.920336667087	5	(25.2315,219.81,1.895)	100.345	-74.8697
14.925066219154	3	(28.9069,179.626,1.895)	60.0733	-70.4134
14.930111458793	6	(28.3448,239.852,1.895)	120.303	-76.4453
14.941651904734	4	(28.6557,206.543,1.895)	86.9919	-73.6294
14.949149505596	7	(28.1009,265.985,1.895)	146.436	-78.1528
15.004964017577	2	(25.8128,157.536,1.895)	40.1504	-66.9136
15.005159656343	8	(24.6889,277.949,1.895)	160.467	-78.9475
15.010420700861	9	(27.8015,298.063,1.895)	180.516	-79.9701
15.019172076066	1	(29.2315,144.846,1.895)	27.2927	-63.5607
15.020336667087	5	(25.2503,217.801,1.895)	100.336	-74.8689
15.025066219154	3	(28.9256,177.622,1.895)	60.0704	-70.413
15.030111458793	6	(28.3636,237.844,1.895)	120.295	-76.4448
15.041651904734	4	(28.6742,204.56,1.895)	87.0098	-73.6312
15.049149505596	7	(28.1194,264.006,1.895)	146.458	-78.1541
15.104964017577	2	(25.8315,155.529,1.895)	40.1481	-66.9131
15.105159656343	8	(24.7076,275.944,1.895)	160.466	-78.9475
15.110420700861	9	(27.8203,296.053,1.895)	180.511	-79.9699
15.119172076066	1	(29.2501,142.861,1.895)	27.3126	-63.567
15.120336667087	5	(25.2691,215.789,1.895)	100.329	-74.8683
15.125066219154	3	(28.9444,175.615,1.895)	60.0679	-70.4126
15.130111458793	6	(28.3823,235.839,1.895)	120.295	-76.4447
15.141651904734	4	(28.6928,202.569,1.895)	87.0231	-73.6325
15.149149505596	7	(28.1378,262.03,1.895)	146.487	-78.1558
15.204964017577	2	(25.8503,153.517,1.895)	40.1367	-66.9106
15.205159656343	8	(24.7264,273.937,1.895)	160.459	-78.9471
15.210420700861	9	(27.839,294.05,1.895)	180.508	-79.9697
15.219172076066	1	(29.2687,140.869,1.895)	27.3205	-63.5696
15.220336667087	5	(25.2878,213.783,1.895)	100.323	-74.8678
15.225066219154	3	(28.9631,173.603,1.895)	60.0562	-70.4109
15.230111458793	6	(28.4009,233.839,1.895)	120.295	-76.4448
15.241651904734	4	(28.7114,200.577,1.895)	87.0311	-73.6333
15.249149505596	7	(28.1563,260.052,1.895)	146.509	-78.1571
15.304964017577	2	(25.8691,151.507,1.895)	40.1345	-66.9101
15.305159656343	8	(24.7451,271.932,1.895)	160.463	-78.9473
15.310420700861	9	(27.8577,292.043,1.895)	180.51	-79.9698
15.319172076066	1	(29.2872,138.881,1.895)	27.341	-63.5761
15.320336667087	5	(25.3066,211.772,1.895)	100.32	-74.8676
15.325066219154	3	(28.9819,171.598,1.895)	60.0595	-70.4114
15.330111458793	6	(28.4196,231.837,1.895)	120.301	-76.4452
15.341651904734	4	(28.73,198.585,1.895)	87.0481	-73.635
15.349149505596	7	(28.1746,258.089,1.895)	146.554	-78.1598
15.404964017577	2	(25.8878,149.495,1.895)	40.1287	-66.9089
15.405159656343	8	(24.7638,269.929,1.895)	160.465	-78.9474
15.410420700861	9	(27.8764,290.043,1.895)	180.516	-79.9701
15.419172076066	1	(29.3058,136.885,1.895)	27.3511	-63.5793
15.420336667087	5	(25.3253,209.763,1.895)	100.317	-74.8673
15.425066219154	3	(29.0005,169.599,1.895)	60.0662	-70.4124
15.430111458793	6	(28.4383,229.836,1.895)	120.306	-76.4455
15.441651904734	4	(28.7485,196.599,1.895)	87.0673	-73.6369
15.449149505596	7	(28.193,256.123,1.895)	146.594	-78.1621
15.504964017577	2	(25.9066,147.484,1.895)	40.1233	-66.9077
15.505159656343	8	(24.7825,267.926,1.895)	160.469	-78.9476
15.510420700861	9	(27.8951,288.031,1.895)	180.51	-79.9698
15.519172076066	1	(29.3244,134.893,1.895)	27.3658	-63.5839
15.520336667087	5	(25.344,207.76,1.895)	100.32	-74.8676
15.525066219154	3	(29.0192,167.596,1.895)	60.0694	-70.4128
15.530111458793	6	(28.457,227.832,1.895)	120.309	-76.4457
15.541651904734	4	(28.767,194.615,1.895)	87.09	-73.6392
15.549149505596	7	(28.2114,254.149,1.895)	146.626	-78.164
15.604964017577	2	(25.9253,145.482,1.895)	40.1265	-66.9084
15.605159656343	8	(24.8012,265.915,1.895)	160.463	-78.9473
15.610420700861	9	(27.9138,286.03,1.895)	180.514	-79.97
15.619172076066	1	(29.3431,132.897,1.895)	27.3739	-63.5865
15.620336667087	5	(25.3627,205.76,1.895)	100.325	-74.868
15.625066219154	3	(29.0379,165.596,1.895)	60.0752	-70.4137
15.630111458793	6	(28.4757,225.825,1.895)	120.307	-76.4456
15.641651904734	4	(28.7856,192.628,1.895)	87.1081	-73.641
15.649149505596	7	(28.2298,252.177,1.895)	146.659	-78.166
15.704964017577	2	(25.9441,143.471,1.895)	40.117	-66.9064
15.705159656343	8	(24.82,263.906,1.895)	160.455	-78.9469
15.710420700861	9	(27.9325,284.029,1.895)	180.514	-79.97
15.719172076066	1	(29.3617,130.9,1.895)	27.3788	-63.5881
15.720336667087	5	(25.3814,203.754,1.895)	100.321	-74.8676
15.725066219154	3	(29.0566,163.592,1.895)	60.0714	-70.4132
15.730111458793	6	(28.4944,223.825,1.895)	120.307	-76.4456
15.741651904734	4	(28.8041,190.646,1.895)	87.1268	-73.6428
15.749149505596	7	(28.2482,250.204,1.895)	146.688	-78.1677
15.804964017577	2	(25.9628,141.467,1.895)	40.1199	-66.907
15.805159656343	8	(24.8387,261.896,1.895)	160.452	-78.9467
15.810420700861	9	(27.9512,282.022,1.895)	180.514	-79.97
15.819172076066	1	(29.3802,128.914,1.895)	27.3995	-63.5947
15.820336667087	5	(25.4001,201.746,1.895)	100.32	-74.8675
15.825066219154	3	(29.0753,161.587,1.895)	60.0733	-70.4134
15.830111458793	6	(28.5131,221.821,1.895)	120.31	-76.4458
15.841651904734	4	(28.8226,188.661,1.895)	87.1491	-73.645
15.849149505596	7	(28.2666,248.231,1.895)	146.721	-78.1696
15.904964017577	2	(25.9814,139.467,1.895)	40.1303	-66.9092
15.905159656343	8	(24.8574,259.891,1.895)	160.457	-78.947
15.910420700861	9	(27.97,280.011,1.895)	180.513	-79.97
15.919172076066	1	(29.3988,126.923,1.895)	27.4184	-63.6006
15.920336667087	5	(25.4189,199.741,1.895)	100.325	-74.868
15.925066219154	3	(29.094,159.584,1.895)	60.0805	-70.4145
15.930111458793	6	(28.5318,219.813,1.895)	120.312	-76.446
15.941651904734	4	(28.8411,186.676,1.895)	87.1742	-73.6475
15.949149505596	7	(28.285,246.26,1.895)	146.761	-78.172
16.004964017577	2	(26.0001,137.468,1.895)	40.1409	-66.9115
16.005159656343	8	(24.8762,257.88,1.895)	160.456	-78.9469
16.010420700861	9	(27.9887,278.006,1.895)	180.519	-79.9702
16.019172076066	1	(29.4175,124.918,1.895)	27.4243	-63.6025
16.020336667087	5	(25.4376,197.731,1.895)	100.325	-74.868
16.025066219154	3	(29.1127,157.576,1.895)	60.0833	-70.4149
16.030111458793	6	(28.5506,217.804,1.895)	120.314	-76.4461
16.041651904734	4	(28.8597,184.686,1.895)	87.1948	-73.6496
16.049149505596	7	(28.3034,244.286,1.895)	146.797	-78.1741
16.104964017577	2	(26.0188,135.46,1.895)	40.1373	-66.9108
16.105159656343	8	(24.895,255.87,1.895)	160.451	-78.9466
16.110420700861	9	(28.0074,276.002,1.895)	180.519	-79.9702
16.119172076066	1	(29.4362,122.923,1.895)	27.4331	-63.6053
16.120336667087	5	(25.4563,195.731,1.895)	100.33	-74.8684
16.125066219154	3	(29.1314,155.572,1.895)	60.0835	-70.4149
16.130111458793	6	(28.5693,215.795,1.895)	120.31	-76.4458
16.141651904734	4	(28.8783,182.693,1.895)	87.2059	-73.6507
16.149149505596	7	(28.3219,242.309,1.895)	146.825	-78.1758
16.204964017577	2	(26.0376,133.45,1.895)	40.1351	-66.9103
16.205159656343	8	(24.9137,253.867,1.895)	160.455	-78.9469
16.210420700861	9	(28.0261,274.002,1.895)	180.526	-79.9706
16.219172076066	1	(29.4548,120.926,1.895)	27.4441	-63.6088
16.220336667087	5	(25.4751,193.721,1.895)	100.327	-74.8682
16.225066219154	3	(29.1501,153.568,1.895)	60.0873	-70.4154
16.230111458793	6	(28.5881,213.788,1.895)	120.31	-76.4458
16.241651904734	4	(28.8969,180.697,1.895)	87.2181	-73.6519
16.249149505596	7	(28.3404,240.329,1.895)	146.853	-78.1774
16.304964017577	2	(26.0563,131.441,1.895)	40.1327	-66.9098
16.305159656343	8	(24.9325,251.855,1.895)	160.45	-78.9466
16.310420700861	9	(28.0448,271.992,1.895)	180.523	-79.9705
16.319172076066	1	(29.4735,118.922,1.895)	27.446	-63.6094
16.320336667087	5	(25.4937,191.72,1.895)	100.333	-74.8687
16.325066219154	3	(29.1688,151.563,1.895)	60.0884	-70.4156
16.330111458793	6	(28.6068,211.782,1.895)	120.311	-76.4459
16.341651904734	4	(28.9155,178.702,1.895)	87.229	-73.653
16.349149505596	7	(28.3588,238.353,1.895)	146.883	-78.1792
16.404964017577	2	(26.075,129.439,1.895)	40.1399	-66.9113
16.405159656343	8	(24.9511,249.855,1.895)	160.46	-78.9471
16.410420700861	9	(28.0636,269.984,1.895)	180.525	-79.9705
16.419172076066	1	(29.4921,116.926,1.895)	27.4602	-63.6139
16.420336667087	5	(25.5124,189.714,1.895)	100.336	-74.869
16.425066219154	3	(29.1875,149.56,1.895)	60.0952	-70.4166
16.430111458793	6	(28.6255,209.777,1.895)	120.315	-76.4462
16.441651904734	4	(28.9341,176.711,1.895)	87.2478	-73.6549
16.449149505596	7	(28.3773,236.369,1.895)	146.909	-78.1807
16.504964017577	2	(26.0937,127.44,1.895)	40.1452	-66.9125
16.505159656343	8	(24.9699,247.848,1.895)	160.457	-78.9469
16.510420700861	9	(28.0822,267.985,1.895)	180.53	-79.9708
16.519172076066	1	(29.5108,114.925,1.895)	27.4635	-63.6149
16.520336667087	5	(25.5312,187.702,1.895)	100.329	-74.8683
16.525066219154	3	(29.2062,147.556,1.895)	60.0959	-70.4167
16.530111458793	6	(28.6443,207.765,1.895)	120.307	-76.4456
16.541651904734	4	(28.9527,174.72,1.895)	87.2612	-73.6562
16.549149505596	7	(28.3957,234.395,1.895)	146.938	-78.1825
16.604964017577	2	(26.1124,125.43,1.895)	40.1437	-66.9121
16.605159656343	8	(24.9886,245.84,1.895)	160.457	-78.947
16.610420700861	9	(28.101,265.977,1.895)	180.53	-79.9708
16.619172076066	1	(29.5294,112.932,1.895)	27.4778	-63.6194
16.620336667087	5	(25.5499,185.699,1.895)	100.334	-74.8687
16.625066219154	3	(29.225,145.547,1.895)	60.0947	-70.4165
16.630111458793	6	(28.663,205.765,1.895)	120.315	-76.4462
16.641651904734	4	(28.9713,172.725,1.895)	87.2735	-73.6574
16.649149505596	7	(28.4143,232.409,1.895)	146.961	-78.1838
16.704964017577	2	(26.1312,123.425,1.895)	40.1417	-66.9117
16.705159656343	8	(25.0073,243.832,1.895)	160.453	-78.9467
16.710420700861	9	(28.1196,263.977,1.895)	180.534	-79.971
16.719172076066	1	(29.5481,110.928,1.895)	27.4784	-63.6196
16.720336667087	5	(25.5687,183.692,1.895)	100.331	-74.8685
16.725066219154	3	(29.2437,143.547,1.895)	60.098	-70.417
16.730111458793	6	(28.6817,203.759,1.895)	120.313	-76.446
16.741651904734	4	(28.99,170.73,1.895)	87.2823	-73.6583
16.749149505596	7	(28.4328,230.43,1.895)	146.985	-78.1853
16.804964017577	2	(26.1499,121.419,1.895)	40.1421	-66.9118
16.805159656343	8	(25.0261,241.825,1.895)	160.451	-78.9467
16.810420700861	9	(28.1383,261.974,1.895)	180.537	-79.9711
16.819172076066	1	(29.5667,108.938,1.895)	27.4948	-63.6248
16.820336667087	5	(25.5874,181.688,1.895)	100.333	-74.8687
16.825066219154	3	(29.2624,141.542,1.895)	60.1001	-70.4173
16.830111458793	6	(28.7004,201.752,1.895)	120.312	-76.446
16.841651904734	4	(29.0086,168.737,1.895)	87.296	-73.6597
16.849149505596	7	(28.4513,228.441,1.895)	147.003	-78.1863
16.904964017577	2	(26.1686,119.411,1.895)	40.1359	-66.9105
16.905159656343	8	(25.0448,239.82,1.895)	160.448	-78.9465
16.910420700861	9	(28.157,259.975,1.895)	180.539	-79.9712
16.919172076066	1	(29.5853,106.942,1.895)	27.4996	-63.6263
16.920336667087	5	(25.6061,179.685,1.895)	100.331	-74.8685
16.925066219154	3	(29.2811,139.536,1.895)	60.0947	-70.4165
16.930111458793	6	(28.7192,199.74,1.895)	120.302	-76.4452
16.941651904734	4	(29.0272,166.744,1.895)	87.3046	-73.6605
16.949149505596	7	(28.4698,226.463,1.895)	147.026	-78.1877
17.004964017577	2	(26.1874,117.404,1.895)	40.1284	-66.9088
17.005159656343	8	(25.0635,237.818,1.895)	160.446	-78.9463
17.010420700861	9	(28.1757,257.97,1.895)	180.534	-79.971
17.019172076066	1	(29.6039,104.949,1.895)	27.5067	-63.6285
17.020336667087	5	(25.6248,177.679,1.895)	100.324	-74.8679
17.025066219154	3	(29.2998,137.532,1.895)	60.0912	-70.416
17.030111458793	6	(28.7379,197.732,1.895)	120.293	-76.4446
17.041651904734	4	(29.0457,164.755,1.895)	87.3149	-73.6616
17.049149505596	7	(28.4883,224.481,1.895)	147.044	-78.1887
17.104964017577	2	(26.206,115.403,1.895)	40.1385	-66.911
17.105159656343	8	(25.0822,235.816,1.895)	160.454	-78.9468
17.110420700861	9	(28.1944,255.968,1.895)	180.543	-79.9714
17.119172076066	1	(29.6225,102.959,1.895)	27.5263	-63.6348
17.120336667087	5	(25.6434,175.679,1.895)	100.335	-74.8689
17.125066219154	3	(29.3185,135.524,1.895)	60.0933	-70.4163
17.130111458793	6	(28.7567,195.721,1.895)	120.293	-76.4446
17.141651904734	4	(29.0643,162.762,1.895)	87.3323	-73.6633
17.149149505596	7	(28.5069,222.49,1.895)	147.063	-78.1899
17.204964017577	2	(26.2248,113.392,1.895)	40.1376	-66.9108
17.205159656343	8	(25.1009,233.807,1.895)	160.456	-78.9469
17.210420700861	9	(28.2132,253.958,1.895)	180.543	-79.9714
17.219172076066	1	(29.6412,100.955,1.895)	27.5331	-63.6369
17.220336667087	5	(25.6622,173.668,1.895)	100.334	-74.8687
17.225066219154	3	(29.3373,133.515,1.895)	60.0949	-70.4165
17.230111458793	6	(28.7754,193.72,1.895)	120.302	-76.4453
17.241651904734	4	(29.0829,160.767,1.895)	87.3472	-73.6648
17.249149505596	7	(28.5254,220.505,1.895)	147.088	-78.1913
17.304964017577	2	(26.2435,111.393,1.895)	40.1459	-66.9126
17.305159656343	8	(25.1197,231.797,1.895)	160.453	-78.9467
17.310420700861	9	(28.2318,251.959,1.895)	180.551	-79.9718
17.319172076066	1	(29.6599,98.9477,1.895)	27.5334	-63.637
17.320336667087	5	(25.6809,171.661,1.895)	100.335	-74.8689
17.325066219154	3	(29.356,131.511,1.895)	60.0983	-70.417
17.330111458793	6	(28.794,191.72,1.895)	120.31	-76.4458
17.341651904734	4	(29.1016,158.772,1.895)	87.3603	-73.6661
17.349149505596	7	(28.5438,218.527,1.895)	147.118	-78.1931
17.404964017577	2	(26.2621,109.392,1.895)	40.1492	-66.9133
17.405159656343	8	(25.1383,229.797,1.895)	160.457	-78.947
17.410420700861	9	(28.2506,249.95,1.895)	180.546	-79.9716
17.419172076066	1	(29.6785,96.9536,1.895)	27.5435	-63.6402
17.420336667087	5	(25.6997,169.65,1.895)	100.328	-74.8683
17.425066219154	3	(29.3747,129.511,1.895)	60.1021	-70.4176
17.430111458793	6	(28.8127,189.718,1.895)	120.312	-76.446
17.441651904734	4	(29.1202,156.778,1.895)	87.3705	-73.6671
17.449149505596	7	(28.5623,216.545,1.895)	147.14	-78.1944
17.504964017577	2	(26.2809,107.382,1.895)	40.1487	-66.9132
17.505159656343	8	(25.157,227.794,1.895)	160.464	-78.9473
17.510420700861	9	(28.2693,247.939,1.895)	180.545	-79.9715
17.519172076066	1	(29.6972,94.9579,1.895)	27.5573	-63.6445
17.520336667087	5	(25.7184,167.648,1.895)	100.336	-74.8689
17.525066219154	3	(29.3933,127.511,1.895)	60.1113	-70.4189
17.530111458793	6	(28.8315,187.707,1.895)	120.31	-76.4458
17.541651904734	4	(29.1387,154.793,1.895)	87.3953	-73.6695
17.549149505596	7	(28.5809,214.557,1.895)	147.162	-78.1957
17.604964017577	2	(26.2996,105.377,1.895)	40.1502	-66.9136
17.605159656343	8	(25.1757,225.79,1.895)	160.467	-78.9475
17.610420700861	9	(28.288,245.938,1.895)	180.551	-79.9718
17.619172076066	1	(29.7159,92.9523,1.895)	27.5587	-63.645
17.620336667087	5	(25.7371,165.644,1.895)	100.339	-74.8692
17.625066219154	3	(29.4121,125.5,1.895)	60.1076	-70.4184
17.630111458793	6	(28.8502,185.708,1.895)	120.318	-76.4464
17.641651904734	4	(29.1573,152.799,1.895)	87.4083	-73.6708
17.649149505596	7	(28.5994,212.571,1.895)	147.183	-78.1969
17.704964017577	2	(26.3184,103.366,1.895)	40.1449	-66.9124
17.705159656343	8	(25.1945,223.784,1.895)	160.467	-78.9475
17.710420700861	9	(28.3067,243.939,1.895)	180.558	-79.9721
17.719172076066	1	(29.7346,90.9471,1.895)	27.5593	-63.6451
17.720336667087	5	(25.7558,163.636,1.895)	100.336	-74.869
17.725066219154	3	(29.4308,123.494,1.895)	60.1077	-70.4184
17.730111458793	6	(28.8689,183.702,1.895)	120.318	-76.4464
17.741651904734	4	(29.176,150.8,1.895)	87.415	-73.6715
17.749149505596	7	(28.6179,210.596,1.895)	147.214	-78.1988
17.804964017577	2	(26.3371,101.359,1.895)	40.1499	-66.9135
17.805159656343	8	(25.2131,221.783,1.895)	160.477	-78.9481
17.810420700861	9	(28.3254,241.93,1.895)	180.56	-79.9722
17.819172076066	1	(29.7533,88.9428,1.895)	27.5664	-63.6474
17.820336667087	5	(25.7746,161.625,1.895)	100.337	-74.869
17.825066219154	3	(29.4495,121.488,1.895)	60.1135	-70.4192
17.830111458793	6	(28.8876,181.696,1.895)	120.324	-76.4468
17.841651904734	4	(29.1946,148.803,1.895)	87.4289	-73.6729
17.849149505596	7	(28.6364,208.608,1.895)	147.237	-78.2001
17.904964017577	2	(26.3558,99.3524,1.895)	40.1536	-66.9143
17.905159656343	8	(25.2318,219.78,1.895)	160.484	-78.9484
17.910420700861	9	(28.3442,239.923,1.895)	180.564	-79.9724
17.919172076066	1	(29.772,86.9368,1.895)	27.5707	-63.6488
17.920336667087	5	(25.7934,159.614,1.895)	100.336	-74.869
17.925066219154	3	(29.4682,119.488,1.895)	60.123	-70.4206
17.930111458793	6	(28.9063,179.689,1.895)	120.327	-76.4471
17.941651904734	4	(29.2132,146.811,1.895)	87.4474	-73.6747
17.949149505596	7	(28.655,206.623,1.895)	147.262	-78.2016
18.004964017577	2	(26.3746,97.3457,1.895)	40.1539	-66.9143
18.005159656343	8	(25.2506,217.774,1.895)	160.485	-78.9485
18.010420700861	9	(28.3628,237.923,1.895)	180.571	-79.9727
18.019172076066	1	(29.7907,84.9351,1.895)	27.5761	-63.6505
18.020336667087	5	(25.8122,157.603,1.895)	100.332	-74.8686
18.025066219154	3	(29.4869,117.484,1.895)	60.1267	-70.4211
18.030111458793	6	(28.925,177.686,1.895)	120.331	-76.4473
18.041651904734	4	(29.2318,144.814,1.895)	87.458	-73.6758
18.049149505596	7	(28.6735,204.638,1.895)	147.285	-78.2029
18.104964017577	2	(26.3933,95.3423,1.895)	40.1582	-66.9153
18.105159656343	8	(25.2692,215.771,1.895)	160.49	-78.9488
18.110420700861	9	(28.3815,235.921,1.895)	180.577	-79.973
18.119172076066	1	(29.8094,82.9349,1.895)	27.5837	-63.6528
18.120336667087	5	(25.8309,155.6,1.895)	100.337	-74.869
18.125066219154	3	(29.5056,115.476,1.895)	60.1266	-70.4211
18.130111458793	6	(28.9437,175.684,1.895)	120.337	-76.4478
18.141651904734	4	(29.2505,142.816,1.895)	87.4676	-73.6767
18.149149505596	7	(28.692,202.651,1.895)	147.305	-78.2041
18.204964017577	2	(26.412,93.3357,1.895)	40.1543	-66.9144
18.205159656343	8	(25.288,213.763,1.895)	160.485	-78.9485
18.210420700861	9	(28.4002,233.916,1.895)	180.574	-79.9729
18.219172076066	1	(29.8281,80.9275,1.895)	27.5789	-63.6513
18.220336667087	5	(25.8496,153.591,1.895)	100.331	-74.8685
18.225066219154	3	(29.5244,113.472,1.895)	60.1246	-70.4208
18.230111458793	6	(28.9624,173.678,1.895)	120.333	-76.4475
18.241651904734	4	(29.2691,140.822,1.895)	87.4765	-73.6776
18.249149505596	7	(28.7106,200.661,1.895)	147.318	-78.2049
18.304964017577	2	(26.4307,91.3317,1.895)	40.1536	-66.9143
18.305159656343	8	(25.3067,211.761,1.895)	160.486	-78.9485
18.310420700861	9	(28.4189,231.913,1.895)	180.575	-79.9729
18.319172076066	1	(29.8467,78.9322,1.895)	27.5869	-63.6538
18.320336667087	5	(25.8684,151.58,1.895)	100.323	-74.8678
18.325066219154	3	(29.5431,111.46,1.895)	60.1164	-70.4196
18.330111458793	6	(28.9811,171.677,1.895)	120.336	-76.4477
18.341651904734	4	(29.2876,138.834,1.895)	87.4912	-73.6791
18.349149505596	7	(28.7292,198.667,1.895)	147.326	-78.2054
18.404964017577	2	(26.4494,89.331,1.895)	40.1648	-66.9167
18.405159656343	8	(25.3255,209.749,1.895)	160.486	-78.9486
18.410420700861	9	(28.4376,229.912,1.895)	180.585	-79.9734
18.419172076066	1	(29.8654,76.9348,1.895)	27.6015	-63.6584
18.420336667087	5	(25.887,149.58,1.895)	100.335	-74.8688
18.425066219154	3	(29.5618,109.46,1.895)	60.1285	-70.4214
18.430111458793	6	(28.9998,169.678,1.895)	120.349	-76.4486
18.441651904734	4	(29.3063,136.832,1.895)	87.5013	-73.6801
18.449149505596	7	(28.7477,196.683,1.895)	147.354	-78.2071
18.504964017577	2	(26.4681,87.3239,1.895)	40.165	-66.9168
18.505159656343	8	(25.3442,207.74,1.895)	160.484	-78.9484
18.510420700861	9	(28.4563,227.909,1.895)	180.59	-79.9736
18.519172076066	1	(29.8841,74.9235,1.895)	27.5975	-63.6572
18.520336667087	5	(25.9057,147.581,1.895)	100.343	-74.8696
18.525066219154	3	(29.5805,107.46,1.895)	60.135	-70.4223
18.530111458793	6	(29.0185,167.676,1.895)	120.354	-76.449
18.541651904734	4	(29.3249,134.841,1.895)	87.518	-73.6817
18.549149505596	7	(28.7662,194.703,1.895)	147.382	-78.2087
18.604964017577	2	(26.4868,85.3168,1.895)	40.1659	-66.9169
18.605159656343	8	(25.363,205.731,1.895)	160.483	-78.9484
18.610420700861	9	(28.4751,225.897,1.895)	180.586	-79.9735
18.619172076066	1	(29.9029,72.9168,1.895)	27.5988	-63.6576
18.620336667087	5	(25.9244,145.577,1.895)	100.348	-74.8699
18.625066219154	3	(29.5992,105.455,1.895)	60.1379	-70.4228
18.630111458793	6	(29.0372,165.668,1.895)	120.354	-76.449
18.641651904734	4	(29.3436,132.844,1.895)	87.5285	-73.6828
18.649149505596	7	(28.7848,192.713,1.895)	147.4	-78.2098
18.704964017577	2	(26.5056,83.3062,1.895)	40.1654	-66.9168
18.705159656343	8	(25.3817,203.722,1.895)	160.485	-78.9485
18.710420700861	9	(28.4938,223.89,1.895)	180.589	-79.9736
18.719172076066	1	(29.9216,70.9094,1.895)	27.6014	-63.6584
18.720336667087	5	(25.9432,143.566,1.895)	100.346	-74.8698
18.725066219154	3	(29.6179,103.449,1.895)	60.1427	-70.4235
18.730111458793	6	(29.056,163.658,1.895)	120.355	-76.449
18.741651904734	4	(29.3622,130.843,1.895)	87.5375	-73.6837
18.749149505596	7	(28.8033,190.726,1.895)	147.423	-78.2111
18.804964017577	2	(26.5244,81.2964,1.895)	40.1558	-66.9147
18.805159656343	8	(25.4004,201.718,1.895)	160.48	-78.9482
18.810420700861	9	(28.5125,221.882,1.895)	180.581	-79.9732
18.819172076066	1	(29.9403,68.9094,1.895)	27.6016	-63.6585
18.820336667087	5	(25.9619,141.555,1.895)	100.335	-74.8688
18.825066219154	3	(29.6366,101.449,1.895)	60.1424	-70.4234
18.830111458793	6	(29.0746,161.658,1.895)	120.354	-76.449
18.841651904734	4	(29.3809,128.846,1.895)	87.5412	-73.684
18.849149505596	7	(28.822,188.729,1.895)	147.426	-78.2113
18.904964017577	2	(26.5431,79.2871,1.895)	40.1529	-66.9141
18.905159656343	8	(25.4191,199.711,1.895)	160.48	-78.9482
18.910420700861	9	(28.5313,219.876,1.895)	180.581	-79.9732
18.919172076066	1	(29.9589,66.9144,1.895)	27.6129	-63.662
18.920336667087	5	(25.9806,139.552,1.895)	100.339	-74.8692
18.925066219154	3	(29.6553,99.4408,1.895)	60.1408	-70.4232
18.930111458793	6	(29.0934,159.647,1.895)	120.35	-76.4487
18.941651904734	4	(29.3995,126.853,1.895)	87.5537	-73.6853
18.949149505596	7	(28.8405,186.746,1.895)	147.45	-78.2127
19.004964017577	2	(26.5618,77.285,1.895)	40.1606	-66.9158
19.005159656343	8	(25.4378,197.712,1.895)	160.49	-78.9488
19.010420700861	9	(28.5499,217.875,1.895)	180.59	-79.9737
19.019172076066	1	(29.9776,64.9075,1.895)	27.6159	-63.663
19.020336667087	5	(25.9994,137.545,1.895)	100.342	-74.8694
19.025066219154	3	(29.6741,97.4334,1.895)	60.1432	-70.4235
19.030111458793	6	(29.1122,157.636,1.895)	120.349	-76.4486
19.041651904734	4	(29.4181,124.859,1.895)	87.5703	-73.6869
19.049149505596	7	(28.8591,184.75,1.895)	147.464	-78.2135
19.104964017577	2	(26.5805,75.2845,1.895)	40.1695	-66.9177
19.105159656343	8	(25.4565,195.709,1.895)	160.497	-78.9491
19.110420700861	9	(28.5687,215.869,1.895)	180.594	-79.9738
19.119172076066	1	(29.9963,62.9102,1.895)	27.628	-63.6668
19.120336667087	5	(26.0181,135.542,1.895)	100.348	-74.87
19.125066219154	3	(29.6927,95.4334,1.895)	60.1527	-70.4249
19.130111458793	6	(29.1309,155.632,1.895)	120.354	-76.449
19.141651904734	4	(29.4367,122.865,1.895)	87.585	-73.6884
19.149149505596	7	(28.8777,182.753,1.895)	147.476	-78.2142
19.204964017577	2	(26.5992,73.2791,1.895)	40.1727	-66.9184
19.205159656343	8	(25.4752,193.702,1.895)	160.499	-78.9492
19.210420700861	9	(28.5874,213.86,1.895)	180.593	-79.9738
19.219172076066	1	(30.015,60.9049,1.895)	27.6314	-63.6678
19.220336667087	5	(26.0368,133.538,1.895)	100.353	-74.8704
19.225066219154	3	(29.7114,93.4286,1.895)	60.1565	-70.4254
19.230111458793	6	(29.1496,153.622,1.895)	120.352	-76.4489
19.241651904734	4	(29.4553,120.869,1.895)	87.5983	-73.6897
19.249149505596	7	(28.8963,180.763,1.895)	147.495	-78.2153
19.304964017577	2	(26.6179,71.2761,1.895)	40.1804	-66.9201
19.305159656343	8	(25.494,191.693,1.895)	160.501	-78.9493
19.310420700861	9	(28.6062,211.851,1.895)	180.595	-79.9739
19.319172076066	1	(30.0337,58.9023,1.895)	27.6394	-63.6704
19.320336667087	5	(26.0555,131.533,1.895)	100.359	-74.8709
19.325066219154	3	(29.7301,91.4278,1.895)	60.1663	-70.4269
19.330111458793	6	(29.1684,151.615,1.895)	120.356	-76.4492
19.341651904734	4	(29.474,118.868,1.895)	87.6077	-73.6906
19.349149505596	7	(28.915,178.763,1.895)	147.506	-78.216
19.404964017577	2	(26.6367,69.2648,1.895)	40.1713	-66.9181
19.405159656343	8	(25.5126,189.694,1.895)	160.504	-78.9495
19.410420700861	9	(28.6249,209.841,1.895)	180.587	-79.9735
19.419172076066	1	(30.0524,56.8911,1.895)	27.6305	-63.6676
19.420336667087	5	(26.0742,129.529,1.895)	100.357	-74.8707
19.425066219154	3	(29.7488,89.4237,1.895)	60.1646	-70.4266
19.430111458793	6	(29.1871,149.611,1.895)	120.354	-76.449
19.441651904734	4	(29.4926,116.871,1.895)	87.6127	-73.6911
19.449149505596	7	(28.9336,176.772,1.895)	147.517	-78.2166
19.504964017577	2	(26.6554,67.254,1.895)	40.1598	-66.9156
19.505159656343	8	(25.5313,187.694,1.895)	160.503	-78.9494
19.510420700861	9	(28.6436,207.84,1.895)	180.585	-79.9734
19.519172076066	1	(30.0711,54.8962,1.895)	27.6349	-63.6689
19.520336667087	5	(26.0929,127.526,1.895)	100.353	-74.8704
19.525066219154	3	(29.7675,87.4197,1.895)	60.1598	-70.4259
19.530111458793	6	(29.2058,147.603,1.895)	120.346	-76.4484
19.541651904734	4	(29.5112,114.881,1.895)	87.6222	-73.6921
19.549149505596	7	(28.9521,174.782,1.895)	147.526	-78.2171
19.604964017577	2	(26.6742,65.246,1.895)	40.1584	-66.9153
19.605159656343	8	(25.55,185.689,1.895)	160.505	-78.9495
19.610420700861	9	(28.6623,205.837,1.895)	180.589	-79.9736
19.619172076066	1	(30.0896,52.9065,1.895)	27.6517	-63.6742
19.620336667087	5	(26.1116,125.525,1.895)	100.358	-74.8709
19.625066219154	3	(29.7862,85.4131,1.895)	60.1598	-70.4259
19.630111458793	6	(29.2245,145.603,1.895)	120.352	-76.4489
19.641651904734	4	(29.5298,112.885,1.895)	87.633	-73.6931
19.649149505596	7	(28.9708,172.785,1.895)	147.535	-78.2177
