1.129642230819	0	(26.8846,396.308,1.895)	20.0333	-60.8748
1.229642230819	0	(26.9033,394.301,1.895)	20.183	-60.9395
1.329642230819	0	(26.922,392.301,1.895)	20.3183	-60.9976
1.429642230819	0	(26.9406,390.302,1.895)	20.458	-61.0571
1.529642230819	0	(26.9594,388.295,1.895)	20.606	-61.1197
1.629642230819	0	(26.978,386.293,1.895)	20.7436	-61.1775
1.729642230819	0	(26.9968,384.288,1.895)	20.8822	-61.2353
1.829642230819	0	(27.0155,382.283,1.895)	21.0134	-61.2897
1.929642230819	0	(27.0341,380.283,1.895)	21.1437	-61.3434
2.029642230819	0	(27.0529,378.272,1.895)	21.28	-61.3992
2.104964017577	2	(23.3976,416.3,1.895)	18.9527	-60.3932
2.129642230819	0	(27.0717,376.262,1.895)	21.4079	-61.4513
2.204964017577	2	(23.4163,414.293,1.895)	18.8287	-60.3362
2.229642230819	0	(27.0903,374.261,1.895)	21.5279	-61.4998
2.304964017577	2	(23.435,412.291,1.895)	18.7052	-60.2791
2.329642230819	0	(27.1091,372.25,1.895)	21.6617	-61.5536
2.404964017577	2	(23.4537,410.291,1.895)	18.5981	-60.2292
2.429642230819	0	(27.1278,370.251,1.895)	21.7692	-61.5966
2.504964017577	2	(23.4724,408.289,1.895)	18.4832	-60.1753
2.529642230819	0	(27.1464,368.25,1.895)	21.886	-61.6431
2.604964017577	2	(23.4911,406.284,1.895)	18.3661	-60.1201
2.629642230819	0	(27.1651,366.248,1.895)	22.0017	-61.6889
2.704964017577	2	(23.5098,404.274,1.895)	18.2468	-60.0635
2.729642230819	0	(27.1838,364.245,1.895)	22.1152	-61.7336
2.804964017577	2	(23.5286,402.269,1.895)	18.1375	-60.0114
2.829642230819	0	(27.2026,362.235,1.895)	22.232	-61.7794
2.904964017577	2	(23.5472,400.27,1.895)	18.0416	-59.9653
2.929642230819	0	(27.2213,360.233,1.895)	22.3321	-61.8184
3.004964017577	2	(23.566,398.259,1.895)	17.9308	-59.9118
3.029642230819	0	(27.24,358.227,1.895)	22.4408	-61.8606
3.104964017577	2	(23.5847,396.251,1.895)	17.824	-59.8599
3.125066219154	3	(26.6976,416.34,1.895)	37.5752	-66.3378
3.129642230819	0	(27.2587,356.217,1.895)	22.5506	-61.9029
3.204964017577	2	(23.6035,394.245,1.895)	17.7269	-59.8124
3.225066219154	3	(26.7164,414.33,1.895)	37.4721	-66.3139
3.229642230819	0	(27.2775,354.208,1.895)	22.6526	-61.9422
3.304964017577	2	(23.6222,392.233,1.895)	17.6251	-59.7624
3.325066219154	3	(26.7351,412.32,1.895)	37.3702	-66.2903
3.329642230819	0	(27.2962,352.2,1.895)	22.7523	-61.9803
3.404964017577	2	(23.6409,390.229,1.895)	17.5317	-59.7163
3.425066219154	3	(26.7539,410.313,1.895)	37.2721	-66.2675
3.429642230819	0	(27.315,350.191,1.895)	22.8525	-62.0185
3.504964017577	2	(23.6596,388.23,1.895)	17.4447	-59.673
3.525066219154	3	(26.7726,408.307,1.895)	37.177	-66.2453
3.529642230819	0	(27.3337,348.191,1.895)	22.9417	-62.0523
3.604964017577	2	(23.6783,386.222,1.895)	17.3477	-59.6246
3.625066219154	3	(26.7912,406.307,1.895)	37.0852	-66.2238
3.629642230819	0	(27.3524,346.187,1.895)	23.0372	-62.0884
3.704964017577	2	(23.697,384.22,1.895)	17.2648	-59.583
3.725066219154	3	(26.8099,404.307,1.895)	37.0042	-66.2048
3.729642230819	0	(27.3711,344.176,1.895)	23.1295	-62.1231
3.804964017577	2	(23.7157,382.216,1.895)	17.181	-59.5407
3.825066219154	3	(26.8287,402.298,1.895)	36.9123	-66.1832
3.829642230819	0	(27.3898,342.173,1.895)	23.2151	-62.1552
3.904964017577	2	(23.7345,380.207,1.895)	17.0939	-59.4966
3.925066219154	3	(26.8473,400.295,1.895)	36.8306	-66.164
3.929642230819	0	(27.4086,340.165,1.895)	23.302	-62.1876
4.004964017577	2	(23.7532,378.199,1.895)	17.01	-59.4539
4.025066219154	3	(26.8661,398.288,1.895)	36.7452	-66.1438
4.029642230819	0	(27.4273,338.161,1.895)	23.3837	-62.2181
4.104964017577	2	(23.7719,376.195,1.895)	16.9273	-59.4115
4.125066219154	3	(26.8848,396.284,1.895)	36.6616	-66.124
4.129642230819	0	(27.446,336.15,1.895)	23.475	-62.2519
4.141651904734	4	(26.6976,416.34,1.895)	56.7186	-69.9143
4.204964017577	2	(23.7906,374.195,1.895)	16.8547	-59.3742
4.225066219154	3	(26.9035,394.275,1.895)	36.5778	-66.1041
4.229642230819	0	(27.4648,334.139,1.895)	23.5602	-62.2834
4.241651904734	4	(26.7149,414.487,1.895)	56.7913	-69.9254
4.304964017577	2	(23.8093,372.186,1.895)	16.7729	-59.3319
4.325066219154	3	(26.9222,392.27,1.895)	36.4998	-66.0856
4.329642230819	0	(27.4835,332.14,1.895)	23.6329	-62.3101
4.341651904734	4	(26.7323,412.622,1.895)	56.852	-69.9347
4.404964017577	2	(23.8281,370.179,1.895)	16.6883	-59.288
4.425066219154	3	(26.941,390.262,1.895)	36.4112	-66.0645
4.429642230819	0	(27.5022,330.134,1.895)	23.7186	-62.3416
4.441651904734	4	(26.7497,410.762,1.895)	56.9129	-69.944
4.504964017577	2	(23.8468,368.169,1.895)	16.6124	-59.2484
4.525066219154	3	(26.9597,388.258,1.895)	36.3405	-66.0476
4.529642230819	0	(27.5209,328.127,1.895)	23.7937	-62.369
4.541651904734	4	(26.7671,408.897,1.895)	56.9797	-69.9542
4.604964017577	2	(23.8656,366.162,1.895)	16.5328	-59.2067
4.625066219154	3	(26.9784,386.249,1.895)	36.2576	-66.0278
4.629642230819	0	(27.5397,326.117,1.895)	23.8773	-62.3995
4.641651904734	4	(26.7844,407.037,1.895)	57.0466	-69.9644
4.704964017577	2	(23.8843,364.154,1.895)	16.457	-59.1668
4.725066219154	3	(26.9972,384.237,1.895)	36.1756	-66.0081
4.729642230819	0	(27.5584,324.113,1.895)	23.9509	-62.4262
4.741651904734	4	(26.802,405.158,1.895)	57.0973	-69.9721
4.804964017577	2	(23.903,362.151,1.895)	16.3822	-59.1272
4.825066219154	3	(27.016,382.227,1.895)	36.0923	-65.9881
4.829642230819	0	(27.5771,322.112,1.895)	24.0246	-62.4529
4.841651904734	4	(26.8194,403.286,1.895)	57.1524	-69.9805
4.904964017577	2	(23.9217,360.151,1.895)	16.3139	-59.091
4.925066219154	3	(27.0347,380.221,1.895)	36.0165	-65.9698
4.929642230819	0	(27.5957,320.112,1.895)	24.0955	-62.4785
4.941651904734	4	(26.8369,401.412,1.895)	57.2079	-69.9889
5.004964017577	2	(23.9404,358.14,1.895)	16.2351	-59.0489
5.025066219154	3	(27.0534,378.219,1.895)	35.9449	-65.9525
5.029642230819	0	(27.6144,318.108,1.895)	24.1689	-62.5049
5.041651904734	4	(26.8545,399.527,1.895)	57.2542	-69.9959
5.104964017577	2	(23.9592,356.129,1.895)	16.1625	-59.01
5.120336667087	5	(23.3976,416.3,1.895)	76.0676	-72.4638
5.125066219154	3	(27.0721,376.22,1.895)	35.8828	-65.9375
5.129642230819	0	(27.6332,316.102,1.895)	24.2379	-62.5297
5.141651904734	4	(26.8721,397.644,1.895)	57.3085	-70.0042
5.204964017577	2	(23.978,354.121,1.895)	16.091	-58.9714
5.220336667087	5	(23.4163,414.295,1.895)	75.997	-72.4557
5.225066219154	3	(27.0908,374.212,1.895)	35.81	-65.9199
5.229642230819	0	(27.6519,314.091,1.895)	24.3134	-62.5567
5.241651904734	4	(26.8896,395.772,1.895)	57.371	-70.0136
5.304964017577	2	(23.9967,352.114,1.895)	16.0318	-58.9394
5.320336667087	5	(23.435,412.295,1.895)	75.9431	-72.4496
5.325066219154	3	(27.1095,372.209,1.895)	35.7531	-65.9061
5.329642230819	0	(27.6707,312.08,1.895)	24.3784	-62.5799
5.341651904734	4	(26.9072,393.885,1.895)	57.4303	-70.0226
5.404964017577	2	(24.0154,350.11,1.895)	15.9726	-58.9073
5.420336667087	5	(23.4537,410.294,1.895)	75.8866	-72.4431
5.425066219154	3	(27.1282,370.204,1.895)	35.692	-65.8912
5.429642230819	0	(27.6894,310.071,1.895)	24.4429	-62.6028
5.441651904734	4	(26.9247,392.005,1.895)	57.4942	-70.0323
5.504964017577	2	(24.0342,348.099,1.895)	15.9119	-58.8742
5.520336667087	5	(23.4723,408.294,1.895)	75.8353	-72.4372
5.525066219154	3	(27.1469,368.204,1.895)	35.6408	-65.8787
5.529642230819	0	(27.7081,308.067,1.895)	24.4987	-62.6227
5.541651904734	4	(26.9424,390.112,1.895)	57.5501	-70.0407
5.604964017577	2	(24.0529,346.091,1.895)	15.8422	-58.8361
5.620336667087	5	(23.4911,406.282,1.895)	75.7601	-72.4286
5.625066219154	3	(27.1656,366.194,1.895)	35.567	-65.8607
5.629642230819	0	(27.7268,306.064,1.895)	24.5655	-62.6463
5.641651904734	4	(26.96,388.227,1.895)	57.601	-70.0484
5.704964017577	2	(24.0716,344.089,1.895)	15.7851	-58.8047
5.720336667087	5	(23.5098,404.281,1.895)	75.7034	-72.4221
5.725066219154	3	(27.1844,364.184,1.895)	35.5017	-65.8448
5.729642230819	0	(27.7456,304.056,1.895)	24.6295	-62.6689
5.741651904734	4	(26.9777,386.327,1.895)	57.6452	-70.0551
5.804964017577	2	(24.0903,342.084,1.895)	15.7329	-58.7759
5.820336667087	5	(23.5285,402.277,1.895)	75.6496	-72.4159
5.825066219154	3	(27.2031,362.183,1.895)	35.4514	-65.8324
5.829642230819	0	(27.7644,302.044,1.895)	24.6903	-62.6903
5.841651904734	4	(26.9955,384.425,1.895)	57.6942	-70.0624
5.904964017577	2	(24.1091,340.073,1.895)	15.672	-58.7423
5.920336667087	5	(23.5472,400.267,1.895)	75.5893	-72.409
5.925066219154	3	(27.2218,360.174,1.895)	35.3925	-65.818
5.929642230819	0	(27.7831,300.041,1.895)	24.7438	-62.7091
5.941651904734	4	(27.0131,382.532,1.895)	57.7515	-70.0711
6.004964017577	2	(24.1278,338.07,1.895)	15.6163	-58.7113
6.020336667087	5	(23.566,398.258,1.895)	75.5265	-72.4018
6.025066219154	3	(27.2406,358.166,1.895)	35.3291	-65.8024
6.029642230819	0	(27.8017,298.041,1.895)	24.798	-62.7281
6.041651904734	4	(27.0309,380.632,1.895)	57.7967	-70.0779
6.104964017577	2	(24.1465,336.066,1.895)	15.5507	-58.6748
6.120336667087	5	(23.5847,396.252,1.895)	75.4571	-72.3938
6.125066219154	3	(27.2593,356.161,1.895)	35.2619	-65.7859
6.129642230819	0	(27.8204,296.037,1.895)	24.865	-62.7515
6.130111458793	6	(26.6976,416.34,1.895)	95.4433	-74.4347
6.141651904734	4	(27.0486,378.729,1.895)	57.8301	-70.0829
6.204964017577	2	(24.1651,334.066,1.895)	15.4999	-58.6464
6.220336667087	5	(23.6034,394.252,1.895)	75.406	-72.3879
6.225066219154	3	(27.278,354.155,1.895)	35.2041	-65.7717
6.229642230819	0	(27.8391,294.034,1.895)	24.9197	-62.7707
6.230111458793	6	(26.7163,414.341,1.895)	95.3925	-74.4301
6.241651904734	4	(27.0664,376.829,1.895)	57.8789	-70.0902
6.304964017577	2	(24.1838,332.063,1.895)	15.4427	-58.6142
6.320336667087	5	(23.6221,392.242,1.895)	75.3399	-72.3803
6.325066219154	3	(27.2967,352.154,1.895)	35.147	-65.7576
6.329642230819	0	(27.8579,292.026,1.895)	24.9836	-62.7929
6.330111458793	6	(26.735,412.334,1.895)	95.3299	-74.4244
6.341651904734	4	(27.0842,374.92,1.895)	57.9145	-70.0955
6.404964017577	2	(24.2025,330.06,1.895)	15.3928	-58.5861
6.420336667087	5	(23.6408,390.241,1.895)	75.2915	-72.3747
6.425066219154	3	(27.3154,350.146,1.895)	35.0911	-65.7437
6.429642230819	0	(27.8766,290.017,1.895)	25.0402	-62.8126
6.430111458793	6	(26.7536,410.335,1.895)	95.2825	-74.4201
6.441651904734	4	(27.1019,373.02,1.895)	57.9662	-70.1033
6.504964017577	2	(24.2212,328.057,1.895)	15.3436	-58.5583
6.520336667087	5	(23.6595,388.237,1.895)	75.2399	-72.3688
6.525066219154	3	(27.3341,348.14,1.895)	35.0383	-65.7306
6.529642230819	0	(27.8953,288.015,1.895)	25.0902	-62.8299
6.530111458793	6	(26.7723,408.335,1.895)	95.2356	-74.4158
6.541651904734	4	(27.1198,371.108,1.895)	58.0064	-70.1093
6.604964017577	2	(24.24,326.048,1.895)	15.2875	-58.5265
6.620336667087	5	(23.6782,386.234,1.895)	75.1879	-72.3627
6.625066219154	3	(27.3528,346.137,1.895)	34.9858	-65.7176
6.629642230819	0	(27.914,286.008,1.895)	25.1455	-62.849
6.630111458793	6	(26.791,406.329,1.895)	95.1813	-74.4108
6.641651904734	4	(27.1376,369.196,1.895)	58.0467	-70.1153
6.704964017577	2	(24.2587,324.036,1.895)	15.2295	-58.4935
6.720336667087	5	(23.6969,384.228,1.895)	75.1344	-72.3566
6.725066219154	3	(27.3715,344.133,1.895)	34.9347	-65.7049
6.729642230819	0	(27.9328,284,1.895)	25.2013	-62.8683
6.730111458793	6	(26.8098,404.321,1.895)	95.1254	-74.4057
6.741651904734	4	(27.1555,367.281,1.895)	58.0832	-70.1208
6.804964017577	2	(24.2775,322.029,1.895)	15.1819	-58.4663
6.820336667087	5	(23.7157,382.224,1.895)	75.0886	-72.3513
6.825066219154	3	(27.3902,342.133,1.895)	34.8923	-65.6944
6.829642230819	0	(27.9515,281.998,1.895)	25.2455	-62.8835
6.830111458793	6	(26.8285,402.311,1.895)	95.0728	-74.4009
6.841651904734	4	(27.1734,365.362,1.895)	58.1223	-70.1266
6.904964017577	2	(24.2962,320.021,1.895)	15.1301	-58.4366
6.920336667087	5	(23.7344,380.213,1.895)	75.033	-72.3448
6.925066219154	3	(27.4089,340.128,1.895)	34.843	-65.6821
6.929642230819	0	(27.9702,279.993,1.895)	25.295	-62.9005
6.930111458793	6	(26.8472,400.306,1.895)	95.0234	-74.3964
6.941651904734	4	(27.1912,363.449,1.895)	58.1645	-70.133
7.004964017577	2	(24.315,318.01,1.895)	15.0741	-58.4044
7.020336667087	5	(23.7531,378.21,1.895)	74.9837	-72.3391
7.025066219154	3	(27.4276,338.121,1.895)	34.7893	-65.6687
7.029642230819	0	(27.9888,277.994,1.895)	25.3403	-62.916
7.030111458793	6	(26.866,398.297,1.895)	94.9683	-74.3914
7.041651904734	4	(27.2092,361.53,1.895)	58.1993	-70.1381
7.104964017577	2	(24.3337,316.01,1.895)	15.0327	-58.3805
7.120336667087	5	(23.7719,376.2,1.895)	74.9315	-72.3331
7.125066219154	3	(27.4464,336.114,1.895)	34.7408	-65.6566
7.129642230819	0	(28.0076,275.987,1.895)	25.3897	-62.9329
7.130111458793	6	(26.8847,396.297,1.895)	94.9258	-74.3875
7.141651904734	4	(27.2271,359.613,1.895)	58.2404	-70.1443
7.149149505596	7	(26.6976,416.34,1.895)	114.97	-76.0515
7.204964017577	2	(24.3523,314.008,1.895)	14.9929	-58.3575
7.220336667087	5	(23.7906,374.195,1.895)	74.8873	-72.3279
7.225066219154	3	(27.4651,334.104,1.895)	34.6908	-65.6441
7.229642230819	0	(28.0263,273.984,1.895)	25.4318	-62.9473
7.230111458793	6	(26.9033,394.297,1.895)	94.8864	-74.3839
7.241651904734	4	(27.2451,357.684,1.895)	58.2723	-70.149
7.249149505596	7	(26.7149,414.487,1.895)	115.077	-76.0596
7.304964017577	2	(24.371,312.006,1.895)	14.9442	-58.3293
7.320336667087	5	(23.8093,372.189,1.895)	74.8342	-72.3218
7.325066219154	3	(27.4839,332.094,1.895)	34.6335	-65.6297
7.329642230819	0	(28.0449,271.985,1.895)	25.4781	-62.9631
7.330111458793	6	(26.922,392.296,1.895)	94.8385	-74.3795
7.341651904734	4	(27.263,355.761,1.895)	58.3016	-70.1534
7.349149505596	7	(26.7323,412.627,1.895)	115.17	-76.0666
7.404964017577	2	(24.3898,309.996,1.895)	14.8949	-58.3005
7.420336667087	5	(23.828,370.184,1.895)	74.7881	-72.3164
7.425066219154	3	(27.5027,330.083,1.895)	34.5823	-65.6169
7.429642230819	0	(28.0636,269.981,1.895)	25.5229	-62.9784
7.430111458793	6	(26.9407,390.295,1.895)	94.7967	-74.3757
7.441651904734	4	(27.281,353.835,1.895)	58.3345	-70.1583
7.449149505596	7	(26.7495,410.774,1.895)	115.277	-76.0746
7.504964017577	2	(24.4085,307.994,1.895)	14.8589	-58.2795
7.520336667087	5	(23.8468,368.177,1.895)	74.7461	-72.3116
7.525066219154	3	(27.5214,328.077,1.895)	34.5401	-65.6063
7.529642230819	0	(28.0823,267.976,1.895)	25.5629	-62.992
7.530111458793	6	(26.9595,388.284,1.895)	94.7501	-74.3714
7.541651904734	4	(27.2991,351.897,1.895)	58.3612	-70.1623
7.549149505596	7	(26.7669,408.92,1.895)	115.387	-76.0829
7.604964017577	2	(24.4272,305.992,1.895)	14.8192	-58.2563
7.620336667087	5	(23.8655,366.17,1.895)	74.7012	-72.3063
7.625066219154	3	(27.5401,326.074,1.895)	34.4997	-65.5961
7.629642230819	0	(28.101,265.97,1.895)	25.6069	-63.0069
7.630111458793	6	(26.9781,386.283,1.895)	94.7116	-74.3678
7.641651904734	4	(27.3171,349.961,1.895)	58.3875	-70.1662
7.649149505596	7	(26.7843,407.046,1.895)	115.475	-76.0896
7.704964017577	2	(24.4458,303.992,1.895)	14.7874	-58.2376
7.720336667087	5	(23.8843,364.159,1.895)	74.6562	-72.3011
7.725066219154	3	(27.5589,324.062,1.895)	34.4545	-65.5847
7.729642230819	0	(28.1197,263.969,1.895)	25.641	-63.0185
7.730111458793	6	(26.9969,384.276,1.895)	94.6709	-74.3641
7.741651904734	4	(27.3351,348.037,1.895)	58.4298	-70.1725
7.749149505596	7	(26.8017,405.186,1.895)	115.582	-76.0976
7.804964017577	2	(24.4645,301.99,1.895)	14.7476	-58.2142
7.820336667087	5	(23.903,362.156,1.895)	74.6157	-72.2964
7.825066219154	3	(27.5776,322.057,1.895)	34.4109	-65.5737
7.829642230819	0	(28.1385,261.96,1.895)	25.6892	-63.0348
7.830111458793	6	(27.0156,382.265,1.895)	94.6212	-74.3596
7.841651904734	4	(27.3532,346.099,1.895)	58.4541	-70.1761
7.849149505596	7	(26.8192,403.31,1.895)	115.667	-76.104
7.904964017577	2	(24.4833,299.981,1.895)	14.7112	-58.1928
7.920336667087	5	(23.9217,360.147,1.895)	74.5781	-72.292
7.925066219154	3	(27.5963,320.056,1.895)	34.3813	-65.5662
7.929642230819	0	(28.1573,259.948,1.895)	25.7289	-63.0482
7.930111458793	6	(27.0344,380.256,1.895)	94.5842	-74.3562
7.941651904734	4	(27.3712,344.166,1.895)	58.4927	-70.1818
7.949149505596	7	(26.8367,401.434,1.895)	115.763	-76.1112
8.004964017577	2	(24.502,297.973,1.895)	14.6736	-58.1705
8.020336667087	5	(23.9404,358.147,1.895)	74.5473	-72.2884
8.025066219154	3	(27.6149,318.053,1.895)	34.3472	-65.5576
8.029642230819	0	(28.1759,257.948,1.895)	25.7601	-63.0587
8.030111458793	6	(27.0532,378.244,1.895)	94.5414	-74.3522
8.041651904734	4	(27.3892,342.236,1.895)	58.5315	-70.1876
8.049149505596	7	(26.8542,399.557,1.895)	115.855	-76.1181
8.104964017577	2	(24.5208,295.963,1.895)	14.6317	-58.1457
8.105159656343	8	(23.3976,416.3,1.895)	134.637	-77.4231
8.120336667087	5	(23.9591,356.142,1.895)	74.5087	-72.2839
8.125066219154	3	(27.6337,316.048,1.895)	34.3095	-65.5481
8.129642230819	0	(28.1946,255.944,1.895)	25.7972	-63.0712
8.130111458793	6	(27.0719,376.235,1.895)	94.4993	-74.3484
8.141651904734	4	(27.4073,340.305,1.895)	58.5672	-70.1929
8.149149505596	7	(26.8718,397.677,1.895)	115.942	-76.1246
8.204964017577	2	(24.5395,293.955,1.895)	14.5847	-58.1177
8.205159656343	8	(23.4163,414.297,1.895)	134.594	-77.4203
8.220336667087	5	(23.9778,354.138,1.895)	74.465	-72.2788
8.225066219154	3	(27.6524,314.044,1.895)	34.2655	-65.5369
8.229642230819	0	(28.2133,253.939,1.895)	25.842	-63.0863
8.230111458793	6	(27.0906,374.233,1.895)	94.457	-74.3445
8.241651904734	4	(27.4253,338.372,1.895)	58.5943	-70.1969
8.249149505596	7	(26.8893,395.797,1.895)	116.022	-76.1306
8.304964017577	2	(24.5583,291.947,1.895)	14.5483	-58.096
8.305159656343	8	(23.435,412.29,1.895)	134.558	-77.418
8.320336667087	5	(23.9965,352.133,1.895)	74.4308	-72.2748
8.325066219154	3	(27.6711,312.035,1.895)	34.2269	-65.5271
8.329642230819	0	(28.2321,251.93,1.895)	25.8807	-63.0993
8.330111458793	6	(27.1093,372.224,1.895)	94.4184	-74.3409
8.341651904734	4	(27.4434,336.43,1.895)	58.6231	-70.2012
8.349149505596	7	(26.9069,393.92,1.895)	116.115	-76.1376
8.404964017577	2	(24.577,289.943,1.895)	14.5096	-58.0729
8.405159656343	8	(23.4537,410.284,1.895)	134.517	-77.4153
8.420336667087	5	(24.0152,350.131,1.895)	74.3934	-72.2705
8.425066219154	3	(27.6899,310.026,1.895)	34.1827	-65.5159
8.429642230819	0	(28.2508,249.924,1.895)	25.9215	-63.113
8.430111458793	6	(27.1281,370.215,1.895)	94.3746	-74.3369
8.441651904734	4	(27.4615,334.49,1.895)	58.6475	-70.2048
8.449149505596	7	(26.9246,392.023,1.895)	116.183	-76.1427
8.504964017577	2	(24.5957,287.932,1.895)	14.4706	-58.0495
8.505159656343	8	(23.4725,408.278,1.895)	134.482	-77.4131
8.520336667087	5	(24.034,348.12,1.895)	74.3534	-72.2658
8.525066219154	3	(27.7085,308.025,1.895)	34.1533	-65.5084
8.529642230819	0	(28.2695,247.919,1.895)	25.9559	-63.1245
8.530111458793	6	(27.1468,368.216,1.895)	94.3464	-74.3343
8.541651904734	4	(27.4797,332.548,1.895)	58.6771	-70.2092
8.549149505596	7	(26.9422,390.129,1.895)	116.26	-76.1484
8.604964017577	2	(24.6144,285.928,1.895)	14.4326	-58.0267
8.605159656343	8	(23.4912,406.273,1.895)	134.442	-77.4105
8.620336667087	5	(24.0527,346.11,1.895)	74.3086	-72.2606
8.625066219154	3	(27.7273,306.014,1.895)	34.107	-65.4967
8.629642230819	0	(28.2883,245.907,1.895)	26.0028	-63.1402
8.630111458793	6	(27.1655,366.213,1.895)	94.3081	-74.3308
8.641651904734	4	(27.4977,330.613,1.895)	58.707	-70.2136
8.649149505596	7	(26.9599,388.241,1.895)	116.337	-76.1542
8.704964017577	2	(24.6332,283.922,1.895)	14.3976	-58.0056
8.705159656343	8	(23.5099,404.268,1.895)	134.407	-77.4082
8.720336667087	5	(24.0714,344.107,1.895)	74.2756	-72.2567
8.725066219154	3	(27.746,304.012,1.895)	34.0744	-65.4883
8.729642230819	0	(28.307,243.903,1.895)	26.0368	-63.1515
8.730111458793	6	(27.1842,364.207,1.895)	94.2723	-74.3275
8.741651904734	4	(27.5158,328.671,1.895)	58.7351	-70.2177
8.749149505596	7	(26.9776,386.345,1.895)	116.411	-76.1597
8.804964017577	2	(24.6519,281.916,1.895)	14.3668	-57.987
8.805159656343	8	(23.5286,402.268,1.895)	134.381	-77.4065
8.820336667087	5	(24.0901,342.104,1.895)	74.2467	-72.2533
8.825066219154	3	(27.7648,302,1.895)	34.037	-65.4788
8.829642230819	0	(28.3258,241.895,1.895)	26.071	-63.163
8.830111458793	6	(27.2029,362.205,1.895)	94.2445	-74.3249
8.841651904734	4	(27.534,326.725,1.895)	58.7634	-70.2219
8.849149505596	7	(26.9952,384.453,1.895)	116.494	-76.1658
8.904964017577	2	(24.6706,279.908,1.895)	14.3328	-57.9664
8.905159656343	8	(23.5473,400.261,1.895)	134.347	-77.4043
8.920336667087	5	(24.1088,340.104,1.895)	74.2193	-72.2501
8.925066219154	3	(27.7835,299.992,1.895)	34.0021	-65.4699
8.929642230819	0	(28.3445,239.891,1.895)	26.1018	-63.1732
8.930111458793	6	(27.2216,360.2,1.895)	94.2121	-74.3219
8.941651904734	4	(27.5522,324.778,1.895)	58.7893	-70.2258
8.949149505596	7	(27.0129,382.559,1.895)	116.572	-76.1717
9.004964017577	2	(24.6894,277.896,1.895)	14.2933	-57.9425
9.005159656343	8	(23.566,398.254,1.895)	134.31	-77.402
9.020336667087	5	(24.1275,338.103,1.895)	74.1902	-72.2467
9.025066219154	3	(27.8022,297.991,1.895)	33.9719	-65.4622
9.029642230819	0	(28.3632,237.883,1.895)	26.1388	-63.1855
9.030111458793	6	(27.2403,358.19,1.895)	94.174	-74.3184
9.041651904734	4	(27.5703,322.834,1.895)	58.8166	-70.2298
9.049149505596	7	(27.0306,380.661,1.895)	116.645	-76.1771
9.104964017577	2	(24.7081,275.897,1.895)	14.2732	-57.9302
9.105159656343	8	(23.5847,396.251,1.895)	134.286	-77.4004
9.110420700861	9	(26.6976,416.34,1.895)	154.305	-78.6074
9.120336667087	5	(24.1462,336.097,1.895)	74.163	-72.2435
9.125066219154	3	(27.8209,295.989,1.895)	33.949	-65.4563
9.129642230819	0	(28.3819,235.877,1.895)	26.1657	-63.1944
9.130111458793	6	(27.2591,356.181,1.895)	94.1438	-74.3156
9.141651904734	4	(27.5884,320.895,1.895)	58.8562	-70.2356
9.149149505596	7	(27.0484,378.757,1.895)	116.721	-76.1827
9.204964017577	2	(24.7268,273.888,1.895)	14.2387	-57.9092
9.205159656343	8	(23.6035,394.241,1.895)	134.25	-77.3981
9.210420700861	9	(26.7164,414.33,1.895)	154.268	-78.6053
9.220336667087	5	(24.1649,334.089,1.895)	74.1284	-72.2395
9.225066219154	3	(27.8396,293.983,1.895)	33.9163	-65.448
9.229642230819	0	(28.4006,233.878,1.895)	26.192	-63.2032
9.230111458793	6	(27.2778,354.179,1.895)	94.1142	-74.3129
9.241651904734	4	(27.6066,318.943,1.895)	58.8768	-70.2387
9.249149505596	7	(27.0662,376.845,1.895)	116.782	-76.1873
9.304964017577	2	(24.7455,271.882,1.895)	14.2025	-57.8871
9.305159656343	8	(23.6222,392.234,1.895)	134.212	-77.3956
9.310420700861	9	(26.735,412.329,1.895)	154.236	-78.6035
9.320336667087	5	(24.1836,332.087,1.895)	74.0952	-72.2356
9.325066219154	3	(27.8583,291.974,1.895)	33.8764	-65.4377
9.329642230819	0	(28.4193,231.874,1.895)	26.2264	-63.2145
9.330111458793	6	(27.2965,352.169,1.895)	94.0739	-74.3092
9.341651904734	4	(27.6249,316.989,1.895)	58.8924	-70.241
9.349149505596	7	(27.084,374.942,1.895)	116.848	-76.1922
9.404964017577	2	(24.7642,269.881,1.895)	14.1752	-57.8703
9.405159656343	8	(23.641,390.224,1.895)	134.175	-77.3932
9.410420700861	9	(26.7537,410.326,1.895)	154.206	-78.6018
9.420336667087	5	(24.2023,330.085,1.895)	74.0656	-72.2321
9.425066219154	3	(27.8771,289.966,1.895)	33.8406	-65.4285
9.429642230819	0	(28.438,229.871,1.895)	26.257	-63.2247
9.430111458793	6	(27.3153,350.159,1.895)	94.0368	-74.3057
9.441651904734	4	(27.6432,315.03,1.895)	58.9055	-70.2429
9.449149505596	7	(27.1018,373.032,1.895)	116.911	-76.1969
9.504964017577	2	(24.7829,267.874,1.895)	14.1464	-57.8527
9.505159656343	8	(23.6597,388.22,1.895)	134.147	-77.3914
9.510420700861	9	(26.7725,408.316,1.895)	154.173	-78.5999
9.520336667087	5	(24.221,328.079,1.895)	74.0369	-72.2288
9.525066219154	3	(27.8958,287.956,1.895)	33.8084	-65.4203
9.529642230819	0	(28.4566,227.87,1.895)	26.2809	-63.2326
9.530111458793	6	(27.334,348.15,1.895)	94.0041	-74.3027
9.541651904734	4	(27.6614,313.07,1.895)	58.9232	-70.2455
9.549149505596	7	(27.1197,371.118,1.895)	116.974	-76.2015
9.604964017577	2	(24.8017,265.867,1.895)	14.1084	-57.8294
9.605159656343	8	(23.6784,386.22,1.895)	134.116	-77.3894
9.610420700861	9	(26.7912,406.306,1.895)	154.132	-78.5976
9.620336667087	5	(24.2397,326.076,1.895)	74.0027	-72.2247
9.625066219154	3	(27.9145,285.954,1.895)	33.7744	-65.4115
9.629642230819	0	(28.4754,225.858,1.895)	26.3242	-63.2469
9.630111458793	6	(27.3528,346.139,1.895)	93.9616	-74.2988
9.641651904734	4	(27.6797,311.117,1.895)	58.9382	-70.2477
9.649149505596	7	(27.1375,369.207,1.895)	117.031	-76.2058
9.704964017577	2	(24.8204,263.856,1.895)	14.0785	-57.8109
9.705159656343	8	(23.6971,384.215,1.895)	134.091	-77.3878
9.710420700861	9	(26.81,404.298,1.895)	154.104	-78.5961
9.720336667087	5	(24.2584,324.074,1.895)	73.9805	-72.2221
9.725066219154	3	(27.9333,283.943,1.895)	33.7431	-65.4035
9.729642230819	0	(28.4941,223.856,1.895)	26.3466	-63.2543
9.730111458793	6	(27.3716,344.13,1.895)	93.9324	-74.2961
9.741651904734	4	(27.6978,309.171,1.895)	58.9726	-70.2528
9.749149505596	7	(27.1554,367.285,1.895)	117.089	-76.2101
9.804964017577	2	(24.8392,261.847,1.895)	14.0509	-57.7938
9.805159656343	8	(23.7158,382.205,1.895)	134.061	-77.3858
9.810420700861	9	(26.8287,402.297,1.895)	154.083	-78.5949
9.820336667087	5	(24.2771,322.071,1.895)	73.9578	-72.2195
9.825066219154	3	(27.952,281.938,1.895)	33.7187	-65.3972
9.829642230819	0	(28.5129,221.845,1.895)	26.3774	-63.2644
9.830111458793	6	(27.3903,342.118,1.895)	93.9009	-74.2932
9.841651904734	4	(27.7161,307.216,1.895)	58.9981	-70.2565
9.849149505596	7	(27.1733,365.368,1.895)	117.152	-76.2148
9.904964017577	2	(24.8579,259.846,1.895)	14.0304	-57.7812
9.905159656343	8	(23.7346,380.196,1.895)	134.033	-77.384
9.910420700861	9	(26.8474,400.293,1.895)	154.059	-78.5935
9.920336667087	5	(24.2957,320.072,1.895)	73.9394	-72.2173
9.925066219154	3	(27.9708,279.929,1.895)	33.6897	-65.3897
9.929642230819	0	(28.5316,219.842,1.895)	26.3996	-63.2717
9.930111458793	6	(27.4091,340.112,1.895)	93.8763	-74.2909
9.941651904734	4	(27.7344,305.255,1.895)	59.0172	-70.2594
9.949149505596	7	(27.1913,363.444,1.895)	117.209	-76.219
10.004964017577	2	(24.8765,257.846,1.895)	14.0093	-57.7681
10.005159656343	8	(23.7532,378.196,1.895)	134.01	-77.3826
10.010420700861	9	(26.866,398.292,1.895)	154.036	-78.5922
10.020336667087	5	(24.3144,318.07,1.895)	73.9152	-72.2145
10.025066219154	3	(27.9895,277.919,1.895)	33.6581	-65.3816
10.029642230819	0	(28.5503,217.838,1.895)	26.4262	-63.2805
10.030111458793	6	(27.4278,338.106,1.895)	93.8477	-74.2883
10.041651904734	4	(27.7526,303.3,1.895)	59.0398	-70.2627
10.049149505596	7	(27.2092,361.522,1.895)	117.264	-76.2231
10.104964017577	2	(24.8952,255.847,1.895)	13.9835	-57.7521
10.105159656343	8	(23.7719,376.196,1.895)	133.984	-77.3808
10.110420700861	9	(26.8848,396.287,1.895)	154.004	-78.5904
10.120336667087	5	(24.3331,316.065,1.895)	73.8827	-72.2106
10.125066219154	3	(28.0082,275.914,1.895)	33.6255	-65.3732
10.129642230819	0	(28.569,215.835,1.895)	26.4558	-63.2902
10.130111458793	6	(27.4465,336.104,1.895)	93.818	-74.2855
10.141651904734	4	(27.7709,301.34,1.895)	59.0531	-70.2646
10.149149505596	7	(27.2271,359.605,1.895)	117.32	-76.2272
10.204964017577	2	(24.9139,253.839,1.895)	13.9511	-57.7319
10.205159656343	8	(23.7906,374.195,1.895)	133.958	-77.3791
10.210420700861	9	(26.9034,394.286,1.895)	153.978	-78.5889
10.220336667087	5	(24.3518,314.064,1.895)	73.8566	-72.2076
10.225066219154	3	(28.0269,273.912,1.895)	33.5983	-65.3661
10.229642230819	0	(28.5877,213.826,1.895)	26.4905	-63.3016
10.230111458793	6	(27.4651,334.104,1.895)	93.7934	-74.2832
10.241651904734	4	(27.7893,299.375,1.895)	59.0621	-70.266
10.249149505596	7	(27.2451,357.682,1.895)	117.372	-76.2311
10.304964017577	2	(24.9327,251.829,1.895)	13.9246	-57.7154
10.305159656343	8	(23.8092,372.196,1.895)	133.941	-77.3781
10.310420700861	9	(26.9222,392.278,1.895)	153.952	-78.5875
10.320336667087	5	(24.3705,312.062,1.895)	73.8376	-72.2053
10.325066219154	3	(28.0456,271.91,1.895)	33.5789	-65.3611
10.329642230819	0	(28.6064,211.827,1.895)	26.5069	-63.307
10.330111458793	6	(27.4839,332.092,1.895)	93.7643	-74.2805
10.341651904734	4	(27.8075,297.418,1.895)	59.0878	-70.2697
10.349149505596	7	(27.263,355.765,1.895)	117.438	-76.2359
10.404964017577	2	(24.9514,249.822,1.895)	13.8887	-57.693
10.405159656343	8	(23.828,370.186,1.895)	133.901	-77.3755
10.410420700861	9	(26.9409,390.267,1.895)	153.912	-78.5852
10.420336667087	5	(24.3892,310.056,1.895)	73.8013	-72.2011
10.425066219154	3	(28.0644,269.902,1.895)	33.541	-65.3513
10.429642230819	0	(28.6251,209.82,1.895)	26.5431	-63.3188
10.430111458793	6	(27.5026,330.086,1.895)	93.7277	-74.2771
10.441651904734	4	(27.8259,295.455,1.895)	59.0959	-70.2709
10.449149505596	7	(27.281,353.834,1.895)	117.477	-76.2388
10.504964017577	2	(24.9702,247.813,1.895)	13.8569	-57.6731
10.505159656343	8	(23.8468,368.175,1.895)	133.867	-77.3732
10.510420700861	9	(26.9596,388.265,1.895)	153.886	-78.5838
10.520336667087	5	(24.4079,308.056,1.895)	73.7784	-72.1984
10.525066219154	3	(28.0831,267.897,1.895)	33.5127	-65.344
10.529642230819	0	(28.6438,207.814,1.895)	26.5735	-63.3288
10.530111458793	6	(27.5214,328.078,1.895)	93.6965	-74.2743
10.541651904734	4	(27.8441,293.498,1.895)	59.1144	-70.2737
10.549149505596	7	(27.2989,351.911,1.895)	117.53	-76.2428
10.604964017577	2	(24.9889,245.813,1.895)	13.8412	-57.6633
10.605159656343	8	(23.8655,366.174,1.895)	133.849	-77.3721
10.610420700861	9	(26.9783,386.264,1.895)	153.868	-78.5828
10.620336667087	5	(24.4266,306.05,1.895)	73.7557	-72.1957
10.625066219154	3	(28.1018,265.89,1.895)	33.4898	-65.3381
10.629642230819	0	(28.6626,205.806,1.895)	26.5969	-63.3364
10.630111458793	6	(27.5401,326.07,1.895)	93.6723	-74.272
10.641651904734	4	(27.8625,291.531,1.895)	59.1311	-70.2761
10.649149505596	7	(27.317,349.979,1.895)	117.582	-76.2466
10.704964017577	2	(25.0076,243.804,1.895)	13.8214	-57.6508
10.705159656343	8	(23.8842,364.163,1.895)	133.827	-77.3707
10.710420700861	9	(26.997,384.259,1.895)	153.852	-78.5818
10.720336667087	5	(24.4453,304.05,1.895)	73.7444	-72.1944
10.725066219154	3	(28.1205,263.891,1.895)	33.4788	-65.3352
10.729642230819	0	(28.6813,203.799,1.895)	26.6162	-63.3427
10.730111458793	6	(27.5589,324.058,1.895)	93.649	-74.2699
10.741651904734	4	(27.8808,289.569,1.895)	59.1581	-70.2801
10.749149505596	7	(27.3351,348.04,1.895)	117.631	-76.2502
10.804964017577	2	(25.0263,241.802,1.895)	13.8087	-57.6429
10.805159656343	8	(23.903,362.153,1.895)	133.806	-77.3693
10.810420700861	9	(27.0157,382.257,1.895)	153.839	-78.5811
10.820336667087	5	(24.464,302.042,1.895)	73.7253	-72.1921
10.825066219154	3	(28.1392,261.882,1.895)	33.4589	-65.33
10.829642230819	0	(28.7,201.798,1.895)	26.6278	-63.3465
10.830111458793	6	(27.5776,322.055,1.895)	93.6348	-74.2685
10.841651904734	4	(27.8991,287.605,1.895)	59.1825	-70.2837
10.849149505596	7	(27.3531,346.105,1.895)	117.685	-76.2542
10.904964017577	2	(25.045,239.793,1.895)	13.7779	-57.6234
10.905159656343	8	(23.9217,360.147,1.895)	133.777	-77.3674
10.910420700861	9	(27.0345,380.246,1.895)	153.805	-78.5792
10.920336667087	5	(24.4828,300.036,1.895)	73.696	-72.1887
10.925066219154	3	(28.1579,259.881,1.895)	33.4347	-65.3237
10.929642230819	0	(28.7187,199.796,1.895)	26.653	-63.3547
10.930111458793	6	(27.5963,320.048,1.895)	93.6047	-74.2657
10.941651904734	4	(27.9174,285.642,1.895)	59.1966	-70.2857
10.949149505596	7	(27.3711,344.176,1.895)	117.734	-76.2578
11.004964017577	2	(25.0638,237.785,1.895)	13.7555	-57.6093
11.005159656343	8	(23.9405,358.137,1.895)	133.752	-77.3658
11.010420700861	9	(27.0532,378.241,1.895)	153.785	-78.5781
11.020336667087	5	(24.5015,298.027,1.895)	73.6728	-72.1859
11.025066219154	3	(28.1766,257.875,1.895)	33.4143	-65.3184
11.029642230819	0	(28.7374,197.792,1.895)	26.6719	-63.3609
11.030111458793	6	(27.615,318.043,1.895)	93.5844	-74.2639
11.041651904734	4	(27.9358,283.677,1.895)	59.2174	-70.2888
11.049149505596	7	(27.3892,342.237,1.895)	117.78	-76.2612
11.104964017577	2	(25.0825,235.779,1.895)	13.7294	-57.5928
11.105159656343	8	(23.9592,356.134,1.895)	133.728	-77.3642
11.110420700861	9	(27.0719,376.239,1.895)	153.763	-78.5768
11.120336667087	5	(24.5202,296.022,1.895)	73.6468	-72.1829
11.125066219154	3	(28.1953,255.874,1.895)	33.3925	-65.3128
11.129642230819	0	(28.7561,195.785,1.895)	26.6991	-63.3697
11.130111458793	6	(27.6338,316.036,1.895)	93.5571	-74.2613
11.141651904734	4	(27.9542,281.708,1.895)	59.227	-70.2902
11.149149505596	7	(27.4073,340.299,1.895)	117.821	-76.2643
11.204964017577	2	(25.1013,233.769,1.895)	13.7099	-57.5804
11.205159656343	8	(23.9778,354.132,1.895)	133.716	-77.3634
11.210420700861	9	(27.0905,374.238,1.895)	153.751	-78.5762
11.220336667087	5	(24.5389,294.017,1.895)	73.631	-72.181
11.225066219154	3	(28.214,253.871,1.895)	33.3785	-65.3091
11.229642230819	0	(28.7749,193.775,1.895)	26.7205	-63.3767
11.230111458793	6	(27.6525,314.027,1.895)	93.5373	-74.2595
11.241651904734	4	(27.9725,279.747,1.895)	59.2559	-70.2944
11.249149505596	7	(27.4254,338.365,1.895)	117.876	-76.2683
11.304964017577	2	(25.1199,231.767,1.895)	13.6979	-57.5729
11.305159656343	8	(23.9966,352.124,1.895)	133.697	-77.3622
11.310420700861	9	(27.1092,372.238,1.895)	153.74	-78.5755
11.320336667087	5	(24.5576,292.014,1.895)	73.6174	-72.1794
11.325066219154	3	(28.2327,251.86,1.895)	33.357	-65.3035
11.329642230819	0	(28.7936,191.765,1.895)	26.7406	-63.3832
11.330111458793	6	(27.6713,312.015,1.895)	93.515	-74.2574
11.341651904734	4	(27.9908,277.782,1.895)	59.2805	-70.298
11.349149505596	7	(27.4435,336.42,1.895)	117.921	-76.2716
11.404964017577	2	(25.1387,229.76,1.895)	13.6792	-57.561
11.405159656343	8	(24.0153,350.114,1.895)	133.675	-77.3608
11.410420700861	9	(27.1279,370.232,1.895)	153.723	-78.5745
11.420336667087	5	(24.5764,290.004,1.895)	73.5951	-72.1768
11.425066219154	3	(28.2514,249.86,1.895)	33.3448	-65.3004
11.429642230819	0	(28.8123,189.763,1.895)	26.7546	-63.3878
11.430111458793	6	(27.69,310.013,1.895)	93.5001	-74.256
11.441651904734	4	(28.0093,275.803,1.895)	59.2891	-70.2993
11.449149505596	7	(27.4616,334.479,1.895)	117.967	-76.275
11.504964017577	2	(25.1574,227.749,1.895)	13.6527	-57.5442
11.505159656343	8	(24.0341,348.109,1.895)	133.653	-77.3594
11.510420700861	9	(27.1467,368.223,1.895)	153.696	-78.5731
11.520336667087	5	(24.5951,287.998,1.895)	73.5729	-72.1742
11.525066219154	3	(28.2701,247.854,1.895)	33.3229	-65.2946
11.529642230819	0	(28.831,187.763,1.895)	26.7715	-63.3932
11.530111458793	6	(27.7087,308.006,1.895)	93.4772	-74.2539
11.541651904734	4	(28.0276,273.84,1.895)	59.3093	-70.3022
11.549149505596	7	(27.4797,332.546,1.895)	118.018	-76.2788
11.604964017577	2	(25.1761,225.746,1.895)	13.6312	-57.5304
11.605159656343	8	(24.0528,346.098,1.895)	133.623	-77.3574
11.610420700861	9	(27.1655,366.213,1.895)	153.668	-78.5714
11.620336667087	5	(24.6138,285.992,1.895)	73.5485	-72.1713
11.625066219154	3	(28.2888,245.85,1.895)	33.2994	-65.2885
11.629642230819	0	(28.8497,185.761,1.895)	26.792	-63.3999
11.630111458793	6	(27.7275,305.996,1.895)	93.4486	-74.2512
11.641651904734	4	(28.046,271.87,1.895)	59.3208	-70.3039
11.649149505596	7	(27.4978,330.603,1.895)	118.056	-76.2816
11.704964017577	2	(25.1948,223.743,1.895)	13.6152	-57.5203
11.705159656343	8	(24.0716,344.089,1.895)	133.602	-77.356
11.710420700861	9	(27.1842,364.203,1.895)	153.644	-78.5701
11.720336667087	5	(24.6325,283.989,1.895)	73.5317	-72.1693
11.725066219154	3	(28.3076,243.842,1.895)	33.2783	-65.283
11.729642230819	0	(28.8684,183.756,1.895)	26.8103	-63.4058
11.730111458793	6	(27.7462,303.986,1.895)	93.4252	-74.2491
11.741651904734	4	(28.0644,269.899,1.895)	59.3361	-70.3062
11.749149505596	7	(27.5159,328.661,1.895)	118.101	-76.2849
11.804964017577	2	(25.2136,221.733,1.895)	13.5906	-57.5046
11.805159656343	8	(24.0903,342.089,1.895)	133.586	-77.355
11.810420700861	9	(27.203,362.192,1.895)	153.618	-78.5686
11.820336667087	5	(24.6513,281.978,1.895)	73.5056	-72.1662
11.825066219154	3	(28.3263,241.831,1.895)	33.2517	-65.2761
11.829642230819	0	(28.8871,181.752,1.895)	26.8306	-63.4124
11.830111458793	6	(27.7649,301.986,1.895)	93.4092	-74.2476
11.841651904734	4	(28.0828,267.925,1.895)	59.3467	-70.3077
11.849149505596	7	(27.5341,326.717,1.895)	118.142	-76.2879
11.904964017577	2	(25.2323,219.727,1.895)	13.5713	-57.4922
11.905159656343	8	(24.1089,340.087,1.895)	133.569	-77.3539
11.910420700861	9	(27.2217,360.186,1.895)	153.598	-78.5675
11.920336667087	5	(24.67,279.977,1.895)	73.4901	-72.1644
11.925066219154	3	(28.3451,239.82,1.895)	33.227	-65.2696
11.929642230819	0	(28.9058,179.751,1.895)	26.8451	-63.4171
11.930111458793	6	(27.7836,299.98,1.895)	93.3888	-74.2457
11.941651904734	4	(28.1012,265.954,1.895)	59.3617	-70.3099
11.949149505596	7	(27.5522,324.778,1.895)	118.188	-76.2913
12.004964017577	2	(25.251,217.725,1.895)	13.5477	-57.4771
12.005159656343	8	(24.1277,338.079,1.895)	133.54	-77.352
12.010420700861	9	(27.2404,358.184,1.895)	153.574	-78.5662
12.020336667087	5	(24.6887,277.973,1.895)	73.4643	-72.1613
12.025066219154	3	(28.3639,237.809,1.895)	33.1938	-65.2609
12.029642230819	0	(28.9244,177.748,1.895)	26.8693	-63.4249
12.030111458793	6	(27.8023,297.977,1.895)	93.3648	-74.2435
12.041651904734	4	(28.1196,263.979,1.895)	59.365	-70.3104
12.049149505596	7	(27.5704,322.827,1.895)	118.215	-76.2933
12.104964017577	2	(25.2698,215.715,1.895)	13.5168	-57.4573
12.105159656343	8	(24.1464,336.078,1.895)	133.516	-77.3505
12.110420700861	9	(27.259,356.185,1.895)	153.553	-78.5649
12.120336667087	5	(24.7075,275.961,1.895)	73.4305	-72.1573
12.125066219154	3	(28.3826,235.8,1.895)	33.1629	-65.2528
12.129642230819	0	(28.9432,175.74,1.895)	26.8993	-63.4346
12.130111458793	6	(27.821,295.972,1.895)	93.3373	-74.2409
12.141651904734	4	(28.1381,262,1.895)	59.3641	-70.3103
12.149149505596	7	(27.5885,320.882,1.895)	118.249	-76.2957
12.204964017577	2	(25.2884,213.714,1.895)	13.4995	-57.4461
12.205159656343	8	(24.1651,334.072,1.895)	133.493	-77.349
12.210420700861	9	(27.2778,354.175,1.895)	153.526	-78.5634
12.220336667087	5	(24.7262,273.956,1.895)	73.4088	-72.1548
12.225066219154	3	(28.4013,233.796,1.895)	33.1419	-65.2473
12.229642230819	0	(28.962,173.73,1.895)	26.9271	-63.4436
12.230111458793	6	(27.8397,293.971,1.895)	93.3195	-74.2392
12.241651904734	4	(28.1565,260.024,1.895)	59.3713	-70.3113
12.249149505596	7	(27.6067,318.937,1.895)	118.286	-76.2985
12.304964017577	2	(25.3071,211.714,1.895)	13.4955	-57.4436
12.305159656343	8	(24.1838,332.07,1.895)	133.488	-77.3486
12.310420700861	9	(27.2965,352.175,1.895)	153.522	-78.5632
12.320336667087	5	(24.7448,271.957,1.895)	73.4058	-72.1544
12.325066219154	3	(28.4201,231.785,1.895)	33.1272	-65.2435
12.329642230819	0	(28.9807,171.719,1.895)	26.9419	-63.4484
12.330111458793	6	(27.8584,291.967,1.895)	93.3118	-74.2385
12.341651904734	4	(28.1749,258.053,1.895)	59.3959	-70.3149
12.349149505596	7	(27.6249,316.989,1.895)	118.334	-76.302
12.404964017577	2	(25.3259,209.703,1.895)	13.48	-57.4336
12.405159656343	8	(24.2025,330.064,1.895)	133.477	-77.3479
12.410420700861	9	(27.3152,350.167,1.895)	153.509	-78.5625
12.420336667087	5	(24.7635,269.957,1.895)	73.4012	-72.1538
12.425066219154	3	(28.4388,229.783,1.895)	33.1198	-65.2415
12.429642230819	0	(28.9994,169.713,1.895)	26.9529	-63.4519
12.430111458793	6	(27.8771,289.965,1.895)	93.3046	-74.2379
12.441651904734	4	(28.1934,256.078,1.895)	59.4162	-70.3179
12.449149505596	7	(27.6431,315.032,1.895)	118.373	-76.3048
12.504964017577	2	(25.3445,207.704,1.895)	13.4711	-57.4278
12.505159656343	8	(24.2212,328.057,1.895)	133.46	-77.3468
12.510420700861	9	(27.3339,348.166,1.895)	153.499	-78.5619
12.520336667087	5	(24.7823,267.947,1.895)	73.381	-72.1515
12.525066219154	3	(28.4575,227.776,1.895)	33.1031	-65.2372
12.529642230819	0	(29.0182,167.707,1.895)	26.9689	-63.4571
12.530111458793	6	(27.8958,287.96,1.895)	93.2898	-74.2365
12.541651904734	4	(28.2118,254.099,1.895)	59.4269	-70.3194
12.549149505596	7	(27.6614,313.078,1.895)	118.409	-76.3075
12.604964017577	2	(25.3633,205.697,1.895)	13.4586	-57.4198
12.605159656343	8	(24.2399,326.057,1.895)	133.454	-77.3464
12.610420700861	9	(27.3527,346.155,1.895)	153.482	-78.5609
12.620336667087	5	(24.801,265.942,1.895)	73.37	-72.1502
12.625066219154	3	(28.4762,225.772,1.895)	33.093	-65.2345
12.629642230819	0	(29.0369,165.703,1.895)	26.9782	-63.46
12.630111458793	6	(27.9146,285.949,1.895)	93.273	-74.2349
12.641651904734	4	(28.2302,252.127,1.895)	59.4493	-70.3227
12.649149505596	7	(27.6796,311.13,1.895)	118.455	-76.3108
12.704964017577	2	(25.382,203.691,1.895)	13.443	-57.4097
12.705159656343	8	(24.2586,324.049,1.895)	133.436	-77.3452
12.710420700861	9	(27.3714,344.15,1.895)	153.466	-78.56
12.720336667087	5	(24.8197,263.931,1.895)	73.3486	-72.1476
12.725066219154	3	(28.495,223.763,1.895)	33.0739	-65.2295
12.729642230819	0	(29.0556,163.693,1.895)	26.9992	-63.4668
12.730111458793	6	(27.9333,283.948,1.895)	93.2617	-74.2339
12.741651904734	4	(28.2487,250.153,1.895)	59.465	-70.325
12.749149505596	7	(27.6979,309.165,1.895)	118.48	-76.3127
12.804964017577	2	(25.4008,201.679,1.895)	13.4303	-57.4015
12.805159656343	8	(24.2774,322.043,1.895)	133.428	-77.3447
12.810420700861	9	(27.3901,342.146,1.895)	153.461	-78.5597
12.820336667087	5	(24.8385,261.926,1.895)	73.342	-72.1468
12.825066219154	3	(28.5137,221.758,1.895)	33.0677	-65.2279
12.829642230819	0	(29.0743,161.689,1.895)	27.0041	-63.4684
12.830111458793	6	(27.952,281.937,1.895)	93.2488	-74.2327
12.841651904734	4	(28.2672,248.17,1.895)	59.4802	-70.3272
12.849149505596	7	(27.7161,307.21,1.895)	118.523	-76.3158
12.904964017577	2	(25.4195,199.671,1.895)	13.4156	-57.392
12.905159656343	8	(24.2961,320.033,1.895)	133.411	-77.3437
12.910420700861	9	(27.4088,340.137,1.895)	153.445	-78.5589
12.920336667087	5	(24.8571,259.924,1.895)	73.3337	-72.1459
12.925066219154	3	(28.5324,219.753,1.895)	33.0556	-65.2247
12.929642230819	0	(29.0931,159.682,1.895)	27.0177	-63.4727
12.930111458793	6	(27.9707,279.938,1.895)	93.2431	-74.2321
12.941651904734	4	(28.2857,246.187,1.895)	59.4914	-70.3289
12.949149505596	7	(27.7344,305.25,1.895)	118.557	-76.3183
13.004964017577	2	(25.4382,197.671,1.895)	13.4081	-57.3871
13.005159656343	8	(24.3148,318.034,1.895)	133.404	-77.3432
13.010420700861	9	(27.4275,338.136,1.895)	153.435	-78.5583
13.020336667087	5	(24.8759,257.917,1.895)	73.3181	-72.144
13.025066219154	3	(28.5511,217.745,1.895)	33.0391	-65.2204
13.029642230819	0	(29.1118,157.671,1.895)	27.0375	-63.4791
13.030111458793	6	(27.9894,277.936,1.895)	93.2334	-74.2312
13.041651904734	4	(28.3042,244.205,1.895)	59.5002	-70.3302
13.049149505596	7	(27.7526,303.3,1.895)	118.598	-76.3213
13.104964017577	2	(25.4569,195.666,1.895)	13.4025	-57.3835
13.105159656343	8	(24.3334,316.035,1.895)	133.405	-77.3432
13.110420700861	9	(27.4463,336.125,1.895)	153.424	-78.5577
13.120336667087	5	(24.8946,255.913,1.895)	73.3143	-72.1436
13.125066219154	3	(28.5699,215.737,1.895)	33.031	-65.2182
13.129642230819	0	(29.1306,155.664,1.895)	27.0449	-63.4815
13.130111458793	6	(28.008,275.935,1.895)	93.2317	-74.2311
13.141651904734	4	(28.3226,242.228,1.895)	59.523	-70.3335
13.149149505596	7	(27.7709,301.343,1.895)	118.64	-76.3244
13.204964017577	2	(25.4756,193.657,1.895)	13.3884	-57.3744
13.205159656343	8	(24.3521,314.031,1.895)	133.396	-77.3426
13.210420700861	9	(27.4649,334.124,1.895)	153.417	-78.5573
13.220336667087	5	(24.9133,253.91,1.895)	73.3055	-72.1425
13.225066219154	3	(28.5886,213.733,1.895)	33.0215	-65.2157
13.229642230819	0	(29.1493,153.657,1.895)	27.0577	-63.4856
13.230111458793	6	(28.0267,273.935,1.895)	93.226	-74.2305
13.241651904734	4	(28.3411,240.249,1.895)	59.5381	-70.3357
13.249149505596	7	(27.7892,299.387,1.895)	118.679	-76.3273
13.304964017577	2	(25.4944,191.651,1.895)	13.3761	-57.3664
13.305159656343	8	(24.3708,312.027,1.895)	133.385	-77.3419
13.310420700861	9	(27.4837,332.118,1.895)	153.405	-78.5566
13.320336667087	5	(24.932,251.905,1.895)	73.2938	-72.1411
13.325066219154	3	(28.6073,211.732,1.895)	33.014	-65.2138
13.329642230819	0	(29.168,151.65,1.895)	27.0704	-63.4897
13.330111458793	6	(28.0454,271.933,1.895)	93.2174	-74.2297
13.341651904734	4	(28.3596,238.273,1.895)	59.5563	-70.3383
13.349149505596	7	(27.8074,297.431,1.895)	118.717	-76.33
13.404964017577	2	(25.5131,189.643,1.895)	13.3548	-57.3525
13.405159656343	8	(24.3895,310.025,1.895)	133.369	-77.3409
13.410420700861	9	(27.5024,330.112,1.895)	153.384	-78.5554
13.420336667087	5	(24.9506,249.906,1.895)	73.2797	-72.1395
13.425066219154	3	(28.626,209.725,1.895)	32.9924	-65.2081
13.429642230819	0	(29.1868,149.643,1.895)	27.0924	-63.4967
13.430111458793	6	(28.0641,269.93,1.895)	93.2002	-74.2281
13.441651904734	4	(28.3781,236.29,1.895)	59.5588	-70.3387
13.449149505596	7	(27.8257,295.469,1.895)	118.74	-76.3318
13.504964017577	2	(25.5318,187.636,1.895)	13.3336	-57.3387
13.505159656343	8	(24.4082,308.024,1.895)	133.353	-77.3398
13.510420700861	9	(27.5211,328.111,1.895)	153.369	-78.5546
13.520336667087	5	(24.9693,247.906,1.895)	73.2655	-72.1378
13.525066219154	3	(28.6447,207.718,1.895)	32.9709	-65.2024
13.529642230819	0	(29.2055,147.634,1.895)	27.1155	-63.5042
13.530111458793	6	(28.0828,267.927,1.895)	93.1828	-74.2265
13.541651904734	4	(28.3965,234.315,1.895)	59.5687	-70.3402
13.549149505596	7	(27.844,293.516,1.895)	118.772	-76.3341
13.604964017577	2	(25.5506,185.628,1.895)	13.3225	-57.3315
13.605159656343	8	(24.4269,306.025,1.895)	133.351	-77.3397
13.610420700861	9	(27.5397,326.111,1.895)	153.365	-78.5543
13.620336667087	5	(24.9881,245.896,1.895)	73.2518	-72.1362
13.625066219154	3	(28.6635,205.709,1.895)	32.9585	-65.1991
13.629642230819	0	(29.2243,145.626,1.895)	27.1277	-63.5081
13.630111458793	6	(28.1015,265.922,1.895)	93.1739	-74.2257
13.641651904734	4	(28.415,232.327,1.895)	59.5778	-70.3415
13.649149505596	7	(27.8622,291.562,1.895)	118.815	-76.3372
13.704964017577	2	(25.5693,183.619,1.895)	13.3134	-57.3256
13.705159656343	8	(24.4455,304.022,1.895)	133.347	-77.3395
13.710420700861	9	(27.5584,324.107,1.895)	153.361	-78.5541
13.720336667087	5	(25.0068,243.888,1.895)	73.2441	-72.1352
13.725066219154	3	(28.6821,203.709,1.895)	32.958	-65.199
13.729642230819	0	(29.243,143.619,1.895)	27.1352	-63.5104
13.730111458793	6	(28.1203,263.911,1.895)	93.1629	-74.2246
13.741651904734	4	(28.4335,230.346,1.895)	59.5958	-70.3441
13.749149505596	7	(27.8805,289.603,1.895)	118.856	-76.3402
13.804964017577	2	(25.5881,181.611,1.895)	13.2995	-57.3165
13.805159656343	8	(24.4643,302.015,1.895)	133.334	-77.3386
13.810420700861	9	(27.5771,322.106,1.895)	153.354	-78.5537
13.820336667087	5	(25.0256,241.878,1.895)	73.2279	-72.1333
13.825066219154	3	(28.7009,201.701,1.895)	32.9443	-65.1954
13.829642230819	0	(29.2617,141.612,1.895)	27.1483	-63.5146
13.830111458793	6	(28.139,261.908,1.895)	93.1538	-74.2238
13.841651904734	4	(28.452,228.371,1.895)	59.6155	-70.347
13.849149505596	7	(27.8989,287.631,1.895)	118.878	-76.3418
13.904964017577	2	(25.6068,179.601,1.895)	13.2856	-57.3074
13.905159656343	8	(24.483,300.009,1.895)	133.323	-77.3379
13.910420700861	9	(27.5958,320.103,1.895)	153.347	-78.5533
13.920336667087	5	(25.0443,239.873,1.895)	73.2178	-72.1321
13.925066219154	3	(28.7196,199.701,1.895)	32.9391	-65.194
13.929642230819	0	(29.2805,139.603,1.895)	27.1611	-63.5187
13.930111458793	6	(28.1577,259.901,1.895)	93.1417	-74.2227
13.941651904734	4	(28.4704,226.391,1.895)	59.6307	-70.3492
13.949149505596	7	(27.9172,285.665,1.895)	118.907	-76.3439
14.004964017577	2	(25.6256,177.596,1.895)	13.2727	-57.299
14.005159656343	8	(24.5017,298.01,1.895)	133.316	-77.3374
14.010420700861	9	(27.6145,318.096,1.895)	153.331	-78.5524
14.020336667087	5	(25.063,237.868,1.895)	73.2052	-72.1306
14.025066219154	3	(28.7383,197.696,1.895)	32.9263	-65.1907
14.029642230819	0	(29.2992,137.594,1.895)	27.1784	-63.5243
14.030111458793	6	(28.1764,257.896,1.895)	93.1285	-74.2214
14.041651904734	4	(28.4889,224.417,1.895)	59.6487	-70.3518
14.049149505596	7	(27.9355,283.703,1.895)	118.937	-76.3462
14.104964017577	2	(25.6442,175.594,1.895)	13.26	-57.2906
14.105159656343	8	(24.5204,296.007,1.895)	133.302	-77.3365
14.110420700861	9	(27.6332,316.093,1.895)	153.317	-78.5516
14.120336667087	5	(25.0818,235.857,1.895)	73.1827	-72.128
14.125066219154	3	(28.757,195.686,1.895)	32.9051	-65.1851
14.129642230819	0	(29.318,135.584,1.895)	27.1994	-63.531
14.130111458793	6	(28.1951,255.893,1.895)	93.1148	-74.2202
14.141651904734	4	(28.5073,222.441,1.895)	59.6612	-70.3536
14.149149505596	7	(27.9539,281.737,1.895)	118.959	-76.3478
14.204964017577	2	(25.663,173.583,1.895)	13.2499	-57.284
14.205159656343	8	(24.5391,293.999,1.895)	133.294	-77.336
14.210420700861	9	(27.652,314.086,1.895)	153.311	-78.5513
14.220336667087	5	(25.1005,233.853,1.895)	73.1793	-72.1276
14.225066219154	3	(28.7758,193.68,1.895)	32.8996	-65.1836
14.229642230819	0	(29.3367,133.581,1.895)	27.202	-63.5318
14.230111458793	6	(28.2138,253.89,1.895)	93.1125	-74.2199
14.241651904734	4	(28.5259,220.452,1.895)	59.6727	-70.3553
14.249149505596	7	(27.9723,279.767,1.895)	118.99	-76.35
14.304964017577	2	(25.6817,171.579,1.895)	13.2319	-57.2722
14.305159656343	8	(24.5578,291.992,1.895)	133.273	-77.3346
14.310420700861	9	(27.6706,312.087,1.895)	153.297	-78.5505
14.320336667087	5	(25.1192,231.842,1.895)	73.1542	-72.1246
14.325066219154	3	(28.7945,191.669,1.895)	32.874	-65.1768
14.329642230819	0	(29.3553,131.581,1.895)	27.2161	-63.5363
14.330111458793	6	(28.2326,251.878,1.895)	93.0862	-74.2175
14.341651904734	4	(28.5444,218.473,1.895)	59.6792	-70.3562
14.349149505596	7	(27.9906,277.802,1.895)	119.011	-76.3515
14.404964017577	2	(25.7005,169.57,1.895)	13.207	-57.2559
14.405159656343	8	(24.5765,289.988,1.895)	133.251	-77.3332
14.410420700861	9	(27.6893,310.087,1.895)	153.281	-78.5495
14.420336667087	5	(25.138,229.832,1.895)	73.1268	-72.1213
14.425066219154	3	(28.8133,189.66,1.895)	32.8474	-65.1698
14.429642230819	0	(29.3741,129.573,1.895)	27.242	-63.5446
14.430111458793	6	(28.2513,249.874,1.895)	93.0644	-74.2155
14.441651904734	4	(28.5629,216.482,1.895)	59.671	-70.3551
14.449149505596	7	(28.009,275.829,1.895)	119.02	-76.3522
14.504964017577	2	(25.7192,167.562,1.895)	13.1959	-57.2486
14.505159656343	8	(24.5953,287.982,1.895)	133.242	-77.3326
14.510420700861	9	(27.708,308.085,1.895)	153.275	-78.5492
14.520336667087	5	(25.1568,227.824,1.895)	73.1155	-72.12
14.525066219154	3	(28.8321,187.648,1.895)	32.8328	-65.1659
14.529642230819	0	(29.3927,127.573,1.895)	27.2444	-63.5453
14.530111458793	6	(28.2699,247.874,1.895)	93.0609	-74.2151
14.541651904734	4	(28.5815,214.49,1.895)	59.6763	-70.3558
14.549149505596	7	(28.0274,273.86,1.895)	119.049	-76.3543
14.604964017577	2	(25.7379,165.554,1.895)	13.1766	-57.2358
14.605159656343	8	(24.614,285.974,1.895)	133.223	-77.3314
14.610420700861	9	(27.7267,306.077,1.895)	153.255	-78.5481
14.620336667087	5	(25.1755,225.815,1.895)	73.0951	-72.1175
14.625066219154	3	(28.8508,185.636,1.895)	32.809	-65.1597
14.629642230819	0	(29.4114,125.573,1.895)	27.2569	-63.5493
14.630111458793	6	(28.2886,245.87,1.895)	93.045	-74.2136
14.641651904734	4	(28.6001,212.503,1.895)	59.6766	-70.3559
14.649149505596	7	(28.0458,271.893,1.895)	119.069	-76.3558
14.704964017577	2	(25.7566,163.554,1.895)	13.1719	-57.2328
14.705159656343	8	(24.6327,283.974,1.895)	133.218	-77.331
14.710420700861	9	(27.7454,304.077,1.895)	153.25	-78.5478
14.720336667087	5	(25.1942,223.816,1.895)	73.0908	-72.117
14.725066219154	3	(28.8695,183.636,1.895)	32.8039	-65.1583
14.729642230819	0	(29.4302,123.563,1.895)	27.2715	-63.554
14.730111458793	6	(28.3074,243.862,1.895)	93.0324	-74.2125
14.741651904734	4	(28.6187,210.508,1.895)	59.6773	-70.356
14.749149505596	7	(28.0642,269.923,1.895)	119.094	-76.3576
14.804964017577	2	(25.7754,161.544,1.895)	13.156	-57.2222
14.805159656343	8	(24.6514,281.966,1.895)	133.204	-77.3302
14.810420700861	9	(27.7641,302.077,1.895)	153.244	-78.5475
14.820336667087	5	(25.2129,221.811,1.895)	73.0797	-72.1157
14.825066219154	3	(28.8882,181.629,1.895)	32.791	-65.1549
14.829642230819	0	(29.4489,121.558,1.895)	27.2828	-63.5576
14.830111458793	6	(28.3261,241.857,1.895)	93.0214	-74.2114
14.841651904734	4	(28.6372,208.529,1.895)	59.6917	-70.3581
14.849149505596	7	(28.0826,267.951,1.895)	119.117	-76.3592
14.904964017577	2	(25.7941,159.541,1.895)	13.1493	-57.2179
14.905159656343	8	(24.6702,279.957,1.895)	133.191	-77.3293
14.910420700861	9	(27.7828,300.069,1.895)	153.231	-78.5467
14.920336667087	5	(25.2315,219.81,1.895)	73.0752	-72.1152
14.925066219154	3	(28.9069,179.626,1.895)	32.7832	-65.1528
14.929642230819	0	(29.4676,119.555,1.895)	27.2901	-63.5599
14.930111458793	6	(28.3448,239.852,1.895)	93.0124	-74.2106
14.941651904734	4	(28.6557,206.543,1.895)	59.7018	-70.3595
14.949149505596	7	(28.1009,265.985,1.895)	119.146	-76.3614
15.004964017577	2	(25.8128,157.536,1.895)	13.143	-57.2137
15.005159656343	8	(24.6889,277.949,1.895)	133.181	-77.3286
15.010420700861	9	(27.8015,298.063,1.895)	153.224	-78.5463
15.020336667087	5	(25.2503,217.801,1.895)	73.0635	-72.1138
15.025066219154	3	(28.9256,177.622,1.895)	32.7778	-65.1514
15.029642230819	0	(29.4863,117.554,1.895)	27.2927	-63.5607
15.030111458793	6	(28.3636,237.844,1.895)	93.0026	-74.2097
15.041651904734	4	(28.6742,204.56,1.895)	59.7171	-70.3618
15.049149505596	7	(28.1194,264.006,1.895)	119.166	-76.3628
15.104964017577	2	(25.8315,155.529,1.895)	13.1214	-57.1994
15.105159656343	8	(24.7076,275.944,1.895)	133.161	-77.3273
15.110420700861	9	(27.8203,296.053,1.895)	153.199	-78.5449
15.120336667087	5	(25.2691,215.789,1.895)	73.0367	-72.1106
15.125066219154	3	(28.9444,175.615,1.895)	32.7553	-65.1454
15.129642230819	0	(29.505,115.549,1.895)	27.3126	-63.567
15.130111458793	6	(28.3823,235.839,1.895)	92.982	-74.2078
15.141651904734	4	(28.6928,202.569,1.895)	59.7105	-70.3608
15.149149505596	7	(28.1378,262.03,1.895)	119.174	-76.3634
15.204964017577	2	(25.8503,153.517,1.895)	13.1027	-57.187
15.205159656343	8	(24.7264,273.937,1.895)	133.145	-77.3263
15.210420700861	9	(27.839,294.05,1.895)	153.188	-78.5443
15.220336667087	5	(25.2878,213.783,1.895)	73.0226	-72.1089
15.225066219154	3	(28.9631,173.603,1.895)	32.7357	-65.1402
15.229642230819	0	(29.5236,113.549,1.895)	27.3205	-63.5696
15.230111458793	6	(28.4009,233.839,1.895)	92.9749	-74.2071
15.241651904734	4	(28.7114,200.577,1.895)	59.7106	-70.3608
15.249149505596	7	(28.1563,260.052,1.895)	119.189	-76.3645
15.304964017577	2	(25.8691,151.507,1.895)	13.0808	-57.1725
15.305159656343	8	(24.7451,271.932,1.895)	133.129	-77.3252
15.310420700861	9	(27.8577,292.043,1.895)	153.169	-78.5432
15.320336667087	5	(25.3066,211.772,1.895)	72.9998	-72.1062
15.325066219154	3	(28.9819,171.598,1.895)	32.7185	-65.1357
15.329642230819	0	(29.5424,111.541,1.895)	27.341	-63.5761
15.330111458793	6	(28.4196,231.837,1.895)	92.9601	-74.2057
15.341651904734	4	(28.73,198.585,1.895)	59.7071	-70.3603
15.349149505596	7	(28.1746,258.089,1.895)	119.213	-76.3663
15.404964017577	2	(25.8878,149.495,1.895)	13.0653	-57.1622
15.405159656343	8	(24.7638,269.929,1.895)	133.121	-77.3247
15.410420700861	9	(27.8764,290.043,1.895)	153.165	-78.543
15.420336667087	5	(25.3253,209.763,1.895)	72.9867	-72.1047
15.425066219154	3	(29.0005,169.599,1.895)	32.7151	-65.1347
15.429642230819	0	(29.5611,109.535,1.895)	27.3511	-63.5793
15.430111458793	6	(28.4383,229.836,1.895)	92.9549	-74.2052
15.441651904734	4	(28.7485,196.599,1.895)	59.7162	-70.3616
15.449149505596	7	(28.193,256.123,1.895)	119.243	-76.3684
15.504964017577	2	(25.9066,147.484,1.895)	13.0458	-57.1492
15.505159656343	8	(24.7825,267.926,1.895)	133.11	-77.324
15.510420700861	9	(27.8951,288.031,1.895)	153.144	-78.5418
15.520336667087	5	(25.344,207.76,1.895)	72.975	-72.1033
15.525066219154	3	(29.0192,167.596,1.895)	32.7036	-65.1317
15.529642230819	0	(29.5798,107.529,1.895)	27.3658	-63.5839
15.530111458793	6	(28.457,227.832,1.895)	92.9429	-74.2041
15.541651904734	4	(28.767,194.615,1.895)	59.7242	-70.3628
15.549149505596	7	(28.2114,254.149,1.895)	119.26	-76.3697
15.604964017577	2	(25.9253,145.482,1.895)	13.0412	-57.1461
15.605159656343	8	(24.8012,265.915,1.895)	133.096	-77.3231
15.610420700861	9	(27.9138,286.03,1.895)	153.14	-78.5416
15.620336667087	5	(25.3627,205.76,1.895)	72.9719	-72.1029
15.625066219154	3	(29.0379,165.596,1.895)	32.7013	-65.1311
15.629642230819	0	(29.5985,105.524,1.895)	27.3739	-63.5865
15.630111458793	6	(28.4757,225.825,1.895)	92.9327	-74.2032
15.641651904734	4	(28.7856,192.628,1.895)	59.7342	-70.3642
15.649149505596	7	(28.2298,252.177,1.895)	119.285	-76.3715
15.704964017577	2	(25.9441,143.471,1.895)	13.0272	-57.1368
15.705159656343	8	(24.82,263.906,1.895)	133.083	-77.3223
15.710420700861	9	(27.9325,284.029,1.895)	153.136	-78.5413
15.720336667087	5	(25.3814,203.754,1.895)	72.9623	-72.1018
15.725066219154	3	(29.0566,163.592,1.895)	32.6926	-65.1288
15.729642230819	0	(29.6172,103.523,1.895)	27.3788	-63.5881
15.730111458793	6	(28.4944,223.825,1.895)	92.9286	-74.2028
15.741651904734	4	(28.8041,190.646,1.895)	59.748	-70.3663
15.749149505596	7	(28.2482,250.204,1.895)	119.309	-76.3732
15.804964017577	2	(25.9628,141.467,1.895)	13.0099	-57.1253
15.805159656343	8	(24.8387,261.896,1.895)	133.059	-77.3207
15.810420700861	9	(27.9512,282.022,1.895)	153.115	-78.5401
15.820336667087	5	(25.4001,201.746,1.895)	72.9406	-72.0992
15.825066219154	3	(29.0753,161.587,1.895)	32.6737	-65.1238
15.829642230819	0	(29.6359,101.516,1.895)	27.3995	-63.5947
15.830111458793	6	(28.5131,221.821,1.895)	92.9107	-74.2011
15.841651904734	4	(28.8226,188.661,1.895)	59.7495	-70.3665
15.849149505596	7	(28.2666,248.231,1.895)	119.322	-76.3742
15.904964017577	2	(25.9814,139.467,1.895)	13.0018	-57.1199
15.905159656343	8	(24.8574,259.891,1.895)	133.046	-77.3198
15.910420700861	9	(27.97,280.011,1.895)	153.095	-78.539
15.920336667087	5	(25.4189,199.741,1.895)	72.9273	-72.0976
15.925066219154	3	(29.094,159.584,1.895)	32.6622	-65.1207
15.929642230819	0	(29.6547,99.5056,1.895)	27.4184	-63.6006
15.930111458793	6	(28.5318,219.813,1.895)	92.894	-74.1995
15.941651904734	4	(28.8411,186.676,1.895)	59.7558	-70.3674
15.949149505596	7	(28.285,246.26,1.895)	119.343	-76.3757
16.004964017577	2	(26.0001,137.468,1.895)	13.0063	-57.1229
16.005159656343	8	(24.8762,257.88,1.895)	133.039	-77.3194
16.010420700861	9	(27.9887,278.006,1.895)	153.095	-78.539
16.020336667087	5	(25.4376,197.731,1.895)	72.9216	-72.0969
16.025066219154	3	(29.1127,157.576,1.895)	32.659	-65.1198
16.029642230819	0	(29.6735,97.4951,1.895)	27.4243	-63.6025
16.030111458793	6	(28.5506,217.804,1.895)	92.8899	-74.1992
16.041651904734	4	(28.8597,184.686,1.895)	59.7705	-70.3695
16.049149505596	7	(28.3034,244.286,1.895)	119.373	-76.3779
16.104964017577	2	(26.0188,135.46,1.895)	12.9944	-57.1149
16.105159656343	8	(24.895,255.87,1.895)	133.025	-77.3185
16.110420700861	9	(28.0074,276.002,1.895)	153.086	-78.5385
16.120336667087	5	(25.4563,195.731,1.895)	72.9171	-72.0964
16.125066219154	3	(29.1314,155.572,1.895)	32.6504	-65.1176
16.129642230819	0	(29.6922,95.4907,1.895)	27.4331	-63.6053
16.130111458793	6	(28.5693,215.795,1.895)	92.8767	-74.1979
16.141651904734	4	(28.8783,182.693,1.895)	59.7728	-70.3699
16.149149505596	7	(28.3219,242.309,1.895)	119.392	-76.3793
16.204964017577	2	(26.0376,133.45,1.895)	12.9816	-57.1064
16.205159656343	8	(24.9137,253.867,1.895)	133.018	-77.318
16.210420700861	9	(28.0261,274.002,1.895)	153.082	-78.5383
16.220336667087	5	(25.4751,193.721,1.895)	72.9037	-72.0948
16.225066219154	3	(29.1501,153.568,1.895)	32.6432	-65.1156
16.229642230819	0	(29.7109,93.4831,1.895)	27.4441	-63.6088
16.230111458793	6	(28.5881,213.788,1.895)	92.866	-74.1969
16.241651904734	4	(28.8969,180.697,1.895)	59.774	-70.37
16.249149505596	7	(28.3404,240.329,1.895)	119.409	-76.3805
16.304964017577	2	(26.0563,131.441,1.895)	12.9774	-57.1035
16.305159656343	8	(24.9325,251.855,1.895)	133.011	-77.3176
16.310420700861	9	(28.0448,271.992,1.895)	153.077	-78.538
16.320336667087	5	(25.4937,191.72,1.895)	72.9076	-72.0952
16.325066219154	3	(29.1688,151.563,1.895)	32.6423	-65.1154
16.329642230819	0	(29.7296,91.4768,1.895)	27.446	-63.6094
16.330111458793	6	(28.6068,211.782,1.895)	92.8646	-74.1968
16.341651904734	4	(28.9155,178.702,1.895)	59.7829	-70.3713
16.349149505596	7	(28.3588,238.353,1.895)	119.437	-76.3825
16.404964017577	2	(26.075,129.439,1.895)	12.9707	-57.0991
16.405159656343	8	(24.9511,249.855,1.895)	133.006	-77.3172
16.410420700861	9	(28.0636,269.984,1.895)	153.065	-78.5373
16.420336667087	5	(25.5124,189.714,1.895)	72.8967	-72.0939
16.425066219154	3	(29.1875,149.56,1.895)	32.635	-65.1135
16.429642230819	0	(29.7484,89.4673,1.895)	27.4602	-63.6139
16.430111458793	6	(28.6255,209.777,1.895)	92.8548	-74.1959
16.441651904734	4	(28.9341,176.711,1.895)	59.7876	-70.372
16.449149505596	7	(28.3773,236.369,1.895)	119.448	-76.3834
16.504964017577	2	(26.0937,127.44,1.895)	12.9726	-57.1003
16.505159656343	8	(24.9699,247.848,1.895)	133	-77.3168
16.510420700861	9	(28.0822,267.985,1.895)	153.066	-78.5374
16.520336667087	5	(25.5312,187.702,1.895)	72.8857	-72.0926
16.525066219154	3	(29.2062,147.556,1.895)	32.6324	-65.1128
16.529642230819	0	(29.7671,87.4631,1.895)	27.4635	-63.6149
16.530111458793	6	(28.6443,207.765,1.895)	92.8437	-74.1948
16.541651904734	4	(28.9527,174.72,1.895)	59.7977	-70.3735
16.549149505596	7	(28.3957,234.395,1.895)	119.475	-76.3853
16.604964017577	2	(26.1124,125.43,1.895)	12.9573	-57.0901
16.605159656343	8	(24.9886,245.84,1.895)	132.986	-77.3159
16.610420700861	9	(28.101,265.977,1.895)	153.052	-78.5366
16.620336667087	5	(25.5499,185.699,1.895)	72.8763	-72.0915
16.625066219154	3	(29.225,145.547,1.895)	32.6169	-65.1086
16.629642230819	0	(29.7858,85.4549,1.895)	27.4778	-63.6194
16.630111458793	6	(28.663,205.765,1.895)	92.8377	-74.1943
16.641651904734	4	(28.9713,172.725,1.895)	59.7957	-70.3732
16.649149505596	7	(28.4143,232.409,1.895)	119.483	-76.3859
16.704964017577	2	(26.1312,123.425,1.895)	12.9548	-57.0884
16.705159656343	8	(25.0073,243.832,1.895)	132.981	-77.3156
16.710420700861	9	(28.1196,263.977,1.895)	153.055	-78.5368
16.720336667087	5	(25.5687,183.692,1.895)	72.8727	-72.0911
16.725066219154	3	(29.2437,143.547,1.895)	32.6196	-65.1094
16.729642230819	0	(29.8046,83.4512,1.895)	27.4784	-63.6196
16.730111458793	6	(28.6817,203.759,1.895)	92.8344	-74.194
16.741651904734	4	(28.99,170.73,1.895)	59.8039	-70.3744
16.749149505596	7	(28.4328,230.43,1.895)	119.507	-76.3876
16.804964017577	2	(26.1499,121.419,1.895)	12.9393	-57.078
16.805159656343	8	(25.0261,241.825,1.895)	132.964	-77.3144
16.810420700861	9	(28.1383,261.974,1.895)	153.042	-78.536
16.820336667087	5	(25.5874,181.688,1.895)	72.8585	-72.0894
16.825066219154	3	(29.2624,141.542,1.895)	32.6053	-65.1056
16.829642230819	0	(29.8233,81.4449,1.895)	27.4948	-63.6248
16.830111458793	6	(28.7004,201.752,1.895)	92.8171	-74.1923
16.841651904734	4	(29.0086,168.737,1.895)	59.8012	-70.374
16.849149505596	7	(28.4513,228.441,1.895)	119.508	-76.3877
16.904964017577	2	(26.1686,119.411,1.895)	12.9287	-57.0709
16.905159656343	8	(25.0448,239.82,1.895)	132.956	-77.3139
16.910420700861	9	(28.157,259.975,1.895)	153.039	-78.5358
16.920336667087	5	(25.6061,179.685,1.895)	72.8516	-72.0886
16.925066219154	3	(29.2811,139.536,1.895)	32.5951	-65.1028
16.929642230819	0	(29.842,79.4436,1.895)	27.4996	-63.6263
16.930111458793	6	(28.7192,199.74,1.895)	92.8021	-74.1909
16.941651904734	4	(29.0272,166.744,1.895)	59.805	-70.3745
16.949149505596	7	(28.4698,226.463,1.895)	119.527	-76.3891
17.004964017577	2	(26.1874,117.404,1.895)	12.9146	-57.0614
17.005159656343	8	(25.0635,237.818,1.895)	132.946	-77.3133
17.010420700861	9	(28.1757,257.97,1.895)	153.027	-78.5352
17.020336667087	5	(25.6248,177.679,1.895)	72.8382	-72.087
17.025066219154	3	(29.2998,137.532,1.895)	32.5846	-65.1
17.029642230819	0	(29.8606,77.4438,1.895)	27.5067	-63.6285
17.030111458793	6	(28.7379,197.732,1.895)	92.7863	-74.1895
17.041651904734	4	(29.0457,164.755,1.895)	59.8082	-70.375
17.049149505596	7	(28.4883,224.481,1.895)	119.537	-76.3898
17.104964017577	2	(26.206,115.403,1.895)	12.9054	-57.0552
17.105159656343	8	(25.0822,235.816,1.895)	132.935	-77.3126
17.110420700861	9	(28.1944,255.968,1.895)	153.016	-78.5345
17.120336667087	5	(25.6434,175.679,1.895)	72.8296	-72.0859
17.125066219154	3	(29.3185,135.524,1.895)	32.567	-65.0953
17.129642230819	0	(29.8794,75.4334,1.895)	27.5263	-63.6348
17.130111458793	6	(28.7567,195.721,1.895)	92.7662	-74.1876
17.141651904734	4	(29.0643,162.762,1.895)	59.8059	-70.3747
17.149149505596	7	(28.5069,222.49,1.895)	119.537	-76.3898
17.204964017577	2	(26.2248,113.392,1.895)	12.8979	-57.0502
17.205159656343	8	(25.1009,233.807,1.895)	132.929	-77.3122
17.210420700861	9	(28.2132,253.958,1.895)	153.01	-78.5342
17.220336667087	5	(25.6622,173.668,1.895)	72.8213	-72.085
17.225066219154	3	(29.3373,133.515,1.895)	32.5618	-65.094
17.229642230819	0	(29.8981,73.4232,1.895)	27.5331	-63.6369
17.230111458793	6	(28.7754,193.72,1.895)	92.769	-74.1878
17.241651904734	4	(29.0829,160.767,1.895)	59.8141	-70.3759
17.249149505596	7	(28.5254,220.505,1.895)	119.555	-76.3911
17.304964017577	2	(26.2435,111.393,1.895)	12.9057	-57.0554
17.305159656343	8	(25.1197,231.797,1.895)	132.927	-77.312
17.310420700861	9	(28.2318,251.959,1.895)	153.018	-78.5346
17.320336667087	5	(25.6809,171.661,1.895)	72.8225	-72.0851
17.325066219154	3	(29.356,131.511,1.895)	32.5649	-65.0948
17.329642230819	0	(29.9169,71.4155,1.895)	27.5334	-63.637
17.330111458793	6	(28.794,191.72,1.895)	92.7767	-74.1886
17.341651904734	4	(29.1016,158.772,1.895)	59.8269	-70.3777
17.349149505596	7	(28.5438,218.527,1.895)	119.585	-76.3933
17.404964017577	2	(26.2621,109.392,1.895)	12.8991	-57.051
17.405159656343	8	(25.1383,229.797,1.895)	132.921	-77.3117
17.410420700861	9	(28.2506,249.95,1.895)	153.003	-78.5338
17.420336667087	5	(25.6997,169.65,1.895)	72.8054	-72.0831
17.425066219154	3	(29.3747,129.511,1.895)	32.5586	-65.0931
17.429642230819	0	(29.9356,69.4113,1.895)	27.5435	-63.6402
17.430111458793	6	(28.8127,189.718,1.895)	92.769	-74.1878
17.441651904734	4	(29.1202,156.778,1.895)	59.8271	-70.3777
17.449149505596	7	(28.5623,216.545,1.895)	119.597	-76.3942
17.504964017577	2	(26.2809,107.382,1.895)	12.8853	-57.0417
17.505159656343	8	(25.157,227.794,1.895)	132.914	-77.3112
17.510420700861	9	(28.2693,247.939,1.895)	152.987	-78.5329
17.520336667087	5	(25.7184,167.648,1.895)	72.7991	-72.0823
17.525066219154	3	(29.3933,127.511,1.895)	32.554	-65.0919
17.529642230819	0	(29.9543,67.4018,1.895)	27.5573	-63.6445
17.530111458793	6	(28.8315,187.707,1.895)	92.7528	-74.1863
17.541651904734	4	(29.1387,154.793,1.895)	59.8379	-70.3793
17.549149505596	7	(28.5809,214.557,1.895)	119.605	-76.3948
17.604964017577	2	(26.2996,105.377,1.895)	12.8855	-57.0418
17.605159656343	8	(25.1757,225.79,1.895)	132.915	-77.3113
17.610420700861	9	(28.288,245.938,1.895)	152.993	-78.5332
17.620336667087	5	(25.7371,165.644,1.895)	72.8009	-72.0825
17.625066219154	3	(29.4121,125.5,1.895)	32.5489	-65.0905
17.629642230819	0	(29.9731,65.3948,1.895)	27.5587	-63.645
17.630111458793	6	(28.8502,185.708,1.895)	92.7592	-74.1869
17.641651904734	4	(29.1573,152.799,1.895)	59.8496	-70.381
17.649149505596	7	(28.5994,212.571,1.895)	119.624	-76.3961
17.704964017577	2	(26.3184,103.366,1.895)	12.8797	-57.0379
17.705159656343	8	(25.1945,223.784,1.895)	132.914	-77.3112
17.710420700861	9	(28.3067,243.939,1.895)	152.999	-78.5335
17.720336667087	5	(25.7558,163.636,1.895)	72.7977	-72.0821
17.725066219154	3	(29.4308,123.494,1.895)	32.5484	-65.0904
17.729642230819	0	(29.9918,63.389,1.895)	27.5593	-63.6451
17.730111458793	6	(28.8689,183.702,1.895)	92.7591	-74.1869
17.741651904734	4	(29.176,150.8,1.895)	59.8558	-70.3819
17.749149505596	7	(28.6179,210.596,1.895)	119.654	-76.3984
17.804964017577	2	(26.3371,101.359,1.895)	12.8777	-57.0365
17.805159656343	8	(25.2131,221.783,1.895)	132.918	-77.3115
17.810420700861	9	(28.3254,241.93,1.895)	152.994	-78.5333
17.820336667087	5	(25.7746,161.625,1.895)	72.7914	-72.0814
17.825066219154	3	(29.4495,121.488,1.895)	32.547	-65.09
17.829642230819	0	(30.0106,61.3776,1.895)	27.5664	-63.6474
17.830111458793	6	(28.8876,181.696,1.895)	92.7574	-74.1868
17.841651904734	4	(29.1946,148.803,1.895)	59.8625	-70.3829
17.849149505596	7	(28.6364,208.608,1.895)	119.671	-76.3996
17.904964017577	2	(26.3558,99.3524,1.895)	12.877	-57.0361
17.905159656343	8	(25.2318,219.78,1.895)	132.921	-77.3116
17.910420700861	9	(28.3442,239.923,1.895)	152.993	-78.5332
17.920336667087	5	(25.7934,159.614,1.895)	72.7863	-72.0808
17.925066219154	3	(29.4682,119.488,1.895)	32.5523	-65.0914
17.929642230819	0	(30.0293,59.3672,1.895)	27.5707	-63.6488
17.930111458793	6	(28.9063,179.689,1.895)	92.7567	-74.1867
17.941651904734	4	(29.2132,146.811,1.895)	59.8767	-70.3849
17.949149505596	7	(28.655,206.623,1.895)	119.691	-76.401
18.004964017577	2	(26.3746,97.3457,1.895)	12.8722	-57.0328
18.005159656343	8	(25.2506,217.774,1.895)	132.916	-77.3113
18.010420700861	9	(28.3628,237.923,1.895)	152.995	-78.5333
18.020336667087	5	(25.8122,157.603,1.895)	72.7764	-72.0796
18.025066219154	3	(29.4869,117.484,1.895)	32.5506	-65.091
18.029642230819	0	(30.0481,57.3602,1.895)	27.5761	-63.6505
18.030111458793	6	(28.925,177.686,1.895)	92.7546	-74.1865
18.041651904734	4	(29.2318,144.814,1.895)	59.8819	-70.3857
18.049149505596	7	(28.6735,204.638,1.895)	119.709	-76.4023
18.104964017577	2	(26.3933,95.3423,1.895)	12.8691	-57.0307
18.105159656343	8	(25.2692,215.771,1.895)	132.914	-77.3112
18.110420700861	9	(28.3815,235.921,1.895)	152.993	-78.5332
18.120336667087	5	(25.8309,155.6,1.895)	72.7734	-72.0792
18.125066219154	3	(29.5056,115.476,1.895)	32.5429	-65.0889
18.129642230819	0	(30.0668,55.3524,1.895)	27.5837	-63.6528
18.130111458793	6	(28.9437,175.684,1.895)	92.7536	-74.1864
18.141651904734	4	(29.2505,142.816,1.895)	59.8839	-70.386
18.149149505596	7	(28.692,202.651,1.895)	119.721	-76.4032
18.204964017577	2	(26.412,93.3357,1.895)	12.8698	-57.0312
18.205159656343	8	(25.288,213.763,1.895)	132.914	-77.3112
18.210420700861	9	(28.4002,233.916,1.895)	152.995	-78.5334
18.220336667087	5	(25.8496,153.591,1.895)	72.7726	-72.0791
18.225066219154	3	(29.5244,113.472,1.895)	32.5457	-65.0897
18.229642230819	0	(30.0855,53.3498,1.895)	27.5789	-63.6513
18.230111458793	6	(28.9624,173.678,1.895)	92.7543	-74.1865
18.241651904734	4	(29.2691,140.822,1.895)	59.8975	-70.388
18.249149505596	7	(28.7106,200.661,1.895)	119.739	-76.4045
18.304964017577	2	(26.4307,91.3317,1.895)	12.8615	-57.0256
18.305159656343	8	(25.3067,211.761,1.895)	132.906	-77.3107
18.310420700861	9	(28.4189,231.913,1.895)	152.988	-78.5329
18.320336667087	5	(25.8684,151.58,1.895)	72.7572	-72.0773
18.325066219154	3	(29.5431,111.46,1.895)	32.5295	-65.0853
18.329642230819	0	(30.1042,51.3465,1.895)	27.5869	-63.6538
18.330111458793	6	(28.9811,171.677,1.895)	92.7492	-74.186
18.341651904734	4	(29.2876,138.834,1.895)	59.9043	-70.389
18.349149505596	7	(28.7292,198.667,1.895)	119.74	-76.4045
18.404964017577	2	(26.4494,89.331,1.895)	12.8582	-57.0234
18.405159656343	8	(25.3255,209.749,1.895)	132.892	-77.3098
18.410420700861	9	(28.4376,229.912,1.895)	152.983	-78.5327
18.420336667087	5	(25.887,149.58,1.895)	72.7542	-72.0769
18.425066219154	3	(29.5618,109.46,1.895)	32.527	-65.0847
18.429642230819	0	(30.123,49.3345,1.895)	27.6015	-63.6584
18.430111458793	6	(28.9998,169.678,1.895)	92.747	-74.1858
18.441651904734	4	(29.3063,136.832,1.895)	59.8998	-70.3883
18.449149505596	7	(28.7477,196.683,1.895)	119.753	-76.4055
18.504964017577	2	(26.4681,87.3239,1.895)	12.8623	-57.0261
18.505159656343	8	(25.3442,207.74,1.895)	132.894	-77.3099
18.510420700861	9	(28.4563,227.909,1.895)	152.992	-78.5332
18.520336667087	5	(25.9057,147.581,1.895)	72.7665	-72.0784
18.525066219154	3	(29.5805,107.46,1.895)	32.5374	-65.0875
18.529642230819	0	(30.1417,47.3272,1.895)	27.5975	-63.6572
18.530111458793	6	(29.0185,167.676,1.895)	92.7564	-74.1867
18.541651904734	4	(29.3249,134.841,1.895)	59.9205	-70.3913
18.549149505596	7	(28.7662,194.703,1.895)	119.785	-76.4078
18.604964017577	2	(26.4868,85.3168,1.895)	12.8619	-57.0259
18.605159656343	8	(25.363,205.731,1.895)	132.891	-77.3097
18.610420700861	9	(28.4751,225.897,1.895)	152.987	-78.5329
18.620336667087	5	(25.9244,145.577,1.895)	72.7695	-72.0788
18.625066219154	3	(29.5992,105.455,1.895)	32.5392	-65.0879
18.629642230819	0	(30.1604,45.3193,1.895)	27.5988	-63.6576
18.630111458793	6	(29.0372,165.668,1.895)	92.7547	-74.1865
18.641651904734	4	(29.3436,132.844,1.895)	59.9297	-70.3926
18.649149505596	7	(28.7848,192.713,1.895)	119.802	-76.409
18.704964017577	2	(26.5056,83.3062,1.895)	12.8589	-57.0238
18.705159656343	8	(25.3817,203.722,1.895)	132.89	-77.3097
18.710420700861	9	(28.4938,223.89,1.895)	152.987	-78.5329
18.720336667087	5	(25.9432,143.566,1.895)	72.7653	-72.0783
18.725066219154	3	(29.6179,103.449,1.895)	32.5413	-65.0885
18.729642230819	0	(30.1792,43.3092,1.895)	27.6014	-63.6584
18.730111458793	6	(29.056,163.658,1.895)	92.7531	-74.1864
18.741651904734	4	(29.3622,130.843,1.895)	59.936	-70.3935
18.749149505596	7	(28.8033,190.726,1.895)	119.822	-76.4105
18.804964017577	2	(26.5244,81.2964,1.895)	12.8494	-57.0174
18.805159656343	8	(25.4004,201.718,1.895)	132.886	-77.3094
18.810420700861	9	(28.5125,221.882,1.895)	152.98	-78.5325
18.820336667087	5	(25.9619,141.555,1.895)	72.7542	-72.0769
18.825066219154	3	(29.6366,101.449,1.895)	32.5409	-65.0884
18.829642230819	0	(30.1979,41.3091,1.895)	27.6016	-63.6585
18.830111458793	6	(29.0746,161.658,1.895)	92.7528	-74.1863
18.841651904734	4	(29.3809,128.846,1.895)	59.9396	-70.3941
18.849149505596	7	(28.822,188.729,1.895)	119.824	-76.4107
18.904964017577	2	(26.5431,79.2871,1.895)	12.8356	-57.0081
18.905159656343	8	(25.4191,199.711,1.895)	132.875	-77.3086
18.910420700861	9	(28.5313,219.876,1.895)	152.968	-78.5318
18.920336667087	5	(25.9806,139.552,1.895)	72.7466	-72.076
18.925066219154	3	(29.6553,99.4408,1.895)	32.5279	-65.0849
18.929642230819	0	(30.2166,39.3027,1.895)	27.6129	-63.662
18.930111458793	6	(29.0934,159.647,1.895)	92.7368	-74.1848
18.941651904734	4	(29.3995,126.853,1.895)	59.9408	-70.3942
18.949149505596	7	(28.8405,186.746,1.895)	119.837	-76.4116
19.004964017577	2	(26.5618,77.285,1.895)	12.8402	-57.0112
19.005159656343	8	(25.4378,197.712,1.895)	132.882	-77.3091
19.010420700861	9	(28.5499,217.875,1.895)	152.974	-78.5322
19.020336667087	5	(25.9994,137.545,1.895)	72.7466	-72.076
19.025066219154	3	(29.6741,97.4334,1.895)	32.5274	-65.0848
19.029642230819	0	(30.2354,37.2928,1.895)	27.6159	-63.663
19.030111458793	6	(29.1122,157.636,1.895)	92.733	-74.1845
19.041651904734	4	(29.4181,124.859,1.895)	59.9544	-70.3962
19.049149505596	7	(28.8591,184.75,1.895)	119.848	-76.4124
19.104964017577	2	(26.5805,75.2845,1.895)	12.8371	-57.0092
19.105159656343	8	(25.4565,195.709,1.895)	132.876	-77.3087
19.110420700861	9	(28.5687,215.869,1.895)	152.966	-78.5317
19.120336667087	5	(26.0181,135.542,1.895)	72.7407	-72.0753
19.125066219154	3	(29.6927,95.4334,1.895)	32.5247	-65.084
19.129642230819	0	(30.2541,35.2834,1.895)	27.628	-63.6668
19.130111458793	6	(29.1309,155.632,1.895)	92.7259	-74.1838
19.141651904734	4	(29.4367,122.865,1.895)	59.957	-70.3966
19.149149505596	7	(28.8777,182.753,1.895)	119.848	-76.4124
19.204964017577	2	(26.5992,73.2791,1.895)	12.8371	-57.0091
19.205159656343	8	(25.4752,193.702,1.895)	132.874	-77.3086
19.210420700861	9	(28.5874,213.86,1.895)	152.962	-78.5314
19.220336667087	5	(26.0368,133.538,1.895)	72.7425	-72.0756
19.225066219154	3	(29.7114,93.4286,1.895)	32.5252	-65.0842
19.229642230819	0	(30.2729,33.2747,1.895)	27.6314	-63.6678
19.230111458793	6	(29.1496,153.622,1.895)	92.721	-74.1833
19.241651904734	4	(29.4553,120.869,1.895)	59.9669	-70.398
19.249149505596	7	(28.8963,180.763,1.895)	119.863	-76.4135
19.304964017577	2	(26.6179,71.2761,1.895)	12.8367	-57.0088
19.305159656343	8	(25.494,191.693,1.895)	132.869	-77.3082
19.310420700861	9	(28.6062,211.851,1.895)	152.955	-78.5311
19.320336667087	5	(26.0555,131.533,1.895)	72.7399	-72.0752
19.325066219154	3	(29.7301,91.4278,1.895)	32.5269	-65.0846
19.329642230819	0	(30.2916,31.264,1.895)	27.6394	-63.6704
19.330111458793	6	(29.1684,151.615,1.895)	92.7168	-74.183
19.341651904734	4	(29.474,118.868,1.895)	59.9683	-70.3982
19.349149505596	7	(28.915,178.763,1.895)	119.866	-76.4137
19.404964017577	2	(26.6367,69.2648,1.895)	12.8366	-57.0088
19.405159656343	8	(25.5126,189.694,1.895)	132.881	-77.309
19.410420700861	9	(28.6249,209.841,1.895)	152.957	-78.5312
19.420336667087	5	(26.0742,129.529,1.895)	72.7468	-72.0761
19.425066219154	3	(29.7488,89.4237,1.895)	32.5341	-65.0866
19.429642230819	0	(30.3103,29.2618,1.895)	27.6305	-63.6676
19.430111458793	6	(29.1871,149.611,1.895)	92.7236	-74.1836
19.441651904734	4	(29.4926,116.871,1.895)	59.9822	-70.4002
19.449149505596	7	(28.9336,176.772,1.895)	119.887	-76.4152
19.504964017577	2	(26.6554,67.254,1.895)	12.8211	-56.9983
19.505159656343	8	(25.5313,187.694,1.895)	132.875	-77.3087
19.510420700861	9	(28.6436,207.84,1.895)	152.95	-78.5308
19.520336667087	5	(26.0929,127.526,1.895)	72.7387	-72.0751
19.525066219154	3	(29.7675,87.4197,1.895)	32.5249	-65.0841
19.529642230819	0	(30.329,27.2625,1.895)	27.6349	-63.6689
19.530111458793	6	(29.2058,147.603,1.895)	92.7107	-74.1824
19.541651904734	4	(29.5112,114.881,1.895)	59.9874	-70.401
19.549149505596	7	(28.9521,174.782,1.895)	119.891	-76.4155
19.604964017577	2	(26.6742,65.246,1.895)	12.8035	-56.9864
19.605159656343	8	(25.55,185.689,1.895)	132.86	-77.3077
19.610420700861	9	(28.6623,205.837,1.895)	152.937	-78.5301
19.620336667087	5	(26.1116,125.525,1.895)	72.7274	-72.0738
19.625066219154	3	(29.7862,85.4131,1.895)	32.5081	-65.0796
19.629642230819	0	(30.3477,25.256,1.895)	27.6517	-63.6742
19.630111458793	6	(29.2245,145.603,1.895)	92.7007	-74.1815
19.641651904734	4	(29.5298,112.885,1.895)	59.9813	-70.4001
19.649149505596	7	(28.9708,172.785,1.895)	119.884	-76.415
19.704964017577	2	(26.6928,63.2455,1.895)	12.8108	-56.9913
19.705159656343	8	(25.5688,183.682,1.895)	132.861	-77.3077
19.710420700861	9	(28.681,203.833,1.895)	152.941	-78.5303
19.720336667087	5	(26.1303,123.514,1.895)	72.724	-72.0733
19.725066219154	3	(29.805,83.4024,1.895)	32.5055	-65.0789
19.730111458793	6	(29.2431,143.604,1.895)	92.7096	-74.1823
19.741651904734	4	(29.5485,110.884,1.895)	59.9878	-70.4011
19.749149505596	7	(28.9893,170.795,1.895)	119.902	-76.4163
19.804964017577	2	(26.7115,61.2448,1.895)	12.8171	-56.9956
19.805159656343	8	(25.5875,181.676,1.895)	132.862	-77.3078
19.810420700861	9	(28.6997,201.832,1.895)	152.948	-78.5306
19.820336667087	5	(26.149,121.51,1.895)	72.7277	-72.0738
19.825066219154	3	(29.8237,81.3962,1.895)	32.5065	-65.0792
19.830111458793	6	(29.2619,141.596,1.895)	92.7092	-74.1822
19.841651904734	4	(29.5672,108.884,1.895)	59.9953	-70.4021
19.849149505596	7	(29.0079,168.809,1.895)	119.923	-76.4178
19.904964017577	2	(26.7302,59.2429,1.895)	12.8144	-56.9938
19.905159656343	8	(25.6061,179.676,1.895)	132.861	-77.3077
19.910420700861	9	(28.7184,199.821,1.895)	152.936	-78.53
19.920336667087	5	(26.1677,119.51,1.895)	72.7271	-72.0737
19.925066219154	3	(29.8425,79.3896,1.895)	32.4989	-65.0772
19.930111458793	6	(29.2805,139.596,1.895)	92.708	-74.1821
19.941651904734	4	(29.5858,106.884,1.895)	59.9945	-70.402
19.949149505596	7	(29.0264,166.821,1.895)	119.934	-76.4186
20.004964017577	2	(26.7489,57.2413,1.895)	12.8215	-56.9986
20.005159656343	8	(25.6248,177.673,1.895)	132.867	-77.3081
20.010420700861	9	(28.7372,197.811,1.895)	152.935	-78.5299
20.020336667087	5	(26.1864,117.507,1.895)	72.7331	-72.0744
20.025066219154	3	(29.8612,77.3808,1.895)	32.499	-65.0772
20.030111458793	6	(29.2993,137.587,1.895)	92.7078	-74.1821
20.041651904734	4	(29.6045,104.886,1.895)	60.0051	-70.4036
20.049149505596	7	(29.045,164.836,1.895)	119.958	-76.4203
20.104964017577	2	(26.7676,55.2391,1.895)	12.8272	-57.0024
20.105159656343	8	(25.6435,175.67,1.895)	132.873	-77.3085
20.110420700861	9	(28.7559,195.802,1.895)	152.934	-78.5298
20.120336667087	5	(26.2051,115.507,1.895)	72.7413	-72.0754
20.125066219154	3	(29.8799,75.3751,1.895)	32.5015	-65.0779
20.130111458793	6	(29.318,135.577,1.895)	92.7065	-74.182
20.141651904734	4	(29.6232,102.884,1.895)	60.0119	-70.4045
20.149149505596	7	(29.0636,162.839,1.895)	119.969	-76.4212
20.204964017577	2	(26.7863,53.2373,1.895)	12.8316	-57.0054
20.205159656343	8	(25.6622,173.669,1.895)	132.878	-77.3088
20.210420700861	9	(28.7746,193.801,1.895)	152.939	-78.5301
20.220336667087	5	(26.2238,113.503,1.895)	72.7426	-72.0756
20.225066219154	3	(29.8987,73.365,1.895)	32.4976	-65.0768
20.230111458793	6	(29.3368,133.571,1.895)	92.7063	-74.182
20.241651904734	4	(29.6418,100.892,1.895)	60.0261	-70.4066
20.249149505596	7	(29.0823,160.84,1.895)	119.976	-76.4217
20.304964017577	2	(26.805,51.2265,1.895)	12.8313	-57.0052
20.305159656343	8	(25.6809,171.667,1.895)	132.886	-77.3094
20.310420700861	9	(28.7934,191.792,1.895)	152.941	-78.5303
20.320336667087	5	(26.2425,111.501,1.895)	72.752	-72.0767
20.325066219154	3	(29.9173,71.3657,1.895)	32.509	-65.0799
20.330111458793	6	(29.3555,131.569,1.895)	92.7152	-74.1828
20.341651904734	4	(29.6605,98.8855,1.895)	60.03	-70.4072
20.349149505596	7	(29.1009,158.843,1.895)	119.99	-76.4227
20.404964017577	2	(26.8238,49.2156,1.895)	12.8272	-57.0024
20.405159656343	8	(25.6996,169.66,1.895)	132.886	-77.3094
20.410420700861	9	(28.8121,189.784,1.895)	152.939	-78.5301
20.420336667087	5	(26.2612,109.49,1.895)	72.7472	-72.0761
20.425066219154	3	(29.9361,69.3552,1.895)	32.5051	-65.0788
20.430111458793	6	(29.3742,129.565,1.895)	92.7173	-74.183
20.441651904734	4	(29.6791,96.8972,1.895)	60.0483	-70.4098
20.449149505596	7	(29.1195,156.851,1.895)	120.005	-76.4238
20.504964017577	2	(26.8425,47.2073,1.895)	12.8293	-57.0039
20.505159656343	8	(25.7183,167.661,1.895)	132.897	-77.3101
20.510420700861	9	(28.8309,187.772,1.895)	152.937	-78.5301
20.520336667087	5	(26.2799,107.486,1.895)	72.7535	-72.0769
20.525066219154	3	(29.9548,67.3532,1.895)	32.5136	-65.0811
20.530111458793	6	(29.3929,127.561,1.895)	92.7237	-74.1836
20.541651904734	4	(29.6977,94.9005,1.895)	60.062	-70.4118
20.549149505596	7	(29.138,154.864,1.895)	120.028	-76.4254
20.604964017577	2	(26.8613,45.2005,1.895)	12.8258	-57.0015
20.605159656343	8	(25.737,165.652,1.895)	132.891	-77.3097
20.610420700861	9	(28.8497,185.76,1.895)	152.929	-78.5296
20.620336667087	5	(26.2986,105.486,1.895)	72.7569	-72.0773
20.625066219154	3	(29.9735,65.3446,1.895)	32.5081	-65.0796
20.630111458793	6	(29.4116,125.555,1.895)	92.7212	-74.1834
20.641651904734	4	(29.7164,92.901,1.895)	60.0657	-70.4123
20.649149505596	7	(29.1567,152.864,1.895)	120.032	-76.4257
20.704964017577	2	(26.88,43.1887,1.895)	12.8209	-56.9981
20.705159656343	8	(25.7557,163.652,1.895)	132.898	-77.3102
20.710420700861	9	(28.8684,183.756,1.895)	152.931	-78.5297
20.720336667087	5	(26.3173,103.482,1.895)	72.7599	-72.0776
20.725066219154	3	(29.9922,63.3416,1.895)	32.5118	-65.0806
20.730111458793	6	(29.4303,123.552,1.895)	92.725	-74.1837
20.741651904734	4	(29.735,90.8978,1.895)	60.0692	-70.4128
20.749149505596	7	(29.1753,150.874,1.895)	120.048	-76.4269
20.804964017577	2	(26.8987,41.1861,1.895)	12.8241	-57.0003
20.805159656343	8	(25.7744,161.652,1.895)	132.905	-77.3106
20.810420700861	9	(28.8871,181.754,1.895)	152.935	-78.53
20.820336667087	5	(26.336,101.477,1.895)	72.761	-72.0778
20.825066219154	3	(30.011,61.3342,1.895)	32.5104	-65.0802
20.830111458793	6	(29.4489,121.552,1.895)	92.7308	-74.1843
20.841651904734	4	(29.7537,88.9022,1.895)	60.0796	-70.4143
20.849149505596	7	(29.1939,148.883,1.895)	120.063	-76.428
20.904964017577	2	(26.9175,39.179,1.895)	12.821	-56.9982
20.905159656343	8	(25.7931,159.649,1.895)	132.905	-77.3106
20.910420700861	9	(28.9058,179.745,1.895)	152.93	-78.5297
20.920336667087	5	(26.3547,99.4702,1.895)	72.7577	-72.0774
20.925066219154	3	(30.0297,59.3282,1.895)	32.5083	-65.0797
20.930111458793	6	(29.4677,119.541,1.895)	92.7238	-74.1836
20.941651904734	4	(29.7724,86.8987,1.895)	60.0799	-70.4144
20.949149505596	7	(29.2124,146.898,1.895)	120.081	-76.4293
