2.119172076066	1	(26.8719,397.669,1.895)	18.9527	-60.3932
2.129642230819	0	(27.0717,376.262,1.895)	40.2068	-66.9258
2.219172076066	1	(26.8894,395.788,1.895)	18.8287	-60.3362
2.229642230819	0	(27.0903,374.261,1.895)	40.2009	-66.9245
2.319172076066	1	(26.9069,393.911,1.895)	18.7052	-60.2791
2.329642230819	0	(27.1091,372.25,1.895)	40.2092	-66.9263
2.419172076066	1	(26.9246,392.019,1.895)	18.5981	-60.2292
2.429642230819	0	(27.1278,370.251,1.895)	40.2078	-66.926
2.519172076066	1	(26.9422,390.135,1.895)	18.4832	-60.1753
2.529642230819	0	(27.1464,368.25,1.895)	40.2078	-66.926
2.619172076066	1	(26.9598,388.249,1.895)	18.3661	-60.1201
2.629642230819	0	(27.1651,366.248,1.895)	40.2045	-66.9253
2.719172076066	1	(26.9774,386.359,1.895)	18.2468	-60.0635
2.729642230819	0	(27.1838,364.245,1.895)	40.1968	-66.9236
2.819172076066	1	(26.9951,384.466,1.895)	18.1375	-60.0114
2.829642230819	0	(27.2026,362.235,1.895)	40.2025	-66.9249
2.919172076066	1	(27.0128,382.564,1.895)	18.0416	-59.9653
2.929642230819	0	(27.2213,360.233,1.895)	40.205	-66.9254
3.019172076066	1	(27.0306,380.666,1.895)	17.9308	-59.9118
3.029642230819	0	(27.24,358.227,1.895)	40.201	-66.9245
3.119172076066	1	(27.0483,378.767,1.895)	17.824	-59.8599
3.125066219154	3	(26.6976,416.34,1.895)	20.329	-61.0021
3.129642230819	0	(27.2587,356.217,1.895)	40.2021	-66.9248
3.219172076066	1	(27.0661,376.859,1.895)	17.7269	-59.8124
3.225066219154	3	(26.7164,414.33,1.895)	20.3249	-61.0003
3.229642230819	0	(27.2775,354.208,1.895)	40.2052	-66.9254
3.319172076066	1	(27.0839,374.951,1.895)	17.6251	-59.7624
3.325066219154	3	(26.7351,412.32,1.895)	20.3265	-61.001
3.329642230819	0	(27.2962,352.2,1.895)	40.2013	-66.9246
3.419172076066	1	(27.1017,373.043,1.895)	17.5317	-59.7163
3.425066219154	3	(26.7539,410.313,1.895)	20.3235	-60.9998
3.429642230819	0	(27.315,350.191,1.895)	40.2064	-66.9257
3.519172076066	1	(27.1195,371.132,1.895)	17.4447	-59.673
3.525066219154	3	(26.7726,408.307,1.895)	20.3172	-60.9971
3.529642230819	0	(27.3337,348.191,1.895)	40.207	-66.9258
3.619172076066	1	(27.1374,369.223,1.895)	17.3477	-59.6246
3.625066219154	3	(26.7912,406.307,1.895)	20.3241	-61
3.629642230819	0	(27.3524,346.187,1.895)	40.2038	-66.9251
3.719172076066	1	(27.1553,367.305,1.895)	17.2648	-59.583
3.725066219154	3	(26.8099,404.307,1.895)	20.3275	-61.0015
3.729642230819	0	(27.3711,344.176,1.895)	40.2116	-66.9268
3.819172076066	1	(27.1732,365.387,1.895)	17.181	-59.5407
3.825066219154	3	(26.8287,402.298,1.895)	20.3211	-60.9987
3.829642230819	0	(27.3898,342.173,1.895)	40.2118	-66.9269
3.919172076066	1	(27.1911,363.466,1.895)	17.0939	-59.4966
3.925066219154	3	(26.8473,400.295,1.895)	20.328	-61.0017
3.929642230819	0	(27.4086,340.165,1.895)	40.2099	-66.9265
4.019172076066	1	(27.209,361.544,1.895)	17.01	-59.4539
4.025066219154	3	(26.8661,398.288,1.895)	20.3281	-61.0017
4.029642230819	0	(27.4273,338.161,1.895)	40.2062	-66.9257
4.119172076066	1	(27.2269,359.624,1.895)	16.9273	-59.4115
4.125066219154	3	(26.8848,396.284,1.895)	20.3288	-61.002
4.129642230819	0	(27.446,336.15,1.895)	40.2131	-66.9271
4.141651904734	4	(26.6976,416.34,1.895)	40.2517	-66.9355
4.219172076066	1	(27.2449,357.699,1.895)	16.8547	-59.3742
4.225066219154	3	(26.9035,394.275,1.895)	20.3192	-60.9979
4.229642230819	0	(27.4648,334.139,1.895)	40.2243	-66.9296
4.241651904734	4	(26.7149,414.487,1.895)	40.3978	-66.967
4.319172076066	1	(27.2629,355.772,1.895)	16.7729	-59.3319
4.325066219154	3	(26.9222,392.27,1.895)	20.3245	-61.0002
4.329642230819	0	(27.4835,332.14,1.895)	40.2135	-66.9272
4.341651904734	4	(26.7323,412.622,1.895)	40.5416	-66.9978
4.419172076066	1	(27.2808,353.852,1.895)	16.6883	-59.288
4.425066219154	3	(26.941,390.262,1.895)	20.3223	-60.9992
4.429642230819	0	(27.5022,330.134,1.895)	40.2129	-66.9271
4.441651904734	4	(26.7497,410.762,1.895)	40.6883	-67.0292
4.519172076066	1	(27.2989,351.92,1.895)	16.6124	-59.2484
4.525066219154	3	(26.9597,388.258,1.895)	20.3288	-61.002
4.529642230819	0	(27.5209,328.127,1.895)	40.2106	-66.9266
4.541651904734	4	(26.7671,408.897,1.895)	40.832	-67.0598
4.619172076066	1	(27.3168,349.993,1.895)	16.5328	-59.2067
4.625066219154	3	(26.9784,386.249,1.895)	20.3272	-61.0014
4.629642230819	0	(27.5397,326.117,1.895)	40.213	-66.9271
4.641651904734	4	(26.7844,407.037,1.895)	40.9797	-67.0912
4.719172076066	1	(27.3348,348.063,1.895)	16.457	-59.1668
4.725066219154	3	(26.9972,384.237,1.895)	20.3226	-60.9994
4.729642230819	0	(27.5584,324.113,1.895)	40.2093	-66.9263
4.741651904734	4	(26.802,405.158,1.895)	41.1073	-67.1182
4.819172076066	1	(27.3528,346.136,1.895)	16.3822	-59.1272
4.825066219154	3	(27.016,382.227,1.895)	20.3158	-60.9965
4.829642230819	0	(27.5771,322.112,1.895)	40.2065	-66.9257
4.841651904734	4	(26.8194,403.286,1.895)	41.2384	-67.1458
4.919172076066	1	(27.3708,344.206,1.895)	16.3139	-59.091
4.925066219154	3	(27.0347,380.221,1.895)	20.3098	-60.9939
4.929642230819	0	(27.5957,320.112,1.895)	40.2079	-66.926
4.941651904734	4	(26.8369,401.412,1.895)	41.3631	-67.1721
5.019172076066	1	(27.3889,342.276,1.895)	16.2351	-59.0489
5.025066219154	3	(27.0534,378.219,1.895)	20.3185	-60.9976
5.029642230819	0	(27.6144,318.108,1.895)	40.2008	-66.9245
5.041651904734	4	(26.8545,399.527,1.895)	41.4895	-67.1986
5.119172076066	1	(27.4069,340.338,1.895)	16.1625	-59.01
5.120336667087	5	(23.3976,416.3,1.895)	60.174	-70.428
5.125066219154	3	(27.0721,376.22,1.895)	20.3305	-61.0028
5.129642230819	0	(27.6332,316.102,1.895)	40.1956	-66.9234
5.141651904734	4	(26.8721,397.644,1.895)	41.6176	-67.2253
5.219172076066	1	(27.425,338.403,1.895)	16.091	-58.9714
5.220336667087	5	(23.4163,414.295,1.895)	60.1764	-70.4283
5.225066219154	3	(27.0908,374.212,1.895)	20.3308	-61.0029
5.229642230819	0	(27.6519,314.091,1.895)	40.198	-66.9239
5.241651904734	4	(26.8896,395.772,1.895)	41.7527	-67.2535
5.319172076066	1	(27.4432,336.457,1.895)	16.0318	-58.9394
5.320336667087	5	(23.435,412.295,1.895)	60.183	-70.4293
5.325066219154	3	(27.1095,372.209,1.895)	20.3343	-61.0044
5.329642230819	0	(27.6707,312.08,1.895)	40.2026	-66.9249
5.341651904734	4	(26.9072,393.885,1.895)	41.8722	-67.2783
5.419172076066	1	(27.4613,334.513,1.895)	15.9726	-58.9073
5.420336667087	5	(23.4537,410.294,1.895)	60.1868	-70.4298
5.425066219154	3	(27.1282,370.204,1.895)	20.3337	-61.0041
5.429642230819	0	(27.6894,310.071,1.895)	40.2065	-66.9257
5.441651904734	4	(26.9247,392.005,1.895)	41.9961	-67.304
5.519172076066	1	(27.4795,332.565,1.895)	15.9119	-58.8742
5.520336667087	5	(23.4723,408.294,1.895)	60.1976	-70.4314
5.525066219154	3	(27.1469,368.204,1.895)	20.3443	-61.0087
5.529642230819	0	(27.7081,308.067,1.895)	40.2003	-66.9244
5.541651904734	4	(26.9424,390.112,1.895)	42.1137	-67.3282
5.619172076066	1	(27.4976,330.628,1.895)	15.8422	-58.8361
5.620336667087	5	(23.4911,406.282,1.895)	60.1936	-70.4308
5.625066219154	3	(27.1656,366.194,1.895)	20.3419	-61.0076
5.629642230819	0	(27.7268,306.064,1.895)	40.1958	-66.9234
5.641651904734	4	(26.96,388.227,1.895)	42.2355	-67.3533
5.719172076066	1	(27.5157,328.684,1.895)	15.7851	-58.8047
5.720336667087	5	(23.5098,404.281,1.895)	60.1952	-70.431
5.725066219154	3	(27.1844,364.184,1.895)	20.335	-61.0047
5.729642230819	0	(27.7456,304.056,1.895)	40.2014	-66.9246
5.741651904734	4	(26.9777,386.327,1.895)	42.3378	-67.3744
5.819172076066	1	(27.5339,326.733,1.895)	15.7329	-58.7759
5.820336667087	5	(23.5285,402.277,1.895)	60.1948	-70.431
5.825066219154	3	(27.2031,362.183,1.895)	20.3381	-61.006
5.829642230819	0	(27.7644,302.044,1.895)	40.2088	-66.9262
5.841651904734	4	(26.9955,384.425,1.895)	42.4399	-67.3953
5.919172076066	1	(27.5521,324.783,1.895)	15.672	-58.7423
5.920336667087	5	(23.5472,400.267,1.895)	60.1966	-70.4312
5.925066219154	3	(27.2218,360.174,1.895)	20.3414	-61.0074
5.929642230819	0	(27.7831,300.041,1.895)	40.2001	-66.9243
5.941651904734	4	(27.0131,382.532,1.895)	42.559	-67.4196
6.019172076066	1	(27.5703,322.838,1.895)	15.6163	-58.7113
6.020336667087	5	(23.566,398.258,1.895)	60.1908	-70.4304
6.025066219154	3	(27.2406,358.166,1.895)	20.3351	-61.0047
6.029642230819	0	(27.8017,298.041,1.895)	40.1973	-66.9237
6.041651904734	4	(27.0309,380.632,1.895)	42.661	-67.4404
6.119172076066	1	(27.5884,320.901,1.895)	15.5507	-58.6748
6.120336667087	5	(23.5847,396.252,1.895)	60.1884	-70.4301
6.125066219154	3	(27.2593,356.161,1.895)	20.335	-61.0047
6.129642230819	0	(27.8204,296.037,1.895)	40.1971	-66.9237
6.130111458793	6	(26.6976,416.34,1.895)	80.3148	-72.9357
6.141651904734	4	(27.0486,378.729,1.895)	42.7612	-67.4608
6.219172076066	1	(27.6065,318.953,1.895)	15.4999	-58.6464
6.220336667087	5	(23.6034,394.252,1.895)	60.1892	-70.4302
6.225066219154	3	(27.278,354.155,1.895)	20.3293	-61.0022
6.229642230819	0	(27.8391,294.034,1.895)	40.1999	-66.9243
6.230111458793	6	(26.7163,414.341,1.895)	80.3158	-72.9358
6.241651904734	4	(27.0664,376.829,1.895)	42.8617	-67.4812
6.319172076066	1	(27.6247,317.008,1.895)	15.4427	-58.6142
6.320336667087	5	(23.6221,392.242,1.895)	60.1817	-70.4291
6.325066219154	3	(27.2967,352.154,1.895)	20.3307	-61.0028
6.329642230819	0	(27.8579,292.026,1.895)	40.2051	-66.9254
6.330111458793	6	(26.735,412.334,1.895)	80.3118	-72.9354
6.341651904734	4	(27.0842,374.92,1.895)	42.9556	-67.5002
6.419172076066	1	(27.6429,315.056,1.895)	15.3928	-58.5861
6.420336667087	5	(23.6408,390.241,1.895)	60.1843	-70.4295
6.425066219154	3	(27.3154,350.146,1.895)	20.326	-61.0008
6.429642230819	0	(27.8766,290.017,1.895)	40.2107	-66.9266
6.430111458793	6	(26.7536,410.335,1.895)	80.3156	-72.9358
6.441651904734	4	(27.1019,373.02,1.895)	43.0581	-67.5209
6.519172076066	1	(27.6611,313.104,1.895)	15.3436	-58.5583
6.520336667087	5	(23.6595,388.237,1.895)	60.183	-70.4293
6.525066219154	3	(27.3341,348.14,1.895)	20.3235	-60.9998
6.529642230819	0	(27.8953,288.015,1.895)	40.2103	-66.9265
6.530111458793	6	(26.7723,408.335,1.895)	80.3189	-72.9361
6.541651904734	4	(27.1198,371.108,1.895)	43.1483	-67.5391
6.619172076066	1	(27.6793,311.152,1.895)	15.2875	-58.5265
6.620336667087	5	(23.6782,386.234,1.895)	60.1884	-70.43
6.625066219154	3	(27.3528,346.137,1.895)	20.3284	-61.0019
6.629642230819	0	(27.914,286.008,1.895)	40.2083	-66.9261
6.630111458793	6	(26.791,406.329,1.895)	80.3221	-72.9365
6.641651904734	4	(27.1376,369.196,1.895)	43.2458	-67.5587
6.719172076066	1	(27.6976,309.2,1.895)	15.2295	-58.4935
6.720336667087	5	(23.6969,384.228,1.895)	60.1942	-70.4309
6.725066219154	3	(27.3715,344.133,1.895)	20.3366	-61.0054
6.729642230819	0	(27.9328,284,1.895)	40.2047	-66.9253
6.730111458793	6	(26.8098,404.321,1.895)	80.3255	-72.9369
6.741651904734	4	(27.1555,367.281,1.895)	43.3414	-67.5778
6.819172076066	1	(27.7158,307.242,1.895)	15.1819	-58.4663
6.820336667087	5	(23.7157,382.224,1.895)	60.1973	-70.4313
6.825066219154	3	(27.3902,342.133,1.895)	20.3429	-61.0081
6.829642230819	0	(27.9515,281.998,1.895)	40.2	-66.9243
6.830111458793	6	(26.8285,402.311,1.895)	80.3218	-72.9365
6.841651904734	4	(27.1734,365.362,1.895)	43.429	-67.5954
6.919172076066	1	(27.7341,305.287,1.895)	15.1301	-58.4366
6.920336667087	5	(23.7344,380.213,1.895)	60.1946	-70.4309
6.925066219154	3	(27.4089,340.128,1.895)	20.3466	-61.0096
6.929642230819	0	(27.9702,279.993,1.895)	40.1965	-66.9236
6.930111458793	6	(26.8472,400.306,1.895)	80.3254	-72.9368
6.941651904734	4	(27.1912,363.449,1.895)	43.524	-67.6144
7.019172076066	1	(27.7523,303.333,1.895)	15.0741	-58.4044
7.020336667087	5	(23.7531,378.21,1.895)	60.2026	-70.4321
7.025066219154	3	(27.4276,338.121,1.895)	20.3503	-61.0112
7.029642230819	0	(27.9888,277.994,1.895)	40.1844	-66.9209
7.030111458793	6	(26.866,398.297,1.895)	80.3278	-72.9371
7.041651904734	4	(27.2092,361.53,1.895)	43.616	-67.6327
7.119172076066	1	(27.7706,301.375,1.895)	15.0327	-58.3805
7.120336667087	5	(23.7719,376.2,1.895)	60.1928	-70.4307
7.125066219154	3	(27.4464,336.114,1.895)	20.3443	-61.0086
7.129642230819	0	(28.0076,275.987,1.895)	40.1913	-66.9224
7.130111458793	6	(26.8847,396.297,1.895)	80.3276	-72.9371
7.141651904734	4	(27.2271,359.613,1.895)	43.6992	-67.6493
7.149149505596	7	(26.6976,416.34,1.895)	100.358	-74.8709
7.219172076066	1	(27.7889,299.414,1.895)	14.9929	-58.3575
7.220336667087	5	(23.7906,374.195,1.895)	60.1893	-70.4302
7.225066219154	3	(27.4651,334.104,1.895)	20.3352	-61.0048
7.229642230819	0	(28.0263,273.984,1.895)	40.1927	-66.9227
7.230111458793	6	(26.9033,394.297,1.895)	80.3291	-72.9372
7.241651904734	4	(27.2451,357.684,1.895)	43.7718	-67.6637
7.249149505596	7	(26.7149,414.487,1.895)	100.506	-74.8837
7.319172076066	1	(27.8071,297.462,1.895)	14.9442	-58.3293
7.320336667087	5	(23.8093,372.189,1.895)	60.1861	-70.4297
7.325066219154	3	(27.4839,332.094,1.895)	20.3279	-61.0016
7.329642230819	0	(28.0449,271.985,1.895)	40.1891	-66.9219
7.330111458793	6	(26.922,392.296,1.895)	80.331	-72.9375
7.341651904734	4	(27.263,355.761,1.895)	43.8507	-67.6793
7.349149505596	7	(26.7323,412.627,1.895)	100.649	-74.896
7.419172076066	1	(27.8254,295.503,1.895)	14.8949	-58.3005
7.420336667087	5	(23.828,370.184,1.895)	60.1906	-70.4304
7.425066219154	3	(27.5027,330.083,1.895)	20.3274	-61.0014
7.429642230819	0	(28.0636,269.981,1.895)	40.1833	-66.9207
7.430111458793	6	(26.9407,390.295,1.895)	80.3399	-72.9384
7.441651904734	4	(27.281,353.835,1.895)	43.934	-67.6958
7.449149505596	7	(26.7495,410.774,1.895)	100.806	-74.9095
7.519172076066	1	(27.8437,293.538,1.895)	14.8589	-58.2795
7.520336667087	5	(23.8468,368.177,1.895)	60.1855	-70.4296
7.525066219154	3	(27.5214,328.077,1.895)	20.3222	-60.9992
7.529642230819	0	(28.0823,267.976,1.895)	40.1864	-66.9214
7.530111458793	6	(26.9595,388.284,1.895)	80.3302	-72.9374
7.541651904734	4	(27.2991,351.897,1.895)	43.9974	-67.7083
7.549149505596	7	(26.7669,408.92,1.895)	100.953	-74.9222
7.619172076066	1	(27.8621,291.576,1.895)	14.8192	-58.2563
7.620336667087	5	(23.8655,366.17,1.895)	60.1813	-70.429
7.625066219154	3	(27.5401,326.074,1.895)	20.3224	-60.9993
7.629642230819	0	(28.101,265.97,1.895)	40.1896	-66.9221
7.630111458793	6	(26.9781,386.283,1.895)	80.3324	-72.9376
7.641651904734	4	(27.3171,349.961,1.895)	44.0643	-67.7215
7.649149505596	7	(26.7843,407.046,1.895)	101.082	-74.9333
7.719172076066	1	(27.8804,289.609,1.895)	14.7874	-58.2376
7.720336667087	5	(23.8843,364.159,1.895)	60.1688	-70.4272
7.725066219154	3	(27.5589,324.062,1.895)	20.31	-60.994
7.729642230819	0	(28.1197,263.969,1.895)	40.1912	-66.9224
7.730111458793	6	(26.9969,384.276,1.895)	80.3243	-72.9367
7.741651904734	4	(27.3351,348.037,1.895)	44.1389	-67.7362
7.749149505596	7	(26.8017,405.186,1.895)	101.221	-74.9452
7.819172076066	1	(27.8987,287.648,1.895)	14.7476	-58.2142
7.820336667087	5	(23.903,362.156,1.895)	60.1691	-70.4273
7.825066219154	3	(27.5776,322.057,1.895)	20.3073	-60.9928
7.829642230819	0	(28.1385,261.96,1.895)	40.1985	-66.924
7.830111458793	6	(27.0156,382.265,1.895)	80.3155	-72.9358
7.841651904734	4	(27.3532,346.099,1.895)	44.2039	-67.749
7.849149505596	7	(26.8192,403.31,1.895)	101.347	-74.956
7.919172076066	1	(27.9171,285.676,1.895)	14.7112	-58.1928
7.920336667087	5	(23.9217,360.147,1.895)	60.1688	-70.4272
7.925066219154	3	(27.5963,320.056,1.895)	20.3149	-60.9961
7.929642230819	0	(28.1573,259.948,1.895)	40.2009	-66.9245
7.930111458793	6	(27.0344,380.256,1.895)	80.3158	-72.9358
7.941651904734	4	(27.3712,344.166,1.895)	44.2796	-67.7639
7.949149505596	7	(26.8367,401.434,1.895)	101.481	-74.9675
8.019172076066	1	(27.9355,283.707,1.895)	14.6736	-58.1705
8.020336667087	5	(23.9404,358.147,1.895)	60.1766	-70.4283
8.025066219154	3	(27.6149,318.053,1.895)	20.3194	-60.998
8.029642230819	0	(28.1759,257.948,1.895)	40.1934	-66.9229
8.030111458793	6	(27.0532,378.244,1.895)	80.3116	-72.9354
8.041651904734	4	(27.3892,342.236,1.895)	44.3568	-67.779
8.049149505596	7	(26.8542,399.557,1.895)	101.611	-74.9786
8.105159656343	8	(23.3976,416.3,1.895)	120.342	-76.4481
8.119172076066	1	(27.9539,281.74,1.895)	14.6317	-58.1457
8.120336667087	5	(23.9591,356.142,1.895)	60.1809	-70.429
8.125066219154	3	(27.6337,316.048,1.895)	20.3247	-61.0003
8.129642230819	0	(28.1946,255.944,1.895)	40.1875	-66.9216
8.130111458793	6	(27.0719,376.235,1.895)	80.3125	-72.9355
8.141651904734	4	(27.4073,340.305,1.895)	44.4353	-67.7944
8.149149505596	7	(26.8718,397.677,1.895)	101.741	-74.9897
8.205159656343	8	(23.4163,414.297,1.895)	120.347	-76.4485
8.219172076066	1	(27.9722,279.78,1.895)	14.5847	-58.1177
8.220336667087	5	(23.9778,354.138,1.895)	60.1855	-70.4296
8.225066219154	3	(27.6524,314.044,1.895)	20.3287	-61.002
8.229642230819	0	(28.2133,253.939,1.895)	40.1841	-66.9209
8.230111458793	6	(27.0906,374.233,1.895)	80.3185	-72.9361
8.241651904734	4	(27.4253,338.372,1.895)	44.5104	-67.809
8.249149505596	7	(26.8893,395.797,1.895)	101.869	-75.0006
8.305159656343	8	(23.435,412.29,1.895)	120.349	-76.4486
8.319172076066	1	(27.9905,277.81,1.895)	14.5483	-58.096
8.320336667087	5	(23.9965,352.133,1.895)	60.1886	-70.4301
8.325066219154	3	(27.6711,312.035,1.895)	20.3275	-61.0015
8.329642230819	0	(28.2321,251.93,1.895)	40.1854	-66.9212
8.330111458793	6	(27.1093,372.224,1.895)	80.3172	-72.936
8.341651904734	4	(27.4434,336.43,1.895)	44.5765	-67.8219
8.349149505596	7	(26.9069,393.92,1.895)	102	-75.0118
8.405159656343	8	(23.4537,410.284,1.895)	120.347	-76.4485
8.419172076066	1	(28.0089,275.845,1.895)	14.5096	-58.0729
8.420336667087	5	(24.0152,350.131,1.895)	60.1908	-70.4304
8.425066219154	3	(27.6899,310.026,1.895)	20.3231	-60.9996
8.429642230819	0	(28.2508,249.924,1.895)	40.1865	-66.9214
8.430111458793	6	(27.1281,370.215,1.895)	80.3131	-72.9355
8.441651904734	4	(27.4615,334.49,1.895)	44.6403	-67.8343
8.449149505596	7	(26.9246,392.023,1.895)	102.107	-75.0209
8.505159656343	8	(23.4725,408.278,1.895)	120.352	-76.4488
8.519172076066	1	(28.0273,273.874,1.895)	14.4706	-58.0495
8.520336667087	5	(24.034,348.12,1.895)	60.1908	-70.4304
8.525066219154	3	(27.7085,308.025,1.895)	20.3336	-61.0041
8.529642230819	0	(28.2695,247.919,1.895)	40.181	-66.9202
8.530111458793	6	(27.1468,368.216,1.895)	80.325	-72.9368
8.541651904734	4	(27.4797,332.548,1.895)	44.7098	-67.8478
8.549149505596	7	(26.9422,390.129,1.895)	102.224	-75.0308
8.605159656343	8	(23.4912,406.273,1.895)	120.351	-76.4488
8.619172076066	1	(28.0456,271.909,1.895)	14.4326	-58.0267
8.620336667087	5	(24.0527,346.11,1.895)	60.1851	-70.4296
8.625066219154	3	(27.7273,306.014,1.895)	20.3265	-61.001
8.629642230819	0	(28.2883,245.907,1.895)	40.1887	-66.9219
8.630111458793	6	(27.1655,366.213,1.895)	80.3257	-72.9369
8.641651904734	4	(27.4977,330.613,1.895)	44.7785	-67.8612
8.649149505596	7	(26.9599,388.241,1.895)	102.34	-75.0407
8.705159656343	8	(23.5099,404.268,1.895)	120.352	-76.4489
8.719172076066	1	(28.064,269.939,1.895)	14.3976	-58.0056
8.720336667087	5	(24.0714,344.107,1.895)	60.188	-70.43
8.725066219154	3	(27.746,304.012,1.895)	20.3298	-61.0025
8.729642230819	0	(28.307,243.903,1.895)	40.1868	-66.9215
8.730111458793	6	(27.1842,364.207,1.895)	80.3259	-72.9369
8.741651904734	4	(27.5158,328.671,1.895)	44.8424	-67.8736
8.749149505596	7	(26.9776,386.345,1.895)	102.45	-75.05
8.805159656343	8	(23.5286,402.268,1.895)	120.358	-76.4493
8.819172076066	1	(28.0824,267.965,1.895)	14.3668	-57.987
8.820336667087	5	(24.0901,342.104,1.895)	60.1907	-70.4304
8.825066219154	3	(27.7648,302,1.895)	20.3242	-61
8.829642230819	0	(28.3258,241.895,1.895)	40.1893	-66.922
8.830111458793	6	(27.2029,362.205,1.895)	80.3298	-72.9373
8.841651904734	4	(27.534,326.725,1.895)	44.9022	-67.8852
8.849149505596	7	(26.9952,384.453,1.895)	102.564	-75.0597
8.905159656343	8	(23.5473,400.261,1.895)	120.359	-76.4493
8.919172076066	1	(28.1008,265.992,1.895)	14.3328	-57.9664
8.920336667087	5	(24.1088,340.104,1.895)	60.1983	-70.4315
8.925066219154	3	(27.7835,299.992,1.895)	20.3242	-61
8.929642230819	0	(28.3445,239.891,1.895)	40.1852	-66.9211
8.930111458793	6	(27.2216,360.2,1.895)	80.3323	-72.9376
8.941651904734	4	(27.5522,324.778,1.895)	44.9629	-67.8969
8.949149505596	7	(27.0129,382.559,1.895)	102.678	-75.0693
9.005159656343	8	(23.566,398.254,1.895)	120.363	-76.4496
9.019172076066	1	(28.1192,264.02,1.895)	14.2933	-57.9425
9.020336667087	5	(24.1275,338.103,1.895)	60.2096	-70.4331
9.025066219154	3	(27.8022,297.991,1.895)	20.3344	-61.0044
9.029642230819	0	(28.3632,237.883,1.895)	40.1817	-66.9203
9.030111458793	6	(27.2403,358.19,1.895)	80.3347	-72.9378
9.041651904734	4	(27.5703,322.834,1.895)	45.0306	-67.9099
9.049149505596	7	(27.0306,380.661,1.895)	102.791	-75.0789
9.105159656343	8	(23.5847,396.251,1.895)	120.359	-76.4494
9.110420700861	9	(26.6976,416.34,1.895)	140.458	-77.7907
9.119172076066	1	(28.1377,262.042,1.895)	14.2732	-57.9302
9.120336667087	5	(24.1462,336.097,1.895)	60.2032	-70.4322
9.125066219154	3	(27.8209,295.989,1.895)	20.3322	-61.0035
9.129642230819	0	(28.3819,235.877,1.895)	40.1878	-66.9217
9.130111458793	6	(27.2591,356.181,1.895)	80.3252	-72.9368
9.141651904734	4	(27.5884,320.895,1.895)	45.0907	-67.9215
9.149149505596	7	(27.0484,378.757,1.895)	102.887	-75.087
9.205159656343	8	(23.6035,394.241,1.895)	120.359	-76.4493
9.210420700861	9	(26.7164,414.33,1.895)	140.456	-77.7906
9.219172076066	1	(28.1561,260.068,1.895)	14.2387	-57.9092
9.220336667087	5	(24.1649,334.089,1.895)	60.204	-70.4323
9.225066219154	3	(27.8396,293.983,1.895)	20.335	-61.0047
9.229642230819	0	(28.4006,233.878,1.895)	40.1787	-66.9197
9.230111458793	6	(27.2778,354.179,1.895)	80.3311	-72.9375
9.241651904734	4	(27.6066,318.943,1.895)	45.1466	-67.9323
9.249149505596	7	(27.0662,376.845,1.895)	102.984	-75.0952
9.305159656343	8	(23.6222,392.234,1.895)	120.358	-76.4493
9.310420700861	9	(26.735,412.329,1.895)	140.461	-77.7909
9.319172076066	1	(28.1745,258.099,1.895)	14.2025	-57.8871
9.320336667087	5	(24.1836,332.087,1.895)	60.2079	-70.4329
9.325066219154	3	(27.8583,291.974,1.895)	20.3322	-61.0035
9.329642230819	0	(28.4193,231.874,1.895)	40.1759	-66.9191
9.330111458793	6	(27.2965,352.169,1.895)	80.328	-72.9371
9.341651904734	4	(27.6249,316.989,1.895)	45.1992	-67.9424
9.349149505596	7	(27.084,374.942,1.895)	103.087	-75.1039
9.405159656343	8	(23.641,390.224,1.895)	120.348	-76.4486
9.410420700861	9	(26.7537,410.326,1.895)	140.459	-77.7908
9.419172076066	1	(28.1929,256.127,1.895)	14.1752	-57.8703
9.420336667087	5	(24.2023,330.085,1.895)	60.2064	-70.4326
9.425066219154	3	(27.8771,289.966,1.895)	20.3246	-61.0002
9.429642230819	0	(28.438,229.871,1.895)	40.1784	-66.9196
9.430111458793	6	(27.3153,350.159,1.895)	80.319	-72.9362
9.441651904734	4	(27.6432,315.03,1.895)	45.2404	-67.9503
9.449149505596	7	(27.1018,373.032,1.895)	103.178	-75.1115
9.505159656343	8	(23.6597,388.22,1.895)	120.351	-76.4488
9.510420700861	9	(26.7725,408.316,1.895)	140.456	-77.7906
9.519172076066	1	(28.2114,254.15,1.895)	14.1464	-57.8527
9.520336667087	5	(24.221,328.079,1.895)	60.2073	-70.4328
9.525066219154	3	(27.8958,287.956,1.895)	20.3221	-60.9992
9.529642230819	0	(28.4566,227.87,1.895)	40.1727	-66.9184
9.530111458793	6	(27.334,348.15,1.895)	80.3159	-72.9358
9.541651904734	4	(27.6614,313.07,1.895)	45.2876	-67.9594
9.549149505596	7	(27.1197,371.118,1.895)	103.27	-75.1193
9.605159656343	8	(23.6784,386.22,1.895)	120.358	-76.4493
9.610420700861	9	(26.7912,406.306,1.895)	140.454	-77.7905
9.619172076066	1	(28.2297,252.181,1.895)	14.1084	-57.8294
9.620336667087	5	(24.2397,326.076,1.895)	60.212	-70.4335
9.625066219154	3	(27.9145,285.954,1.895)	20.3271	-61.0013
9.629642230819	0	(28.4754,225.858,1.895)	40.177	-66.9193
9.630111458793	6	(27.3528,346.139,1.895)	80.3124	-72.9354
9.641651904734	4	(27.6797,311.117,1.895)	45.3414	-67.9697
9.649149505596	7	(27.1375,369.207,1.895)	103.366	-75.1274
9.705159656343	8	(23.6971,384.215,1.895)	120.364	-76.4497
9.710420700861	9	(26.81,404.298,1.895)	140.456	-77.7906
9.719172076066	1	(28.2482,250.201,1.895)	14.0785	-57.8109
9.720336667087	5	(24.2584,324.074,1.895)	60.2207	-70.4347
9.725066219154	3	(27.9333,283.943,1.895)	20.3266	-61.0011
9.729642230819	0	(28.4941,223.856,1.895)	40.1686	-66.9175
9.730111458793	6	(27.3716,344.13,1.895)	80.314	-72.9356
9.741651904734	4	(27.6978,309.171,1.895)	45.4065	-67.9821
9.749149505596	7	(27.1554,367.285,1.895)	103.456	-75.1349
9.805159656343	8	(23.7158,382.205,1.895)	120.362	-76.4496
9.810420700861	9	(26.8287,402.297,1.895)	140.464	-77.7911
9.819172076066	1	(28.2667,248.221,1.895)	14.0509	-57.7938
9.820336667087	5	(24.2771,322.071,1.895)	60.2264	-70.4355
9.825066219154	3	(27.952,281.938,1.895)	20.3306	-61.0028
9.829642230819	0	(28.5129,221.845,1.895)	40.171	-66.918
9.830111458793	6	(27.3903,342.118,1.895)	80.311	-72.9353
9.841651904734	4	(27.7161,307.216,1.895)	45.4602	-67.9924
9.849149505596	7	(27.1733,365.368,1.895)	103.547	-75.1425
9.905159656343	8	(23.7346,380.196,1.895)	120.356	-76.4491
9.910420700861	9	(26.8474,400.293,1.895)	140.461	-77.7909
9.919172076066	1	(28.2852,246.24,1.895)	14.0304	-57.7812
9.920336667087	5	(24.2957,320.072,1.895)	60.229	-70.4359
9.925066219154	3	(27.9708,279.929,1.895)	20.3228	-60.9994
9.929642230819	0	(28.5316,219.842,1.895)	40.1721	-66.9183
9.930111458793	6	(27.4091,340.112,1.895)	80.3074	-72.9349
9.941651904734	4	(27.7344,305.255,1.895)	45.5003	-68.0001
9.949149505596	7	(27.1913,363.444,1.895)	103.625	-75.1491
10.005159656343	8	(23.7532,378.196,1.895)	120.355	-76.449
10.010420700861	9	(26.866,398.292,1.895)	140.46	-77.7908
10.019172076066	1	(28.3036,244.263,1.895)	14.0093	-57.7681
10.020336667087	5	(24.3144,318.07,1.895)	60.2265	-70.4355
10.025066219154	3	(27.9895,277.919,1.895)	20.313	-60.9953
10.029642230819	0	(28.5503,217.838,1.895)	40.1769	-66.9193
10.030111458793	6	(27.4278,338.106,1.895)	80.3005	-72.9342
10.041651904734	4	(27.7526,303.3,1.895)	45.5446	-68.0085
10.049149505596	7	(27.2092,361.522,1.895)	103.701	-75.1555
10.105159656343	8	(23.7719,376.196,1.895)	120.355	-76.449
10.110420700861	9	(26.8848,396.287,1.895)	140.454	-77.7905
10.119172076066	1	(28.3221,242.29,1.895)	13.9835	-57.7521
10.120336667087	5	(24.3331,316.065,1.895)	60.2206	-70.4347
10.125066219154	3	(28.0082,275.914,1.895)	20.307	-60.9927
10.129642230819	0	(28.569,215.835,1.895)	40.18	-66.92
10.130111458793	6	(27.4465,336.104,1.895)	80.2974	-72.9338
10.141651904734	4	(27.7709,301.34,1.895)	45.5843	-68.0161
10.149149505596	7	(27.2271,359.605,1.895)	103.784	-75.1624
10.205159656343	8	(23.7906,374.195,1.895)	120.362	-76.4496
10.210420700861	9	(26.9034,394.286,1.895)	140.461	-77.7909
10.219172076066	1	(28.3405,240.315,1.895)	13.9511	-57.7319
10.220336667087	5	(24.3518,314.064,1.895)	60.2277	-70.4357
10.225066219154	3	(28.0269,273.912,1.895)	20.3131	-60.9953
10.229642230819	0	(28.5877,213.826,1.895)	40.1814	-66.9203
10.230111458793	6	(27.4651,334.104,1.895)	80.3062	-72.9348
10.241651904734	4	(27.7893,299.375,1.895)	45.6265	-68.0241
10.249149505596	7	(27.2451,357.682,1.895)	103.87	-75.1696
10.305159656343	8	(23.8092,372.196,1.895)	120.373	-76.4503
10.310420700861	9	(26.9222,392.278,1.895)	140.463	-77.791
10.319172076066	1	(28.359,238.332,1.895)	13.9246	-57.7154
10.320336667087	5	(24.3705,312.062,1.895)	60.2359	-70.4369
10.325066219154	3	(28.0456,271.91,1.895)	20.3208	-60.9986
10.329642230819	0	(28.6064,211.827,1.895)	40.1706	-66.9179
10.330111458793	6	(27.4839,332.092,1.895)	80.3042	-72.9346
10.341651904734	4	(27.8075,297.418,1.895)	45.6793	-68.0342
10.349149505596	7	(27.263,355.765,1.895)	103.962	-75.1773
10.405159656343	8	(23.828,370.186,1.895)	120.37	-76.4501
10.410420700861	9	(26.9409,390.267,1.895)	140.46	-77.7908
10.419172076066	1	(28.3774,236.362,1.895)	13.8887	-57.693
10.420336667087	5	(24.3892,310.056,1.895)	60.2365	-70.437
10.425066219154	3	(28.0644,269.902,1.895)	20.3199	-60.9982
10.429642230819	0	(28.6251,209.82,1.895)	40.1698	-66.9178
10.430111458793	6	(27.5026,330.086,1.895)	80.3046	-72.9346
10.441651904734	4	(27.8259,295.455,1.895)	45.7242	-68.0427
10.449149505596	7	(27.281,353.834,1.895)	104.038	-75.1836
10.505159656343	8	(23.8468,368.175,1.895)	120.368	-76.45
10.510420700861	9	(26.9596,388.265,1.895)	140.467	-77.7913
10.519172076066	1	(28.3958,234.386,1.895)	13.8569	-57.6731
10.520336667087	5	(24.4079,308.056,1.895)	60.2463	-70.4384
10.525066219154	3	(28.0831,267.897,1.895)	20.3242	-61.0001
10.529642230819	0	(28.6438,207.814,1.895)	40.1675	-66.9173
10.530111458793	6	(27.5214,328.078,1.895)	80.3061	-72.9348
10.541651904734	4	(27.8441,293.498,1.895)	45.7754	-68.0524
10.549149505596	7	(27.2989,351.911,1.895)	104.124	-75.1908
10.605159656343	8	(23.8655,366.174,1.895)	120.366	-76.4499
10.610420700861	9	(26.9783,386.264,1.895)	140.465	-77.7912
10.619172076066	1	(28.4143,232.402,1.895)	13.8412	-57.6633
10.620336667087	5	(24.4266,306.05,1.895)	60.2399	-70.4375
10.625066219154	3	(28.1018,265.89,1.895)	20.3177	-60.9973
10.629642230819	0	(28.6626,205.806,1.895)	40.1747	-66.9188
10.630111458793	6	(27.5401,326.07,1.895)	80.2982	-72.9339
10.641651904734	4	(27.8625,291.531,1.895)	45.8081	-68.0586
10.649149505596	7	(27.317,349.979,1.895)	104.192	-75.1965
10.705159656343	8	(23.8842,364.163,1.895)	120.365	-76.4498
10.710420700861	9	(26.997,384.259,1.895)	140.469	-77.7914
10.719172076066	1	(28.4329,230.414,1.895)	13.8214	-57.6508
10.720336667087	5	(24.4453,304.05,1.895)	60.2489	-70.4388
10.725066219154	3	(28.1205,263.891,1.895)	20.3269	-61.0012
10.729642230819	0	(28.6813,203.799,1.895)	40.1735	-66.9186
10.730111458793	6	(27.5589,324.058,1.895)	80.2953	-72.9336
10.741651904734	4	(27.8808,289.569,1.895)	45.8555	-68.0676
10.749149505596	7	(27.3351,348.04,1.895)	104.262	-75.2023
10.805159656343	8	(23.903,362.153,1.895)	120.357	-76.4492
10.810420700861	9	(27.0157,382.257,1.895)	140.469	-77.7914
10.819172076066	1	(28.4515,228.425,1.895)	13.8087	-57.6429
10.820336667087	5	(24.464,302.042,1.895)	60.2429	-70.4379
10.825066219154	3	(28.1392,261.882,1.895)	20.3201	-60.9983
10.829642230819	0	(28.7,201.798,1.895)	40.1721	-66.9183
10.830111458793	6	(27.5776,322.055,1.895)	80.2941	-72.9335
10.841651904734	4	(27.8991,287.605,1.895)	45.8928	-68.0747
10.849149505596	7	(27.3531,346.105,1.895)	104.329	-75.2079
10.905159656343	8	(23.9217,360.147,1.895)	120.359	-76.4494
10.910420700861	9	(27.0345,380.246,1.895)	140.467	-77.7913
10.919172076066	1	(28.4699,226.448,1.895)	13.7779	-57.6234
10.920336667087	5	(24.4828,300.036,1.895)	60.2453	-70.4382
10.925066219154	3	(28.1579,259.881,1.895)	20.3276	-61.0015
10.929642230819	0	(28.7187,199.796,1.895)	40.1656	-66.9169
10.930111458793	6	(27.5963,320.048,1.895)	80.2957	-72.9336
10.941651904734	4	(27.9174,285.642,1.895)	45.9385	-68.0833
10.949149505596	7	(27.3711,344.176,1.895)	104.409	-75.2146
11.005159656343	8	(23.9405,358.137,1.895)	120.357	-76.4492
11.010420700861	9	(27.0532,378.241,1.895)	140.47	-77.7915
11.019172076066	1	(28.4885,224.462,1.895)	13.7555	-57.6093
11.020336667087	5	(24.5015,298.027,1.895)	60.2451	-70.4382
11.025066219154	3	(28.1766,257.875,1.895)	20.3302	-61.0026
11.029642230819	0	(28.7374,197.792,1.895)	40.1615	-66.916
11.030111458793	6	(27.615,318.043,1.895)	80.2985	-72.9339
11.041651904734	4	(27.9358,283.677,1.895)	45.9822	-68.0916
11.049149505596	7	(27.3892,342.237,1.895)	104.478	-75.2203
11.105159656343	8	(23.9592,356.134,1.895)	120.36	-76.4494
11.110420700861	9	(27.0719,376.239,1.895)	140.475	-77.7917
11.119172076066	1	(28.5069,222.483,1.895)	13.7294	-57.5928
11.120336667087	5	(24.5202,296.022,1.895)	60.246	-70.4384
11.125066219154	3	(28.1953,255.874,1.895)	20.3352	-61.0048
11.129642230819	0	(28.7561,195.785,1.895)	40.1617	-66.916
11.130111458793	6	(27.6338,316.036,1.895)	80.2982	-72.9339
11.141651904734	4	(27.9542,281.708,1.895)	46.0187	-68.0985
11.149149505596	7	(27.4073,340.299,1.895)	104.547	-75.226
11.205159656343	8	(23.9778,354.132,1.895)	120.368	-76.45
11.210420700861	9	(27.0905,374.238,1.895)	140.483	-77.7923
11.219172076066	1	(28.5255,220.494,1.895)	13.7099	-57.5804
11.220336667087	5	(24.5389,294.017,1.895)	60.2503	-70.439
11.225066219154	3	(28.214,253.871,1.895)	20.3413	-61.0074
11.229642230819	0	(28.7749,193.775,1.895)	40.163	-66.9163
11.230111458793	6	(27.6525,314.027,1.895)	80.2984	-72.9339
11.241651904734	4	(27.9725,279.747,1.895)	46.0675	-68.1077
11.249149505596	7	(27.4254,338.365,1.895)	104.622	-75.2322
11.305159656343	8	(23.9966,352.124,1.895)	120.361	-76.4495
11.310420700861	9	(27.1092,372.238,1.895)	140.485	-77.7924
11.319172076066	1	(28.5441,218.504,1.895)	13.6979	-57.5729
11.320336667087	5	(24.5576,292.014,1.895)	60.249	-70.4388
11.325066219154	3	(28.2327,251.86,1.895)	20.3322	-61.0035
11.329642230819	0	(28.7936,191.765,1.895)	40.1708	-66.918
11.330111458793	6	(27.6713,312.015,1.895)	80.2884	-72.9328
11.341651904734	4	(27.9908,277.782,1.895)	46.1043	-68.1146
11.349149505596	7	(27.4435,336.42,1.895)	104.679	-75.2369
11.405159656343	8	(24.0153,350.114,1.895)	120.359	-76.4494
11.410420700861	9	(27.1279,370.232,1.895)	140.486	-77.7925
11.419172076066	1	(28.5626,216.517,1.895)	13.6792	-57.561
11.420336667087	5	(24.5764,290.004,1.895)	60.2459	-70.4383
11.425066219154	3	(28.2514,249.86,1.895)	20.3392	-61.0065
11.429642230819	0	(28.8123,189.763,1.895)	40.1656	-66.9169
11.430111458793	6	(27.69,310.013,1.895)	80.2928	-72.9333
11.441651904734	4	(28.0093,275.803,1.895)	46.1321	-68.1199
11.449149505596	7	(27.4616,334.479,1.895)	104.744	-75.2424
11.505159656343	8	(24.0341,348.109,1.895)	120.365	-76.4498
11.510420700861	9	(27.1467,368.223,1.895)	140.487	-77.7925
11.519172076066	1	(28.5811,214.533,1.895)	13.6527	-57.5442
11.520336667087	5	(24.5951,287.998,1.895)	60.251	-70.4391
11.525066219154	3	(28.2701,247.854,1.895)	20.3445	-61.0087
11.529642230819	0	(28.831,187.763,1.895)	40.1552	-66.9146
11.530111458793	6	(27.7087,308.006,1.895)	80.2972	-72.9338
11.541651904734	4	(28.0276,273.84,1.895)	46.1795	-68.1288
11.549149505596	7	(27.4797,332.546,1.895)	104.822	-75.2489
11.605159656343	8	(24.0528,346.098,1.895)	120.357	-76.4492
11.610420700861	9	(27.1655,366.213,1.895)	140.481	-77.7921
11.619172076066	1	(28.5996,212.552,1.895)	13.6312	-57.5304
11.620336667087	5	(24.6138,285.992,1.895)	60.2488	-70.4388
11.625066219154	3	(28.2888,245.85,1.895)	20.3433	-61.0082
11.629642230819	0	(28.8497,185.761,1.895)	40.1534	-66.9142
11.630111458793	6	(27.7275,305.996,1.895)	80.2908	-72.9331
11.641651904734	4	(28.046,271.87,1.895)	46.2131	-68.1351
11.649149505596	7	(27.4978,330.603,1.895)	104.883	-75.2539
11.705159656343	8	(24.0716,344.089,1.895)	120.352	-76.4488
11.710420700861	9	(27.1842,364.203,1.895)	140.474	-77.7917
11.719172076066	1	(28.6182,210.565,1.895)	13.6152	-57.5203
11.720336667087	5	(24.6325,283.989,1.895)	60.2484	-70.4387
11.725066219154	3	(28.3076,243.842,1.895)	20.3387	-61.0062
11.729642230819	0	(28.8684,183.756,1.895)	40.1553	-66.9147
11.730111458793	6	(27.7462,303.986,1.895)	80.2838	-72.9324
11.741651904734	4	(28.0644,269.899,1.895)	46.2448	-68.1411
11.749149505596	7	(27.5159,328.661,1.895)	104.944	-75.259
11.805159656343	8	(24.0903,342.089,1.895)	120.361	-76.4495
11.810420700861	9	(27.203,362.192,1.895)	140.473	-77.7916
11.819172076066	1	(28.6367,208.581,1.895)	13.5906	-57.5046
11.820336667087	5	(24.6513,281.978,1.895)	60.2476	-70.4386
11.825066219154	3	(28.3263,241.831,1.895)	20.3374	-61.0057
11.829642230819	0	(28.8871,181.752,1.895)	40.1503	-66.9136
11.830111458793	6	(27.7649,301.986,1.895)	80.2932	-72.9334
11.841651904734	4	(28.0828,267.925,1.895)	46.2806	-68.1478
11.849149505596	7	(27.5341,326.717,1.895)	105.01	-75.2644
11.905159656343	8	(24.1089,340.087,1.895)	120.364	-76.4498
11.910420700861	9	(27.2217,360.186,1.895)	140.473	-77.7916
11.919172076066	1	(28.6552,206.595,1.895)	13.5713	-57.4922
11.920336667087	5	(24.67,279.977,1.895)	60.2521	-70.4392
11.925066219154	3	(28.3451,239.82,1.895)	20.3327	-61.0037
11.929642230819	0	(28.9058,179.751,1.895)	40.1449	-66.9124
11.930111458793	6	(27.7836,299.98,1.895)	80.2927	-72.9333
11.941651904734	4	(28.1012,265.954,1.895)	46.3155	-68.1543
11.949149505596	7	(27.5522,324.778,1.895)	105.076	-75.2699
12.005159656343	8	(24.1277,338.079,1.895)	120.36	-76.4494
12.010420700861	9	(27.2404,358.184,1.895)	140.474	-77.7917
12.019172076066	1	(28.6737,204.617,1.895)	13.5477	-57.4771
12.020336667087	5	(24.6887,277.973,1.895)	60.2505	-70.439
12.025066219154	3	(28.3639,237.809,1.895)	20.324	-61
12.029642230819	0	(28.9244,177.748,1.895)	40.1448	-66.9124
12.030111458793	6	(27.8023,297.977,1.895)	80.2931	-72.9334
12.041651904734	4	(28.1196,263.979,1.895)	46.3431	-68.1595
12.049149505596	7	(27.5704,322.827,1.895)	105.128	-75.2741
12.105159656343	8	(24.1464,336.078,1.895)	120.368	-76.45
12.110420700861	9	(27.259,356.185,1.895)	140.484	-77.7923
12.119172076066	1	(28.6921,202.639,1.895)	13.5168	-57.4573
12.120336667087	5	(24.7075,275.961,1.895)	60.2486	-70.4387
12.125066219154	3	(28.3826,235.8,1.895)	20.3249	-61.0003
12.129642230819	0	(28.9432,175.74,1.895)	40.1429	-66.912
12.130111458793	6	(27.821,295.972,1.895)	80.2975	-72.9338
12.141651904734	4	(28.1381,262,1.895)	46.374	-68.1653
12.149149505596	7	(27.5885,320.882,1.895)	105.193	-75.2795
12.205159656343	8	(24.1651,334.072,1.895)	120.363	-76.4496
12.210420700861	9	(27.2778,354.175,1.895)	140.475	-77.7917
12.219172076066	1	(28.7106,200.656,1.895)	13.4995	-57.4461
12.220336667087	5	(24.7262,273.956,1.895)	60.2447	-70.4382
12.225066219154	3	(28.4013,233.796,1.895)	20.3218	-60.999
12.229642230819	0	(28.962,173.73,1.895)	40.1528	-66.9141
12.230111458793	6	(27.8397,293.971,1.895)	80.2975	-72.9338
12.241651904734	4	(28.1565,260.024,1.895)	46.399	-68.17
12.249149505596	7	(27.6067,318.937,1.895)	105.248	-75.2841
12.305159656343	8	(24.1838,332.07,1.895)	120.361	-76.4495
12.310420700861	9	(27.2965,352.175,1.895)	140.475	-77.7918
12.319172076066	1	(28.7293,198.66,1.895)	13.4955	-57.4436
12.320336667087	5	(24.7448,271.957,1.895)	60.2458	-70.4383
12.325066219154	3	(28.4201,231.785,1.895)	20.3113	-60.9945
12.329642230819	0	(28.9807,171.719,1.895)	40.1635	-66.9164
12.330111458793	6	(27.8584,291.967,1.895)	80.2939	-72.9334
12.341651904734	4	(28.1749,258.053,1.895)	46.4276	-68.1753
12.349149505596	7	(27.6249,316.989,1.895)	105.3	-75.2884
12.405159656343	8	(24.2025,330.064,1.895)	120.366	-76.4499
12.410420700861	9	(27.3152,350.167,1.895)	140.478	-77.792
12.419172076066	1	(28.7479,196.665,1.895)	13.48	-57.4336
12.420336667087	5	(24.7635,269.957,1.895)	60.2571	-70.44
12.425066219154	3	(28.4388,229.783,1.895)	20.3198	-60.9982
12.429642230819	0	(28.9994,169.713,1.895)	40.1586	-66.9154
12.430111458793	6	(27.8771,289.965,1.895)	80.3026	-72.9344
12.441651904734	4	(28.1934,256.078,1.895)	46.4637	-68.1821
12.449149505596	7	(27.6431,315.032,1.895)	105.355	-75.2929
12.505159656343	8	(24.2212,328.057,1.895)	120.358	-76.4493
12.510420700861	9	(27.3339,348.166,1.895)	140.477	-77.7919
12.519172076066	1	(28.7665,194.674,1.895)	13.4711	-57.4278
12.520336667087	5	(24.7823,267.947,1.895)	60.2462	-70.4384
12.525066219154	3	(28.4575,227.776,1.895)	20.3125	-60.995
12.529642230819	0	(29.0182,167.707,1.895)	40.1653	-66.9168
12.530111458793	6	(27.8958,287.96,1.895)	80.297	-72.9338
12.541651904734	4	(28.2118,254.099,1.895)	46.4836	-68.1858
12.549149505596	7	(27.6614,313.078,1.895)	105.4	-75.2966
12.605159656343	8	(24.2399,326.057,1.895)	120.365	-76.4498
12.610420700861	9	(27.3527,346.155,1.895)	140.473	-77.7916
12.619172076066	1	(28.7851,192.68,1.895)	13.4586	-57.4198
12.620336667087	5	(24.801,265.942,1.895)	60.248	-70.4386
12.625066219154	3	(28.4762,225.772,1.895)	20.3151	-60.9962
12.629642230819	0	(29.0369,165.703,1.895)	40.1618	-66.916
12.630111458793	6	(27.9146,285.949,1.895)	80.2931	-72.9333
12.641651904734	4	(28.2302,252.127,1.895)	46.5187	-68.1923
12.649149505596	7	(27.6796,311.13,1.895)	105.459	-75.3014
12.705159656343	8	(24.2586,324.049,1.895)	120.364	-76.4497
12.710420700861	9	(27.3714,344.15,1.895)	140.474	-77.7917
12.719172076066	1	(28.8037,190.691,1.895)	13.443	-57.4097
12.720336667087	5	(24.8197,263.931,1.895)	60.2428	-70.4379
12.725066219154	3	(28.495,223.763,1.895)	20.3122	-60.9949
12.729642230819	0	(29.0556,163.693,1.895)	40.1666	-66.9171
12.730111458793	6	(27.9333,283.948,1.895)	80.298	-72.9339
12.741651904734	4	(28.2487,250.153,1.895)	46.5506	-68.1983
12.749149505596	7	(27.6979,309.165,1.895)	105.5	-75.3048
12.805159656343	8	(24.2774,322.043,1.895)	120.369	-76.4501
12.810420700861	9	(27.3901,342.146,1.895)	140.481	-77.7921
12.819172076066	1	(28.8223,188.692,1.895)	13.4303	-57.4015
12.820336667087	5	(24.8385,261.926,1.895)	60.2493	-70.4388
12.825066219154	3	(28.5137,221.758,1.895)	20.319	-60.9978
12.829642230819	0	(29.0743,161.689,1.895)	40.1584	-66.9153
12.830111458793	6	(27.952,281.937,1.895)	80.2982	-72.9339
12.841651904734	4	(28.2672,248.17,1.895)	46.5788	-68.2036
12.849149505596	7	(27.7161,307.21,1.895)	105.556	-75.3095
12.905159656343	8	(24.2961,320.033,1.895)	120.367	-76.45
12.910420700861	9	(27.4088,340.137,1.895)	140.481	-77.7921
12.919172076066	1	(28.8409,186.699,1.895)	13.4156	-57.392
12.920336667087	5	(24.8571,259.924,1.895)	60.256	-70.4398
12.925066219154	3	(28.5324,219.753,1.895)	20.322	-60.9991
12.929642230819	0	(29.0931,159.682,1.895)	40.1569	-66.915
12.930111458793	6	(27.9707,279.938,1.895)	80.3076	-72.9349
12.941651904734	4	(28.2857,246.187,1.895)	46.6051	-68.2084
12.949149505596	7	(27.7344,305.25,1.895)	105.605	-75.3135
13.005159656343	8	(24.3148,318.034,1.895)	120.368	-76.45
13.010420700861	9	(27.4275,338.136,1.895)	140.478	-77.792
13.019172076066	1	(28.8595,184.707,1.895)	13.4081	-57.3871
13.020336667087	5	(24.8759,257.917,1.895)	60.2482	-70.4387
13.025066219154	3	(28.5511,217.745,1.895)	20.3134	-60.9954
13.029642230819	0	(29.1118,157.671,1.895)	40.1689	-66.9176
13.030111458793	6	(27.9894,277.936,1.895)	80.3057	-72.9347
13.041651904734	4	(28.3042,244.205,1.895)	46.6216	-68.2115
13.049149505596	7	(27.7526,303.3,1.895)	105.654	-75.3175
13.105159656343	8	(24.3334,316.035,1.895)	120.374	-76.4504
13.110420700861	9	(27.4463,336.125,1.895)	140.473	-77.7916
13.119172076066	1	(28.8782,182.707,1.895)	13.4025	-57.3835
13.120336667087	5	(24.8946,255.913,1.895)	60.2501	-70.4389
13.125066219154	3	(28.5699,215.737,1.895)	20.3111	-60.9944
13.129642230819	0	(29.1306,155.664,1.895)	40.1706	-66.9179
13.130111458793	6	(28.008,275.935,1.895)	80.3097	-72.9351
13.141651904734	4	(28.3226,242.228,1.895)	46.65	-68.2168
13.149149505596	7	(27.7709,301.343,1.895)	105.702	-75.3215
13.205159656343	8	(24.3521,314.031,1.895)	120.379	-76.4508
13.210420700861	9	(27.4649,334.124,1.895)	140.481	-77.7921
13.219172076066	1	(28.8968,180.713,1.895)	13.3884	-57.3744
13.220336667087	5	(24.9133,253.91,1.895)	60.2559	-70.4398
13.225066219154	3	(28.5886,213.733,1.895)	20.3161	-60.9966
13.229642230819	0	(29.1493,153.657,1.895)	40.1688	-66.9176
13.230111458793	6	(28.0267,273.935,1.895)	80.3185	-72.9361
13.241651904734	4	(28.3411,240.249,1.895)	46.6797	-68.2223
13.249149505596	7	(27.7892,299.387,1.895)	105.755	-75.3258
13.305159656343	8	(24.3708,312.027,1.895)	120.381	-76.451
13.310420700861	9	(27.4837,332.118,1.895)	140.481	-77.7921
13.319172076066	1	(28.9154,178.719,1.895)	13.3761	-57.3664
13.320336667087	5	(24.932,251.905,1.895)	60.2568	-70.4399
13.325066219154	3	(28.6073,211.732,1.895)	20.3211	-60.9987
13.329642230819	0	(29.168,151.65,1.895)	40.1688	-66.9176
13.330111458793	6	(28.0454,271.933,1.895)	80.3226	-72.9365
13.341651904734	4	(28.3596,238.273,1.895)	46.7104	-68.2281
13.349149505596	7	(27.8074,297.431,1.895)	105.806	-75.33
13.405159656343	8	(24.3895,310.025,1.895)	120.387	-76.4514
13.410420700861	9	(27.5024,330.112,1.895)	140.482	-77.7922
13.419172076066	1	(28.9339,176.734,1.895)	13.3548	-57.3525
13.420336667087	5	(24.9506,249.906,1.895)	60.2648	-70.4411
13.425066219154	3	(28.626,209.725,1.895)	20.3215	-60.9989
13.429642230819	0	(29.1868,149.643,1.895)	40.1688	-66.9176
13.430111458793	6	(28.0641,269.93,1.895)	80.3274	-72.9371
13.441651904734	4	(28.3781,236.29,1.895)	46.7349	-68.2326
13.449149505596	7	(27.8257,295.469,1.895)	105.851	-75.3337
13.505159656343	8	(24.4082,308.024,1.895)	120.393	-76.4518
13.510420700861	9	(27.5211,328.111,1.895)	140.489	-77.7927
13.519172076066	1	(28.9524,174.749,1.895)	13.3336	-57.3387
13.520336667087	5	(24.9693,247.906,1.895)	60.2724	-70.4422
13.525066219154	3	(28.6447,207.718,1.895)	20.3219	-60.9991
13.529642230819	0	(29.2055,147.634,1.895)	40.1701	-66.9178
13.530111458793	6	(28.0828,267.927,1.895)	80.3319	-72.9376
13.541651904734	4	(28.3965,234.315,1.895)	46.7666	-68.2385
13.549149505596	7	(27.844,293.516,1.895)	105.905	-75.3381
13.605159656343	8	(24.4269,306.025,1.895)	120.402	-76.4525
13.610420700861	9	(27.5397,326.111,1.895)	140.497	-77.7931
13.619172076066	1	(28.9711,172.752,1.895)	13.3225	-57.3315
13.620336667087	5	(24.9881,245.896,1.895)	60.2701	-70.4418
13.625066219154	3	(28.6635,205.709,1.895)	20.321	-60.9987
13.629642230819	0	(29.2243,145.626,1.895)	40.1708	-66.918
13.630111458793	6	(28.1015,265.922,1.895)	80.3344	-72.9378
13.641651904734	4	(28.415,232.327,1.895)	46.787	-68.2423
13.649149505596	7	(27.8622,291.562,1.895)	105.959	-75.3425
13.705159656343	8	(24.4455,304.022,1.895)	120.408	-76.4529
13.710420700861	9	(27.5584,324.107,1.895)	140.502	-77.7934
13.719172076066	1	(28.9897,170.753,1.895)	13.3134	-57.3256
13.720336667087	5	(25.0068,243.888,1.895)	60.2717	-70.4421
13.725066219154	3	(28.6821,203.709,1.895)	20.3297	-61.0024
13.729642230819	0	(29.243,143.619,1.895)	40.1689	-66.9176
13.730111458793	6	(28.1203,263.911,1.895)	80.3328	-72.9376
13.741651904734	4	(28.4335,230.346,1.895)	46.8143	-68.2474
13.749149505596	7	(27.8805,289.603,1.895)	106.009	-75.3467
13.805159656343	8	(24.4643,302.015,1.895)	120.41	-76.453
13.810420700861	9	(27.5771,322.106,1.895)	140.509	-77.7939
13.819172076066	1	(29.0084,168.759,1.895)	13.2995	-57.3165
13.820336667087	5	(25.0256,241.878,1.895)	60.2699	-70.4418
13.825066219154	3	(28.7009,201.701,1.895)	20.3303	-61.0027
13.829642230819	0	(29.2617,141.612,1.895)	40.1676	-66.9173
13.830111458793	6	(28.139,261.908,1.895)	80.338	-72.9382
13.841651904734	4	(28.452,228.371,1.895)	46.8483	-68.2537
13.849149505596	7	(27.8989,287.631,1.895)	106.046	-75.3496
13.905159656343	8	(24.483,300.009,1.895)	120.413	-76.4533
13.910420700861	9	(27.5958,320.103,1.895)	140.516	-77.7943
13.919172076066	1	(29.027,166.763,1.895)	13.2856	-57.3074
13.920336667087	5	(25.0443,239.873,1.895)	60.2742	-70.4424
13.925066219154	3	(28.7196,199.701,1.895)	20.3394	-61.0066
13.929642230819	0	(29.2805,139.603,1.895)	40.1661	-66.917
13.930111458793	6	(28.1577,259.901,1.895)	80.3403	-72.9385
13.941651904734	4	(28.4704,226.391,1.895)	46.8779	-68.2591
13.949149505596	7	(27.9172,285.665,1.895)	106.089	-75.3532
14.005159656343	8	(24.5017,298.01,1.895)	120.419	-76.4537
14.010420700861	9	(27.6145,318.096,1.895)	140.514	-77.7942
14.019172076066	1	(29.0456,164.771,1.895)	13.2727	-57.299
14.020336667087	5	(25.063,237.868,1.895)	60.2749	-70.4425
14.025066219154	3	(28.7383,197.696,1.895)	20.34	-61.0068
14.029642230819	0	(29.2992,137.594,1.895)	40.17	-66.9178
14.030111458793	6	(28.1764,257.896,1.895)	80.3405	-72.9385
14.041651904734	4	(28.4889,224.417,1.895)	46.9091	-68.2649
14.049149505596	7	(27.9355,283.703,1.895)	106.133	-75.3568
14.105159656343	8	(24.5204,296.007,1.895)	120.418	-76.4536
14.110420700861	9	(27.6332,316.093,1.895)	140.513	-77.7941
14.119172076066	1	(29.0641,162.782,1.895)	13.26	-57.2906
14.120336667087	5	(25.0818,235.857,1.895)	60.2655	-70.4412
14.125066219154	3	(28.757,195.686,1.895)	20.332	-61.0034
14.129642230819	0	(29.318,135.584,1.895)	40.1779	-66.9195
14.130111458793	6	(28.1951,255.893,1.895)	80.3399	-72.9384
14.141651904734	4	(28.5073,222.441,1.895)	46.9346	-68.2697
14.149149505596	7	(27.9539,281.737,1.895)	106.168	-75.3597
14.205159656343	8	(24.5391,293.999,1.895)	120.421	-76.4539
14.210420700861	9	(27.652,314.086,1.895)	140.517	-77.7944
14.219172076066	1	(29.0828,160.782,1.895)	13.2499	-57.284
14.220336667087	5	(25.1005,233.853,1.895)	60.2725	-70.4422
14.225066219154	3	(28.7758,193.68,1.895)	20.3368	-61.0054
14.229642230819	0	(29.3367,133.581,1.895)	40.1701	-66.9179
14.230111458793	6	(28.2138,253.89,1.895)	80.3479	-72.9393
14.241651904734	4	(28.5259,220.452,1.895)	46.9564	-68.2737
14.249149505596	7	(27.9723,279.767,1.895)	106.209	-75.363
14.305159656343	8	(24.5578,291.992,1.895)	120.418	-76.4536
14.310420700861	9	(27.6706,312.087,1.895)	140.522	-77.7947
14.319172076066	1	(29.1013,158.796,1.895)	13.2319	-57.2722
14.320336667087	5	(25.1192,231.842,1.895)	60.266	-70.4412
14.325066219154	3	(28.7945,191.669,1.895)	20.3299	-61.0025
14.329642230819	0	(29.3553,131.581,1.895)	40.1656	-66.9169
14.330111458793	6	(28.2326,251.878,1.895)	80.3403	-72.9385
14.341651904734	4	(28.5444,218.473,1.895)	46.9815	-68.2783
14.349149505596	7	(27.9906,277.802,1.895)	106.248	-75.3662
14.405159656343	8	(24.5765,289.988,1.895)	120.422	-76.4539
14.410420700861	9	(27.6893,310.087,1.895)	140.531	-77.7952
14.419172076066	1	(29.1198,156.814,1.895)	13.207	-57.2559
14.420336667087	5	(25.138,229.832,1.895)	60.2643	-70.441
14.425066219154	3	(28.8133,189.66,1.895)	20.3291	-61.0021
14.429642230819	0	(29.3741,129.573,1.895)	40.1658	-66.9169
14.430111458793	6	(28.2513,249.874,1.895)	80.3442	-72.9389
14.441651904734	4	(28.5629,216.482,1.895)	46.999	-68.2816
14.449149505596	7	(28.009,275.829,1.895)	106.283	-75.3691
14.505159656343	8	(24.5953,287.982,1.895)	120.425	-76.4541
14.510420700861	9	(27.708,308.085,1.895)	140.537	-77.7956
14.519172076066	1	(29.1385,154.817,1.895)	13.1959	-57.2486
14.520336667087	5	(25.1568,227.824,1.895)	60.2643	-70.441
14.525066219154	3	(28.8321,187.648,1.895)	20.3259	-61.0008
14.529642230819	0	(29.3927,127.573,1.895)	40.1568	-66.915
14.530111458793	6	(28.2699,247.874,1.895)	80.3521	-72.9397
14.541651904734	4	(28.5815,214.49,1.895)	47.0157	-68.2846
14.549149505596	7	(28.0274,273.86,1.895)	106.324	-75.3724
14.605159656343	8	(24.614,285.974,1.895)	120.426	-76.4542
14.610420700861	9	(27.7267,306.077,1.895)	140.537	-77.7956
14.619172076066	1	(29.157,152.829,1.895)	13.1766	-57.2358
14.620336667087	5	(25.1755,225.815,1.895)	60.2639	-70.4409
14.625066219154	3	(28.8508,185.636,1.895)	20.3222	-60.9992
14.629642230819	0	(29.4114,125.573,1.895)	40.1493	-66.9134
14.630111458793	6	(28.2886,245.87,1.895)	80.3562	-72.9402
14.641651904734	4	(28.6001,212.503,1.895)	47.036	-68.2884
14.649149505596	7	(28.0458,271.893,1.895)	106.364	-75.3756
14.705159656343	8	(24.6327,283.974,1.895)	120.425	-76.4541
14.710420700861	9	(27.7454,304.077,1.895)	140.537	-77.7956
14.719172076066	1	(29.1756,150.834,1.895)	13.1719	-57.2328
14.720336667087	5	(25.1942,223.816,1.895)	60.2645	-70.441
14.725066219154	3	(28.8695,183.636,1.895)	20.3218	-60.9991
14.729642230819	0	(29.4302,123.563,1.895)	40.1592	-66.9155
14.730111458793	6	(28.3074,243.862,1.895)	80.3484	-72.9393
14.741651904734	4	(28.6187,210.508,1.895)	47.0414	-68.2894
14.749149505596	7	(28.0642,269.923,1.895)	106.394	-75.3781
14.805159656343	8	(24.6514,281.966,1.895)	120.428	-76.4543
14.810420700861	9	(27.7641,302.077,1.895)	140.547	-77.7963
14.819172076066	1	(29.1943,148.84,1.895)	13.156	-57.2222
14.820336667087	5	(25.2129,221.811,1.895)	60.2698	-70.4418
14.825066219154	3	(28.8882,181.629,1.895)	20.3254	-61.0006
14.829642230819	0	(29.4489,121.558,1.895)	40.154	-66.9144
14.830111458793	6	(28.3261,241.857,1.895)	80.3539	-72.9399
14.841651904734	4	(28.6372,208.529,1.895)	47.0722	-68.2951
14.849149505596	7	(28.0826,267.951,1.895)	106.433	-75.3813
14.905159656343	8	(24.6702,279.957,1.895)	120.421	-76.4539
14.910420700861	9	(27.7828,300.069,1.895)	140.542	-77.7959
14.919172076066	1	(29.2129,146.844,1.895)	13.1493	-57.2179
14.920336667087	5	(25.2315,219.81,1.895)	60.2722	-70.4421
14.925066219154	3	(28.9069,179.626,1.895)	20.3245	-61.0002
14.929642230819	0	(29.4676,119.555,1.895)	40.1544	-66.9145
14.930111458793	6	(28.3448,239.852,1.895)	80.3517	-72.9397
14.941651904734	4	(28.6557,206.543,1.895)	47.0891	-68.2982
14.949149505596	7	(28.1009,265.985,1.895)	106.469	-75.3842
15.005159656343	8	(24.6889,277.949,1.895)	120.418	-76.4536
15.010420700861	9	(27.8015,298.063,1.895)	140.541	-77.7958
15.019172076066	1	(29.2315,144.846,1.895)	13.143	-57.2137
15.020336667087	5	(25.2503,217.801,1.895)	60.267	-70.4414
15.025066219154	3	(28.9256,177.622,1.895)	20.3256	-61.0006
15.029642230819	0	(29.4863,117.554,1.895)	40.1504	-66.9136
15.030111458793	6	(28.3636,237.844,1.895)	80.3485	-72.9393
15.041651904734	4	(28.6742,204.56,1.895)	47.1109	-68.3022
15.049149505596	7	(28.1194,264.006,1.895)	106.495	-75.3864
15.105159656343	8	(24.7076,275.944,1.895)	120.42	-76.4538
15.110420700861	9	(27.8203,296.053,1.895)	140.538	-77.7956
15.119172076066	1	(29.2501,142.861,1.895)	13.1214	-57.1994
15.120336667087	5	(25.2691,215.789,1.895)	60.2625	-70.4407
15.125066219154	3	(28.9444,175.615,1.895)	20.3254	-61.0006
15.129642230819	0	(29.505,115.549,1.895)	40.1481	-66.9131
15.130111458793	6	(28.3823,235.839,1.895)	80.3502	-72.9395
15.141651904734	4	(28.6928,202.569,1.895)	47.1265	-68.3051
15.149149505596	7	(28.1378,262.03,1.895)	106.526	-75.3889
15.205159656343	8	(24.7264,273.937,1.895)	120.424	-76.4541
15.210420700861	9	(27.839,294.05,1.895)	140.546	-77.7962
15.219172076066	1	(29.2687,140.869,1.895)	13.1027	-57.187
15.220336667087	5	(25.2878,213.783,1.895)	60.2677	-70.4415
15.225066219154	3	(28.9631,173.603,1.895)	20.3251	-61.0005
15.229642230819	0	(29.5236,113.549,1.895)	40.1367	-66.9106
15.230111458793	6	(28.4009,233.839,1.895)	80.3624	-72.9408
15.241651904734	4	(28.7114,200.577,1.895)	47.1459	-68.3087
15.249149505596	7	(28.1563,260.052,1.895)	106.56	-75.3917
15.305159656343	8	(24.7451,271.932,1.895)	120.43	-76.4545
15.310420700861	9	(27.8577,292.043,1.895)	140.55	-77.7964
15.319172076066	1	(29.2872,138.881,1.895)	13.0808	-57.1725
15.320336667087	5	(25.3066,211.772,1.895)	60.2675	-70.4415
15.325066219154	3	(28.9819,171.598,1.895)	20.3305	-61.0028
15.329642230819	0	(29.5424,111.541,1.895)	40.1345	-66.9101
15.330111458793	6	(28.4196,231.837,1.895)	80.3702	-72.9417
15.341651904734	4	(28.73,198.585,1.895)	47.1651	-68.3122
15.349149505596	7	(28.1746,258.089,1.895)	106.607	-75.3955
15.405159656343	8	(24.7638,269.929,1.895)	120.439	-76.4551
15.410420700861	9	(27.8764,290.043,1.895)	140.562	-77.7971
15.419172076066	1	(29.3058,136.885,1.895)	13.0653	-57.1622
15.420336667087	5	(25.3253,209.763,1.895)	60.2704	-70.4419
15.425066219154	3	(29.0005,169.599,1.895)	20.3429	-61.008
15.429642230819	0	(29.5611,109.535,1.895)	40.1287	-66.9089
15.430111458793	6	(28.4383,229.836,1.895)	80.381	-72.9429
15.441651904734	4	(28.7485,196.599,1.895)	47.1901	-68.3168
15.449149505596	7	(28.193,256.123,1.895)	106.652	-75.3992
15.505159656343	8	(24.7825,267.926,1.895)	120.447	-76.4557
15.510420700861	9	(27.8951,288.031,1.895)	140.562	-77.7971
15.519172076066	1	(29.3244,134.893,1.895)	13.0458	-57.1492
15.520336667087	5	(25.344,207.76,1.895)	60.2789	-70.4431
15.525066219154	3	(29.0192,167.596,1.895)	20.3514	-61.0117
15.529642230819	0	(29.5798,107.529,1.895)	40.1233	-66.9077
15.530111458793	6	(28.457,227.832,1.895)	80.3891	-72.9437
15.541651904734	4	(28.767,194.615,1.895)	47.2181	-68.322
15.549149505596	7	(28.2114,254.149,1.895)	106.69	-75.4023
15.605159656343	8	(24.8012,265.915,1.895)	120.438	-76.4551
15.610420700861	9	(27.9138,286.03,1.895)	140.562	-77.7971
15.619172076066	1	(29.3431,132.897,1.895)	13.0412	-57.1461
15.620336667087	5	(25.3627,205.76,1.895)	60.2805	-70.4433
15.625066219154	3	(29.0379,165.596,1.895)	20.3539	-61.0128
15.629642230819	0	(29.5985,105.524,1.895)	40.1265	-66.9084
15.630111458793	6	(28.4757,225.825,1.895)	80.3838	-72.9432
15.641651904734	4	(28.7856,192.628,1.895)	47.2329	-68.3247
15.649149505596	7	(28.2298,252.177,1.895)	106.72	-75.4047
15.705159656343	8	(24.82,263.906,1.895)	120.44	-76.4552
15.710420700861	9	(27.9325,284.029,1.895)	140.572	-77.7978
15.719172076066	1	(29.3617,130.9,1.895)	13.0272	-57.1368
15.720336667087	5	(25.3814,203.754,1.895)	60.2853	-70.444
15.725066219154	3	(29.0566,163.592,1.895)	20.3596	-61.0152
15.729642230819	0	(29.6172,103.523,1.895)	40.117	-66.9064
15.730111458793	6	(28.4944,223.825,1.895)	80.3941	-72.9443
15.741651904734	4	(28.8041,190.646,1.895)	47.2611	-68.3299
15.749149505596	7	(28.2482,250.204,1.895)	106.757	-75.4078
15.805159656343	8	(24.8387,261.896,1.895)	120.434	-76.4548
15.810420700861	9	(27.9512,282.022,1.895)	140.569	-77.7976
15.819172076066	1	(29.3802,128.914,1.895)	13.0099	-57.1253
15.820336667087	5	(25.4001,201.746,1.895)	60.2816	-70.4435
15.825066219154	3	(29.0753,161.587,1.895)	20.3586	-61.0148
15.829642230819	0	(29.6359,101.516,1.895)	40.1199	-66.907
15.830111458793	6	(28.5131,221.821,1.895)	80.3941	-72.9443
15.841651904734	4	(28.8226,188.661,1.895)	47.2805	-68.3334
15.849149505596	7	(28.2666,248.231,1.895)	106.788	-75.4103
15.905159656343	8	(24.8574,259.891,1.895)	120.429	-76.4544
15.910420700861	9	(27.97,280.011,1.895)	140.557	-77.7969
15.919172076066	1	(29.3988,126.923,1.895)	13.0018	-57.1199
15.920336667087	5	(25.4189,199.741,1.895)	60.2766	-70.4428
15.925066219154	3	(29.094,159.584,1.895)	20.3555	-61.0134
15.929642230819	0	(29.6547,99.5056,1.895)	40.1303	-66.9092
15.930111458793	6	(28.5318,219.813,1.895)	80.3858	-72.9434
15.941651904734	4	(28.8411,186.676,1.895)	47.2951	-68.3361
15.949149505596	7	(28.285,246.26,1.895)	106.818	-75.4127
16.005159656343	8	(24.8762,257.88,1.895)	120.418	-76.4536
16.010420700861	9	(27.9887,278.006,1.895)	140.553	-77.7966
16.019172076066	1	(29.4175,124.918,1.895)	13.0063	-57.1229
16.020336667087	5	(25.4376,197.731,1.895)	60.2662	-70.4413
16.025066219154	3	(29.1127,157.576,1.895)	20.3477	-61.0101
16.029642230819	0	(29.6735,97.4951,1.895)	40.1409	-66.9115
16.030111458793	6	(28.5506,217.804,1.895)	80.377	-72.9424
16.041651904734	4	(28.8597,184.686,1.895)	47.3051	-68.3379
16.049149505596	7	(28.3034,244.286,1.895)	106.843	-75.4147
16.105159656343	8	(24.895,255.87,1.895)	120.416	-76.4535
16.110420700861	9	(28.0074,276.002,1.895)	140.556	-77.7968
16.119172076066	1	(29.4362,122.923,1.895)	12.9944	-57.1149
16.120336667087	5	(25.4563,195.731,1.895)	60.2741	-70.4424
16.125066219154	3	(29.1314,155.572,1.895)	20.3515	-61.0117
16.129642230819	0	(29.6922,95.4907,1.895)	40.1373	-66.9108
16.130111458793	6	(28.5693,215.795,1.895)	80.3761	-72.9423
16.141651904734	4	(28.8783,182.693,1.895)	47.3197	-68.3406
16.149149505596	7	(28.3219,242.309,1.895)	106.874	-75.4173
16.205159656343	8	(24.9137,253.867,1.895)	120.422	-76.4539
16.210420700861	9	(28.0261,274.002,1.895)	140.566	-77.7974
16.219172076066	1	(29.4548,120.926,1.895)	12.9816	-57.1064
16.220336667087	5	(25.4751,193.721,1.895)	60.2739	-70.4424
16.225066219154	3	(29.1501,153.568,1.895)	20.3574	-61.0142
16.229642230819	0	(29.7109,93.4831,1.895)	40.1351	-66.9103
16.230111458793	6	(28.5881,213.788,1.895)	80.3787	-72.9426
16.241651904734	4	(28.8969,180.697,1.895)	47.3341	-68.3433
16.249149505596	7	(28.3404,240.329,1.895)	106.904	-75.4197
16.305159656343	8	(24.9325,251.855,1.895)	120.419	-76.4537
16.310420700861	9	(28.0448,271.992,1.895)	140.565	-77.7973
16.319172076066	1	(29.4735,118.922,1.895)	12.9774	-57.1035
16.320336667087	5	(25.4937,191.72,1.895)	60.2821	-70.4436
16.325066219154	3	(29.1688,151.563,1.895)	20.3608	-61.0157
16.329642230819	0	(29.7296,91.4768,1.895)	40.1327	-66.9098
16.330111458793	6	(28.6068,211.782,1.895)	80.3816	-72.9429
16.341651904734	4	(28.9155,178.702,1.895)	47.3473	-68.3457
16.349149505596	7	(28.3588,238.353,1.895)	106.937	-75.4223
16.405159656343	8	(24.9511,249.855,1.895)	120.422	-76.4539
16.410420700861	9	(28.0636,269.984,1.895)	140.56	-77.797
16.419172076066	1	(29.4921,116.926,1.895)	12.9707	-57.0991
16.420336667087	5	(25.5124,189.714,1.895)	60.2781	-70.443
16.425066219154	3	(29.1875,149.56,1.895)	20.3604	-61.0155
16.429642230819	0	(29.7484,89.4673,1.895)	40.1399	-66.9113
16.430111458793	6	(28.6255,209.777,1.895)	80.3787	-72.9426
16.441651904734	4	(28.9341,176.711,1.895)	47.3589	-68.3478
16.449149505596	7	(28.3773,236.369,1.895)	106.955	-75.4238
16.505159656343	8	(24.9699,247.848,1.895)	120.413	-76.4533
16.510420700861	9	(28.0822,267.985,1.895)	140.559	-77.797
16.519172076066	1	(29.5108,114.925,1.895)	12.9726	-57.1003
16.520336667087	5	(25.5312,187.702,1.895)	60.2652	-70.4411
16.525066219154	3	(29.2062,147.556,1.895)	20.3559	-61.0136
16.529642230819	0	(29.7671,87.4631,1.895)	40.1452	-66.9125
16.530111458793	6	(28.6443,207.765,1.895)	80.3658	-72.9412
16.541651904734	4	(28.9527,174.72,1.895)	47.367	-68.3493
16.549149505596	7	(28.3957,234.395,1.895)	106.98	-75.4258
16.605159656343	8	(24.9886,245.84,1.895)	120.415	-76.4534
16.610420700861	9	(28.101,265.977,1.895)	140.561	-77.7971
16.619172076066	1	(29.5294,112.932,1.895)	12.9573	-57.0901
16.620336667087	5	(25.5499,185.699,1.895)	60.2715	-70.442
16.625066219154	3	(29.225,145.547,1.895)	20.3562	-61.0137
16.629642230819	0	(29.7858,85.4549,1.895)	40.1437	-66.9121
16.630111458793	6	(28.663,205.765,1.895)	80.3755	-72.9423
16.641651904734	4	(28.9713,172.725,1.895)	47.3808	-68.3518
16.649149505596	7	(28.4143,232.409,1.895)	107.004	-75.4278
16.705159656343	8	(25.0073,243.832,1.895)	120.413	-76.4532
16.710420700861	9	(28.1196,263.977,1.895)	140.567	-77.7974
16.719172076066	1	(29.5481,110.928,1.895)	12.9548	-57.0884
16.720336667087	5	(25.5687,183.692,1.895)	60.2706	-70.4419
16.725066219154	3	(29.2437,143.547,1.895)	20.3614	-61.016
16.729642230819	0	(29.8046,83.4512,1.895)	40.1417	-66.9117
16.730111458793	6	(28.6817,203.759,1.895)	80.3748	-72.9422
16.741651904734	4	(28.99,170.73,1.895)	47.3915	-68.3538
16.749149505596	7	(28.4328,230.43,1.895)	107.03	-75.4299
16.805159656343	8	(25.0261,241.825,1.895)	120.411	-76.4531
16.810420700861	9	(28.1383,261.974,1.895)	140.569	-77.7976
16.819172076066	1	(29.5667,108.938,1.895)	12.9393	-57.078
16.820336667087	5	(25.5874,181.688,1.895)	60.2723	-70.4421
16.825066219154	3	(29.2624,141.542,1.895)	20.3631	-61.0167
16.829642230819	0	(29.8233,81.4449,1.895)	40.1421	-66.9118
16.830111458793	6	(28.7004,201.752,1.895)	80.3735	-72.942
16.841651904734	4	(29.0086,168.737,1.895)	47.4048	-68.3562
16.849149505596	7	(28.4513,228.441,1.895)	107.048	-75.4313
16.905159656343	8	(25.0448,239.82,1.895)	120.414	-76.4534
16.910420700861	9	(28.157,259.975,1.895)	140.578	-77.7981
16.919172076066	1	(29.5853,106.942,1.895)	12.9287	-57.0709
16.920336667087	5	(25.6061,179.685,1.895)	60.2764	-70.4427
16.925066219154	3	(29.2811,139.536,1.895)	20.3638	-61.017
16.929642230819	0	(29.842,79.4436,1.895)	40.1359	-66.9105
16.930111458793	6	(28.7192,199.74,1.895)	80.3694	-72.9416
16.941651904734	4	(29.0272,166.744,1.895)	47.4196	-68.3589
16.949149505596	7	(28.4698,226.463,1.895)	107.077	-75.4337
17.005159656343	8	(25.0635,237.818,1.895)	120.419	-76.4537
17.010420700861	9	(28.1757,257.97,1.895)	140.58	-77.7983
17.019172076066	1	(29.6039,104.949,1.895)	12.9146	-57.0614
17.020336667087	5	(25.6248,177.679,1.895)	60.2776	-70.4429
17.025066219154	3	(29.2998,137.532,1.895)	20.3679	-61.0187
17.029642230819	0	(29.8606,77.4438,1.895)	40.1284	-66.9088
17.030111458793	6	(28.7379,197.732,1.895)	80.3683	-72.9415
17.041651904734	4	(29.0457,164.755,1.895)	47.4373	-68.3622
17.049149505596	7	(28.4883,224.481,1.895)	107.102	-75.4357
17.105159656343	8	(25.0822,235.816,1.895)	120.418	-76.4536
17.110420700861	9	(28.1944,255.968,1.895)	140.579	-77.7982
17.119172076066	1	(29.6225,102.959,1.895)	12.9054	-57.0552
17.120336667087	5	(25.6434,175.679,1.895)	60.2785	-70.443
17.125066219154	3	(29.3185,135.524,1.895)	20.3599	-61.0153
17.129642230819	0	(29.8794,75.4334,1.895)	40.1385	-66.911
17.130111458793	6	(28.7567,195.721,1.895)	80.3577	-72.9403
17.141651904734	4	(29.0643,162.762,1.895)	47.4446	-68.3635
17.149149505596	7	(28.5069,222.49,1.895)	107.111	-75.4365
17.205159656343	8	(25.1009,233.807,1.895)	120.42	-76.4538
17.210420700861	9	(28.2132,253.958,1.895)	140.58	-77.7983
17.219172076066	1	(29.6412,100.955,1.895)	12.8979	-57.0502
17.220336667087	5	(25.6622,173.668,1.895)	60.2779	-70.443
17.225066219154	3	(29.3373,133.515,1.895)	20.3624	-61.0164
17.229642230819	0	(29.8981,73.4232,1.895)	40.1376	-66.9108
17.230111458793	6	(28.7754,193.72,1.895)	80.3682	-72.9415
17.241651904734	4	(29.0829,160.767,1.895)	47.4604	-68.3664
17.249149505596	7	(28.5254,220.505,1.895)	107.137	-75.4386
17.305159656343	8	(25.1197,231.797,1.895)	120.409	-76.453
17.310420700861	9	(28.2318,251.959,1.895)	140.58	-77.7983
17.319172076066	1	(29.6599,98.9477,1.895)	12.9057	-57.0554
17.320336667087	5	(25.6809,171.661,1.895)	60.2711	-70.442
17.325066219154	3	(29.356,131.511,1.895)	20.3576	-61.0143
17.329642230819	0	(29.9169,71.4155,1.895)	40.1459	-66.9126
17.330111458793	6	(28.794,191.72,1.895)	80.3678	-72.9414
17.341651904734	4	(29.1016,158.772,1.895)	47.4651	-68.3673
17.349149505596	7	(28.5438,218.527,1.895)	107.159	-75.4404
17.405159656343	8	(25.1383,229.797,1.895)	120.41	-76.4531
17.410420700861	9	(28.2506,249.95,1.895)	140.572	-77.7977
17.419172076066	1	(29.6785,96.9536,1.895)	12.8991	-57.051
17.420336667087	5	(25.6997,169.65,1.895)	60.2608	-70.4405
17.425066219154	3	(29.3747,129.511,1.895)	20.3581	-61.0145
17.429642230819	0	(29.9356,69.4113,1.895)	40.1492	-66.9133
17.430111458793	6	(28.8127,189.718,1.895)	80.3669	-72.9413
17.441651904734	4	(29.1202,156.778,1.895)	47.4721	-68.3686
17.449149505596	7	(28.5623,216.545,1.895)	107.178	-75.4419
17.505159656343	8	(25.157,227.794,1.895)	120.417	-76.4536
17.510420700861	9	(28.2693,247.939,1.895)	140.571	-77.7977
17.519172076066	1	(29.6972,94.9579,1.895)	12.8853	-57.0417
17.520336667087	5	(25.7184,167.648,1.895)	60.2688	-70.4416
17.525066219154	3	(29.3933,127.511,1.895)	20.3676	-61.0186
17.529642230819	0	(29.9543,67.4018,1.895)	40.1487	-66.9132
17.530111458793	6	(28.8315,187.707,1.895)	80.3651	-72.9411
17.541651904734	4	(29.1387,154.793,1.895)	47.4972	-68.3732
17.549149505596	7	(28.5809,214.557,1.895)	107.2	-75.4437
17.605159656343	8	(25.1757,225.79,1.895)	120.418	-76.4536
17.610420700861	9	(28.288,245.938,1.895)	140.576	-77.798
17.619172076066	1	(29.7159,92.9523,1.895)	12.8855	-57.0418
17.620336667087	5	(25.7371,165.644,1.895)	60.2704	-70.4419
17.625066219154	3	(29.4121,125.5,1.895)	20.3624	-61.0164
17.629642230819	0	(29.9731,65.3948,1.895)	40.1502	-66.9136
17.630111458793	6	(28.8502,185.708,1.895)	80.3713	-72.9418
17.641651904734	4	(29.1573,152.799,1.895)	47.5087	-68.3752
17.649149505596	7	(28.5994,212.571,1.895)	107.219	-75.4452
17.705159656343	8	(25.1945,223.784,1.895)	120.424	-76.454
17.710420700861	9	(28.3067,243.939,1.895)	140.588	-77.7987
17.719172076066	1	(29.7346,90.9471,1.895)	12.8797	-57.0379
17.720336667087	5	(25.7558,163.636,1.895)	60.2731	-70.4423
17.725066219154	3	(29.4308,123.494,1.895)	20.3678	-61.0187
17.729642230819	0	(29.9918,63.389,1.895)	40.1449	-66.9124
17.730111458793	6	(28.8689,183.702,1.895)	80.3771	-72.9424
17.741651904734	4	(29.176,150.8,1.895)	47.5207	-68.3775
17.749149505596	7	(28.6179,210.596,1.895)	107.255	-75.4482
17.805159656343	8	(25.2131,221.783,1.895)	120.429	-76.4544
17.810420700861	9	(28.3254,241.93,1.895)	140.585	-77.7986
17.819172076066	1	(29.7533,88.9428,1.895)	12.8777	-57.0365
17.820336667087	5	(25.7746,161.625,1.895)	60.2689	-70.4417
17.825066219154	3	(29.4495,121.488,1.895)	20.3685	-61.019
17.829642230819	0	(30.0106,61.3776,1.895)	40.1499	-66.9135
17.830111458793	6	(28.8876,181.696,1.895)	80.3775	-72.9425
17.841651904734	4	(29.1946,148.803,1.895)	47.5296	-68.3791
17.849149505596	7	(28.6364,208.608,1.895)	107.274	-75.4497
17.905159656343	8	(25.2318,219.78,1.895)	120.433	-76.4547
17.910420700861	9	(28.3442,239.923,1.895)	140.585	-77.7986
17.919172076066	1	(29.772,86.9368,1.895)	12.877	-57.0361
17.920336667087	5	(25.7934,159.614,1.895)	60.2645	-70.441
17.925066219154	3	(29.4682,119.488,1.895)	20.3743	-61.0215
17.929642230819	0	(30.0293,59.3672,1.895)	40.1536	-66.9143
17.930111458793	6	(28.9063,179.689,1.895)	80.3775	-72.9425
17.941651904734	4	(29.2132,146.811,1.895)	47.5444	-68.3818
17.949149505596	7	(28.655,206.623,1.895)	107.295	-75.4514
18.005159656343	8	(25.2506,217.774,1.895)	120.433	-76.4547
18.010420700861	9	(28.3628,237.923,1.895)	140.591	-77.799
18.019172076066	1	(29.7907,84.9351,1.895)	12.8722	-57.0328
18.020336667087	5	(25.8122,157.603,1.895)	60.2596	-70.4403
18.025066219154	3	(29.4869,117.484,1.895)	20.3777	-61.0229
18.029642230819	0	(30.0481,57.3602,1.895)	40.1539	-66.9143
18.030111458793	6	(28.925,177.686,1.895)	80.3804	-72.9428
18.041651904734	4	(29.2318,144.814,1.895)	47.5546	-68.3836
18.049149505596	7	(28.6735,204.638,1.895)	107.317	-75.4532
18.105159656343	8	(25.2692,215.771,1.895)	120.434	-76.4548
18.110420700861	9	(28.3815,235.921,1.895)	140.593	-77.7991
18.119172076066	1	(29.8094,82.9349,1.895)	12.8691	-57.0307
18.120336667087	5	(25.8309,155.6,1.895)	60.2598	-70.4403
18.125066219154	3	(29.5056,115.476,1.895)	20.3733	-61.021
18.129642230819	0	(30.0668,55.3524,1.895)	40.1582	-66.9153
18.130111458793	6	(28.9437,175.684,1.895)	80.3827	-72.943
18.141651904734	4	(29.2505,142.816,1.895)	47.5598	-68.3846
18.149149505596	7	(28.692,202.651,1.895)	107.333	-75.4545
18.205159656343	8	(25.288,213.763,1.895)	120.433	-76.4547
18.210420700861	9	(28.4002,233.916,1.895)	140.595	-77.7992
18.219172076066	1	(29.8281,80.9275,1.895)	12.8698	-57.0312
18.220336667087	5	(25.8496,153.591,1.895)	60.2582	-70.4401
18.225066219154	3	(29.5244,113.472,1.895)	20.3752	-61.0218
18.229642230819	0	(30.0855,53.3498,1.895)	40.1543	-66.9144
18.230111458793	6	(28.9624,173.678,1.895)	80.3825	-72.943
18.241651904734	4	(29.2691,140.822,1.895)	47.5726	-68.3869
18.249149505596	7	(28.7106,200.661,1.895)	107.35	-75.4558
18.305159656343	8	(25.3067,211.761,1.895)	120.434	-76.4548
18.310420700861	9	(28.4189,231.913,1.895)	140.596	-77.7992
18.319172076066	1	(29.8467,78.9322,1.895)	12.8615	-57.0256
18.320336667087	5	(25.8684,151.58,1.895)	60.2514	-70.4391
18.325066219154	3	(29.5431,111.46,1.895)	20.3678	-61.0187
18.329642230819	0	(30.1042,51.3465,1.895)	40.1536	-66.9143
18.330111458793	6	(28.9811,171.677,1.895)	80.3862	-72.9434
18.341651904734	4	(29.2876,138.834,1.895)	47.5881	-68.3897
18.349149505596	7	(28.7292,198.667,1.895)	107.359	-75.4566
18.405159656343	8	(25.3255,209.749,1.895)	120.423	-76.454
18.410420700861	9	(28.4376,229.912,1.895)	140.595	-77.7992
18.419172076066	1	(29.8654,76.9348,1.895)	12.8582	-57.0234
18.420336667087	5	(25.887,149.58,1.895)	60.2518	-70.4392
18.425066219154	3	(29.5618,109.46,1.895)	20.3686	-61.019
18.429642230819	0	(30.123,49.3345,1.895)	40.1648	-66.9167
18.430111458793	6	(28.9998,169.678,1.895)	80.3873	-72.9435
18.441651904734	4	(29.3063,136.832,1.895)	47.5869	-68.3895
18.449149505596	7	(28.7477,196.683,1.895)	107.376	-75.4579
18.505159656343	8	(25.3442,207.74,1.895)	120.421	-76.4538
18.510420700861	9	(28.4563,227.909,1.895)	140.599	-77.7994
18.519172076066	1	(29.8841,74.9235,1.895)	12.8623	-57.0261
18.520336667087	5	(25.9057,147.581,1.895)	60.2599	-70.4404
18.525066219154	3	(29.5805,107.46,1.895)	20.3748	-61.0216
18.529642230819	0	(30.1417,47.3272,1.895)	40.165	-66.9168
18.530111458793	6	(29.0185,167.676,1.895)	80.3925	-72.9441
18.541651904734	4	(29.3249,134.841,1.895)	47.6033	-68.3925
18.549149505596	7	(28.7662,194.703,1.895)	107.404	-75.4602
18.605159656343	8	(25.363,205.731,1.895)	120.419	-76.4537
18.610420700861	9	(28.4751,225.897,1.895)	140.594	-77.7991
18.619172076066	1	(29.9029,72.9168,1.895)	12.8619	-57.0259
18.620336667087	5	(25.9244,145.577,1.895)	60.2633	-70.4408
18.625066219154	3	(29.5992,105.455,1.895)	20.3768	-61.0225
18.629642230819	0	(30.1604,45.3193,1.895)	40.1659	-66.9169
18.630111458793	6	(29.0372,165.668,1.895)	80.3912	-72.944
18.641651904734	4	(29.3436,132.844,1.895)	47.6129	-68.3943
18.649149505596	7	(28.7848,192.713,1.895)	107.421	-75.4616
18.705159656343	8	(25.3817,203.722,1.895)	120.421	-76.4539
18.710420700861	9	(28.4938,223.89,1.895)	140.598	-77.7994
18.719172076066	1	(29.9216,70.9094,1.895)	12.8589	-57.0238
18.720336667087	5	(25.9432,143.566,1.895)	60.2623	-70.4407
18.725066219154	3	(29.6179,103.449,1.895)	20.3821	-61.0248
18.729642230819	0	(30.1792,43.3092,1.895)	40.1654	-66.9168
18.730111458793	6	(29.056,163.658,1.895)	80.3927	-72.9441
18.741651904734	4	(29.3622,130.843,1.895)	47.6223	-68.396
18.749149505596	7	(28.8033,190.726,1.895)	107.444	-75.4635
18.805159656343	8	(25.4004,201.718,1.895)	120.426	-76.4542
18.810420700861	9	(28.5125,221.882,1.895)	140.6	-77.7995
18.819172076066	1	(29.9403,68.9094,1.895)	12.8494	-57.0174
18.820336667087	5	(25.9619,141.555,1.895)	60.2609	-70.4405
18.825066219154	3	(29.6366,101.449,1.895)	20.3913	-61.0287
18.829642230819	0	(30.1979,41.3091,1.895)	40.1558	-66.9147
18.830111458793	6	(29.0746,161.658,1.895)	80.4022	-72.9451
18.841651904734	4	(29.3809,128.846,1.895)	47.6357	-68.3984
18.849149505596	7	(28.822,188.729,1.895)	107.457	-75.4645
18.905159656343	8	(25.4191,199.711,1.895)	120.429	-76.4544
18.910420700861	9	(28.5313,219.876,1.895)	140.603	-77.7997
18.919172076066	1	(29.9589,66.9144,1.895)	12.8356	-57.0081
18.920336667087	5	(25.9806,139.552,1.895)	60.2676	-70.4415
18.925066219154	3	(29.6553,99.4408,1.895)	20.3926	-61.0292
18.929642230819	0	(30.2166,39.3027,1.895)	40.1529	-66.9141
18.930111458793	6	(29.0934,159.647,1.895)	80.4005	-72.945
18.941651904734	4	(29.3995,126.853,1.895)	47.6511	-68.4012
18.949149505596	7	(28.8405,186.746,1.895)	107.484	-75.4667
19.005159656343	8	(25.4378,197.712,1.895)	120.432	-76.4546
19.010420700861	9	(28.5499,217.875,1.895)	140.604	-77.7998
19.019172076066	1	(29.9776,64.9075,1.895)	12.8402	-57.0112
19.020336667087	5	(25.9994,137.545,1.895)	60.2629	-70.4408
19.025066219154	3	(29.6741,97.4334,1.895)	20.3874	-61.027
19.029642230819	0	(30.2354,37.2928,1.895)	40.1606	-66.9158
19.030111458793	6	(29.1122,157.636,1.895)	80.3919	-72.944
19.041651904734	4	(29.4181,124.859,1.895)	47.66	-68.4029
19.049149505596	7	(28.8591,184.75,1.895)	107.49	-75.4671
19.105159656343	8	(25.4565,195.709,1.895)	120.429	-76.4544
19.110420700861	9	(28.5687,215.869,1.895)	140.599	-77.7994
19.119172076066	1	(29.9963,62.9102,1.895)	12.8371	-57.0092
19.120336667087	5	(26.0181,135.542,1.895)	60.2601	-70.4404
19.125066219154	3	(29.6927,95.4334,1.895)	20.3878	-61.0272
19.129642230819	0	(30.2541,35.2834,1.895)	40.1695	-66.9177
19.130111458793	6	(29.1309,155.632,1.895)	80.388	-72.9436
19.141651904734	4	(29.4367,122.865,1.895)	47.6657	-68.4039
19.149149505596	7	(28.8777,182.753,1.895)	107.493	-75.4674
19.205159656343	8	(25.4752,193.702,1.895)	120.428	-76.4543
19.210420700861	9	(28.5874,213.86,1.895)	140.595	-77.7992
19.219172076066	1	(30.015,60.9049,1.895)	12.8371	-57.0091
19.220336667087	5	(26.0368,133.538,1.895)	60.262	-70.4407
19.225066219154	3	(29.7114,93.4286,1.895)	20.3884	-61.0275
19.229642230819	0	(30.2729,33.2747,1.895)	40.1727	-66.9184
19.230111458793	6	(29.1496,153.622,1.895)	80.3831	-72.9431
19.241651904734	4	(29.4553,120.869,1.895)	47.6757	-68.4057
19.249149505596	7	(28.8963,180.763,1.895)	107.508	-75.4686
19.305159656343	8	(25.494,191.693,1.895)	120.422	-76.4539
19.310420700861	9	(28.6062,211.851,1.895)	140.589	-77.7988
19.319172076066	1	(30.0337,58.9023,1.895)	12.8367	-57.0088
19.320336667087	5	(26.0555,131.533,1.895)	60.2598	-70.4403
19.325066219154	3	(29.7301,91.4278,1.895)	20.3906	-61.0284
19.329642230819	0	(30.2916,31.264,1.895)	40.1804	-66.9201
19.330111458793	6	(29.1684,151.615,1.895)	80.3794	-72.9427
19.341651904734	4	(29.474,118.868,1.895)	47.6775	-68.4061
19.349149505596	7	(28.915,178.763,1.895)	107.512	-75.4689
19.405159656343	8	(25.5126,189.694,1.895)	120.434	-76.4548
19.410420700861	9	(28.6249,209.841,1.895)	140.59	-77.7989
19.419172076066	1	(30.0524,56.8911,1.895)	12.8366	-57.0088
19.420336667087	5	(26.0742,129.529,1.895)	60.2668	-70.4414
19.425066219154	3	(29.7488,89.4237,1.895)	20.3977	-61.0314
19.429642230819	0	(30.3103,29.2618,1.895)	40.1713	-66.9181
19.430111458793	6	(29.1871,149.611,1.895)	80.3862	-72.9434
19.441651904734	4	(29.4926,116.871,1.895)	47.6914	-68.4086
19.449149505596	7	(28.9336,176.772,1.895)	107.532	-75.4706
19.505159656343	8	(25.5313,187.694,1.895)	120.445	-76.4556
19.510420700861	9	(28.6436,207.84,1.895)	140.6	-77.7995
19.519172076066	1	(30.0711,54.8962,1.895)	12.8211	-56.9983
19.520336667087	5	(26.0929,127.526,1.895)	60.2747	-70.4425
19.525066219154	3	(29.7675,87.4197,1.895)	20.4044	-61.0343
19.529642230819	0	(30.329,27.2625,1.895)	40.1598	-66.9156
19.530111458793	6	(29.2058,147.603,1.895)	80.3894	-72.9438
19.541651904734	4	(29.5112,114.881,1.895)	47.7125	-68.4124
19.549149505596	7	(28.9521,174.782,1.895)	107.552	-75.4722
19.605159656343	8	(25.55,185.689,1.895)	120.448	-76.4558
19.610420700861	9	(28.6623,205.837,1.895)	140.605	-77.7998
19.619172076066	1	(30.0896,52.9065,1.895)	12.8035	-56.9864
19.620336667087	5	(26.1116,125.525,1.895)	60.2816	-70.4435
19.625066219154	3	(29.7862,85.4131,1.895)	20.4059	-61.0349
19.629642230819	0	(30.3477,25.256,1.895)	40.1584	-66.9153
19.630111458793	6	(29.2245,145.603,1.895)	80.3976	-72.9447
19.641651904734	4	(29.5298,112.885,1.895)	47.7247	-68.4147
19.649149505596	7	(28.9708,172.785,1.895)	107.563	-75.4731
19.705159656343	8	(25.5688,183.682,1.895)	120.442	-76.4553
19.710420700861	9	(28.681,203.833,1.895)	140.601	-77.7996
19.719172076066	1	(30.1084,50.8984,1.895)	12.8108	-56.9913
19.720336667087	5	(26.1303,123.514,1.895)	60.2707	-70.4419
19.725066219154	3	(29.805,83.4024,1.895)	20.3958	-61.0306
19.730111458793	6	(29.2431,143.604,1.895)	80.3989	-72.9448
19.741651904734	4	(29.5485,110.884,1.895)	47.7236	-68.4145
19.749149505596	7	(28.9893,170.795,1.895)	107.574	-75.4739
19.805159656343	8	(25.5875,181.676,1.895)	120.436	-76.4549
19.810420700861	9	(28.6997,201.832,1.895)	140.601	-77.7996
19.819172076066	1	(30.1271,48.8912,1.895)	12.8171	-56.9956
19.820336667087	5	(26.149,121.51,1.895)	60.2679	-70.4415
19.825066219154	3	(29.8237,81.3962,1.895)	20.3904	-61.0283
19.830111458793	6	(29.2619,141.596,1.895)	80.392	-72.944
19.841651904734	4	(29.5672,108.884,1.895)	47.7246	-68.4146
19.849149505596	7	(29.0079,168.809,1.895)	107.589	-75.4751
19.905159656343	8	(25.6061,179.676,1.895)	120.438	-76.4551
19.910420700861	9	(28.7184,199.821,1.895)	140.592	-77.799
19.919172076066	1	(30.1458,46.8921,1.895)	12.8144	-56.9938
19.920336667087	5	(26.1677,119.51,1.895)	60.2701	-70.4418
19.925066219154	3	(29.8425,79.3896,1.895)	20.3856	-61.0263
19.930111458793	6	(29.2805,139.596,1.895)	80.3936	-72.9442
19.941651904734	4	(29.5858,106.884,1.895)	47.7266	-68.415
19.949149505596	7	(29.0264,166.821,1.895)	107.602	-75.4762
20.005159656343	8	(25.6248,177.673,1.895)	120.436	-76.4549
20.010420700861	9	(28.7372,197.811,1.895)	140.584	-77.7985
20.019172076066	1	(30.1645,44.8832,1.895)	12.8215	-56.9986
20.020336667087	5	(26.1864,117.507,1.895)	60.2687	-70.4416
20.025066219154	3	(29.8612,77.3808,1.895)	20.3785	-61.0232
20.030111458793	6	(29.2993,137.587,1.895)	80.386	-72.9434
20.041651904734	4	(29.6045,104.886,1.895)	47.7298	-68.4156
20.049149505596	7	(29.045,164.836,1.895)	107.619	-75.4775
20.105159656343	8	(25.6435,175.67,1.895)	120.436	-76.4549
20.110420700861	9	(28.7559,195.802,1.895)	140.577	-77.7981
20.119172076066	1	(30.1833,42.875,1.895)	12.8272	-57.0024
20.120336667087	5	(26.2051,115.507,1.895)	60.271	-70.442
20.125066219154	3	(29.8799,75.3751,1.895)	20.3751	-61.0218
20.130111458793	6	(29.318,135.577,1.895)	80.3788	-72.9426
20.141651904734	4	(29.6232,102.884,1.895)	47.7307	-68.4157
20.149149505596	7	(29.0636,162.839,1.895)	107.625	-75.478
20.205159656343	8	(25.6622,173.669,1.895)	120.437	-76.455
20.210420700861	9	(28.7746,193.801,1.895)	140.578	-77.7981
20.219172076066	1	(30.202,40.8688,1.895)	12.8316	-57.0054
20.220336667087	5	(26.2238,113.503,1.895)	60.2678	-70.4415
20.225066219154	3	(29.8987,73.365,1.895)	20.3669	-61.0183
20.230111458793	6	(29.3368,133.571,1.895)	80.3742	-72.9421
20.241651904734	4	(29.6418,100.892,1.895)	47.7404	-68.4175
20.249149505596	7	(29.0823,160.84,1.895)	107.627	-75.4782
20.305159656343	8	(25.6809,171.667,1.895)	120.445	-76.4556
20.310420700861	9	(28.7934,191.792,1.895)	140.58	-77.7983
20.319172076066	1	(30.2208,38.8582,1.895)	12.8313	-57.0052
20.320336667087	5	(26.2425,111.501,1.895)	60.2774	-70.4429
20.325066219154	3	(29.9173,71.3657,1.895)	20.3783	-61.0232
20.330111458793	6	(29.3555,131.569,1.895)	80.3833	-72.9431
20.341651904734	4	(29.6605,98.8855,1.895)	47.7445	-68.4183
20.349149505596	7	(29.1009,158.843,1.895)	107.641	-75.4793
20.405159656343	8	(25.6996,169.66,1.895)	120.45	-76.4559
20.410420700861	9	(28.8121,189.784,1.895)	140.582	-77.7984
20.419172076066	1	(30.2395,36.8515,1.895)	12.8272	-57.0024
20.420336667087	5	(26.2612,109.49,1.895)	60.2769	-70.4428
20.425066219154	3	(29.9361,69.3552,1.895)	20.3787	-61.0233
20.430111458793	6	(29.3742,129.565,1.895)	80.3896	-72.9438
20.441651904734	4	(29.6791,96.8972,1.895)	47.767	-68.4224
20.449149505596	7	(29.1195,156.851,1.895)	107.66	-75.4809
20.505159656343	8	(25.7183,167.661,1.895)	120.458	-76.4565
20.510420700861	9	(28.8309,187.772,1.895)	140.578	-77.7982
20.519172076066	1	(30.2582,34.8411,1.895)	12.8293	-57.0039
20.520336667087	5	(26.2799,107.486,1.895)	60.281	-70.4434
20.525066219154	3	(29.9548,67.3532,1.895)	20.3849	-61.026
20.530111458793	6	(29.3929,127.561,1.895)	80.3938	-72.9442
20.541651904734	4	(29.6977,94.9005,1.895)	47.7785	-68.4244
20.549149505596	7	(29.138,154.864,1.895)	107.681	-75.4825
20.605159656343	8	(25.737,165.652,1.895)	120.456	-76.4564
20.610420700861	9	(28.8497,185.76,1.895)	140.574	-77.7979
20.619172076066	1	(30.2769,32.8379,1.895)	12.8258	-57.0015
20.620336667087	5	(26.2986,105.486,1.895)	60.288	-70.4444
20.625066219154	3	(29.9735,65.3446,1.895)	20.383	-61.0252
20.630111458793	6	(29.4116,125.555,1.895)	80.395	-72.9444
20.641651904734	4	(29.7164,92.901,1.895)	47.7858	-68.4258
20.649149505596	7	(29.1567,152.864,1.895)	107.688	-75.4832
20.705159656343	8	(25.7557,163.652,1.895)	120.468	-76.4573
20.710420700861	9	(28.8684,183.756,1.895)	140.581	-77.7983
20.719172076066	1	(30.2957,30.8312,1.895)	12.8209	-56.9981
20.720336667087	5	(26.3173,103.482,1.895)	60.2962	-70.4456
20.725066219154	3	(29.9922,63.3416,1.895)	20.3918	-61.0289
20.730111458793	6	(29.4303,123.552,1.895)	80.404	-72.9453
20.741651904734	4	(29.735,90.8978,1.895)	47.7944	-68.4273
20.749149505596	7	(29.1753,150.874,1.895)	107.709	-75.4849
20.805159656343	8	(25.7744,161.652,1.895)	120.472	-76.4575
20.810420700861	9	(28.8871,181.754,1.895)	140.582	-77.7984
20.819172076066	1	(30.3144,28.8252,1.895)	12.8241	-57.0003
20.820336667087	5	(26.336,101.477,1.895)	60.294	-70.4453
20.825066219154	3	(30.011,61.3342,1.895)	20.3871	-61.0269
20.830111458793	6	(29.4489,121.552,1.895)	80.4064	-72.9456
20.841651904734	4	(29.7537,88.9022,1.895)	47.8014	-68.4286
20.849149505596	7	(29.1939,148.883,1.895)	107.722	-75.4859
20.905159656343	8	(25.7931,159.649,1.895)	120.475	-76.4578
20.910420700861	9	(28.9058,179.745,1.895)	140.58	-77.7983
20.919172076066	1	(30.3331,26.8213,1.895)	12.821	-56.9982
20.920336667087	5	(26.3547,99.4702,1.895)	60.2938	-70.4452
20.925066219154	3	(30.0297,59.3282,1.895)	20.3882	-61.0273
20.930111458793	6	(29.4677,119.541,1.895)	80.4026	-72.9452
20.941651904734	4	(29.7724,86.8987,1.895)	47.805	-68.4293
20.949149505596	7	(29.2124,146.898,1.895)	107.743	-75.4876
21.005159656343	8	(25.8118,157.64,1.895)	120.477	-76.4579
21.010420700861	9	(28.9245,177.743,1.895)	140.588	-77.7988
21.020336667087	5	(26.3735,97.4593,1.895)	60.2934	-70.4452
21.025066219154	3	(30.0485,57.3187,1.895)	20.389	-61.0277
21.030111458793	6	(29.4864,117.534,1.895)	80.4063	-72.9456
21.041651904734	4	(29.791,84.9004,1.895)	47.8172	-68.4315
21.049149505596	7	(29.2311,144.896,1.895)	107.752	-75.4883
21.105159656343	8	(25.8305,155.637,1.895)	120.476	-76.4578
21.110420700861	9	(28.9432,175.736,1.895)	140.584	-77.7985
21.120336667087	5	(26.3922,95.4543,1.895)	60.2908	-70.4448
21.125066219154	3	(30.0672,55.313,1.895)	20.3859	-61.0264
21.130111458793	6	(29.5052,115.522,1.895)	80.3968	-72.9446
21.141651904734	4	(29.8098,82.893,1.895)	47.8122	-68.4306
21.149149505596	7	(29.2497,142.896,1.895)	107.754	-75.4884
21.205159656343	8	(25.8493,153.629,1.895)	120.479	-76.458
21.210420700861	9	(28.962,173.727,1.895)	140.586	-77.7986
21.220336667087	5	(26.411,93.4432,1.895)	60.2908	-70.4448
21.225066219154	3	(30.0859,53.3038,1.895)	20.3877	-61.0272
21.230111458793	6	(29.5239,113.523,1.895)	80.408	-72.9458
21.241651904734	4	(29.8284,80.8915,1.895)	47.8217	-68.4323
21.249149505596	7	(29.2685,140.889,1.895)	107.759	-75.4888
21.305159656343	8	(25.8679,151.626,1.895)	120.48	-76.4581
21.310420700861	9	(28.9807,171.723,1.895)	140.586	-77.7986
21.320336667087	5	(26.4297,91.4425,1.895)	60.2941	-70.4453
21.325066219154	3	(30.1046,51.3023,1.895)	20.3902	-61.0282
21.330111458793	6	(29.5426,111.513,1.895)	80.4022	-72.9452
21.341651904734	4	(29.8472,78.8844,1.895)	47.8187	-68.4317
21.349149505596	7	(29.2871,138.896,1.895)	107.77	-75.4897
21.405159656343	8	(25.8866,149.623,1.895)	120.479	-76.458
21.410420700861	9	(28.9994,169.722,1.895)	140.587	-77.7987
21.420336667087	5	(26.4484,89.4321,1.895)	60.2862	-70.4441
21.425066219154	3	(30.1233,49.2998,1.895)	20.3902	-61.0282
21.430111458793	6	(29.5613,109.509,1.895)	80.401	-72.945
21.441651904734	4	(29.8658,76.8928,1.895)	47.8295	-68.4337
21.449149505596	7	(29.3057,136.898,1.895)	107.774	-75.49
21.505159656343	8	(25.9054,147.612,1.895)	120.48	-76.4581
21.510420700861	9	(29.0181,167.714,1.895)	140.591	-77.7989
21.520336667087	5	(26.4672,87.4264,1.895)	60.2921	-70.445
21.525066219154	3	(30.142,47.2998,1.895)	20.4015	-61.033
21.530111458793	6	(29.5801,107.498,1.895)	80.4013	-72.945
21.541651904734	4	(29.8845,74.8901,1.895)	47.8384	-68.4353
21.549149505596	7	(29.3243,134.904,1.895)	107.791	-75.4914
21.605159656343	8	(25.9242,145.6,1.895)	120.47	-76.4574
21.610420700861	9	(29.0369,165.703,1.895)	140.582	-77.7984
21.620336667087	5	(26.4858,85.4238,1.895)	60.2915	-70.4449
21.625066219154	3	(30.1607,45.2932,1.895)	20.3972	-61.0312
21.630111458793	6	(29.5989,105.488,1.895)	80.3937	-72.9442
21.641651904734	4	(29.9031,72.8943,1.895)	47.8447	-68.4365
21.649149505596	7	(29.343,132.907,1.895)	107.796	-75.4919
