3.104964017577	2	(23.5847,396.251,1.895)	20.329	-61.0021
3.119172076066	1	(27.0483,378.767,1.895)	37.5752	-66.3378
3.129642230819	0	(27.2587,356.217,1.895)	60.1258	-70.421
3.204964017577	2	(23.6035,394.245,1.895)	20.3249	-61.0003
3.219172076066	1	(27.0661,376.859,1.895)	37.4721	-66.3139
3.229642230819	0	(27.2775,354.208,1.895)	60.1247	-70.4208
3.304964017577	2	(23.6222,392.233,1.895)	20.3265	-61.001
3.319172076066	1	(27.0839,374.951,1.895)	37.3702	-66.2903
3.329642230819	0	(27.2962,352.2,1.895)	60.1224	-70.4205
3.404964017577	2	(23.6409,390.229,1.895)	20.3235	-60.9998
3.419172076066	1	(27.1017,373.043,1.895)	37.2721	-66.2675
3.429642230819	0	(27.315,350.191,1.895)	60.1246	-70.4208
3.504964017577	2	(23.6596,388.23,1.895)	20.3172	-60.9971
3.519172076066	1	(27.1195,371.132,1.895)	37.177	-66.2453
3.529642230819	0	(27.3337,348.191,1.895)	60.1187	-70.42
3.604964017577	2	(23.6783,386.222,1.895)	20.3241	-61
3.619172076066	1	(27.1374,369.223,1.895)	37.0852	-66.2238
3.629642230819	0	(27.3524,346.187,1.895)	60.1224	-70.4205
3.704964017577	2	(23.697,384.22,1.895)	20.3275	-61.0015
3.719172076066	1	(27.1553,367.305,1.895)	37.0042	-66.2048
3.729642230819	0	(27.3711,344.176,1.895)	60.1338	-70.4222
3.804964017577	2	(23.7157,382.216,1.895)	20.3211	-60.9987
3.819172076066	1	(27.1732,365.387,1.895)	36.9123	-66.1832
3.829642230819	0	(27.3898,342.173,1.895)	60.1275	-70.4213
3.904964017577	2	(23.7345,380.207,1.895)	20.328	-61.0017
3.919172076066	1	(27.1911,363.466,1.895)	36.8306	-66.164
3.929642230819	0	(27.4086,340.165,1.895)	60.1326	-70.422
4.004964017577	2	(23.7532,378.199,1.895)	20.3281	-61.0017
4.019172076066	1	(27.209,361.544,1.895)	36.7452	-66.1438
4.029642230819	0	(27.4273,338.161,1.895)	60.1289	-70.4215
4.104964017577	2	(23.7719,376.195,1.895)	20.3288	-61.002
4.119172076066	1	(27.2269,359.624,1.895)	36.6616	-66.124
4.129642230819	0	(27.446,336.15,1.895)	60.1367	-70.4226
4.141651904734	4	(26.6976,416.34,1.895)	20.057	-60.8851
4.204964017577	2	(23.7906,374.195,1.895)	20.3192	-60.9979
4.219172076066	1	(27.2449,357.699,1.895)	36.5778	-66.1041
4.229642230819	0	(27.4648,334.139,1.895)	60.138	-70.4228
4.241651904734	4	(26.7149,414.487,1.895)	20.2134	-60.9526
4.304964017577	2	(23.8093,372.186,1.895)	20.3245	-61.0002
4.319172076066	1	(27.2629,355.772,1.895)	36.4998	-66.0856
4.329642230819	0	(27.4835,332.14,1.895)	60.1327	-70.422
4.341651904734	4	(26.7323,412.622,1.895)	20.3522	-61.012
4.404964017577	2	(23.8281,370.179,1.895)	20.3223	-60.9992
4.419172076066	1	(27.2808,353.852,1.895)	36.4112	-66.0645
4.429642230819	0	(27.5022,330.134,1.895)	60.1298	-70.4216
4.441651904734	4	(26.7497,410.762,1.895)	20.5017	-61.0756
4.504964017577	2	(23.8468,368.169,1.895)	20.3288	-61.002
4.519172076066	1	(27.2989,351.92,1.895)	36.3405	-66.0476
4.529642230819	0	(27.5209,328.127,1.895)	60.1342	-70.4222
4.541651904734	4	(26.7671,408.897,1.895)	20.6393	-61.1337
4.604964017577	2	(23.8656,366.162,1.895)	20.3272	-61.0014
4.619172076066	1	(27.3168,349.993,1.895)	36.2576	-66.0278
4.629642230819	0	(27.5397,326.117,1.895)	60.1349	-70.4223
4.641651904734	4	(26.7844,407.037,1.895)	20.789	-61.1965
4.704964017577	2	(23.8843,364.154,1.895)	20.3226	-60.9994
4.719172076066	1	(27.3348,348.063,1.895)	36.1756	-66.0081
4.729642230819	0	(27.5584,324.113,1.895)	60.1265	-70.4211
4.741651904734	4	(26.802,405.158,1.895)	20.9217	-61.2517
4.804964017577	2	(23.903,362.151,1.895)	20.3158	-60.9965
4.819172076066	1	(27.3528,346.136,1.895)	36.0923	-65.9881
4.829642230819	0	(27.5771,322.112,1.895)	60.1168	-70.4197
4.841651904734	4	(26.8194,403.286,1.895)	21.0601	-61.309
4.904964017577	2	(23.9217,360.151,1.895)	20.3098	-60.9939
4.919172076066	1	(27.3708,344.206,1.895)	36.0165	-65.9698
4.929642230819	0	(27.5957,320.112,1.895)	60.1121	-70.419
4.941651904734	4	(26.8369,401.412,1.895)	21.1914	-61.363
5.004964017577	2	(23.9404,358.14,1.895)	20.3185	-60.9976
5.019172076066	1	(27.3889,342.276,1.895)	35.9449	-65.9525
5.029642230819	0	(27.6144,318.108,1.895)	60.1138	-70.4193
5.041651904734	4	(26.8545,399.527,1.895)	21.3093	-61.4112
5.104964017577	2	(23.9592,356.129,1.895)	20.3305	-61.0028
5.119172076066	1	(27.4069,340.338,1.895)	35.8828	-65.9375
5.120336667087	5	(23.3976,416.3,1.895)	40.2486	-66.9348
5.129642230819	0	(27.6332,316.102,1.895)	60.1208	-70.4203
5.141651904734	4	(26.8721,397.644,1.895)	21.4257	-61.4585
5.204964017577	2	(23.978,354.121,1.895)	20.3308	-61.0029
5.219172076066	1	(27.425,338.403,1.895)	35.81	-65.9199
5.220336667087	5	(23.4163,414.295,1.895)	40.2508	-66.9353
5.229642230819	0	(27.6519,314.091,1.895)	60.1234	-70.4207
5.241651904734	4	(26.8896,395.772,1.895)	21.5609	-61.5131
5.304964017577	2	(23.9967,352.114,1.895)	20.3343	-61.0044
5.319172076066	1	(27.4432,336.457,1.895)	35.7531	-65.9061
5.320336667087	5	(23.435,412.295,1.895)	40.2538	-66.9359
5.329642230819	0	(27.6707,312.08,1.895)	60.1316	-70.4218
5.341651904734	4	(26.9072,393.885,1.895)	21.6772	-61.5599
5.404964017577	2	(24.0154,350.11,1.895)	20.3337	-61.0041
5.419172076066	1	(27.4613,334.513,1.895)	35.692	-65.8912
5.420336667087	5	(23.4537,410.294,1.895)	40.2583	-66.9369
5.429642230819	0	(27.6894,310.071,1.895)	60.1349	-70.4223
5.441651904734	4	(26.9247,392.005,1.895)	21.8022	-61.6098
5.504964017577	2	(24.0342,348.099,1.895)	20.3443	-61.0087
5.519172076066	1	(27.4795,332.565,1.895)	35.6408	-65.8787
5.520336667087	5	(23.4723,408.294,1.895)	40.2582	-66.9369
5.529642230819	0	(27.7081,308.067,1.895)	60.1395	-70.423
5.541651904734	4	(26.9424,390.112,1.895)	21.9093	-61.6523
5.604964017577	2	(24.0529,346.091,1.895)	20.3419	-61.0076
5.619172076066	1	(27.4976,330.628,1.895)	35.567	-65.8607
5.620336667087	5	(23.4911,406.282,1.895)	40.2567	-66.9365
5.629642230819	0	(27.7268,306.064,1.895)	60.1325	-70.422
5.641651904734	4	(26.96,388.227,1.895)	22.034	-61.7016
5.704964017577	2	(24.0716,344.089,1.895)	20.335	-61.0047
5.719172076066	1	(27.5157,328.684,1.895)	35.5017	-65.8448
5.720336667087	5	(23.5098,404.281,1.895)	40.2653	-66.9384
5.729642230819	0	(27.7456,304.056,1.895)	60.1312	-70.4218
5.741651904734	4	(26.9777,386.327,1.895)	22.1436	-61.7447
5.804964017577	2	(24.0903,342.084,1.895)	20.3381	-61.006
5.819172076066	1	(27.5339,326.733,1.895)	35.4514	-65.8324
5.820336667087	5	(23.5285,402.277,1.895)	40.2617	-66.9376
5.829642230819	0	(27.7644,302.044,1.895)	60.1417	-70.4233
5.841651904734	4	(26.9955,384.425,1.895)	22.2428	-61.7836
5.904964017577	2	(24.1091,340.073,1.895)	20.3414	-61.0074
5.919172076066	1	(27.5521,324.783,1.895)	35.3925	-65.818
5.920336667087	5	(23.5472,400.267,1.895)	40.2602	-66.9373
5.929642230819	0	(27.7831,300.041,1.895)	60.1364	-70.4225
5.941651904734	4	(27.0131,382.532,1.895)	22.3589	-61.8288
6.004964017577	2	(24.1278,338.07,1.895)	20.3351	-61.0047
6.019172076066	1	(27.5703,322.838,1.895)	35.3291	-65.8024
6.020336667087	5	(23.566,398.258,1.895)	40.2607	-66.9374
6.029642230819	0	(27.8017,298.041,1.895)	60.1271	-70.4212
6.041651904734	4	(27.0309,380.632,1.895)	22.4676	-61.8709
6.104964017577	2	(24.1465,336.066,1.895)	20.335	-61.0047
6.119172076066	1	(27.5884,320.901,1.895)	35.2619	-65.7859
6.120336667087	5	(23.5847,396.252,1.895)	40.2585	-66.9369
6.129642230819	0	(27.8204,296.037,1.895)	60.1268	-70.4212
6.130111458793	6	(26.6976,416.34,1.895)	60.1815	-70.429
6.141651904734	4	(27.0486,378.729,1.895)	22.5682	-61.9097
6.204964017577	2	(24.1651,334.066,1.895)	20.3293	-61.0022
6.219172076066	1	(27.6065,318.953,1.895)	35.2041	-65.7717
6.220336667087	5	(23.6034,394.252,1.895)	40.2651	-66.9384
6.229642230819	0	(27.8391,294.034,1.895)	60.1238	-70.4207
6.230111458793	6	(26.7163,414.341,1.895)	60.1884	-70.43
6.241651904734	4	(27.0664,376.829,1.895)	22.6748	-61.9506
6.304964017577	2	(24.1838,332.063,1.895)	20.3307	-61.0028
6.319172076066	1	(27.6247,317.008,1.895)	35.147	-65.7576
6.320336667087	5	(23.6221,392.242,1.895)	40.2561	-66.9364
6.329642230819	0	(27.8579,292.026,1.895)	60.1305	-70.4217
6.330111458793	6	(26.735,412.334,1.895)	60.1829	-70.4293
6.341651904734	4	(27.0842,374.92,1.895)	22.7675	-61.9861
6.404964017577	2	(24.2025,330.06,1.895)	20.326	-61.0008
6.419172076066	1	(27.6429,315.056,1.895)	35.0911	-65.7437
6.420336667087	5	(23.6408,390.241,1.895)	40.2635	-66.938
6.429642230819	0	(27.8766,290.017,1.895)	60.1314	-70.4218
6.430111458793	6	(26.7536,410.335,1.895)	60.1914	-70.4305
6.441651904734	4	(27.1019,373.02,1.895)	22.8751	-62.0271
6.504964017577	2	(24.2212,328.057,1.895)	20.3235	-60.9998
6.519172076066	1	(27.6611,313.104,1.895)	35.0383	-65.7306
6.520336667087	5	(23.6595,388.237,1.895)	40.2647	-66.9383
6.529642230819	0	(27.8953,288.015,1.895)	60.1285	-70.4214
6.530111458793	6	(26.7723,408.335,1.895)	60.1973	-70.4313
6.541651904734	4	(27.1198,371.108,1.895)	22.9682	-62.0623
6.604964017577	2	(24.24,326.048,1.895)	20.3284	-61.0019
6.619172076066	1	(27.6793,311.152,1.895)	34.9858	-65.7176
6.620336667087	5	(23.6782,386.234,1.895)	40.2651	-66.9384
6.629642230819	0	(27.914,286.008,1.895)	60.1314	-70.4218
6.630111458793	6	(26.791,406.329,1.895)	60.1955	-70.4311
6.641651904734	4	(27.1376,369.196,1.895)	23.0609	-62.0973
6.704964017577	2	(24.2587,324.036,1.895)	20.3366	-61.0054
6.719172076066	1	(27.6976,309.2,1.895)	34.9347	-65.7049
6.720336667087	5	(23.6969,384.228,1.895)	40.2626	-66.9378
6.729642230819	0	(27.9328,284,1.895)	60.136	-70.4225
6.730111458793	6	(26.8098,404.321,1.895)	60.1906	-70.4304
6.741651904734	4	(27.1555,367.281,1.895)	23.1485	-62.1302
6.804964017577	2	(24.2775,322.029,1.895)	20.3429	-61.0081
6.819172076066	1	(27.7158,307.242,1.895)	34.8923	-65.6944
6.820336667087	5	(23.7157,382.224,1.895)	40.2593	-66.9371
6.829642230819	0	(27.9515,281.998,1.895)	60.1377	-70.4227
6.830111458793	6	(26.8285,402.311,1.895)	60.1806	-70.4289
6.841651904734	4	(27.1734,365.362,1.895)	23.23	-62.1608
6.904964017577	2	(24.2962,320.021,1.895)	20.3466	-61.0096
6.919172076066	1	(27.7341,305.287,1.895)	34.843	-65.6821
6.920336667087	5	(23.7344,380.213,1.895)	40.2529	-66.9357
6.929642230819	0	(27.9702,279.993,1.895)	60.138	-70.4228
6.930111458793	6	(26.8472,400.306,1.895)	60.1803	-70.4289
6.941651904734	4	(27.1912,363.449,1.895)	23.3215	-62.1949
7.004964017577	2	(24.315,318.01,1.895)	20.3503	-61.0112
7.019172076066	1	(27.7523,303.333,1.895)	34.7893	-65.6687
7.020336667087	5	(23.7531,378.21,1.895)	40.2573	-66.9367
7.029642230819	0	(27.9888,277.994,1.895)	60.1296	-70.4215
7.030111458793	6	(26.866,398.297,1.895)	60.1791	-70.4287
7.041651904734	4	(27.2092,361.53,1.895)	23.41	-62.2278
7.104964017577	2	(24.3337,316.01,1.895)	20.3443	-61.0086
7.119172076066	1	(27.7706,301.375,1.895)	34.7408	-65.6566
7.120336667087	5	(23.7719,376.2,1.895)	40.2535	-66.9359
7.129642230819	0	(28.0076,275.987,1.895)	60.1304	-70.4217
7.130111458793	6	(26.8847,396.297,1.895)	60.185	-70.4296
7.141651904734	4	(27.2271,359.613,1.895)	23.4996	-62.261
7.149149505596	7	(26.6976,416.34,1.895)	80.2293	-72.9264
7.204964017577	2	(24.3523,314.008,1.895)	20.3352	-61.0048
7.219172076066	1	(27.7889,299.414,1.895)	34.6908	-65.6441
7.220336667087	5	(23.7906,374.195,1.895)	40.2592	-66.9371
7.229642230819	0	(28.0263,273.984,1.895)	60.1226	-70.4205
7.230111458793	6	(26.9033,394.297,1.895)	60.1956	-70.4311
7.241651904734	4	(27.2451,357.684,1.895)	23.5816	-62.2912
7.249149505596	7	(26.7149,414.487,1.895)	80.3866	-72.9435
7.304964017577	2	(24.371,312.006,1.895)	20.3279	-61.0016
7.319172076066	1	(27.8071,297.462,1.895)	34.6335	-65.6297
7.320336667087	5	(23.8093,372.189,1.895)	40.2634	-66.938
7.329642230819	0	(28.0449,271.985,1.895)	60.1116	-70.4189
7.330111458793	6	(26.922,392.296,1.895)	60.205	-70.4324
7.341651904734	4	(27.263,355.761,1.895)	23.6681	-62.323
7.349149505596	7	(26.7323,412.627,1.895)	80.5366	-72.9597
7.404964017577	2	(24.3898,309.996,1.895)	20.3274	-61.0014
7.419172076066	1	(27.8254,295.503,1.895)	34.5823	-65.6169
7.420336667087	5	(23.828,370.184,1.895)	40.2684	-66.9391
7.429642230819	0	(28.0636,269.981,1.895)	60.1052	-70.418
7.430111458793	6	(26.9407,390.295,1.895)	60.2144	-70.4338
7.441651904734	4	(27.281,353.835,1.895)	23.7522	-62.3539
7.449149505596	7	(26.7495,410.774,1.895)	80.6944	-72.9767
7.504964017577	2	(24.4085,307.994,1.895)	20.3222	-60.9992
7.519172076066	1	(27.8437,293.538,1.895)	34.5401	-65.6063
7.520336667087	5	(23.8468,368.177,1.895)	40.2685	-66.9391
7.529642230819	0	(28.0823,267.976,1.895)	60.1031	-70.4177
7.530111458793	6	(26.9595,388.284,1.895)	60.21	-70.4332
7.541651904734	4	(27.2991,351.897,1.895)	23.8211	-62.379
7.549149505596	7	(26.7669,408.92,1.895)	80.8469	-72.9931
7.604964017577	2	(24.4272,305.992,1.895)	20.3224	-60.9993
7.619172076066	1	(27.8621,291.576,1.895)	34.4997	-65.5961
7.620336667087	5	(23.8655,366.17,1.895)	40.2641	-66.9381
7.629642230819	0	(28.101,265.97,1.895)	60.1066	-70.4182
7.630111458793	6	(26.9781,386.283,1.895)	60.2119	-70.4334
7.641651904734	4	(27.3171,349.961,1.895)	23.8878	-62.4033
7.649149505596	7	(26.7843,407.046,1.895)	80.9755	-73.0069
7.704964017577	2	(24.4458,303.992,1.895)	20.31	-60.994
7.719172076066	1	(27.8804,289.609,1.895)	34.4545	-65.5847
7.720336667087	5	(23.8843,364.159,1.895)	40.2642	-66.9382
7.729642230819	0	(28.1197,263.969,1.895)	60.0956	-70.4166
7.730111458793	6	(26.9969,384.276,1.895)	60.2164	-70.4341
7.741651904734	4	(27.3351,348.037,1.895)	23.9753	-62.4351
7.749149505596	7	(26.8017,405.186,1.895)	81.1272	-73.0231
7.804964017577	2	(24.4645,301.99,1.895)	20.3073	-60.9928
7.819172076066	1	(27.8987,287.648,1.895)	34.4109	-65.5737
7.820336667087	5	(23.903,362.156,1.895)	40.2672	-66.9388
7.829642230819	0	(28.1385,261.96,1.895)	60.1001	-70.4173
7.830111458793	6	(27.0156,382.265,1.895)	60.2103	-70.4332
7.841651904734	4	(27.3532,346.099,1.895)	24.0432	-62.4596
7.849149505596	7	(26.8192,403.31,1.895)	81.256	-73.0369
7.904964017577	2	(24.4833,299.981,1.895)	20.3149	-60.9961
7.919172076066	1	(27.9171,285.676,1.895)	34.3813	-65.5662
7.920336667087	5	(23.9217,360.147,1.895)	40.2593	-66.9371
7.929642230819	0	(28.1573,259.948,1.895)	60.1102	-70.4188
7.930111458793	6	(27.0344,380.256,1.895)	60.2029	-70.4321
7.941651904734	4	(27.3712,344.166,1.895)	24.1114	-62.4842
7.949149505596	7	(26.8367,401.434,1.895)	81.382	-73.0504
8.004964017577	2	(24.502,297.973,1.895)	20.3194	-60.998
8.019172076066	1	(27.9355,283.707,1.895)	34.3472	-65.5576
8.020336667087	5	(23.9404,358.147,1.895)	40.2625	-66.9378
8.029642230819	0	(28.1759,257.948,1.895)	60.1073	-70.4183
8.030111458793	6	(27.0532,378.244,1.895)	60.1942	-70.4309
8.041651904734	4	(27.3892,342.236,1.895)	24.1842	-62.5104
8.049149505596	7	(26.8542,399.557,1.895)	81.5074	-73.0637
8.104964017577	2	(24.5208,295.963,1.895)	20.3247	-61.0003
8.105159656343	8	(23.3976,416.3,1.895)	100.341	-74.8694
8.119172076066	1	(27.9539,281.74,1.895)	34.3095	-65.5481
8.120336667087	5	(23.9591,356.142,1.895)	40.2615	-66.9376
8.129642230819	0	(28.1946,255.944,1.895)	60.1067	-70.4182
8.130111458793	6	(27.0719,376.235,1.895)	60.1898	-70.4302
8.141651904734	4	(27.4073,340.305,1.895)	24.2577	-62.5368
8.149149505596	7	(26.8718,397.677,1.895)	81.6323	-73.077
8.204964017577	2	(24.5395,293.955,1.895)	20.3287	-61.002
8.205159656343	8	(23.4163,414.297,1.895)	100.343	-74.8695
8.219172076066	1	(27.9722,279.78,1.895)	34.2655	-65.5369
8.220336667087	5	(23.9778,354.138,1.895)	40.2619	-66.9377
8.229642230819	0	(28.2133,253.939,1.895)	60.1074	-70.4184
8.230111458793	6	(27.0906,374.233,1.895)	60.1916	-70.4305
8.241651904734	4	(27.4253,338.372,1.895)	24.3288	-62.5622
8.249149505596	7	(26.8893,395.797,1.895)	81.7565	-73.0902
8.304964017577	2	(24.5583,291.947,1.895)	20.3275	-61.0015
8.305159656343	8	(23.435,412.29,1.895)	100.345	-74.8697
8.319172076066	1	(27.9905,277.81,1.895)	34.2269	-65.5271
8.320336667087	5	(23.9965,352.133,1.895)	40.2662	-66.9386
8.329642230819	0	(28.2321,251.93,1.895)	60.1076	-70.4184
8.330111458793	6	(27.1093,372.224,1.895)	60.1915	-70.4305
8.341651904734	4	(27.4434,336.43,1.895)	24.3963	-62.5863
8.349149505596	7	(26.9069,393.92,1.895)	81.8883	-73.1042
8.404964017577	2	(24.577,289.943,1.895)	20.3231	-60.9996
8.405159656343	8	(23.4537,410.284,1.895)	100.348	-74.87
8.419172076066	1	(28.0089,275.845,1.895)	34.1827	-65.5159
8.420336667087	5	(24.0152,350.131,1.895)	40.2729	-66.94
8.429642230819	0	(28.2508,249.924,1.895)	60.1041	-70.4179
8.430111458793	6	(27.1281,370.215,1.895)	60.1919	-70.4305
8.441651904734	4	(27.4615,334.49,1.895)	24.4648	-62.6106
8.449149505596	7	(26.9246,392.023,1.895)	82.0007	-73.1161
8.504964017577	2	(24.5957,287.932,1.895)	20.3336	-61.0041
8.505159656343	8	(23.4725,408.278,1.895)	100.342	-74.8695
8.519172076066	1	(28.0273,273.874,1.895)	34.1533	-65.5084
8.520336667087	5	(24.034,348.12,1.895)	40.2623	-66.9378
8.529642230819	0	(28.2695,247.919,1.895)	60.1092	-70.4186
8.530111458793	6	(27.1468,368.216,1.895)	60.1931	-70.4307
8.541651904734	4	(27.4797,332.548,1.895)	24.5238	-62.6316
8.549149505596	7	(26.9422,390.129,1.895)	82.1067	-73.1274
8.604964017577	2	(24.6144,285.928,1.895)	20.3265	-61.001
8.605159656343	8	(23.4912,406.273,1.895)	100.348	-74.87
8.619172076066	1	(28.0456,271.909,1.895)	34.107	-65.4967
8.620336667087	5	(24.0527,346.11,1.895)	40.2638	-66.9381
8.629642230819	0	(28.2883,245.907,1.895)	60.1098	-70.4187
8.630111458793	6	(27.1655,366.213,1.895)	60.2011	-70.4319
8.641651904734	4	(27.4977,330.613,1.895)	24.6	-62.6585
8.649149505596	7	(26.9599,388.241,1.895)	82.2304	-73.1404
8.704964017577	2	(24.6332,283.922,1.895)	20.3298	-61.0025
8.705159656343	8	(23.5099,404.268,1.895)	100.346	-74.8698
8.719172076066	1	(28.064,269.939,1.895)	34.0744	-65.4883
8.720336667087	5	(24.0714,344.107,1.895)	40.2633	-66.938
8.729642230819	0	(28.307,243.903,1.895)	60.1112	-70.4189
8.730111458793	6	(27.1842,364.207,1.895)	60.1979	-70.4314
8.741651904734	4	(27.5158,328.671,1.895)	24.6607	-62.6799
8.749149505596	7	(26.9776,386.345,1.895)	82.3369	-73.1517
8.804964017577	2	(24.6519,281.916,1.895)	20.3242	-61
8.805159656343	8	(23.5286,402.268,1.895)	100.358	-74.8708
8.819172076066	1	(28.0824,267.965,1.895)	34.037	-65.4788
8.820336667087	5	(24.0901,342.104,1.895)	40.2717	-66.9398
8.829642230819	0	(28.3258,241.895,1.895)	60.108	-70.4184
8.830111458793	6	(27.2029,362.205,1.895)	60.2075	-70.4328
8.841651904734	4	(27.534,326.725,1.895)	24.7264	-62.703
8.849149505596	7	(26.9952,384.453,1.895)	82.4566	-73.1643
8.904964017577	2	(24.6706,279.908,1.895)	20.3242	-61
8.905159656343	8	(23.5473,400.261,1.895)	100.359	-74.8709
8.919172076066	1	(28.1008,265.992,1.895)	34.0021	-65.4699
8.920336667087	5	(24.1088,340.104,1.895)	40.2793	-66.9414
8.929642230819	0	(28.3445,239.891,1.895)	60.1039	-70.4178
8.930111458793	6	(27.2216,360.2,1.895)	60.21	-70.4332
8.941651904734	4	(27.5522,324.778,1.895)	24.7872	-62.7243
8.949149505596	7	(27.0129,382.559,1.895)	82.5701	-73.1762
9.004964017577	2	(24.6894,277.896,1.895)	20.3344	-61.0044
9.005159656343	8	(23.566,398.254,1.895)	100.352	-74.8703
9.019172076066	1	(28.1192,264.02,1.895)	33.9719	-65.4622
9.020336667087	5	(24.1275,338.103,1.895)	40.2803	-66.9416
9.029642230819	0	(28.3632,237.883,1.895)	60.1107	-70.4188
9.030111458793	6	(27.2403,358.19,1.895)	60.2021	-70.432
9.041651904734	4	(27.5703,322.834,1.895)	24.8447	-62.7445
9.049149505596	7	(27.0306,380.661,1.895)	82.6734	-73.1871
9.104964017577	2	(24.7081,275.897,1.895)	20.3322	-61.0035
9.105159656343	8	(23.5847,396.251,1.895)	100.351	-74.8702
9.110420700861	9	(26.6976,416.34,1.895)	120.356	-76.4492
9.119172076066	1	(28.1377,262.042,1.895)	33.949	-65.4563
9.120336667087	5	(24.1462,336.097,1.895)	40.276	-66.9407
9.129642230819	0	(28.3819,235.877,1.895)	60.1147	-70.4194
9.130111458793	6	(27.2591,356.181,1.895)	60.1948	-70.431
9.141651904734	4	(27.5884,320.895,1.895)	24.9072	-62.7663
9.149149505596	7	(27.0484,378.757,1.895)	82.7716	-73.1974
9.204964017577	2	(24.7268,273.888,1.895)	20.335	-61.0047
9.205159656343	8	(23.6035,394.241,1.895)	100.348	-74.8699
9.210420700861	9	(26.7164,414.33,1.895)	120.352	-76.4489
9.219172076066	1	(28.1561,260.068,1.895)	33.9163	-65.448
9.220336667087	5	(24.1649,334.089,1.895)	40.274	-66.9403
9.229642230819	0	(28.4006,233.878,1.895)	60.1083	-70.4185
9.230111458793	6	(27.2778,354.179,1.895)	60.1979	-70.4314
9.241651904734	4	(27.6066,318.943,1.895)	24.9605	-62.7849
9.249149505596	7	(27.0662,376.845,1.895)	82.8656	-73.2073
9.304964017577	2	(24.7455,271.882,1.895)	20.3322	-61.0035
9.305159656343	8	(23.6222,392.234,1.895)	100.35	-74.8701
9.310420700861	9	(26.735,412.329,1.895)	120.36	-76.4494
9.319172076066	1	(28.1745,258.099,1.895)	33.8764	-65.4377
9.320336667087	5	(24.1836,332.087,1.895)	40.2808	-66.9417
9.329642230819	0	(28.4193,231.874,1.895)	60.1027	-70.4177
9.330111458793	6	(27.2965,352.169,1.895)	60.1975	-70.4314
9.341651904734	4	(27.6249,316.989,1.895)	25.016	-62.8041
9.349149505596	7	(27.084,374.942,1.895)	82.9714	-73.2184
9.404964017577	2	(24.7642,269.881,1.895)	20.3246	-61.0002
9.405159656343	8	(23.641,390.224,1.895)	100.348	-74.8699
9.410420700861	9	(26.7537,410.326,1.895)	120.365	-76.4498
9.419172076066	1	(28.1929,256.127,1.895)	33.8406	-65.4285
9.420336667087	5	(24.2023,330.085,1.895)	40.2869	-66.9431
9.429642230819	0	(28.438,229.871,1.895)	60.0976	-70.4169
9.430111458793	6	(27.3153,350.159,1.895)	60.1962	-70.4312
9.441651904734	4	(27.6432,315.03,1.895)	25.065	-62.8211
9.449149505596	7	(27.1018,373.032,1.895)	83.0703	-73.2287
9.504964017577	2	(24.7829,267.874,1.895)	20.3221	-60.9992
9.505159656343	8	(23.6597,388.22,1.895)	100.353	-74.8704
9.510420700861	9	(26.7725,408.316,1.895)	120.364	-76.4498
9.519172076066	1	(28.2114,254.15,1.895)	33.8084	-65.4203
9.520336667087	5	(24.221,328.079,1.895)	40.2903	-66.9438
9.529642230819	0	(28.4566,227.87,1.895)	60.0893	-70.4157
9.530111458793	6	(27.334,348.15,1.895)	60.1957	-70.4311
9.541651904734	4	(27.6614,313.07,1.895)	25.1148	-62.8384
9.549149505596	7	(27.1197,371.118,1.895)	83.1651	-73.2386
9.604964017577	2	(24.8017,265.867,1.895)	20.3271	-61.0013
9.605159656343	8	(23.6784,386.22,1.895)	100.355	-74.8706
9.610420700861	9	(26.7912,406.306,1.895)	120.358	-76.4493
9.619172076066	1	(28.2297,252.181,1.895)	33.7744	-65.4115
9.620336667087	5	(24.2397,326.076,1.895)	40.29	-66.9437
9.629642230819	0	(28.4754,225.858,1.895)	60.0986	-70.4171
9.630111458793	6	(27.3528,346.139,1.895)	60.1872	-70.4299
9.641651904734	4	(27.6797,311.117,1.895)	25.1638	-62.8553
9.649149505596	7	(27.1375,369.207,1.895)	83.2564	-73.2481
9.704964017577	2	(24.8204,263.856,1.895)	20.3266	-61.0011
9.705159656343	8	(23.6971,384.215,1.895)	100.362	-74.8712
9.710420700861	9	(26.81,404.298,1.895)	120.361	-76.4495
9.719172076066	1	(28.2482,250.201,1.895)	33.7431	-65.4035
9.720336667087	5	(24.2584,324.074,1.895)	40.2992	-66.9457
9.729642230819	0	(28.4941,223.856,1.895)	60.0897	-70.4158
9.730111458793	6	(27.3716,344.13,1.895)	60.1893	-70.4302
9.741651904734	4	(27.6978,309.171,1.895)	25.2295	-62.878
9.749149505596	7	(27.1554,367.285,1.895)	83.346	-73.2575
9.804964017577	2	(24.8392,261.847,1.895)	20.3306	-61.0028
9.805159656343	8	(23.7158,382.205,1.895)	100.356	-74.8706
9.810420700861	9	(26.8287,402.297,1.895)	120.364	-76.4497
9.819172076066	1	(28.2667,248.221,1.895)	33.7187	-65.3972
9.820336667087	5	(24.2771,322.071,1.895)	40.3008	-66.9461
9.829642230819	0	(28.5129,221.845,1.895)	60.0961	-70.4167
9.830111458793	6	(27.3903,342.118,1.895)	60.1822	-70.4292
9.841651904734	4	(27.7161,307.216,1.895)	25.2794	-62.8951
9.849149505596	7	(27.1733,365.368,1.895)	83.4336	-73.2666
9.904964017577	2	(24.8579,259.846,1.895)	20.3228	-60.9994
9.905159656343	8	(23.7346,380.196,1.895)	100.357	-74.8708
9.910420700861	9	(26.8474,400.293,1.895)	120.369	-76.4501
9.919172076066	1	(28.2852,246.24,1.895)	33.6897	-65.3897
9.920336667087	5	(24.2957,320.072,1.895)	40.3113	-66.9483
9.929642230819	0	(28.5316,219.842,1.895)	60.0893	-70.4157
9.930111458793	6	(27.4091,340.112,1.895)	60.1865	-70.4298
9.941651904734	4	(27.7344,305.255,1.895)	25.3274	-62.9116
9.949149505596	7	(27.1913,363.444,1.895)	83.5196	-73.2756
10.004964017577	2	(24.8765,257.846,1.895)	20.313	-60.9953
10.005159656343	8	(23.7532,378.196,1.895)	100.366	-74.8715
10.010420700861	9	(26.866,398.292,1.895)	120.378	-76.4507
10.019172076066	1	(28.3036,244.263,1.895)	33.6581	-65.3816
10.020336667087	5	(24.3144,318.07,1.895)	40.3187	-66.9499
10.029642230819	0	(28.5503,217.838,1.895)	60.0843	-70.415
10.030111458793	6	(27.4278,338.106,1.895)	60.1896	-70.4302
10.041651904734	4	(27.7526,303.3,1.895)	25.3817	-62.9302
10.049149505596	7	(27.2092,361.522,1.895)	83.6058	-73.2845
10.104964017577	2	(24.8952,255.847,1.895)	20.307	-60.9927
10.105159656343	8	(23.7719,376.196,1.895)	100.372	-74.872
10.110420700861	9	(26.8848,396.287,1.895)	120.378	-76.4507
10.119172076066	1	(28.3221,242.29,1.895)	33.6255	-65.3732
10.120336667087	5	(24.3331,316.065,1.895)	40.3188	-66.9499
10.129642230819	0	(28.569,215.835,1.895)	60.0813	-70.4146
10.130111458793	6	(27.4465,336.104,1.895)	60.1925	-70.4306
10.141651904734	4	(27.7709,301.34,1.895)	25.4276	-62.9459
10.149149505596	7	(27.2271,359.605,1.895)	83.6946	-73.2937
10.204964017577	2	(24.9139,253.839,1.895)	20.3131	-60.9953
10.205159656343	8	(23.7906,374.195,1.895)	100.373	-74.8721
10.210420700861	9	(26.9034,394.286,1.895)	120.379	-76.4508
10.219172076066	1	(28.3405,240.315,1.895)	33.5983	-65.3661
10.220336667087	5	(24.3518,314.064,1.895)	40.3198	-66.9502
10.229642230819	0	(28.5877,213.826,1.895)	60.0888	-70.4157
10.230111458793	6	(27.4651,334.104,1.895)	60.1951	-70.431
10.241651904734	4	(27.7893,299.375,1.895)	25.4638	-62.9582
10.249149505596	7	(27.2451,357.682,1.895)	83.774	-73.302
10.304964017577	2	(24.9327,251.829,1.895)	20.3208	-60.9986
10.305159656343	8	(23.8092,372.196,1.895)	100.376	-74.8724
10.310420700861	9	(26.9222,392.278,1.895)	120.373	-76.4504
10.319172076066	1	(28.359,238.332,1.895)	33.5789	-65.3611
10.320336667087	5	(24.3705,312.062,1.895)	40.3202	-66.9502
10.329642230819	0	(28.6064,211.827,1.895)	60.0858	-70.4152
10.330111458793	6	(27.4839,332.092,1.895)	60.1854	-70.4296
10.341651904734	4	(27.8075,297.418,1.895)	25.5089	-62.9736
10.349149505596	7	(27.263,355.765,1.895)	83.8589	-73.3108
10.404964017577	2	(24.9514,249.822,1.895)	20.3199	-60.9982
10.405159656343	8	(23.828,370.186,1.895)	100.374	-74.8722
10.410420700861	9	(26.9409,390.267,1.895)	120.371	-76.4502
10.419172076066	1	(28.3774,236.362,1.895)	33.541	-65.3513
10.420336667087	5	(24.3892,310.056,1.895)	40.3217	-66.9506
10.429642230819	0	(28.6251,209.82,1.895)	60.0841	-70.415
10.430111458793	6	(27.5026,330.086,1.895)	60.1867	-70.4298
10.441651904734	4	(27.8259,295.455,1.895)	25.5549	-62.9893
10.449149505596	7	(27.281,353.834,1.895)	83.9356	-73.3187
10.504964017577	2	(24.9702,247.813,1.895)	20.3242	-61.0001
10.505159656343	8	(23.8468,368.175,1.895)	100.368	-74.8717
10.510420700861	9	(26.9596,388.265,1.895)	120.374	-76.4504
10.519172076066	1	(28.3958,234.386,1.895)	33.5127	-65.344
10.520336667087	5	(24.4079,308.056,1.895)	40.3271	-66.9517
10.529642230819	0	(28.6438,207.814,1.895)	60.0862	-70.4153
10.530111458793	6	(27.5214,328.078,1.895)	60.1838	-70.4294
10.541651904734	4	(27.8441,293.498,1.895)	25.6017	-63.0052
10.549149505596	7	(27.2989,351.911,1.895)	84.0174	-73.3272
10.604964017577	2	(24.9889,245.813,1.895)	20.3177	-60.9973
10.605159656343	8	(23.8655,366.174,1.895)	100.373	-74.8721
10.610420700861	9	(26.9783,386.264,1.895)	120.378	-76.4508
10.619172076066	1	(28.4143,232.402,1.895)	33.4898	-65.3381
10.620336667087	5	(24.4266,306.05,1.895)	40.3273	-66.9518
10.629642230819	0	(28.6626,205.806,1.895)	60.0868	-70.4154
10.630111458793	6	(27.5401,326.07,1.895)	60.1825	-70.4292
10.641651904734	4	(27.8625,291.531,1.895)	25.6413	-63.0186
10.649149505596	7	(27.317,349.979,1.895)	84.0921	-73.3349
10.704964017577	2	(25.0076,243.804,1.895)	20.3269	-61.0012
10.705159656343	8	(23.8842,364.163,1.895)	100.362	-74.8712
10.710420700861	9	(26.997,384.259,1.895)	120.373	-76.4504
10.719172076066	1	(28.4329,230.414,1.895)	33.4788	-65.3352
10.720336667087	5	(24.4453,304.05,1.895)	40.327	-66.9517
10.729642230819	0	(28.6813,203.799,1.895)	60.0949	-70.4165
10.730111458793	6	(27.5589,324.058,1.895)	60.1703	-70.4274
10.741651904734	4	(27.8808,289.569,1.895)	25.6794	-63.0315
10.749149505596	7	(27.3351,348.04,1.895)	84.1526	-73.3411
10.804964017577	2	(25.0263,241.802,1.895)	20.3201	-60.9983
10.805159656343	8	(23.903,362.153,1.895)	100.361	-74.8711
10.810420700861	9	(27.0157,382.257,1.895)	120.38	-76.4509
10.819172076066	1	(28.4515,228.425,1.895)	33.4589	-65.33
10.820336667087	5	(24.464,302.042,1.895)	40.3277	-66.9519
10.829642230819	0	(28.7,201.798,1.895)	60.0867	-70.4154
10.830111458793	6	(27.5776,322.055,1.895)	60.1758	-70.4282
10.841651904734	4	(27.8991,287.605,1.895)	25.7236	-63.0464
10.849149505596	7	(27.3531,346.105,1.895)	84.2263	-73.3487
10.904964017577	2	(25.045,239.793,1.895)	20.3276	-61.0015
10.905159656343	8	(23.9217,360.147,1.895)	100.355	-74.8706
10.910420700861	9	(27.0345,380.246,1.895)	120.371	-76.4502
10.919172076066	1	(28.4699,226.448,1.895)	33.4347	-65.3237
10.920336667087	5	(24.4828,300.036,1.895)	40.3226	-66.9508
10.929642230819	0	(28.7187,199.796,1.895)	60.0877	-70.4155
10.930111458793	6	(27.5963,320.048,1.895)	60.17	-70.4274
10.941651904734	4	(27.9174,285.642,1.895)	25.7619	-63.0594
10.949149505596	7	(27.3711,344.176,1.895)	84.299	-73.3562
11.004964017577	2	(25.0638,237.785,1.895)	20.3302	-61.0026
11.005159656343	8	(23.9405,358.137,1.895)	100.351	-74.8702
11.010420700861	9	(27.0532,378.241,1.895)	120.371	-76.4502
11.019172076066	1	(28.4885,224.462,1.895)	33.4143	-65.3184
11.020336667087	5	(24.5015,298.027,1.895)	40.3198	-66.9502
11.029642230819	0	(28.7374,197.792,1.895)	60.0862	-70.4153
11.030111458793	6	(27.615,318.043,1.895)	60.1701	-70.4274
11.041651904734	4	(27.9358,283.677,1.895)	25.8031	-63.0732
11.049149505596	7	(27.3892,342.237,1.895)	84.3656	-73.3631
11.104964017577	2	(25.0825,235.779,1.895)	20.3352	-61.0048
11.105159656343	8	(23.9592,356.134,1.895)	100.349	-74.87
11.110420700861	9	(27.0719,376.239,1.895)	120.37	-76.4502
11.119172076066	1	(28.5069,222.483,1.895)	33.3925	-65.3128
11.120336667087	5	(24.5202,296.022,1.895)	40.3156	-66.9493
11.129642230819	0	(28.7561,195.785,1.895)	60.0915	-70.4161
11.130111458793	6	(27.6338,316.036,1.895)	60.1647	-70.4266
11.141651904734	4	(27.9542,281.708,1.895)	25.8345	-63.0838
11.149149505596	7	(27.4073,340.299,1.895)	84.4288	-73.3696
11.204964017577	2	(25.1013,233.769,1.895)	20.3413	-61.0074
11.205159656343	8	(23.9778,354.132,1.895)	100.351	-74.8702
11.210420700861	9	(27.0905,374.238,1.895)	120.373	-76.4503
11.219172076066	1	(28.5255,220.494,1.895)	33.3785	-65.3091
11.220336667087	5	(24.5389,294.017,1.895)	40.3137	-66.9489
11.229642230819	0	(28.7749,193.775,1.895)	60.099	-70.4171
11.230111458793	6	(27.6525,314.027,1.895)	60.1588	-70.4258
11.241651904734	4	(27.9725,279.747,1.895)	25.8773	-63.0982
11.249149505596	7	(27.4254,338.365,1.895)	84.4977	-73.3767
11.304964017577	2	(25.1199,231.767,1.895)	20.3322	-61.0035
11.305159656343	8	(23.9966,352.124,1.895)	100.353	-74.8704
11.310420700861	9	(27.1092,372.238,1.895)	120.383	-76.4511
11.319172076066	1	(28.5441,218.504,1.895)	33.357	-65.3035
11.320336667087	5	(24.5576,292.014,1.895)	40.3217	-66.9506
11.329642230819	0	(28.7936,191.765,1.895)	60.0976	-70.4169
11.330111458793	6	(27.6713,312.015,1.895)	60.158	-70.4257
11.341651904734	4	(27.9908,277.782,1.895)	25.9235	-63.1137
11.349149505596	7	(27.4435,336.42,1.895)	84.5639	-73.3835
11.404964017577	2	(25.1387,229.76,1.895)	20.3392	-61.0065
11.405159656343	8	(24.0153,350.114,1.895)	100.344	-74.8696
11.410420700861	9	(27.1279,370.232,1.895)	120.378	-76.4507
11.419172076066	1	(28.5626,216.517,1.895)	33.3448	-65.3004
11.420336667087	5	(24.5764,290.004,1.895)	40.3115	-66.9484
11.429642230819	0	(28.8123,189.763,1.895)	60.0995	-70.4172
11.430111458793	6	(27.69,310.013,1.895)	60.1553	-70.4253
11.441651904734	4	(28.0093,275.803,1.895)	25.9442	-63.1206
11.449149505596	7	(27.4616,334.479,1.895)	84.6225	-73.3895
11.504964017577	2	(25.1574,227.749,1.895)	20.3445	-61.0087
11.505159656343	8	(24.0341,348.109,1.895)	100.344	-74.8696
11.510420700861	9	(27.1467,368.223,1.895)	120.374	-76.4504
11.519172076066	1	(28.5811,214.533,1.895)	33.3229	-65.2946
11.520336667087	5	(24.5951,287.998,1.895)	40.3113	-66.9483
11.529642230819	0	(28.831,187.763,1.895)	60.0944	-70.4165
11.530111458793	6	(27.7087,308.006,1.895)	60.1543	-70.4251
11.541651904734	4	(28.0276,273.84,1.895)	25.9864	-63.1347
11.549149505596	7	(27.4797,332.546,1.895)	84.6952	-73.397
11.604964017577	2	(25.1761,225.746,1.895)	20.3433	-61.0082
11.605159656343	8	(24.0528,346.098,1.895)	100.337	-74.869
11.610420700861	9	(27.1655,366.213,1.895)	120.368	-76.45
11.619172076066	1	(28.5996,212.552,1.895)	33.2994	-65.2885
11.620336667087	5	(24.6138,285.992,1.895)	40.3103	-66.9481
11.629642230819	0	(28.8497,185.761,1.895)	60.0914	-70.416
11.630111458793	6	(27.7275,305.996,1.895)	60.1492	-70.4244
11.641651904734	4	(28.046,271.87,1.895)	26.0213	-63.1464
11.649149505596	7	(27.4978,330.603,1.895)	84.757	-73.4033
11.704964017577	2	(25.1948,223.743,1.895)	20.3387	-61.0062
11.705159656343	8	(24.0716,344.089,1.895)	100.337	-74.869
11.710420700861	9	(27.1842,364.203,1.895)	120.366	-76.4499
11.719172076066	1	(28.6182,210.565,1.895)	33.2783	-65.283
11.720336667087	5	(24.6325,283.989,1.895)	40.3146	-66.949
11.729642230819	0	(28.8684,183.756,1.895)	60.0886	-70.4156
11.730111458793	6	(27.7462,303.986,1.895)	60.1468	-70.424
11.741651904734	4	(28.0644,269.899,1.895)	26.0578	-63.1585
11.749149505596	7	(27.5159,328.661,1.895)	84.8231	-73.4101
11.804964017577	2	(25.2136,221.733,1.895)	20.3374	-61.0057
11.805159656343	8	(24.0903,342.089,1.895)	100.347	-74.8699
11.810420700861	9	(27.203,362.192,1.895)	120.366	-76.4499
11.819172076066	1	(28.6367,208.581,1.895)	33.2517	-65.2761
11.820336667087	5	(24.6513,281.978,1.895)	40.3151	-66.9491
11.829642230819	0	(28.8871,181.752,1.895)	60.0823	-70.4147
11.830111458793	6	(27.7649,301.986,1.895)	60.1575	-70.4256
11.841651904734	4	(28.0828,267.925,1.895)	26.0949	-63.1709
11.849149505596	7	(27.5341,326.717,1.895)	84.89	-73.4169
11.904964017577	2	(25.2323,219.727,1.895)	20.3327	-61.0037
11.905159656343	8	(24.1089,340.087,1.895)	100.356	-74.8706
11.910420700861	9	(27.2217,360.186,1.895)	120.371	-76.4502
11.919172076066	1	(28.6552,206.595,1.895)	33.227	-65.2696
11.920336667087	5	(24.67,279.977,1.895)	40.3243	-66.9511
11.929642230819	0	(28.9058,179.751,1.895)	60.0721	-70.4132
11.930111458793	6	(27.7836,299.98,1.895)	60.1618	-70.4262
11.941651904734	4	(28.1012,265.954,1.895)	26.1347	-63.1842
11.949149505596	7	(27.5522,324.778,1.895)	84.9615	-73.4242
12.004964017577	2	(25.251,217.725,1.895)	20.324	-61
12.005159656343	8	(24.1277,338.079,1.895)	100.36	-74.871
12.010420700861	9	(27.2404,358.184,1.895)	120.381	-76.4509
12.019172076066	1	(28.6737,204.617,1.895)	33.1938	-65.2609
12.020336667087	5	(24.6887,277.973,1.895)	40.3315	-66.9527
12.029642230819	0	(28.9244,177.748,1.895)	60.0632	-70.412
12.030111458793	6	(27.8023,297.977,1.895)	60.171	-70.4275
12.041651904734	4	(28.1196,263.979,1.895)	26.1712	-63.1963
12.049149505596	7	(27.5704,322.827,1.895)	85.0215	-73.4304
12.104964017577	2	(25.2698,215.715,1.895)	20.3249	-61.0003
12.105159656343	8	(24.1464,336.078,1.895)	100.367	-74.8716
12.110420700861	9	(27.259,356.185,1.895)	120.39	-76.4516
12.119172076066	1	(28.6921,202.639,1.895)	33.1629	-65.2528
12.120336667087	5	(24.7075,275.961,1.895)	40.3287	-66.9521
12.129642230819	0	(28.9432,175.74,1.895)	60.0622	-70.4118
12.130111458793	6	(27.821,295.972,1.895)	60.1745	-70.428
12.141651904734	4	(28.1381,262,1.895)	26.2012	-63.2062
12.149149505596	7	(27.5885,320.882,1.895)	85.0857	-73.4369
12.204964017577	2	(25.2884,213.714,1.895)	20.3218	-60.999
12.205159656343	8	(24.1651,334.072,1.895)	100.365	-74.8714
12.210420700861	9	(27.2778,354.175,1.895)	120.384	-76.4512
12.219172076066	1	(28.7106,200.656,1.895)	33.1419	-65.2473
12.220336667087	5	(24.7262,273.956,1.895)	40.3279	-66.9519
12.229642230819	0	(28.962,173.73,1.895)	60.069	-70.4128
12.230111458793	6	(27.8397,293.971,1.895)	60.1776	-70.4285
12.241651904734	4	(28.1565,260.024,1.895)	26.2294	-63.2156
12.249149505596	7	(27.6067,318.937,1.895)	85.1442	-73.4429
12.304964017577	2	(25.3071,211.714,1.895)	20.3113	-60.9945
12.305159656343	8	(24.1838,332.07,1.895)	100.374	-74.8722
12.310420700861	9	(27.2965,352.175,1.895)	120.395	-76.452
12.319172076066	1	(28.7293,198.66,1.895)	33.1272	-65.2435
12.320336667087	5	(24.7448,271.957,1.895)	40.3396	-66.9544
12.329642230819	0	(28.9807,171.719,1.895)	60.0691	-70.4128
12.330111458793	6	(27.8584,291.967,1.895)	60.1846	-70.4295
12.341651904734	4	(28.1749,258.053,1.895)	26.2687	-63.2286
12.349149505596	7	(27.6249,316.989,1.895)	85.207	-73.4493
12.404964017577	2	(25.3259,209.703,1.895)	20.3198	-60.9982
12.405159656343	8	(24.2025,330.064,1.895)	100.37	-74.8719
12.410420700861	9	(27.3152,350.167,1.895)	120.39	-76.4516
12.419172076066	1	(28.7479,196.665,1.895)	33.1198	-65.2415
12.420336667087	5	(24.7635,269.957,1.895)	40.3423	-66.955
12.429642230819	0	(28.9994,169.713,1.895)	60.0728	-70.4133
12.430111458793	6	(27.8771,289.965,1.895)	60.1848	-70.4295
12.441651904734	4	(28.1934,256.078,1.895)	26.2964	-63.2377
12.449149505596	7	(27.6431,315.032,1.895)	85.2532	-73.454
12.504964017577	2	(25.3445,207.704,1.895)	20.3125	-60.995
12.505159656343	8	(24.2212,328.057,1.895)	100.37	-74.8719
12.510420700861	9	(27.3339,348.166,1.895)	120.395	-76.452
12.519172076066	1	(28.7665,194.674,1.895)	33.1031	-65.2372
12.520336667087	5	(24.7823,267.947,1.895)	40.3389	-66.9543
12.529642230819	0	(29.0182,167.707,1.895)	60.0721	-70.4132
12.530111458793	6	(27.8958,287.96,1.895)	60.1866	-70.4298
12.541651904734	4	(28.2118,254.099,1.895)	26.3237	-63.2467
12.549149505596	7	(27.6614,313.078,1.895)	85.3061	-73.4594
12.604964017577	2	(25.3633,205.697,1.895)	20.3151	-60.9962
12.605159656343	8	(24.2399,326.057,1.895)	100.374	-74.8722
12.610420700861	9	(27.3527,346.155,1.895)	120.389	-76.4515
12.619172076066	1	(28.7851,192.68,1.895)	33.093	-65.2345
12.620336667087	5	(24.801,265.942,1.895)	40.338	-66.9541
12.629642230819	0	(29.0369,165.703,1.895)	60.0712	-70.4131
12.630111458793	6	(27.9146,285.949,1.895)	60.18	-70.4288
12.641651904734	4	(28.2302,252.127,1.895)	26.3563	-63.2575
12.649149505596	7	(27.6796,311.13,1.895)	85.3619	-73.4651
12.704964017577	2	(25.382,203.691,1.895)	20.3122	-60.9949
12.705159656343	8	(24.2586,324.049,1.895)	100.375	-74.8723
12.710420700861	9	(27.3714,344.15,1.895)	120.392	-76.4518
12.719172076066	1	(28.8037,190.691,1.895)	33.0739	-65.2295
12.720336667087	5	(24.8197,263.931,1.895)	40.3357	-66.9536
12.729642230819	0	(29.0556,163.693,1.895)	60.0731	-70.4134
12.730111458793	6	(27.9333,283.948,1.895)	60.1878	-70.43
12.741651904734	4	(28.2487,250.153,1.895)	26.3911	-63.2689
12.749149505596	7	(27.6979,309.165,1.895)	85.4057	-73.4695
12.804964017577	2	(25.4008,201.679,1.895)	20.319	-60.9978
12.805159656343	8	(24.2774,322.043,1.895)	100.374	-74.8722
12.810420700861	9	(27.3901,342.146,1.895)	120.393	-76.4518
12.819172076066	1	(28.8223,188.692,1.895)	33.0677	-65.2279
12.820336667087	5	(24.8385,261.926,1.895)	40.3353	-66.9535
12.829642230819	0	(29.0743,161.689,1.895)	60.0717	-70.4132
12.830111458793	6	(27.952,281.937,1.895)	60.1812	-70.429
12.841651904734	4	(28.2672,248.17,1.895)	26.4126	-63.276
12.849149505596	7	(27.7161,307.21,1.895)	85.4553	-73.4746
12.904964017577	2	(25.4195,199.671,1.895)	20.322	-60.9991
12.905159656343	8	(24.2961,320.033,1.895)	100.369	-74.8718
12.910420700861	9	(27.4088,340.137,1.895)	120.39	-76.4516
12.919172076066	1	(28.8409,186.699,1.895)	33.0556	-65.2247
12.920336667087	5	(24.8571,259.924,1.895)	40.339	-66.9543
12.929642230819	0	(29.0931,159.682,1.895)	60.0732	-70.4134
12.930111458793	6	(27.9707,279.938,1.895)	60.1875	-70.4299
12.941651904734	4	(28.2857,246.187,1.895)	26.4358	-63.2837
12.949149505596	7	(27.7344,305.25,1.895)	85.501	-73.4792
13.004964017577	2	(25.4382,197.671,1.895)	20.3134	-60.9954
13.005159656343	8	(24.3148,318.034,1.895)	100.378	-74.8726
13.010420700861	9	(27.4275,338.136,1.895)	120.396	-76.452
13.019172076066	1	(28.8595,184.707,1.895)	33.0391	-65.2204
13.020336667087	5	(24.8759,257.917,1.895)	40.3399	-66.9545
13.029642230819	0	(29.1118,157.671,1.895)	60.0767	-70.4139
13.030111458793	6	(27.9894,277.936,1.895)	60.1943	-70.4309
13.041651904734	4	(28.3042,244.205,1.895)	26.4611	-63.2919
13.049149505596	7	(27.7526,303.3,1.895)	85.5588	-73.4851
13.104964017577	2	(25.4569,195.666,1.895)	20.3111	-60.9944
13.105159656343	8	(24.3334,316.035,1.895)	100.387	-74.8733
13.110420700861	9	(27.4463,336.125,1.895)	120.393	-76.4518
13.119172076066	1	(28.8782,182.707,1.895)	33.031	-65.2182
13.120336667087	5	(24.8946,255.913,1.895)	40.3442	-66.9554
13.129642230819	0	(29.1306,155.664,1.895)	60.076	-70.4138
13.130111458793	6	(28.008,275.935,1.895)	60.2007	-70.4318
13.141651904734	4	(28.3226,242.228,1.895)	26.492	-63.3021
13.149149505596	7	(27.7709,301.343,1.895)	85.6095	-73.4902
13.204964017577	2	(25.4756,193.657,1.895)	20.3161	-60.9966
13.205159656343	8	(24.3521,314.031,1.895)	100.388	-74.8734
13.210420700861	9	(27.4649,334.124,1.895)	120.396	-76.452
13.219172076066	1	(28.8968,180.713,1.895)	33.0215	-65.2157
13.220336667087	5	(24.9133,253.91,1.895)	40.3449	-66.9556
13.229642230819	0	(29.1493,153.657,1.895)	60.0792	-70.4143
13.230111458793	6	(28.0267,273.935,1.895)	60.2045	-70.4324
13.241651904734	4	(28.3411,240.249,1.895)	26.5166	-63.3102
13.249149505596	7	(27.7892,299.387,1.895)	85.6577	-73.4951
13.304964017577	2	(25.4944,191.651,1.895)	20.3211	-60.9987
13.305159656343	8	(24.3708,312.027,1.895)	100.384	-74.8731
13.310420700861	9	(27.4837,332.118,1.895)	120.391	-76.4517
13.319172076066	1	(28.9154,178.719,1.895)	33.014	-65.2138
13.320336667087	5	(24.932,251.905,1.895)	40.3407	-66.9547
13.329642230819	0	(29.168,151.65,1.895)	60.0844	-70.415
13.330111458793	6	(28.0454,271.933,1.895)	60.2034	-70.4322
13.341651904734	4	(28.3596,238.273,1.895)	26.5423	-63.3186
13.349149505596	7	(27.8074,297.431,1.895)	85.7027	-73.4997
13.404964017577	2	(25.5131,189.643,1.895)	20.3215	-60.9989
13.405159656343	8	(24.3895,310.025,1.895)	100.39	-74.8736
13.410420700861	9	(27.5024,330.112,1.895)	120.392	-76.4517
13.419172076066	1	(28.9339,176.734,1.895)	32.9924	-65.2081
13.420336667087	5	(24.9506,249.906,1.895)	40.3482	-66.9563
13.429642230819	0	(29.1868,149.643,1.895)	60.0848	-70.4151
13.430111458793	6	(28.0641,269.93,1.895)	60.2078	-70.4328
13.441651904734	4	(28.3781,236.29,1.895)	26.5664	-63.3265
13.449149505596	7	(27.8257,295.469,1.895)	85.748	-73.5043
13.504964017577	2	(25.5318,187.636,1.895)	20.3219	-60.9991
13.505159656343	8	(24.4082,308.024,1.895)	100.395	-74.8741
13.510420700861	9	(27.5211,328.111,1.895)	120.398	-76.4522
13.519172076066	1	(28.9524,174.749,1.895)	32.9709	-65.2024
13.520336667087	5	(24.9693,247.906,1.895)	40.3554	-66.9578
13.529642230819	0	(29.2055,147.634,1.895)	60.0864	-70.4153
13.530111458793	6	(28.0828,267.927,1.895)	60.2119	-70.4334
13.541651904734	4	(28.3965,234.315,1.895)	26.5978	-63.3367
13.549149505596	7	(27.844,293.516,1.895)	85.8014	-73.5097
13.604964017577	2	(25.5506,185.628,1.895)	20.321	-60.9987
13.605159656343	8	(24.4269,306.025,1.895)	100.405	-74.8749
13.610420700861	9	(27.5397,326.111,1.895)	120.407	-76.4528
13.619172076066	1	(28.9711,172.752,1.895)	32.9585	-65.1991
13.620336667087	5	(24.9881,245.896,1.895)	40.3541	-66.9575
13.629642230819	0	(29.2243,145.626,1.895)	60.0863	-70.4153
13.630111458793	6	(28.1015,265.922,1.895)	60.2153	-70.4339
13.641651904734	4	(28.415,232.327,1.895)	26.6192	-63.3437
13.649149505596	7	(27.8622,291.562,1.895)	85.8561	-73.5152
13.704964017577	2	(25.5693,183.619,1.895)	20.3297	-61.0024
13.705159656343	8	(24.4455,304.022,1.895)	100.402	-74.8747
13.710420700861	9	(27.5584,324.107,1.895)	120.403	-76.4526
13.719172076066	1	(28.9897,170.753,1.895)	32.958	-65.199
13.720336667087	5	(25.0068,243.888,1.895)	40.3469	-66.956
13.729642230819	0	(29.243,143.619,1.895)	60.0932	-70.4163
13.730111458793	6	(28.1203,263.911,1.895)	60.2049	-70.4324
13.741651904734	4	(28.4335,230.346,1.895)	26.6378	-63.3497
13.749149505596	7	(27.8805,289.603,1.895)	85.8977	-73.5194
13.804964017577	2	(25.5881,181.611,1.895)	20.3303	-61.0027
13.805159656343	8	(24.4643,302.015,1.895)	100.403	-74.8747
13.810420700861	9	(27.5771,322.106,1.895)	120.409	-76.453
13.819172076066	1	(29.0084,168.759,1.895)	32.9443	-65.1954
13.820336667087	5	(25.0256,241.878,1.895)	40.3445	-66.9555
13.829642230819	0	(29.2617,141.612,1.895)	60.0925	-70.4162
13.830111458793	6	(28.139,261.908,1.895)	60.2095	-70.4331
13.841651904734	4	(28.452,228.371,1.895)	26.6712	-63.3606
13.849149505596	7	(27.8989,287.631,1.895)	85.9336	-73.523
13.904964017577	2	(25.6068,179.601,1.895)	20.3394	-61.0066
13.905159656343	8	(24.483,300.009,1.895)	100.398	-74.8743
13.910420700861	9	(27.5958,320.103,1.895)	120.407	-76.4529
13.919172076066	1	(29.027,166.763,1.895)	32.9391	-65.194
13.920336667087	5	(25.0443,239.873,1.895)	40.3396	-66.9544
13.929642230819	0	(29.2805,139.603,1.895)	60.1002	-70.4173
13.930111458793	6	(28.1577,259.901,1.895)	60.2026	-70.4321
13.941651904734	4	(28.4704,226.391,1.895)	26.6916	-63.3673
13.949149505596	7	(27.9172,285.665,1.895)	85.9677	-73.5265
14.004964017577	2	(25.6256,177.596,1.895)	20.34	-61.0068
14.005159656343	8	(24.5017,298.01,1.895)	100.403	-74.8747
14.010420700861	9	(27.6145,318.096,1.895)	120.405	-76.4527
14.019172076066	1	(29.0456,164.771,1.895)	32.9263	-65.1907
14.020336667087	5	(25.063,237.868,1.895)	40.3397	-66.9544
14.029642230819	0	(29.2992,137.594,1.895)	60.1047	-70.418
14.030111458793	6	(28.1764,257.896,1.895)	60.2022	-70.432
14.041651904734	4	(28.4889,224.417,1.895)	26.7224	-63.3773
14.049149505596	7	(27.9355,283.703,1.895)	86.011	-73.5309
14.104964017577	2	(25.6442,175.594,1.895)	20.332	-61.0034
14.105159656343	8	(24.5204,296.007,1.895)	100.41	-74.8753
14.110420700861	9	(27.6332,316.093,1.895)	120.412	-76.4532
14.119172076066	1	(29.0641,162.782,1.895)	32.9051	-65.1851
14.120336667087	5	(25.0818,235.857,1.895)	40.3384	-66.9542
14.129642230819	0	(29.318,135.584,1.895)	60.1045	-70.4179
14.130111458793	6	(28.1951,255.893,1.895)	60.2097	-70.4331
14.141651904734	4	(28.5073,222.441,1.895)	26.7561	-63.3882
14.149149505596	7	(27.9539,281.737,1.895)	86.0544	-73.5352
14.204964017577	2	(25.663,173.583,1.895)	20.3368	-61.0054
14.205159656343	8	(24.5391,293.999,1.895)	100.408	-74.8752
14.210420700861	9	(27.652,314.086,1.895)	120.411	-76.4531
14.219172076066	1	(29.0828,160.782,1.895)	32.8996	-65.1836
14.220336667087	5	(25.1005,233.853,1.895)	40.3405	-66.9546
14.229642230819	0	(29.3367,133.581,1.895)	60.1016	-70.4175
14.230111458793	6	(28.2138,253.89,1.895)	60.2129	-70.4336
14.241651904734	4	(28.5259,220.452,1.895)	26.7731	-63.3938
14.249149505596	7	(27.9723,279.767,1.895)	86.0908	-73.5389
14.304964017577	2	(25.6817,171.579,1.895)	20.3299	-61.0025
14.305159656343	8	(24.5578,291.992,1.895)	100.412	-74.8755
14.310420700861	9	(27.6706,312.087,1.895)	120.423	-76.454
14.319172076066	1	(29.1013,158.796,1.895)	32.874	-65.1768
14.320336667087	5	(25.1192,231.842,1.895)	40.3409	-66.9547
14.329642230819	0	(29.3553,131.581,1.895)	60.09	-70.4158
14.330111458793	6	(28.2326,251.878,1.895)	60.2122	-70.4335
14.341651904734	4	(28.5444,218.473,1.895)	26.8052	-63.4042
14.349149505596	7	(27.9906,277.802,1.895)	86.1368	-73.5436
14.404964017577	2	(25.7005,169.57,1.895)	20.3291	-61.0021
14.405159656343	8	(24.5765,289.988,1.895)	100.417	-74.876
14.410420700861	9	(27.6893,310.087,1.895)	120.433	-76.4547
14.419172076066	1	(29.1198,156.814,1.895)	32.8474	-65.1698
14.420336667087	5	(25.138,229.832,1.895)	40.3401	-66.9545
14.429642230819	0	(29.3741,129.573,1.895)	60.0895	-70.4158
14.430111458793	6	(28.2513,249.874,1.895)	60.217	-70.4342
14.441651904734	4	(28.5629,216.482,1.895)	26.8236	-63.4101
14.449149505596	7	(28.009,275.829,1.895)	86.1728	-73.5472
14.504964017577	2	(25.7192,167.562,1.895)	20.3259	-61.0008
14.505159656343	8	(24.5953,287.982,1.895)	100.423	-74.8764
14.510420700861	9	(27.708,308.085,1.895)	120.442	-76.4553
14.519172076066	1	(29.1385,154.817,1.895)	32.8328	-65.1659
14.520336667087	5	(25.1568,227.824,1.895)	40.3434	-66.9552
14.529642230819	0	(29.3927,127.573,1.895)	60.0772	-70.414
14.530111458793	6	(28.2699,247.874,1.895)	60.2282	-70.4358
14.541651904734	4	(28.5815,214.49,1.895)	26.8435	-63.4166
14.549149505596	7	(28.0274,273.86,1.895)	86.2161	-73.5516
14.604964017577	2	(25.7379,165.554,1.895)	20.3222	-60.9992
14.605159656343	8	(24.614,285.974,1.895)	100.427	-74.8768
14.610420700861	9	(27.7267,306.077,1.895)	120.446	-76.4556
14.619172076066	1	(29.157,152.829,1.895)	32.809	-65.1597
14.620336667087	5	(25.1755,225.815,1.895)	40.3467	-66.9559
14.629642230819	0	(29.4114,125.573,1.895)	60.0659	-70.4123
14.630111458793	6	(28.2886,245.87,1.895)	60.236	-70.4369
14.641651904734	4	(28.6001,212.503,1.895)	26.8676	-63.4244
14.649149505596	7	(28.0458,271.893,1.895)	86.2599	-73.556
14.704964017577	2	(25.7566,163.554,1.895)	20.3218	-60.9991
14.705159656343	8	(24.6327,283.974,1.895)	100.427	-74.8768
14.710420700861	9	(27.7454,304.077,1.895)	120.446	-76.4556
14.719172076066	1	(29.1756,150.834,1.895)	32.8039	-65.1583
14.720336667087	5	(25.1942,223.816,1.895)	40.3476	-66.9561
14.729642230819	0	(29.4302,123.563,1.895)	60.0754	-70.4137
14.730111458793	6	(28.3074,243.862,1.895)	60.2285	-70.4358
14.741651904734	4	(28.6187,210.508,1.895)	26.8734	-63.4263
14.749149505596	7	(28.0642,269.923,1.895)	86.2903	-73.559
14.804964017577	2	(25.7754,161.544,1.895)	20.3254	-61.0006
14.805159656343	8	(24.6514,281.966,1.895)	100.427	-74.8768
14.810420700861	9	(27.7641,302.077,1.895)	120.453	-76.4561
14.819172076066	1	(29.1943,148.84,1.895)	32.791	-65.1549
14.820336667087	5	(25.2129,221.811,1.895)	40.3493	-66.9565
14.829642230819	0	(29.4489,121.558,1.895)	60.0738	-70.4135
14.830111458793	6	(28.3261,241.857,1.895)	60.2304	-70.4361
14.841651904734	4	(28.6372,208.529,1.895)	26.9007	-63.435
14.849149505596	7	(28.0826,267.951,1.895)	86.3257	-73.5626
14.904964017577	2	(25.7941,159.541,1.895)	20.3245	-61.0002
14.905159656343	8	(24.6702,279.957,1.895)	100.421	-74.8763
14.910420700861	9	(27.7828,300.069,1.895)	120.448	-76.4558
14.919172076066	1	(29.2129,146.844,1.895)	32.7832	-65.1528
14.920336667087	5	(25.2315,219.81,1.895)	40.3526	-66.9572
14.929642230819	0	(29.4676,119.555,1.895)	60.0733	-70.4134
14.930111458793	6	(28.3448,239.852,1.895)	60.2292	-70.4359
14.941651904734	4	(28.6557,206.543,1.895)	26.9186	-63.4408
14.949149505596	7	(28.1009,265.985,1.895)	86.3628	-73.5663
15.004964017577	2	(25.8128,157.536,1.895)	20.3256	-61.0006
15.005159656343	8	(24.6889,277.949,1.895)	100.416	-74.8759
15.010420700861	9	(27.8015,298.063,1.895)	120.446	-76.4556
15.019172076066	1	(29.2315,144.846,1.895)	32.7778	-65.1514
15.020336667087	5	(25.2503,217.801,1.895)	40.3463	-66.9559
15.029642230819	0	(29.4863,117.554,1.895)	60.0704	-70.413
15.030111458793	6	(28.3636,237.844,1.895)	60.2249	-70.4353
15.041651904734	4	(28.6742,204.56,1.895)	26.9393	-63.4475
15.049149505596	7	(28.1194,264.006,1.895)	86.388	-73.5689
15.104964017577	2	(25.8315,155.529,1.895)	20.3254	-61.0006
15.105159656343	8	(24.7076,275.944,1.895)	100.419	-74.8761
15.110420700861	9	(27.8203,296.053,1.895)	120.443	-76.4554
15.119172076066	1	(29.2501,142.861,1.895)	32.7553	-65.1454
15.120336667087	5	(25.2691,215.789,1.895)	40.342	-66.9549
15.129642230819	0	(29.505,115.549,1.895)	60.0679	-70.4126
15.130111458793	6	(28.3823,235.839,1.895)	60.2267	-70.4356
15.141651904734	4	(28.6928,202.569,1.895)	26.9552	-63.4526
15.149149505596	7	(28.1378,262.03,1.895)	86.4188	-73.572
15.204964017577	2	(25.8503,153.517,1.895)	20.3251	-61.0005
15.205159656343	8	(24.7264,273.937,1.895)	100.423	-74.8765
15.210420700861	9	(27.839,294.05,1.895)	120.452	-76.4561
15.219172076066	1	(29.2687,140.869,1.895)	32.7357	-65.1402
15.220336667087	5	(25.2878,213.783,1.895)	40.3475	-66.9561
15.229642230819	0	(29.5236,113.549,1.895)	60.0562	-70.4109
15.230111458793	6	(28.4009,233.839,1.895)	60.2392	-70.4374
15.241651904734	4	(28.7114,200.577,1.895)	26.9749	-63.459
15.249149505596	7	(28.1563,260.052,1.895)	86.4532	-73.5754
15.304964017577	2	(25.8691,151.507,1.895)	20.3305	-61.0028
15.305159656343	8	(24.7451,271.932,1.895)	100.424	-74.8765
15.310420700861	9	(27.8577,292.043,1.895)	120.45	-76.4559
15.319172076066	1	(29.2872,138.881,1.895)	32.7185	-65.1357
15.320336667087	5	(25.3066,211.772,1.895)	40.3418	-66.9549
15.329642230819	0	(29.5424,111.541,1.895)	60.0595	-70.4114
15.330111458793	6	(28.4196,231.837,1.895)	60.2416	-70.4377
15.341651904734	4	(28.73,198.585,1.895)	26.9887	-63.4634
15.349149505596	7	(28.1746,258.089,1.895)	86.4949	-73.5796
15.404964017577	2	(25.8878,149.495,1.895)	20.3429	-61.008
15.405159656343	8	(24.7638,269.929,1.895)	100.419	-74.8761
15.410420700861	9	(27.8764,290.043,1.895)	120.449	-76.4559
15.419172076066	1	(29.3058,136.885,1.895)	32.7151	-65.1347
15.420336667087	5	(25.3253,209.763,1.895)	40.3322	-66.9528
15.429642230819	0	(29.5611,109.535,1.895)	60.0662	-70.4124
15.430111458793	6	(28.4383,229.836,1.895)	60.2398	-70.4375
15.441651904734	4	(28.7485,196.599,1.895)	27.0011	-63.4674
15.449149505596	7	(28.193,256.123,1.895)	86.5278	-73.5829
15.504964017577	2	(25.9066,147.484,1.895)	20.3514	-61.0117
15.505159656343	8	(24.7825,267.926,1.895)	100.42	-74.8762
15.510420700861	9	(27.8951,288.031,1.895)	120.441	-76.4553
15.519172076066	1	(29.3244,134.893,1.895)	32.7036	-65.1317
15.520336667087	5	(25.344,207.76,1.895)	40.3321	-66.9528
15.529642230819	0	(29.5798,107.529,1.895)	60.0694	-70.4128
15.530111458793	6	(28.457,227.832,1.895)	60.2393	-70.4374
15.541651904734	4	(28.767,194.615,1.895)	27.0206	-63.4737
15.549149505596	7	(28.2114,254.149,1.895)	86.5568	-73.5858
15.604964017577	2	(25.9253,145.482,1.895)	20.3539	-61.0128
15.605159656343	8	(24.8012,265.915,1.895)	100.408	-74.8752
15.610420700861	9	(27.9138,286.03,1.895)	120.439	-76.4551
15.619172076066	1	(29.3431,132.897,1.895)	32.7013	-65.1311
15.620336667087	5	(25.3627,205.76,1.895)	40.3312	-66.9526
15.629642230819	0	(29.5985,105.524,1.895)	60.0752	-70.4137
15.630111458793	6	(28.4757,225.825,1.895)	60.2314	-70.4362
15.641651904734	4	(28.7856,192.628,1.895)	27.0329	-63.4776
15.649149505596	7	(28.2298,252.177,1.895)	86.584	-73.5885
15.704964017577	2	(25.9441,143.471,1.895)	20.3596	-61.0152
15.705159656343	8	(24.82,263.906,1.895)	100.404	-74.8748
15.710420700861	9	(27.9325,284.029,1.895)	120.443	-76.4554
15.719172076066	1	(29.3617,130.9,1.895)	32.6926	-65.1288
15.720336667087	5	(25.3814,203.754,1.895)	40.3302	-66.9524
15.729642230819	0	(29.6172,103.523,1.895)	60.0714	-70.4132
15.730111458793	6	(28.4944,223.825,1.895)	60.2359	-70.4369
15.741651904734	4	(28.8041,190.646,1.895)	27.0554	-63.4849
15.749149505596	7	(28.2482,250.204,1.895)	86.6161	-73.5918
15.804964017577	2	(25.9628,141.467,1.895)	20.3586	-61.0148
15.805159656343	8	(24.8387,261.896,1.895)	100.399	-74.8744
15.810420700861	9	(27.9512,282.022,1.895)	120.441	-76.4553
15.819172076066	1	(29.3802,128.914,1.895)	32.6737	-65.1238
15.820336667087	5	(25.4001,201.746,1.895)	40.3275	-66.9518
15.829642230819	0	(29.6359,101.516,1.895)	60.0733	-70.4134
15.830111458793	6	(28.5131,221.821,1.895)	60.2369	-70.437
15.841651904734	4	(28.8226,188.661,1.895)	27.0758	-63.4914
15.849149505596	7	(28.2666,248.231,1.895)	86.6479	-73.595
15.904964017577	2	(25.9814,139.467,1.895)	20.3555	-61.0134
15.905159656343	8	(24.8574,259.891,1.895)	100.397	-74.8742
15.910420700861	9	(27.97,280.011,1.895)	120.433	-76.4547
15.919172076066	1	(29.3988,126.923,1.895)	32.6622	-65.1207
15.920336667087	5	(25.4189,199.741,1.895)	40.3257	-66.9514
15.929642230819	0	(29.6547,99.5056,1.895)	60.0805	-70.4145
15.930111458793	6	(28.5318,219.813,1.895)	60.2318	-70.4363
15.941651904734	4	(28.8411,186.676,1.895)	27.0936	-63.4971
15.949149505596	7	(28.285,246.26,1.895)	86.6806	-73.5982
16.004964017577	2	(26.0001,137.468,1.895)	20.3477	-61.0101
16.005159656343	8	(24.8762,257.88,1.895)	100.393	-74.8739
16.010420700861	9	(27.9887,278.006,1.895)	120.436	-76.4549
16.019172076066	1	(29.4175,124.918,1.895)	32.659	-65.1198
16.020336667087	5	(25.4376,197.731,1.895)	40.3232	-66.9509
16.029642230819	0	(29.6735,97.4951,1.895)	60.0833	-70.4149
16.030111458793	6	(28.5506,217.804,1.895)	60.2309	-70.4362
16.041651904734	4	(28.8597,184.686,1.895)	27.1116	-63.5029
16.049149505596	7	(28.3034,244.286,1.895)	86.7137	-73.6015
16.104964017577	2	(26.0188,135.46,1.895)	20.3515	-61.0117
16.105159656343	8	(24.895,255.87,1.895)	100.388	-74.8734
16.110420700861	9	(28.0074,276.002,1.895)	120.436	-76.4549
16.119172076066	1	(29.4362,122.923,1.895)	32.6504	-65.1176
16.120336667087	5	(25.4563,195.731,1.895)	40.3272	-66.9518
16.129642230819	0	(29.6922,95.4907,1.895)	60.0835	-70.4149
16.130111458793	6	(28.5693,215.795,1.895)	60.2262	-70.4355
16.141651904734	4	(28.8783,182.693,1.895)	27.1224	-63.5063
16.149149505596	7	(28.3219,242.309,1.895)	86.7414	-73.6043
16.204964017577	2	(26.0376,133.45,1.895)	20.3574	-61.0142
16.205159656343	8	(24.9137,253.867,1.895)	100.388	-74.8735
16.210420700861	9	(28.0261,274.002,1.895)	120.439	-76.4551
16.219172076066	1	(29.4548,120.926,1.895)	32.6432	-65.1156
16.220336667087	5	(25.4751,193.721,1.895)	40.3211	-66.9504
16.229642230819	0	(29.7109,93.4831,1.895)	60.0873	-70.4154
16.230111458793	6	(28.5881,213.788,1.895)	60.2228	-70.435
16.241651904734	4	(28.8969,180.697,1.895)	27.1308	-63.509
16.249149505596	7	(28.3404,240.329,1.895)	86.7653	-73.6067
16.304964017577	2	(26.0563,131.441,1.895)	20.3608	-61.0157
16.305159656343	8	(24.9325,251.855,1.895)	100.382	-74.8729
16.310420700861	9	(28.0448,271.992,1.895)	120.435	-76.4548
16.319172076066	1	(29.4735,118.922,1.895)	32.6423	-65.1154
16.320336667087	5	(25.4937,191.72,1.895)	40.3258	-66.9514
16.329642230819	0	(29.7296,91.4768,1.895)	60.0884	-70.4156
16.330111458793	6	(28.6068,211.782,1.895)	60.2222	-70.4349
16.341651904734	4	(28.9155,178.702,1.895)	27.1406	-63.5122
16.349149505596	7	(28.3588,238.353,1.895)	86.7942	-73.6096
16.404964017577	2	(26.075,129.439,1.895)	20.3604	-61.0155
16.405159656343	8	(24.9511,249.855,1.895)	100.385	-74.8731
16.410420700861	9	(28.0636,269.984,1.895)	120.43	-76.4545
16.419172076066	1	(29.4921,116.926,1.895)	32.635	-65.1135
16.420336667087	5	(25.5124,189.714,1.895)	40.3222	-66.9507
16.429642230819	0	(29.7484,89.4673,1.895)	60.0952	-70.4166
16.430111458793	6	(28.6255,209.777,1.895)	60.2197	-70.4346
16.441651904734	4	(28.9341,176.711,1.895)	27.1526	-63.516
16.449149505596	7	(28.3773,236.369,1.895)	86.8133	-73.6115
16.504964017577	2	(26.0937,127.44,1.895)	20.3559	-61.0136
16.505159656343	8	(24.9699,247.848,1.895)	100.381	-74.8728
16.510420700861	9	(28.0822,267.985,1.895)	120.434	-76.4548
16.519172076066	1	(29.5108,114.925,1.895)	32.6324	-65.1128
16.520336667087	5	(25.5312,187.702,1.895)	40.3139	-66.9489
16.529642230819	0	(29.7671,87.4631,1.895)	60.0959	-70.4167
16.530111458793	6	(28.6443,207.765,1.895)	60.2114	-70.4334
16.541651904734	4	(28.9527,174.72,1.895)	27.1653	-63.5201
16.549149505596	7	(28.3957,234.395,1.895)	86.8422	-73.6144
16.604964017577	2	(26.1124,125.43,1.895)	20.3562	-61.0137
16.605159656343	8	(24.9886,245.84,1.895)	100.383	-74.873
16.610420700861	9	(28.101,265.977,1.895)	120.435	-76.4549
16.619172076066	1	(29.5294,112.932,1.895)	32.6169	-65.1086
16.620336667087	5	(25.5499,185.699,1.895)	40.3199	-66.9502
16.629642230819	0	(29.7858,85.4549,1.895)	60.0947	-70.4165
16.630111458793	6	(28.663,205.765,1.895)	60.2208	-70.4347
16.641651904734	4	(28.9713,172.725,1.895)	27.1788	-63.5244
16.649149505596	7	(28.4143,232.409,1.895)	86.8659	-73.6168
16.704964017577	2	(26.1312,123.425,1.895)	20.3614	-61.016
16.705159656343	8	(25.0073,243.832,1.895)	100.375	-74.8723
16.710420700861	9	(28.1196,263.977,1.895)	120.436	-76.4549
16.719172076066	1	(29.5481,110.928,1.895)	32.6196	-65.1094
16.720336667087	5	(25.5687,183.692,1.895)	40.3137	-66.9488
16.729642230819	0	(29.8046,83.4512,1.895)	60.098	-70.417
16.730111458793	6	(28.6817,203.759,1.895)	60.2148	-70.4339
16.741651904734	4	(28.99,170.73,1.895)	27.1843	-63.5261
16.749149505596	7	(28.4328,230.43,1.895)	86.887	-73.6189
16.804964017577	2	(26.1499,121.419,1.895)	20.3631	-61.0167
16.805159656343	8	(25.0261,241.825,1.895)	100.372	-74.872
16.810420700861	9	(28.1383,261.974,1.895)	120.437	-76.455
16.819172076066	1	(29.5667,108.938,1.895)	32.6053	-65.1056
16.820336667087	5	(25.5874,181.688,1.895)	40.3137	-66.9488
16.829642230819	0	(29.8233,81.4449,1.895)	60.1001	-70.4173
16.830111458793	6	(28.7004,201.752,1.895)	60.2117	-70.4334
16.841651904734	4	(29.0086,168.737,1.895)	27.1958	-63.5298
16.849149505596	7	(28.4513,228.441,1.895)	86.9027	-73.6205
16.904964017577	2	(26.1686,119.411,1.895)	20.3638	-61.017
16.905159656343	8	(25.0448,239.82,1.895)	100.374	-74.8722
16.910420700861	9	(28.157,259.975,1.895)	120.444	-76.4555
16.919172076066	1	(29.5853,106.942,1.895)	32.5951	-65.1028
16.920336667087	5	(25.6061,179.685,1.895)	40.317	-66.9496
16.929642230819	0	(29.842,79.4436,1.895)	60.0947	-70.4165
16.930111458793	6	(28.7192,199.74,1.895)	60.207	-70.4327
16.941651904734	4	(29.0272,166.744,1.895)	27.2099	-63.5343
16.949149505596	7	(28.4698,226.463,1.895)	86.9314	-73.6233
17.004964017577	2	(26.1874,117.404,1.895)	20.3679	-61.0187
17.005159656343	8	(25.0635,237.818,1.895)	100.375	-74.8723
17.010420700861	9	(28.1757,257.97,1.895)	120.443	-76.4554
17.019172076066	1	(29.6039,104.949,1.895)	32.5846	-65.1
17.020336667087	5	(25.6248,177.679,1.895)	40.3141	-66.9489
17.029642230819	0	(29.8606,77.4438,1.895)	60.0912	-70.416
17.030111458793	6	(28.7379,197.732,1.895)	60.2017	-70.432
17.041651904734	4	(29.0457,164.755,1.895)	27.2236	-63.5387
17.049149505596	7	(28.4883,224.481,1.895)	86.9524	-73.6254
17.104964017577	2	(26.206,115.403,1.895)	20.3599	-61.0153
17.105159656343	8	(25.0822,235.816,1.895)	100.381	-74.8728
17.110420700861	9	(28.1944,255.968,1.895)	120.449	-76.4559
17.119172076066	1	(29.6225,102.959,1.895)	32.567	-65.0953
17.120336667087	5	(25.6434,175.679,1.895)	40.3231	-66.9509
17.129642230819	0	(29.8794,75.4334,1.895)	60.0933	-70.4163
17.130111458793	6	(28.7567,195.721,1.895)	60.1993	-70.4316
17.141651904734	4	(29.0643,162.762,1.895)	27.239	-63.5436
17.149149505596	7	(28.5069,222.49,1.895)	86.9697	-73.6272
17.204964017577	2	(26.2248,113.392,1.895)	20.3624	-61.0164
17.205159656343	8	(25.1009,233.807,1.895)	100.381	-74.8728
17.210420700861	9	(28.2132,253.958,1.895)	120.448	-76.4558
17.219172076066	1	(29.6412,100.955,1.895)	32.5618	-65.094
17.220336667087	5	(25.6622,173.668,1.895)	40.32	-66.9502
17.229642230819	0	(29.8981,73.4232,1.895)	60.0949	-70.4165
17.230111458793	6	(28.7754,193.72,1.895)	60.2072	-70.4328
17.241651904734	4	(29.0829,160.767,1.895)	27.2523	-63.5479
17.249149505596	7	(28.5254,220.505,1.895)	86.993	-73.6295
17.304964017577	2	(26.2435,111.393,1.895)	20.3576	-61.0143
17.305159656343	8	(25.1197,231.797,1.895)	100.375	-74.8723
17.310420700861	9	(28.2318,251.959,1.895)	120.453	-76.4561
17.319172076066	1	(29.6599,98.9477,1.895)	32.5649	-65.0948
17.320336667087	5	(25.6809,171.661,1.895)	40.3181	-66.9498
17.329642230819	0	(29.9169,71.4155,1.895)	60.0983	-70.417
17.330111458793	6	(28.794,191.72,1.895)	60.2118	-70.4334
17.341651904734	4	(29.1016,158.772,1.895)	27.262	-63.5509
17.349149505596	7	(28.5438,218.527,1.895)	87.0198	-73.6322
17.404964017577	2	(26.2621,109.392,1.895)	20.3581	-61.0145
17.405159656343	8	(25.1383,229.797,1.895)	100.376	-74.8724
17.410420700861	9	(28.2506,249.95,1.895)	120.444	-76.4555
17.419172076066	1	(29.6785,96.9536,1.895)	32.5586	-65.0931
17.420336667087	5	(25.6997,169.65,1.895)	40.3073	-66.9475
17.429642230819	0	(29.9356,69.4113,1.895)	60.1021	-70.4176
17.430111458793	6	(28.8127,189.718,1.895)	60.2103	-70.4332
17.441651904734	4	(29.1202,156.778,1.895)	27.2684	-63.553
17.449149505596	7	(28.5623,216.545,1.895)	87.0382	-73.634
17.504964017577	2	(26.2809,107.382,1.895)	20.3676	-61.0186
17.505159656343	8	(25.157,227.794,1.895)	100.373	-74.8721
17.510420700861	9	(28.2693,247.939,1.895)	120.433	-76.4547
17.519172076066	1	(29.6972,94.9579,1.895)	32.554	-65.0919
17.520336667087	5	(25.7184,167.648,1.895)	40.3056	-66.9471
17.529642230819	0	(29.9543,67.4018,1.895)	60.1113	-70.4189
17.530111458793	6	(28.8315,187.707,1.895)	60.1988	-70.4315
17.541651904734	4	(29.1387,154.793,1.895)	27.2839	-63.5579
17.549149505596	7	(28.5809,214.557,1.895)	87.0507	-73.6352
17.604964017577	2	(26.2996,105.377,1.895)	20.3624	-61.0164
17.605159656343	8	(25.1757,225.79,1.895)	100.379	-74.8727
17.610420700861	9	(28.288,245.938,1.895)	120.444	-76.4555
17.619172076066	1	(29.7159,92.9523,1.895)	32.5489	-65.0905
17.620336667087	5	(25.7371,165.644,1.895)	40.3124	-66.9486
17.629642230819	0	(29.9731,65.3948,1.895)	60.1076	-70.4184
17.630111458793	6	(28.8502,185.708,1.895)	60.2103	-70.4332
17.641651904734	4	(29.1573,152.799,1.895)	27.3007	-63.5633
17.649149505596	7	(28.5994,212.571,1.895)	87.075	-73.6377
17.704964017577	2	(26.3184,103.366,1.895)	20.3678	-61.0187
17.705159656343	8	(25.1945,223.784,1.895)	100.379	-74.8727
17.710420700861	9	(28.3067,243.939,1.895)	120.45	-76.4559
17.719172076066	1	(29.7346,90.9471,1.895)	32.5484	-65.0904
17.720336667087	5	(25.7558,163.636,1.895)	40.3098	-66.948
17.729642230819	0	(29.9918,63.389,1.895)	60.1077	-70.4184
17.730111458793	6	(28.8689,183.702,1.895)	60.2107	-70.4333
17.741651904734	4	(29.176,150.8,1.895)	27.3073	-63.5654
17.749149505596	7	(28.6179,210.596,1.895)	87.1059	-73.6407
17.804964017577	2	(26.3371,101.359,1.895)	20.3685	-61.019
17.805159656343	8	(25.2131,221.783,1.895)	100.384	-74.8731
17.810420700861	9	(28.3254,241.93,1.895)	120.447	-76.4557
17.819172076066	1	(29.7533,88.9428,1.895)	32.547	-65.09
17.820336667087	5	(25.7746,161.625,1.895)	40.3049	-66.9469
17.829642230819	0	(30.0106,61.3776,1.895)	60.1135	-70.4192
17.830111458793	6	(28.8876,181.696,1.895)	60.2104	-70.4332
17.841651904734	4	(29.1946,148.803,1.895)	27.3155	-63.568
17.849149505596	7	(28.6364,208.608,1.895)	87.1237	-73.6425
17.904964017577	2	(26.3558,99.3524,1.895)	20.3743	-61.0215
17.905159656343	8	(25.2318,219.78,1.895)	100.382	-74.8729
17.910420700861	9	(28.3442,239.923,1.895)	120.441	-76.4553
17.919172076066	1	(29.772,86.9368,1.895)	32.5523	-65.0914
17.920336667087	5	(25.7934,159.614,1.895)	40.2946	-66.9447
17.929642230819	0	(30.0293,59.3672,1.895)	60.123	-70.4206
17.930111458793	6	(28.9063,179.689,1.895)	60.2044	-70.4324
17.941651904734	4	(29.2132,146.811,1.895)	27.3244	-63.5708
17.949149505596	7	(28.655,206.623,1.895)	87.1389	-73.644
18.004964017577	2	(26.3746,97.3457,1.895)	20.3777	-61.0229
18.005159656343	8	(25.2506,217.774,1.895)	100.379	-74.8726
18.010420700861	9	(28.3628,237.923,1.895)	120.444	-76.4555
18.019172076066	1	(29.7907,84.9351,1.895)	32.5506	-65.091
18.020336667087	5	(25.8122,157.603,1.895)	40.2863	-66.9429
18.029642230819	0	(30.0481,57.3602,1.895)	60.1267	-70.4211
18.030111458793	6	(28.925,177.686,1.895)	60.2039	-70.4323
18.041651904734	4	(29.2318,144.814,1.895)	27.3313	-63.573
18.049149505596	7	(28.6735,204.638,1.895)	87.1579	-73.6459
18.104964017577	2	(26.3933,95.3423,1.895)	20.3733	-61.021
18.105159656343	8	(25.2692,215.771,1.895)	100.384	-74.8731
18.110420700861	9	(28.3815,235.921,1.895)	120.45	-76.4559
18.119172076066	1	(29.8094,82.9349,1.895)	32.5429	-65.0889
18.120336667087	5	(25.8309,155.6,1.895)	40.291	-66.944
18.129642230819	0	(30.0668,55.3524,1.895)	60.1266	-70.4211
18.130111458793	6	(28.9437,175.684,1.895)	60.2107	-70.4333
18.141651904734	4	(29.2505,142.816,1.895)	27.341	-63.5761
18.149149505596	7	(28.692,202.651,1.895)	87.1781	-73.6479
18.204964017577	2	(26.412,93.3357,1.895)	20.3752	-61.0218
18.205159656343	8	(25.288,213.763,1.895)	100.381	-74.8728
18.210420700861	9	(28.4002,233.916,1.895)	120.45	-76.4559
18.219172076066	1	(29.8281,80.9275,1.895)	32.5457	-65.0897
18.220336667087	5	(25.8496,153.591,1.895)	40.2874	-66.9432
18.229642230819	0	(30.0855,53.3498,1.895)	60.1246	-70.4208
18.230111458793	6	(28.9624,173.678,1.895)	60.2086	-70.433
18.241651904734	4	(29.2691,140.822,1.895)	27.3518	-63.5795
18.249149505596	7	(28.7106,200.661,1.895)	87.1931	-73.6494
18.304964017577	2	(26.4307,91.3317,1.895)	20.3678	-61.0187
18.305159656343	8	(25.3067,211.761,1.895)	100.39	-74.8736
18.310420700861	9	(28.4189,231.913,1.895)	120.458	-76.4565
18.319172076066	1	(29.8467,78.9322,1.895)	32.5295	-65.0853
18.320336667087	5	(25.8684,151.58,1.895)	40.2882	-66.9433
18.329642230819	0	(30.1042,51.3465,1.895)	60.1164	-70.4196
18.330111458793	6	(28.9811,171.677,1.895)	60.2197	-70.4346
18.341651904734	4	(29.2876,138.834,1.895)	27.3749	-63.5868
18.349149505596	7	(28.7292,198.667,1.895)	87.2101	-73.6511
18.404964017577	2	(26.4494,89.331,1.895)	20.3686	-61.019
18.405159656343	8	(25.3255,209.749,1.895)	100.378	-74.8726
18.410420700861	9	(28.4376,229.912,1.895)	120.456	-76.4564
18.419172076066	1	(29.8654,76.9348,1.895)	32.527	-65.0847
18.420336667087	5	(25.887,149.58,1.895)	40.2876	-66.9432
18.429642230819	0	(30.123,49.3345,1.895)	60.1285	-70.4214
18.430111458793	6	(28.9998,169.678,1.895)	60.22	-70.4346
18.441651904734	4	(29.3063,136.832,1.895)	27.3728	-63.5862
18.449149505596	7	(28.7477,196.683,1.895)	87.2259	-73.6527
18.504964017577	2	(26.4681,87.3239,1.895)	20.3748	-61.0216
18.505159656343	8	(25.3442,207.74,1.895)	100.37	-74.8718
18.510420700861	9	(28.4563,227.909,1.895)	120.455	-76.4563
18.519172076066	1	(29.8841,74.9235,1.895)	32.5374	-65.0875
18.520336667087	5	(25.9057,147.581,1.895)	40.2896	-66.9436
18.529642230819	0	(30.1417,47.3272,1.895)	60.135	-70.4223
18.530111458793	6	(29.0185,167.676,1.895)	60.219	-70.4345
18.541651904734	4	(29.3249,134.841,1.895)	27.383	-63.5894
18.549149505596	7	(28.7662,194.703,1.895)	87.2473	-73.6548
18.604964017577	2	(26.4868,85.3168,1.895)	20.3768	-61.0225
18.605159656343	8	(25.363,205.731,1.895)	100.366	-74.8715
18.610420700861	9	(28.4751,225.897,1.895)	120.448	-76.4558
18.619172076066	1	(29.9029,72.9168,1.895)	32.5392	-65.0879
18.620336667087	5	(25.9244,145.577,1.895)	40.2909	-66.9439
18.629642230819	0	(30.1604,45.3193,1.895)	60.1379	-70.4228
18.630111458793	6	(29.0372,165.668,1.895)	60.2156	-70.434
18.641651904734	4	(29.3436,132.844,1.895)	27.3906	-63.5918
18.649149505596	7	(28.7848,192.713,1.895)	87.2624	-73.6563
18.704964017577	2	(26.5056,83.3062,1.895)	20.3821	-61.0248
18.705159656343	8	(25.3817,203.722,1.895)	100.362	-74.8712
18.710420700861	9	(28.4938,223.89,1.895)	120.446	-76.4556
18.719172076066	1	(29.9216,70.9094,1.895)	32.5413	-65.0885
18.720336667087	5	(25.9432,143.566,1.895)	40.2846	-66.9426
18.729642230819	0	(30.1792,43.3092,1.895)	60.1427	-70.4235
18.730111458793	6	(29.056,163.658,1.895)	60.2118	-70.4334
18.741651904734	4	(29.3622,130.843,1.895)	27.3947	-63.5931
18.749149505596	7	(28.8033,190.726,1.895)	87.2804	-73.6581
18.804964017577	2	(26.5244,81.2964,1.895)	20.3913	-61.0287
18.805159656343	8	(25.4004,201.718,1.895)	100.358	-74.8709
18.810420700861	9	(28.5125,221.882,1.895)	120.439	-76.4551
18.819172076066	1	(29.9403,68.9094,1.895)	32.5409	-65.0884
18.820336667087	5	(25.9619,141.555,1.895)	40.2739	-66.9403
18.829642230819	0	(30.1979,41.3091,1.895)	60.1424	-70.4234
18.830111458793	6	(29.0746,161.658,1.895)	60.212	-70.4334
18.841651904734	4	(29.3809,128.846,1.895)	27.3988	-63.5944
18.849149505596	7	(28.822,188.729,1.895)	87.2835	-73.6584
18.904964017577	2	(26.5431,79.2871,1.895)	20.3926	-61.0292
18.905159656343	8	(25.4191,199.711,1.895)	100.36	-74.871
18.910420700861	9	(28.5313,219.876,1.895)	120.44	-76.4552
18.919172076066	1	(29.9589,66.9144,1.895)	32.5279	-65.0849
18.920336667087	5	(25.9806,139.552,1.895)	40.2792	-66.9414
18.929642230819	0	(30.2166,39.3027,1.895)	60.1408	-70.4232
18.930111458793	6	(29.0934,159.647,1.895)	60.209	-70.433
18.941651904734	4	(29.3995,126.853,1.895)	27.4129	-63.5989
18.949149505596	7	(28.8405,186.746,1.895)	87.3094	-73.661
19.004964017577	2	(26.5618,77.285,1.895)	20.3874	-61.027
19.005159656343	8	(25.4378,197.712,1.895)	100.368	-74.8717
19.010420700861	9	(28.5499,217.875,1.895)	120.447	-76.4557
19.019172076066	1	(29.9776,64.9075,1.895)	32.5274	-65.0848
19.020336667087	5	(25.9994,137.545,1.895)	40.2798	-66.9415
19.029642230819	0	(30.2354,37.2928,1.895)	60.1432	-70.4235
19.030111458793	6	(29.1122,157.636,1.895)	60.2056	-70.4325
19.041651904734	4	(29.4181,124.859,1.895)	27.4271	-63.6034
19.049149505596	7	(28.8591,184.75,1.895)	87.3203	-73.6621
19.104964017577	2	(26.5805,75.2845,1.895)	20.3878	-61.0272
19.105159656343	8	(25.4565,195.709,1.895)	100.365	-74.8714
19.110420700861	9	(28.5687,215.869,1.895)	120.441	-76.4553
19.119172076066	1	(29.9963,62.9102,1.895)	32.5247	-65.084
19.120336667087	5	(26.0181,135.542,1.895)	40.2766	-66.9408
19.129642230819	0	(30.2541,35.2834,1.895)	60.1527	-70.4249
19.130111458793	6	(29.1309,155.632,1.895)	60.2012	-70.4319
19.141651904734	4	(29.4367,122.865,1.895)	27.4323	-63.605
19.149149505596	7	(28.8777,182.753,1.895)	87.3235	-73.6624
19.204964017577	2	(26.5992,73.2791,1.895)	20.3884	-61.0275
19.205159656343	8	(25.4752,193.702,1.895)	100.362	-74.8712
19.210420700861	9	(28.5874,213.86,1.895)	120.436	-76.455
19.219172076066	1	(30.015,60.9049,1.895)	32.5252	-65.0842
19.220336667087	5	(26.0368,133.538,1.895)	40.2778	-66.9411
19.229642230819	0	(30.2729,33.2747,1.895)	60.1565	-70.4254
19.230111458793	6	(29.1496,153.622,1.895)	60.1958	-70.4311
19.241651904734	4	(29.4553,120.869,1.895)	27.4418	-63.608
19.249149505596	7	(28.8963,180.763,1.895)	87.3382	-73.6639
19.304964017577	2	(26.6179,71.2761,1.895)	20.3906	-61.0284
19.305159656343	8	(25.494,191.693,1.895)	100.355	-74.8706
19.310420700861	9	(28.6062,211.851,1.895)	120.428	-76.4544
19.319172076066	1	(30.0337,58.9023,1.895)	32.5269	-65.0846
19.320336667087	5	(26.0555,131.533,1.895)	40.2735	-66.9402
19.329642230819	0	(30.2916,31.264,1.895)	60.1663	-70.4269
19.330111458793	6	(29.1684,151.615,1.895)	60.1899	-70.4303
19.341651904734	4	(29.474,118.868,1.895)	27.4414	-63.6079
19.349149505596	7	(28.915,178.763,1.895)	87.3395	-73.664
19.404964017577	2	(26.6367,69.2648,1.895)	20.3977	-61.0314
19.405159656343	8	(25.5126,189.694,1.895)	100.36	-74.871
19.410420700861	9	(28.6249,209.841,1.895)	120.423	-76.454
19.419172076066	1	(30.0524,56.8911,1.895)	32.5341	-65.0866
19.420336667087	5	(26.0742,129.529,1.895)	40.2732	-66.9401
19.429642230819	0	(30.3103,29.2618,1.895)	60.1646	-70.4266
19.430111458793	6	(29.1871,149.611,1.895)	60.1895	-70.4302
19.441651904734	4	(29.4926,116.871,1.895)	27.4481	-63.61
19.449149505596	7	(28.9336,176.772,1.895)	87.3525	-73.6653
19.504964017577	2	(26.6554,67.254,1.895)	20.4044	-61.0343
19.505159656343	8	(25.5313,187.694,1.895)	100.363	-74.8713
19.510420700861	9	(28.6436,207.84,1.895)	120.425	-76.4541
19.519172076066	1	(30.0711,54.8962,1.895)	32.5249	-65.0841
19.520336667087	5	(26.0929,127.526,1.895)	40.2743	-66.9404
19.529642230819	0	(30.329,27.2625,1.895)	60.1598	-70.4259
19.530111458793	6	(29.2058,147.603,1.895)	60.1858	-70.4297
19.541651904734	4	(29.5112,114.881,1.895)	27.4624	-63.6146
19.549149505596	7	(28.9521,174.782,1.895)	87.3658	-73.6666
19.604964017577	2	(26.6742,65.246,1.895)	20.4059	-61.0349
19.605159656343	8	(25.55,185.689,1.895)	100.365	-74.8714
19.610420700861	9	(28.6623,205.837,1.895)	120.429	-76.4544
19.619172076066	1	(30.0896,52.9065,1.895)	32.5081	-65.0796
19.620336667087	5	(26.1116,125.525,1.895)	40.2798	-66.9415
19.629642230819	0	(30.3477,25.256,1.895)	60.1598	-70.4259
19.630111458793	6	(29.2245,145.603,1.895)	60.1926	-70.4307
19.641651904734	4	(29.5298,112.885,1.895)	27.4732	-63.618
19.649149505596	7	(28.9708,172.785,1.895)	87.3755	-73.6676
19.704964017577	2	(26.6928,63.2455,1.895)	20.3958	-61.0306
19.705159656343	8	(25.5688,183.682,1.895)	100.369	-74.8718
19.710420700861	9	(28.681,203.833,1.895)	120.435	-76.4549
19.719172076066	1	(30.1084,50.8984,1.895)	32.5055	-65.0789
19.720336667087	5	(26.1303,123.514,1.895)	40.2791	-66.9414
19.730111458793	6	(29.2431,143.604,1.895)	60.2041	-70.4323
19.741651904734	4	(29.5485,110.884,1.895)	27.4824	-63.6209
19.749149505596	7	(28.9893,170.795,1.895)	87.3965	-73.6697
19.804964017577	2	(26.7115,61.2448,1.895)	20.3904	-61.0283
19.805159656343	8	(25.5875,181.676,1.895)	100.369	-74.8718
19.810420700861	9	(28.6997,201.832,1.895)	120.441	-76.4553
19.819172076066	1	(30.1271,48.8912,1.895)	32.5065	-65.0792
19.820336667087	5	(26.149,121.51,1.895)	40.2817	-66.9419
19.830111458793	6	(29.2619,141.596,1.895)	60.2027	-70.4321
19.841651904734	4	(29.5672,108.884,1.895)	27.4888	-63.6229
19.849149505596	7	(29.0079,168.809,1.895)	87.4164	-73.6717
19.904964017577	2	(26.7302,59.2429,1.895)	20.3856	-61.0263
19.905159656343	8	(25.6061,179.676,1.895)	100.376	-74.8723
19.910420700861	9	(28.7184,199.821,1.895)	120.437	-76.455
19.919172076066	1	(30.1458,46.8921,1.895)	32.4989	-65.0772
19.920336667087	5	(26.1677,119.51,1.895)	40.2888	-66.9435
19.930111458793	6	(29.2805,139.596,1.895)	60.2091	-70.433
19.941651904734	4	(29.5858,106.884,1.895)	27.4956	-63.6251
19.949149505596	7	(29.0264,166.821,1.895)	87.4348	-73.6735
20.004964017577	2	(26.7489,57.2413,1.895)	20.3785	-61.0232
20.005159656343	8	(25.6248,177.673,1.895)	100.381	-74.8728
20.010420700861	9	(28.7372,197.811,1.895)	120.436	-76.4549
20.019172076066	1	(30.1645,44.8832,1.895)	32.499	-65.0772
20.020336667087	5	(26.1864,117.507,1.895)	40.2945	-66.9447
20.030111458793	6	(29.2993,137.587,1.895)	60.2087	-70.433
20.041651904734	4	(29.6045,104.886,1.895)	27.5061	-63.6284
20.049149505596	7	(29.045,164.836,1.895)	87.4585	-73.6758
20.104964017577	2	(26.7676,55.2391,1.895)	20.3751	-61.0218
20.105159656343	8	(25.6435,175.67,1.895)	100.384	-74.8731
20.110420700861	9	(28.7559,195.802,1.895)	120.432	-76.4546
20.119172076066	1	(30.1833,42.875,1.895)	32.5015	-65.0779
20.120336667087	5	(26.2051,115.507,1.895)	40.3003	-66.9459
20.130111458793	6	(29.318,135.577,1.895)	60.205	-70.4324
20.141651904734	4	(29.6232,102.884,1.895)	27.5104	-63.6297
20.149149505596	7	(29.0636,162.839,1.895)	87.4678	-73.6768
20.204964017577	2	(26.7863,53.2373,1.895)	20.3669	-61.0183
20.205159656343	8	(25.6622,173.669,1.895)	100.394	-74.8739
20.210420700861	9	(28.7746,193.801,1.895)	120.441	-76.4553
20.219172076066	1	(30.202,40.8688,1.895)	32.4976	-65.0768
20.220336667087	5	(26.2238,113.503,1.895)	40.3054	-66.9471
20.230111458793	6	(29.3368,133.571,1.895)	60.2087	-70.433
20.241651904734	4	(29.6418,100.892,1.895)	27.5285	-63.6354
20.249149505596	7	(29.0823,160.84,1.895)	87.4786	-73.6778
20.304964017577	2	(26.805,51.2265,1.895)	20.3783	-61.0232
20.305159656343	8	(25.6809,171.667,1.895)	100.39	-74.8736
20.310420700861	9	(28.7934,191.792,1.895)	120.432	-76.4546
20.319172076066	1	(30.2208,38.8582,1.895)	32.509	-65.0799
20.320336667087	5	(26.2425,111.501,1.895)	40.3035	-66.9466
20.330111458793	6	(29.3555,131.569,1.895)	60.2062	-70.4326
20.341651904734	4	(29.6605,98.8855,1.895)	27.521	-63.6331
20.349149505596	7	(29.1009,158.843,1.895)	87.4809	-73.6781
20.404964017577	2	(26.8238,49.2156,1.895)	20.3787	-61.0233
20.405159656343	8	(25.6996,169.66,1.895)	100.395	-74.874
20.410420700861	9	(28.8121,189.784,1.895)	120.434	-76.4547
20.419172076066	1	(30.2395,36.8515,1.895)	32.5051	-65.0788
20.420336667087	5	(26.2612,109.49,1.895)	40.3026	-66.9464
20.430111458793	6	(29.3742,129.565,1.895)	60.2122	-70.4335
20.441651904734	4	(29.6791,96.8972,1.895)	27.5432	-63.6401
20.449149505596	7	(29.1195,156.851,1.895)	87.4999	-73.6799
20.504964017577	2	(26.8425,47.2073,1.895)	20.3849	-61.026
20.505159656343	8	(25.7183,167.661,1.895)	100.397	-74.8742
20.510420700861	9	(28.8309,187.772,1.895)	120.424	-76.454
20.519172076066	1	(30.2582,34.8411,1.895)	32.5136	-65.0811
20.520336667087	5	(26.2799,107.486,1.895)	40.3004	-66.946
20.530111458793	6	(29.3929,127.561,1.895)	60.2101	-70.4332
20.541651904734	4	(29.6977,94.9005,1.895)	27.5484	-63.6417
20.549149505596	7	(29.138,154.864,1.895)	87.5142	-73.6814
20.604964017577	2	(26.8613,45.2005,1.895)	20.383	-61.0252
20.605159656343	8	(25.737,165.652,1.895)	100.397	-74.8742
20.610420700861	9	(28.8497,185.76,1.895)	120.421	-76.4538
20.619172076066	1	(30.2769,32.8379,1.895)	32.5081	-65.0796
20.620336667087	5	(26.2986,105.486,1.895)	40.3092	-66.9479
20.630111458793	6	(29.4116,125.555,1.895)	60.2131	-70.4336
20.641651904734	4	(29.7164,92.901,1.895)	27.5576	-63.6446
20.649149505596	7	(29.1567,152.864,1.895)	87.5236	-73.6823
20.704964017577	2	(26.88,43.1887,1.895)	20.3918	-61.0289
20.705159656343	8	(25.7557,163.652,1.895)	100.4	-74.8744
20.710420700861	9	(28.8684,183.756,1.895)	120.42	-76.4537
20.719172076066	1	(30.2957,30.8312,1.895)	32.5118	-65.0806
20.720336667087	5	(26.3173,103.482,1.895)	40.3086	-66.9477
20.730111458793	6	(29.4303,123.552,1.895)	60.2133	-70.4336
20.741651904734	4	(29.735,90.8978,1.895)	27.5574	-63.6445
20.749149505596	7	(29.1753,150.874,1.895)	87.536	-73.6835
20.804964017577	2	(26.8987,41.1861,1.895)	20.3871	-61.0269
20.805159656343	8	(25.7744,161.652,1.895)	100.408	-74.8751
20.810420700861	9	(28.8871,181.754,1.895)	120.425	-76.4541
20.819172076066	1	(30.3144,28.8252,1.895)	32.5104	-65.0802
20.820336667087	5	(26.336,101.477,1.895)	40.311	-66.9483
20.830111458793	6	(29.4489,121.552,1.895)	60.2204	-70.4347
20.841651904734	4	(29.7537,88.9022,1.895)	27.5691	-63.6483
20.849149505596	7	(29.1939,148.883,1.895)	87.5529	-73.6852
20.904964017577	2	(26.9175,39.179,1.895)	20.3882	-61.0273
20.905159656343	8	(25.7931,159.649,1.895)	100.41	-74.8754
20.910420700861	9	(28.9058,179.745,1.895)	120.422	-76.4539
20.919172076066	1	(30.3331,26.8213,1.895)	32.5083	-65.0797
20.920336667087	5	(26.3547,99.4702,1.895)	40.3098	-66.948
20.930111458793	6	(29.4677,119.541,1.895)	60.2155	-70.434
20.941651904734	4	(29.7724,86.8987,1.895)	27.5716	-63.649
20.949149505596	7	(29.2124,146.898,1.895)	87.5732	-73.6872
21.004964017577	2	(26.9362,37.1686,1.895)	20.389	-61.0277
21.005159656343	8	(25.8118,157.64,1.895)	100.411	-74.8754
21.010420700861	9	(28.9245,177.743,1.895)	120.429	-76.4544
21.020336667087	5	(26.3735,97.4593,1.895)	40.3085	-66.9477
21.030111458793	6	(29.4864,117.534,1.895)	60.2184	-70.4344
21.041651904734	4	(29.791,84.9004,1.895)	27.583	-63.6526
21.049149505596	7	(29.2311,144.896,1.895)	87.5814	-73.688
21.104964017577	2	(26.9549,35.1661,1.895)	20.3859	-61.0264
21.105159656343	8	(25.8305,155.637,1.895)	100.413	-74.8756
21.110420700861	9	(28.9432,175.736,1.895)	120.429	-76.4544
21.120336667087	5	(26.3922,95.4543,1.895)	40.3091	-66.9479
21.130111458793	6	(29.5052,115.522,1.895)	60.212	-70.4335
21.141651904734	4	(29.8098,82.893,1.895)	27.5812	-63.652
21.149149505596	7	(29.2497,142.896,1.895)	87.5863	-73.6885
21.204964017577	2	(26.9737,33.1551,1.895)	20.3877	-61.0272
21.205159656343	8	(25.8493,153.629,1.895)	100.414	-74.8757
21.210420700861	9	(28.962,173.727,1.895)	120.429	-76.4544
21.220336667087	5	(26.411,93.4432,1.895)	40.3073	-66.9475
21.230111458793	6	(29.5239,113.523,1.895)	60.2215	-70.4348
21.241651904734	4	(29.8284,80.8915,1.895)	27.5889	-63.6545
21.249149505596	7	(29.2685,140.889,1.895)	87.5893	-73.6888
21.304964017577	2	(26.9924,31.151,1.895)	20.3902	-61.0282
21.305159656343	8	(25.8679,151.626,1.895)	100.413	-74.8756
21.310420700861	9	(28.9807,171.723,1.895)	120.426	-76.4542
21.320336667087	5	(26.4297,91.4425,1.895)	40.308	-66.9476
21.330111458793	6	(29.5426,111.513,1.895)	60.2131	-70.4336
21.341651904734	4	(29.8472,78.8844,1.895)	27.5833	-63.6527
21.349149505596	7	(29.2871,138.896,1.895)	87.5979	-73.6897
21.404964017577	2	(27.0111,29.1485,1.895)	20.3902	-61.0282
21.405159656343	8	(25.8866,149.623,1.895)	100.412	-74.8755
21.410420700861	9	(28.9994,169.722,1.895)	120.427	-76.4543
21.420336667087	5	(26.4484,89.4321,1.895)	40.3002	-66.9459
21.430111458793	6	(29.5613,109.509,1.895)	60.2119	-70.4334
21.441651904734	4	(29.8658,76.8928,1.895)	27.5942	-63.6561
21.449149505596	7	(29.3057,136.898,1.895)	87.6017	-73.69
21.504964017577	2	(27.0299,27.137,1.895)	20.4015	-61.033
21.505159656343	8	(25.9054,147.612,1.895)	100.401	-74.8746
21.510420700861	9	(29.0181,167.714,1.895)	120.419	-76.4537
21.520336667087	5	(26.4672,87.4264,1.895)	40.2946	-66.9447
21.530111458793	6	(29.5801,107.498,1.895)	60.2007	-70.4318
21.541651904734	4	(29.8845,74.8901,1.895)	27.5915	-63.6553
21.549149505596	7	(29.3243,134.904,1.895)	87.6076	-73.6906
21.604964017577	2	(27.0486,25.1349,1.895)	20.3972	-61.0312
21.605159656343	8	(25.9242,145.6,1.895)	100.396	-74.8741
21.610420700861	9	(29.0369,165.703,1.895)	120.415	-76.4534
21.620336667087	5	(26.4858,85.4238,1.895)	40.2985	-66.9456
21.630111458793	6	(29.5989,105.488,1.895)	60.1975	-70.4314
21.641651904734	4	(29.9031,72.8943,1.895)	27.6023	-63.6587
21.649149505596	7	(29.343,132.907,1.895)	87.6174	-73.6916
21.705159656343	8	(25.9429,143.595,1.895)	100.397	-74.8742
21.710420700861	9	(29.0556,163.701,1.895)	120.419	-76.4537
21.720336667087	5	(26.5045,83.4225,1.895)	40.303	-66.9465
21.730111458793	6	(29.6175,103.488,1.895)	60.2028	-70.4321
21.741651904734	4	(29.9217,70.8948,1.895)	27.6086	-63.6607
21.749149505596	7	(29.3616,130.912,1.895)	87.6284	-73.6927
21.805159656343	8	(25.9616,141.589,1.895)	100.397	-74.8742
21.810420700861	9	(29.0743,161.693,1.895)	120.418	-76.4536
21.820336667087	5	(26.5232,81.4181,1.895)	40.305	-66.947
21.830111458793	6	(29.6362,101.485,1.895)	60.2065	-70.4327
21.841651904734	4	(29.9404,68.893,1.895)	27.6132	-63.6621
21.849149505596	7	(29.3802,128.92,1.895)	87.6426	-73.6941
21.905159656343	8	(25.9803,139.589,1.895)	100.4	-74.8745
21.910420700861	9	(29.093,159.69,1.895)	120.417	-76.4536
21.920336667087	5	(26.5419,79.4178,1.895)	40.307	-66.9474
21.930111458793	6	(29.655,99.4729,1.895)	60.1969	-70.4313
21.941651904734	4	(29.9591,66.897,1.895)	27.6196	-63.6641
21.949149505596	7	(29.3988,126.921,1.895)	87.6459	-73.6944
22.005159656343	8	(25.999,137.589,1.895)	100.412	-74.8755
22.010420700861	9	(29.1117,157.69,1.895)	120.428	-76.4543
22.020336667087	5	(26.5606,77.4148,1.895)	40.3155	-66.9492
22.030111458793	6	(29.6737,97.4725,1.895)	60.208	-70.4329
22.041651904734	4	(29.9777,64.9021,1.895)	27.6362	-63.6694
22.049149505596	7	(29.4176,124.914,1.895)	87.6511	-73.6949
22.105159656343	8	(26.0177,135.584,1.895)	100.417	-74.8759
22.110420700861	9	(29.1303,155.69,1.895)	120.438	-76.4551
22.120336667087	5	(26.5793,75.4091,1.895)	40.32	-66.9502
22.130111458793	6	(29.6924,95.4652,1.895)	60.2108	-70.4333
22.141651904734	4	(29.9964,62.8919,1.895)	27.6361	-63.6693
22.149149505596	7	(29.4361,122.923,1.895)	87.67	-73.6968
22.205159656343	8	(26.0363,133.584,1.895)	100.42	-74.8762
22.210420700861	9	(29.1491,153.679,1.895)	120.431	-76.4546
22.220336667087	5	(26.5981,73.4004,1.895)	40.315	-66.9491
22.230111458793	6	(29.7111,93.4623,1.895)	60.2117	-70.4334
22.241651904734	4	(30.0152,60.8849,1.895)	27.6328	-63.6683
22.249149505596	7	(29.4548,120.922,1.895)	87.673	-73.6971
22.305159656343	8	(26.0551,131.579,1.895)	100.414	-74.8757
22.310420700861	9	(29.1678,151.671,1.895)	120.422	-76.4539
22.320336667087	5	(26.6168,71.3963,1.895)	40.3103	-66.9481
22.330111458793	6	(29.7299,91.4522,1.895)	60.2011	-70.4319
22.341651904734	4	(30.0338,58.887,1.895)	27.6344	-63.6688
22.349149505596	7	(29.4735,118.924,1.895)	87.6741	-73.6972
22.405159656343	8	(26.0737,129.578,1.895)	100.417	-74.876
22.410420700861	9	(29.1866,149.663,1.895)	120.418	-76.4536
22.420336667087	5	(26.6355,69.387,1.895)	40.3047	-66.9469
22.430111458793	6	(29.7486,89.4502,1.895)	60.2027	-70.4321
22.441651904734	4	(30.0524,56.8914,1.895)	27.6425	-63.6713
22.449149505596	7	(29.4921,116.928,1.895)	87.6818	-73.698
22.505159656343	8	(26.0924,127.575,1.895)	100.42	-74.8762
22.510420700861	9	(29.2053,147.655,1.895)	120.416	-76.4534
22.520336667087	5	(26.6543,67.3775,1.895)	40.3003	-66.9459
22.530111458793	6	(29.7673,87.4425,1.895)	60.2	-70.4317
22.541651904734	4	(30.0711,54.8935,1.895)	27.6495	-63.6735
22.549149505596	7	(29.5107,114.937,1.895)	87.6961	-73.6994
22.605159656343	8	(26.1111,125.569,1.895)	100.415	-74.8758
22.610420700861	9	(29.2241,145.647,1.895)	120.409	-76.453
22.620336667087	5	(26.673,65.3682,1.895)	40.2926	-66.9443
22.630111458793	6	(29.786,85.434,1.895)	60.1931	-70.4307
22.641651904734	4	(30.0898,52.8923,1.895)	27.6499	-63.6737
22.649149505596	7	(29.5294,112.936,1.895)	87.6962	-73.6994
