4.104964017577	2	(23.7719,376.195,1.895)	40.2517	-66.9355
4.119172076066	1	(27.2269,359.624,1.895)	56.7186	-69.9143
4.125066219154	3	(26.8848,396.284,1.895)	20.057	-60.8851
4.129642230819	0	(27.446,336.15,1.895)	80.1937	-72.9226
4.204964017577	2	(23.7906,374.195,1.895)	40.3978	-66.967
4.219172076066	1	(27.2449,357.699,1.895)	56.7913	-69.9254
4.225066219154	3	(26.9035,394.275,1.895)	20.2134	-60.9526
4.229642230819	0	(27.4648,334.139,1.895)	80.3515	-72.9397
4.304964017577	2	(23.8093,372.186,1.895)	40.5416	-66.9978
4.319172076066	1	(27.2629,355.772,1.895)	56.852	-69.9347
4.325066219154	3	(26.9222,392.27,1.895)	20.3522	-61.012
4.329642230819	0	(27.4835,332.14,1.895)	80.4849	-72.9541
4.404964017577	2	(23.8281,370.179,1.895)	40.6883	-67.0292
4.419172076066	1	(27.2808,353.852,1.895)	56.9129	-69.944
4.425066219154	3	(26.941,390.262,1.895)	20.5017	-61.0756
4.429642230819	0	(27.5022,330.134,1.895)	80.6315	-72.9699
4.504964017577	2	(23.8468,368.169,1.895)	40.832	-67.0598
4.519172076066	1	(27.2989,351.92,1.895)	56.9797	-69.9542
4.525066219154	3	(26.9597,388.258,1.895)	20.6393	-61.1337
4.529642230819	0	(27.5209,328.127,1.895)	80.7734	-72.9852
4.604964017577	2	(23.8656,366.162,1.895)	40.9797	-67.0912
4.619172076066	1	(27.3168,349.993,1.895)	57.0466	-69.9644
4.625066219154	3	(26.9784,386.249,1.895)	20.789	-61.1965
4.629642230819	0	(27.5397,326.117,1.895)	80.9239	-73.0013
4.704964017577	2	(23.8843,364.154,1.895)	41.1073	-67.1182
4.719172076066	1	(27.3348,348.063,1.895)	57.0973	-69.9721
4.725066219154	3	(26.9972,384.237,1.895)	20.9217	-61.2517
4.729642230819	0	(27.5584,324.113,1.895)	81.0482	-73.0147
4.804964017577	2	(23.903,362.151,1.895)	41.2384	-67.1458
4.819172076066	1	(27.3528,346.136,1.895)	57.1524	-69.9805
4.825066219154	3	(27.016,382.227,1.895)	21.0601	-61.309
4.829642230819	0	(27.5771,322.112,1.895)	81.177	-73.0284
4.904964017577	2	(23.9217,360.151,1.895)	41.3631	-67.1721
4.919172076066	1	(27.3708,344.206,1.895)	57.2079	-69.9889
4.925066219154	3	(27.0347,380.221,1.895)	21.1914	-61.363
4.929642230819	0	(27.5957,320.112,1.895)	81.3035	-73.042
5.004964017577	2	(23.9404,358.14,1.895)	41.4895	-67.1986
5.019172076066	1	(27.3889,342.276,1.895)	57.2542	-69.9959
5.025066219154	3	(27.0534,378.219,1.895)	21.3093	-61.4112
5.029642230819	0	(27.6144,318.108,1.895)	81.4231	-73.0547
5.104964017577	2	(23.9592,356.129,1.895)	41.6176	-67.2253
5.119172076066	1	(27.4069,340.338,1.895)	57.3085	-70.0042
5.120336667087	5	(23.3976,416.3,1.895)	18.9766	-60.4042
5.125066219154	3	(27.0721,376.22,1.895)	21.4257	-61.4585
5.129642230819	0	(27.6332,316.102,1.895)	81.5465	-73.0679
5.204964017577	2	(23.978,354.121,1.895)	41.7527	-67.2535
5.219172076066	1	(27.425,338.403,1.895)	57.371	-70.0136
5.220336667087	5	(23.4163,414.295,1.895)	18.8456	-60.344
5.225066219154	3	(27.0908,374.212,1.895)	21.5609	-61.5131
5.229642230819	0	(27.6519,314.091,1.895)	81.6843	-73.0826
5.304964017577	2	(23.9967,352.114,1.895)	41.8722	-67.2783
5.319172076066	1	(27.4432,336.457,1.895)	57.4303	-70.0226
5.320336667087	5	(23.435,412.295,1.895)	18.734	-60.2924
5.325066219154	3	(27.1095,372.209,1.895)	21.6772	-61.5599
5.329642230819	0	(27.6707,312.08,1.895)	81.8088	-73.0958
5.404964017577	2	(24.0154,350.11,1.895)	41.9961	-67.304
5.419172076066	1	(27.4613,334.513,1.895)	57.4942	-70.0323
5.420336667087	5	(23.4537,410.294,1.895)	18.6155	-60.2373
5.425066219154	3	(27.1282,370.204,1.895)	21.8022	-61.6098
5.429642230819	0	(27.6894,310.071,1.895)	81.9371	-73.1094
5.504964017577	2	(24.0342,348.099,1.895)	42.1137	-67.3282
5.519172076066	1	(27.4795,332.565,1.895)	57.5501	-70.0407
5.520336667087	5	(23.4723,408.294,1.895)	18.51	-60.1879
5.525066219154	3	(27.1469,368.204,1.895)	21.9093	-61.6523
5.529642230819	0	(27.7081,308.067,1.895)	82.0488	-73.1212
5.604964017577	2	(24.0529,346.091,1.895)	42.2355	-67.3533
5.619172076066	1	(27.4976,330.628,1.895)	57.601	-70.0484
5.620336667087	5	(23.4911,406.282,1.895)	18.3858	-60.1295
5.625066219154	3	(27.1656,366.194,1.895)	22.034	-61.7016
5.629642230819	0	(27.7268,306.064,1.895)	82.1665	-73.1337
5.704964017577	2	(24.0716,344.089,1.895)	42.3378	-67.3744
5.719172076066	1	(27.5157,328.684,1.895)	57.6452	-70.0551
5.720336667087	5	(23.5098,404.281,1.895)	18.2865	-60.0824
5.725066219154	3	(27.1844,364.184,1.895)	22.1436	-61.7447
5.729642230819	0	(27.7456,304.056,1.895)	82.2747	-73.1451
5.804964017577	2	(24.0903,342.084,1.895)	42.4399	-67.3953
5.819172076066	1	(27.5339,326.733,1.895)	57.6942	-70.0624
5.820336667087	5	(23.5285,402.277,1.895)	18.1854	-60.0342
5.825066219154	3	(27.2031,362.183,1.895)	22.2428	-61.7836
5.829642230819	0	(27.7644,302.044,1.895)	82.3845	-73.1567
5.904964017577	2	(24.1091,340.073,1.895)	42.559	-67.4196
5.919172076066	1	(27.5521,324.783,1.895)	57.7515	-70.0711
5.920336667087	5	(23.5472,400.267,1.895)	18.0697	-59.9788
5.925066219154	3	(27.2218,360.174,1.895)	22.3589	-61.8288
5.929642230819	0	(27.7831,300.041,1.895)	82.4953	-73.1684
6.004964017577	2	(24.1278,338.07,1.895)	42.661	-67.4404
6.019172076066	1	(27.5703,322.838,1.895)	57.7967	-70.0779
6.020336667087	5	(23.566,398.258,1.895)	17.9634	-59.9276
6.025066219154	3	(27.2406,358.166,1.895)	22.4676	-61.8709
6.029642230819	0	(27.8017,298.041,1.895)	82.5947	-73.1788
6.104964017577	2	(24.1465,336.066,1.895)	42.7612	-67.4608
6.119172076066	1	(27.5884,320.901,1.895)	57.8301	-70.0829
6.120336667087	5	(23.5847,396.252,1.895)	17.8623	-59.8785
6.125066219154	3	(27.2593,356.161,1.895)	22.5682	-61.9097
6.129642230819	0	(27.8204,296.037,1.895)	82.6951	-73.1894
6.130111458793	6	(26.6976,416.34,1.895)	37.6132	-66.3466
6.204964017577	2	(24.1651,334.066,1.895)	42.8617	-67.4812
6.219172076066	1	(27.6065,318.953,1.895)	57.8789	-70.0902
6.220336667087	5	(23.6034,394.252,1.895)	17.7641	-59.8306
6.225066219154	3	(27.278,354.155,1.895)	22.6748	-61.9506
6.229642230819	0	(27.8391,294.034,1.895)	82.7986	-73.2003
6.230111458793	6	(26.7163,414.341,1.895)	37.5136	-66.3236
6.304964017577	2	(24.1838,332.063,1.895)	42.9556	-67.5002
6.319172076066	1	(27.6247,317.008,1.895)	57.9145	-70.0955
6.320336667087	5	(23.6221,392.242,1.895)	17.6641	-59.7816
6.325066219154	3	(27.2967,352.154,1.895)	22.7675	-61.9861
6.329642230819	0	(27.8579,292.026,1.895)	82.8981	-73.2107
6.330111458793	6	(26.735,412.334,1.895)	37.4154	-66.3008
6.404964017577	2	(24.2025,330.06,1.895)	43.0581	-67.5209
6.419172076066	1	(27.6429,315.056,1.895)	57.9662	-70.1033
6.420336667087	5	(23.6408,390.241,1.895)	17.5657	-59.7331
6.425066219154	3	(27.3154,350.146,1.895)	22.8751	-62.0271
6.429642230819	0	(27.8766,290.017,1.895)	83.0065	-73.222
6.430111458793	6	(26.7536,410.335,1.895)	37.3163	-66.2778
6.504964017577	2	(24.2212,328.057,1.895)	43.1483	-67.5391
6.519172076066	1	(27.6611,313.104,1.895)	58.0064	-70.1093
6.520336667087	5	(23.6595,388.237,1.895)	17.4755	-59.6884
6.525066219154	3	(27.3341,348.14,1.895)	22.9682	-62.0623
6.529642230819	0	(27.8953,288.015,1.895)	83.0966	-73.2315
6.530111458793	6	(26.7723,408.335,1.895)	37.2292	-66.2575
6.604964017577	2	(24.24,326.048,1.895)	43.2458	-67.5587
6.619172076066	1	(27.6793,311.152,1.895)	58.0467	-70.1153
6.620336667087	5	(23.6782,386.234,1.895)	17.3848	-59.6432
6.625066219154	3	(27.3528,346.137,1.895)	23.0609	-62.0973
6.629642230819	0	(27.914,286.008,1.895)	83.1923	-73.2414
6.630111458793	6	(26.791,406.329,1.895)	37.1346	-66.2354
6.704964017577	2	(24.2587,324.036,1.895)	43.3414	-67.5778
6.719172076066	1	(27.6976,309.2,1.895)	58.0832	-70.1208
6.720336667087	5	(23.6969,384.228,1.895)	17.2964	-59.5989
6.725066219154	3	(27.3715,344.133,1.895)	23.1485	-62.1302
6.729642230819	0	(27.9328,284,1.895)	83.2845	-73.2511
6.730111458793	6	(26.8098,404.321,1.895)	37.0422	-66.2137
6.804964017577	2	(24.2775,322.029,1.895)	43.429	-67.5954
6.819172076066	1	(27.7158,307.242,1.895)	58.1223	-70.1266
6.820336667087	5	(23.7157,382.224,1.895)	17.2132	-59.557
6.825066219154	3	(27.3902,342.133,1.895)	23.23	-62.1608
6.829642230819	0	(27.9515,281.998,1.895)	83.3677	-73.2597
6.830111458793	6	(26.8285,402.311,1.895)	36.9506	-66.1922
6.904964017577	2	(24.2962,320.021,1.895)	43.524	-67.6144
6.919172076066	1	(27.7341,305.287,1.895)	58.1645	-70.133
6.920336667087	5	(23.7344,380.213,1.895)	17.117	-59.5084
6.925066219154	3	(27.4089,340.128,1.895)	23.3215	-62.1949
6.929642230819	0	(27.9702,279.993,1.895)	83.4595	-73.2693
6.930111458793	6	(26.8472,400.306,1.895)	36.8588	-66.1706
7.004964017577	2	(24.315,318.01,1.895)	43.616	-67.6327
7.019172076066	1	(27.7523,303.333,1.895)	58.1993	-70.1381
7.020336667087	5	(23.7531,378.21,1.895)	17.0345	-59.4664
7.025066219154	3	(27.4276,338.121,1.895)	23.41	-62.2278
7.029642230819	0	(27.9888,277.994,1.895)	83.5396	-73.2776
7.030111458793	6	(26.866,398.297,1.895)	36.769	-66.1494
7.104964017577	2	(24.3337,316.01,1.895)	43.6992	-67.6493
7.119172076066	1	(27.7706,301.375,1.895)	58.2404	-70.1443
7.120336667087	5	(23.7719,376.2,1.895)	16.9429	-59.4196
7.125066219154	3	(27.4464,336.114,1.895)	23.4996	-62.261
7.129642230819	0	(28.0076,275.987,1.895)	83.63	-73.287
7.130111458793	6	(26.8847,396.297,1.895)	36.6854	-66.1297
7.149149505596	7	(26.6976,416.34,1.895)	56.7297	-69.916
7.204964017577	2	(24.3523,314.008,1.895)	43.7718	-67.6637
7.219172076066	1	(27.7889,299.414,1.895)	58.2723	-70.149
7.220336667087	5	(23.7906,374.195,1.895)	16.8682	-59.3811
7.225066219154	3	(27.4651,334.104,1.895)	23.5816	-62.2912
7.229642230819	0	(28.0263,273.984,1.895)	83.7042	-73.2947
7.230111458793	6	(26.9033,394.297,1.895)	36.6141	-66.1128
7.249149505596	7	(26.7149,414.487,1.895)	56.805	-69.9275
7.304964017577	2	(24.371,312.006,1.895)	43.8507	-67.6793
7.319172076066	1	(27.8071,297.462,1.895)	58.3016	-70.1534
7.320336667087	5	(23.8093,372.189,1.895)	16.7874	-59.3395
7.325066219154	3	(27.4839,332.094,1.895)	23.6681	-62.323
7.329642230819	0	(28.0449,271.985,1.895)	83.7796	-73.3026
7.330111458793	6	(26.922,392.296,1.895)	36.5369	-66.0944
7.349149505596	7	(26.7323,412.627,1.895)	56.8685	-69.9372
7.404964017577	2	(24.3898,309.996,1.895)	43.934	-67.6958
7.419172076066	1	(27.8254,295.503,1.895)	58.3345	-70.1583
7.420336667087	5	(23.828,370.184,1.895)	16.7099	-59.2993
7.425066219154	3	(27.5027,330.083,1.895)	23.7522	-62.3539
7.429642230819	0	(28.0636,269.981,1.895)	83.8574	-73.3106
7.430111458793	6	(26.9407,390.295,1.895)	36.4622	-66.0766
7.449149505596	7	(26.7495,410.774,1.895)	56.9422	-69.9485
7.504964017577	2	(24.4085,307.994,1.895)	43.9974	-67.7083
7.519172076066	1	(27.8437,293.538,1.895)	58.3612	-70.1623
7.520336667087	5	(23.8468,368.177,1.895)	16.6425	-59.2642
7.525066219154	3	(27.5214,328.077,1.895)	23.8211	-62.379
7.529642230819	0	(28.0823,267.976,1.895)	83.9241	-73.3175
7.530111458793	6	(26.9595,388.284,1.895)	36.3889	-66.0592
7.549149505596	7	(26.7669,408.92,1.895)	57.0258	-69.9612
7.604964017577	2	(24.4272,305.992,1.895)	44.0643	-67.7215
7.619172076066	1	(27.8621,291.576,1.895)	58.3875	-70.1662
7.620336667087	5	(23.8655,366.17,1.895)	16.5727	-59.2276
7.625066219154	3	(27.5401,326.074,1.895)	23.8878	-62.4033
7.629642230819	0	(28.101,265.97,1.895)	83.9944	-73.3248
7.630111458793	6	(26.9781,386.283,1.895)	36.324	-66.0437
7.649149505596	7	(26.7843,407.046,1.895)	57.0876	-69.9706
7.704964017577	2	(24.4458,303.992,1.895)	44.1389	-67.7362
7.719172076066	1	(27.8804,289.609,1.895)	58.4298	-70.1725
7.720336667087	5	(23.8843,364.159,1.895)	16.4871	-59.1827
7.725066219154	3	(27.5589,324.062,1.895)	23.9753	-62.4351
7.729642230819	0	(28.1197,263.969,1.895)	84.0709	-73.3327
7.730111458793	6	(26.9969,384.276,1.895)	36.2411	-66.0238
7.749149505596	7	(26.8017,405.186,1.895)	57.152	-69.9804
7.804964017577	2	(24.4645,301.99,1.895)	44.2039	-67.749
7.819172076066	1	(27.8987,287.648,1.895)	58.4541	-70.1761
7.820336667087	5	(23.903,362.156,1.895)	16.4235	-59.1491
7.825066219154	3	(27.5776,322.057,1.895)	24.0432	-62.4596
7.829642230819	0	(28.1385,261.96,1.895)	84.1433	-73.3402
7.830111458793	6	(27.0156,382.265,1.895)	36.1671	-66.0061
7.849149505596	7	(26.8192,403.31,1.895)	57.2128	-69.9896
7.904964017577	2	(24.4833,299.981,1.895)	44.2796	-67.7639
7.919172076066	1	(27.9171,285.676,1.895)	58.4927	-70.1818
7.920336667087	5	(23.9217,360.147,1.895)	16.3489	-59.1096
7.925066219154	3	(27.5963,320.056,1.895)	24.1114	-62.4842
7.929642230819	0	(28.1573,259.948,1.895)	84.2216	-73.3483
7.930111458793	6	(27.0344,380.256,1.895)	36.0915	-65.9879
7.949149505596	7	(26.8367,401.434,1.895)	57.2706	-69.9984
8.004964017577	2	(24.502,297.973,1.895)	44.3568	-67.779
8.019172076066	1	(27.9355,283.707,1.895)	58.5315	-70.1876
8.020336667087	5	(23.9404,358.147,1.895)	16.2807	-59.0733
8.025066219154	3	(27.6149,318.053,1.895)	24.1842	-62.5104
8.029642230819	0	(28.1759,257.948,1.895)	84.2915	-73.3555
8.030111458793	6	(27.0532,378.244,1.895)	36.01	-65.9682
8.049149505596	7	(26.8542,399.557,1.895)	57.3231	-70.0064
8.104964017577	2	(24.5208,295.963,1.895)	44.4353	-67.7944
8.105159656343	8	(23.3976,416.3,1.895)	76.1011	-72.4676
8.119172076066	1	(27.9539,281.74,1.895)	58.5672	-70.1929
8.120336667087	5	(23.9591,356.142,1.895)	16.2079	-59.0343
8.125066219154	3	(27.6337,316.048,1.895)	24.2577	-62.5368
8.129642230819	0	(28.1946,255.944,1.895)	84.3644	-73.363
8.130111458793	6	(27.0719,376.235,1.895)	35.9321	-65.9494
8.149149505596	7	(26.8718,397.677,1.895)	57.3747	-70.0142
8.204964017577	2	(24.5395,293.955,1.895)	44.5104	-67.809
8.205159656343	8	(23.4163,414.297,1.895)	76.0312	-72.4596
8.219172076066	1	(27.9722,279.78,1.895)	58.5943	-70.1969
8.220336667087	5	(23.9778,354.138,1.895)	16.1386	-58.9971
8.225066219154	3	(27.6524,314.044,1.895)	24.3288	-62.5622
8.229642230819	0	(28.2133,253.939,1.895)	84.4363	-73.3704
8.230111458793	6	(27.0906,374.233,1.895)	35.8627	-65.9327
8.249149505596	7	(26.8893,395.797,1.895)	57.4277	-70.0222
8.304964017577	2	(24.5583,291.947,1.895)	44.5765	-67.8219
8.305159656343	8	(23.435,412.29,1.895)	75.9661	-72.4522
8.319172076066	1	(27.9905,277.81,1.895)	58.6231	-70.2012
8.320336667087	5	(23.9965,352.133,1.895)	16.0769	-58.9638
8.325066219154	3	(27.6711,312.035,1.895)	24.3963	-62.5863
8.329642230819	0	(28.2321,251.93,1.895)	84.5038	-73.3773
8.330111458793	6	(27.1093,372.224,1.895)	35.7953	-65.9163
8.349149505596	7	(26.9069,393.92,1.895)	57.4921	-70.032
8.404964017577	2	(24.577,289.943,1.895)	44.6403	-67.8343
8.405159656343	8	(23.4537,410.284,1.895)	75.9006	-72.4447
8.419172076066	1	(28.0089,275.845,1.895)	58.6475	-70.2048
8.420336667087	5	(24.0152,350.131,1.895)	16.0163	-58.9311
8.425066219154	3	(27.6899,310.026,1.895)	24.4648	-62.6106
8.429642230819	0	(28.2508,249.924,1.895)	84.5689	-73.384
8.430111458793	6	(27.1281,370.215,1.895)	35.7271	-65.8997
8.449149505596	7	(26.9246,392.023,1.895)	57.5359	-70.0386
8.504964017577	2	(24.5957,287.932,1.895)	44.7098	-67.8478
8.505159656343	8	(23.4725,408.278,1.895)	75.8359	-72.4373
8.519172076066	1	(28.0273,273.874,1.895)	58.6771	-70.2092
8.520336667087	5	(24.034,348.12,1.895)	15.9482	-58.894
8.525066219154	3	(27.7085,308.025,1.895)	24.5238	-62.6316
8.529642230819	0	(28.2695,247.919,1.895)	84.6331	-73.3906
8.530111458793	6	(27.1468,368.216,1.895)	35.6693	-65.8857
8.549149505596	7	(26.9422,390.129,1.895)	57.5829	-70.0457
8.604964017577	2	(24.6144,285.928,1.895)	44.7785	-67.8612
8.605159656343	8	(23.4912,406.273,1.895)	75.7661	-72.4293
8.619172076066	1	(28.0456,271.909,1.895)	58.707	-70.2136
8.620336667087	5	(24.0527,346.11,1.895)	15.8752	-58.8541
8.625066219154	3	(27.7273,306.014,1.895)	24.6	-62.6585
8.629642230819	0	(28.2883,245.907,1.895)	84.7098	-73.3985
8.630111458793	6	(27.1655,366.213,1.895)	35.6011	-65.8691
8.649149505596	7	(26.9599,388.241,1.895)	57.6305	-70.0528
8.704964017577	2	(24.6332,283.922,1.895)	44.8424	-67.8736
8.705159656343	8	(23.5099,404.268,1.895)	75.7031	-72.4221
8.719172076066	1	(28.064,269.939,1.895)	58.7351	-70.2177
8.720336667087	5	(24.0714,344.107,1.895)	15.8153	-58.8214
8.725066219154	3	(27.746,304.012,1.895)	24.6607	-62.6799
8.729642230819	0	(28.307,243.903,1.895)	84.7719	-73.4048
8.730111458793	6	(27.1842,364.207,1.895)	35.5372	-65.8535
8.749149505596	7	(26.9776,386.345,1.895)	57.6762	-70.0597
8.804964017577	2	(24.6519,281.916,1.895)	44.9022	-67.8852
8.805159656343	8	(23.5286,402.268,1.895)	75.6491	-72.4159
8.819172076066	1	(28.0824,267.965,1.895)	58.7634	-70.2219
8.820336667087	5	(24.0901,342.104,1.895)	15.7593	-58.7905
8.825066219154	3	(27.7648,302,1.895)	24.7264	-62.703
8.829642230819	0	(28.3258,241.895,1.895)	84.8344	-73.4112
8.830111458793	6	(27.2029,362.205,1.895)	35.4811	-65.8397
8.849149505596	7	(26.9952,384.453,1.895)	57.7302	-70.0679
8.904964017577	2	(24.6706,279.908,1.895)	44.9629	-67.8969
8.905159656343	8	(23.5473,400.261,1.895)	75.5891	-72.409
8.919172076066	1	(28.1008,265.992,1.895)	58.7893	-70.2258
8.920336667087	5	(24.1088,340.104,1.895)	15.7073	-58.7618
8.925066219154	3	(27.7835,299.992,1.895)	24.7872	-62.7243
8.929642230819	0	(28.3445,239.891,1.895)	84.8911	-73.417
8.930111458793	6	(27.2216,360.2,1.895)	35.4228	-65.8255
8.949149505596	7	(27.0129,382.559,1.895)	57.7829	-70.0758
9.004964017577	2	(24.6894,277.896,1.895)	45.0306	-67.9099
9.005159656343	8	(23.566,398.254,1.895)	75.5254	-72.4017
9.019172076066	1	(28.1192,264.02,1.895)	58.8166	-70.2298
9.020336667087	5	(24.1275,338.103,1.895)	15.652	-58.7312
9.025066219154	3	(27.8022,297.991,1.895)	24.8447	-62.7445
9.029642230819	0	(28.3632,237.883,1.895)	84.9554	-73.4236
9.030111458793	6	(27.2403,358.19,1.895)	35.3574	-65.8094
9.049149505596	7	(27.0306,380.661,1.895)	57.8287	-70.0827
9.104964017577	2	(24.7081,275.897,1.895)	45.0907	-67.9215
9.105159656343	8	(23.5847,396.251,1.895)	75.4617	-72.3943
9.110420700861	9	(26.6976,416.34,1.895)	95.4491	-74.4352
9.119172076066	1	(28.1377,262.042,1.895)	58.8562	-70.2356
9.120336667087	5	(24.1462,336.097,1.895)	15.5868	-58.6949
9.125066219154	3	(27.8209,295.989,1.895)	24.9072	-62.7663
9.129642230819	0	(28.3819,235.877,1.895)	85.0218	-73.4304
9.130111458793	6	(27.2591,356.181,1.895)	35.2876	-65.7922
9.149149505596	7	(27.0484,378.757,1.895)	57.8644	-70.088
9.204964017577	2	(24.7268,273.888,1.895)	45.1466	-67.9323
9.205159656343	8	(23.6035,394.241,1.895)	75.4052	-72.3878
9.210420700861	9	(26.7164,414.33,1.895)	95.3917	-74.43
9.219172076066	1	(28.1561,260.068,1.895)	58.8768	-70.2387
9.220336667087	5	(24.1649,334.089,1.895)	15.5327	-58.6647
9.225066219154	3	(27.8396,293.983,1.895)	24.9605	-62.7849
9.229642230819	0	(28.4006,233.878,1.895)	85.0688	-73.4352
9.230111458793	6	(27.2778,354.179,1.895)	35.2374	-65.7799
9.249149505596	7	(27.0662,376.845,1.895)	57.9051	-70.0941
9.304964017577	2	(24.7455,271.882,1.895)	45.1992	-67.9424
9.305159656343	8	(23.6222,392.234,1.895)	75.3518	-72.3817
9.310420700861	9	(26.735,412.329,1.895)	95.3439	-74.4256
9.319172076066	1	(28.1745,258.099,1.895)	58.8924	-70.241
9.320336667087	5	(24.1836,332.087,1.895)	15.4851	-58.6381
9.325066219154	3	(27.8583,291.974,1.895)	25.016	-62.8041
9.329642230819	0	(28.4193,231.874,1.895)	85.1187	-73.4403
9.330111458793	6	(27.2965,352.169,1.895)	35.1815	-65.7661
9.349149505596	7	(27.084,374.942,1.895)	57.9554	-70.1017
9.404964017577	2	(24.7642,269.881,1.895)	45.2404	-67.9503
9.405159656343	8	(23.641,390.224,1.895)	75.3009	-72.3758
9.410420700861	9	(26.7537,410.326,1.895)	95.3004	-74.4217
9.419172076066	1	(28.1929,256.127,1.895)	58.9055	-70.2429
9.420336667087	5	(24.2023,330.085,1.895)	15.4433	-58.6146
9.425066219154	3	(27.8771,289.966,1.895)	25.065	-62.8211
9.429642230819	0	(28.438,229.871,1.895)	85.1626	-73.4448
9.430111458793	6	(27.3153,350.159,1.895)	35.1312	-65.7537
9.449149505596	7	(27.1018,373.032,1.895)	58.0053	-70.1091
9.504964017577	2	(24.7829,267.874,1.895)	45.2876	-67.9594
9.505159656343	8	(23.6597,388.22,1.895)	75.2558	-72.3706
9.510420700861	9	(26.7725,408.316,1.895)	95.2496	-74.417
9.519172076066	1	(28.2114,254.15,1.895)	58.9232	-70.2455
9.520336667087	5	(24.221,328.079,1.895)	15.3979	-58.589
9.525066219154	3	(27.8958,287.956,1.895)	25.1148	-62.8384
9.529642230819	0	(28.4566,227.87,1.895)	85.2041	-73.449
9.530111458793	6	(27.334,348.15,1.895)	35.0809	-65.7412
9.549149505596	7	(27.1197,371.118,1.895)	58.0503	-70.1159
9.604964017577	2	(24.8017,265.867,1.895)	45.3414	-67.9697
9.605159656343	8	(23.6784,386.22,1.895)	75.2095	-72.3652
9.610420700861	9	(26.7912,406.306,1.895)	95.1938	-74.412
9.619172076066	1	(28.2297,252.181,1.895)	58.9382	-70.2477
9.620336667087	5	(24.2397,326.076,1.895)	15.3498	-58.5619
9.625066219154	3	(27.9145,285.954,1.895)	25.1638	-62.8553
9.629642230819	0	(28.4754,225.858,1.895)	85.2624	-73.4549
9.630111458793	6	(27.3528,346.139,1.895)	35.0234	-65.727
9.649149505596	7	(27.1375,369.207,1.895)	58.0926	-70.1222
9.704964017577	2	(24.8204,263.856,1.895)	45.4065	-67.9821
9.705159656343	8	(23.6971,384.215,1.895)	75.1504	-72.3584
9.710420700861	9	(26.81,404.298,1.895)	95.1312	-74.4062
9.719172076066	1	(28.2482,250.201,1.895)	58.9726	-70.2528
9.720336667087	5	(24.2584,324.074,1.895)	15.2946	-58.5306
9.725066219154	3	(27.9333,283.943,1.895)	25.2295	-62.878
9.729642230819	0	(28.4941,223.856,1.895)	85.3192	-73.4607
9.730111458793	6	(27.3716,344.13,1.895)	34.9598	-65.7112
9.749149505596	7	(27.1554,367.285,1.895)	58.1165	-70.1258
9.804964017577	2	(24.8392,261.847,1.895)	45.4602	-67.9924
9.805159656343	8	(23.7158,382.205,1.895)	75.0947	-72.352
9.810420700861	9	(26.8287,402.297,1.895)	95.0849	-74.402
9.819172076066	1	(28.2667,248.221,1.895)	58.9981	-70.2565
9.820336667087	5	(24.2771,322.071,1.895)	15.2475	-58.5038
9.825066219154	3	(27.952,281.938,1.895)	25.2794	-62.8951
9.829642230819	0	(28.5129,221.845,1.895)	85.3755	-73.4665
9.830111458793	6	(27.3903,342.118,1.895)	34.9028	-65.697
9.849149505596	7	(27.1733,365.368,1.895)	58.1542	-70.1314
9.904964017577	2	(24.8579,259.846,1.895)	45.5003	-68.0001
9.905159656343	8	(23.7346,380.196,1.895)	75.0481	-72.3466
9.910420700861	9	(26.8474,400.293,1.895)	95.042	-74.3981
9.919172076066	1	(28.2852,246.24,1.895)	59.0172	-70.2594
9.920336667087	5	(24.2957,320.072,1.895)	15.2108	-58.4829
9.925066219154	3	(27.9708,279.929,1.895)	25.3274	-62.9116
9.929642230819	0	(28.5316,219.842,1.895)	85.4168	-73.4707
9.930111458793	6	(27.4091,340.112,1.895)	34.8591	-65.6861
9.949149505596	7	(27.1913,363.444,1.895)	58.1921	-70.1371
10.004964017577	2	(24.8765,257.846,1.895)	45.5446	-68.0085
10.005159656343	8	(23.7532,378.196,1.895)	75.0024	-72.3413
10.010420700861	9	(26.866,398.292,1.895)	94.9963	-74.3939
10.019172076066	1	(28.3036,244.263,1.895)	59.0398	-70.2627
10.020336667087	5	(24.3144,318.07,1.895)	15.1651	-58.4567
10.025066219154	3	(27.9895,277.919,1.895)	25.3817	-62.9302
10.029642230819	0	(28.5503,217.838,1.895)	85.466	-73.4757
10.030111458793	6	(27.4278,338.106,1.895)	34.8079	-65.6733
10.049149505596	7	(27.2092,361.522,1.895)	58.224	-70.1418
10.104964017577	2	(24.8952,255.847,1.895)	45.5843	-68.0161
10.105159656343	8	(23.7719,376.196,1.895)	74.9625	-72.3367
10.110420700861	9	(26.8848,396.287,1.895)	94.9506	-74.3897
10.119172076066	1	(28.3221,242.29,1.895)	59.0531	-70.2646
10.120336667087	5	(24.3331,316.065,1.895)	15.1205	-58.4311
10.125066219154	3	(28.0082,275.914,1.895)	25.4276	-62.9459
10.129642230819	0	(28.569,215.835,1.895)	85.5089	-73.48
10.130111458793	6	(27.4465,336.104,1.895)	34.7649	-65.6626
10.149149505596	7	(27.2271,359.605,1.895)	58.267	-70.1482
10.204964017577	2	(24.9139,253.839,1.895)	45.6265	-68.0241
10.205159656343	8	(23.7906,374.195,1.895)	74.9275	-72.3326
10.210420700861	9	(26.9034,394.286,1.895)	94.9156	-74.3865
10.219172076066	1	(28.3405,240.315,1.895)	59.0621	-70.266
10.220336667087	5	(24.3518,314.064,1.895)	15.0861	-58.4113
10.225066219154	3	(28.0269,273.912,1.895)	25.4638	-62.9582
10.229642230819	0	(28.5877,213.826,1.895)	85.5526	-73.4845
10.230111458793	6	(27.4651,334.104,1.895)	34.7313	-65.6542
10.249149505596	7	(27.2451,357.682,1.895)	58.3102	-70.1547
10.304964017577	2	(24.9327,251.829,1.895)	45.6793	-68.0342
10.305159656343	8	(23.8092,372.196,1.895)	74.8854	-72.3277
10.310420700861	9	(26.9222,392.278,1.895)	94.8641	-74.3818
10.319172076066	1	(28.359,238.332,1.895)	59.0878	-70.2697
10.320336667087	5	(24.3705,312.062,1.895)	15.0425	-58.3862
10.325066219154	3	(28.0456,271.91,1.895)	25.5089	-62.9736
10.329642230819	0	(28.6064,211.827,1.895)	85.5947	-73.4887
10.330111458793	6	(27.4839,332.092,1.895)	34.6764	-65.6405
10.349149505596	7	(27.263,355.765,1.895)	58.3499	-70.1606
10.404964017577	2	(24.9514,249.822,1.895)	45.7242	-68.0427
10.405159656343	8	(23.828,370.186,1.895)	74.8374	-72.3222
10.410420700861	9	(26.9409,390.267,1.895)	94.8159	-74.3774
10.419172076066	1	(28.3774,236.362,1.895)	59.0959	-70.2709
10.420336667087	5	(24.3892,310.056,1.895)	14.9991	-58.3611
10.425066219154	3	(28.0644,269.902,1.895)	25.5549	-62.9893
10.429642230819	0	(28.6251,209.82,1.895)	85.639	-73.4932
10.430111458793	6	(27.5026,330.086,1.895)	34.6318	-65.6293
10.449149505596	7	(27.281,353.834,1.895)	58.3807	-70.1652
10.504964017577	2	(24.9702,247.813,1.895)	45.7754	-68.0524
10.505159656343	8	(23.8468,368.175,1.895)	74.7845	-72.316
10.510420700861	9	(26.9596,388.265,1.895)	94.7719	-74.3734
10.519172076066	1	(28.3958,234.386,1.895)	59.1144	-70.2737
10.520336667087	5	(24.4079,308.056,1.895)	14.9587	-58.3376
10.525066219154	3	(28.0831,267.897,1.895)	25.6017	-63.0052
10.529642230819	0	(28.6438,207.814,1.895)	85.688	-73.4982
10.530111458793	6	(27.5214,328.078,1.895)	34.582	-65.6168
10.549149505596	7	(27.2989,351.911,1.895)	58.4157	-70.1704
10.604964017577	2	(24.9889,245.813,1.895)	45.8081	-68.0586
10.605159656343	8	(23.8655,366.174,1.895)	74.75	-72.312
10.610420700861	9	(26.9783,386.264,1.895)	94.7372	-74.3702
10.619172076066	1	(28.4143,232.402,1.895)	59.1311	-70.2761
10.620336667087	5	(24.4266,306.05,1.895)	14.9203	-58.3154
10.625066219154	3	(28.1018,265.89,1.895)	25.6413	-63.0186
10.629642230819	0	(28.6626,205.806,1.895)	85.728	-73.5022
10.630111458793	6	(27.5401,326.07,1.895)	34.5412	-65.6065
10.649149505596	7	(27.317,349.979,1.895)	58.4509	-70.1756
10.704964017577	2	(25.0076,243.804,1.895)	45.8555	-68.0676
10.705159656343	8	(23.8842,364.163,1.895)	74.7013	-72.3064
10.710420700861	9	(26.997,384.259,1.895)	94.6937	-74.3662
10.719172076066	1	(28.4329,230.414,1.895)	59.1581	-70.2801
10.720336667087	5	(24.4453,304.05,1.895)	14.8829	-58.2935
10.725066219154	3	(28.1205,263.891,1.895)	25.6794	-63.0315
10.729642230819	0	(28.6813,203.799,1.895)	85.7743	-73.5069
10.730111458793	6	(27.5589,324.058,1.895)	34.4909	-65.5939
10.749149505596	7	(27.3351,348.04,1.895)	58.4732	-70.1789
10.804964017577	2	(25.0263,241.802,1.895)	45.8928	-68.0747
10.805159656343	8	(23.903,362.153,1.895)	74.6558	-72.3011
10.810420700861	9	(27.0157,382.257,1.895)	94.6567	-74.3628
10.819172076066	1	(28.4515,228.425,1.895)	59.1825	-70.2837
10.820336667087	5	(24.464,302.042,1.895)	14.8405	-58.2687
10.825066219154	3	(28.1392,261.882,1.895)	25.7236	-63.0464
10.829642230819	0	(28.7,201.798,1.895)	85.8103	-73.5106
10.830111458793	6	(27.5776,322.055,1.895)	34.4522	-65.5841
10.849149505596	7	(27.3531,346.105,1.895)	58.5027	-70.1833
10.904964017577	2	(25.045,239.793,1.895)	45.9385	-68.0833
10.905159656343	8	(23.9217,360.147,1.895)	74.6123	-72.296
10.910420700861	9	(27.0345,380.246,1.895)	94.6089	-74.3584
10.919172076066	1	(28.4699,226.448,1.895)	59.1966	-70.2857
10.920336667087	5	(24.4828,300.036,1.895)	14.7981	-58.2439
10.925066219154	3	(28.1579,259.881,1.895)	25.7619	-63.0594
10.929642230819	0	(28.7187,199.796,1.895)	85.8496	-73.5146
10.930111458793	6	(27.5963,320.048,1.895)	34.4081	-65.573
10.949149505596	7	(27.3711,344.176,1.895)	58.5371	-70.1884
11.004964017577	2	(25.0638,237.785,1.895)	45.9822	-68.0916
11.005159656343	8	(23.9405,358.137,1.895)	74.5667	-72.2907
11.010420700861	9	(27.0532,378.241,1.895)	94.5675	-74.3546
11.019172076066	1	(28.4885,224.462,1.895)	59.2174	-70.2888
11.020336667087	5	(24.5015,298.027,1.895)	14.7553	-58.2187
11.025066219154	3	(28.1766,257.875,1.895)	25.8031	-63.0732
11.029642230819	0	(28.7374,197.792,1.895)	85.8893	-73.5186
11.030111458793	6	(27.615,318.043,1.895)	34.367	-65.5626
11.049149505596	7	(27.3892,342.237,1.895)	58.5625	-70.1922
11.104964017577	2	(25.0825,235.779,1.895)	46.0187	-68.0985
11.105159656343	8	(23.9592,356.134,1.895)	74.5331	-72.2868
11.110420700861	9	(27.0719,376.239,1.895)	94.5357	-74.3517
11.119172076066	1	(28.5069,222.483,1.895)	59.227	-70.2902
11.120336667087	5	(24.5202,296.022,1.895)	14.7205	-58.1983
11.125066219154	3	(28.1953,255.874,1.895)	25.8345	-63.0838
11.129642230819	0	(28.7561,195.785,1.895)	85.9261	-73.5223
11.130111458793	6	(27.6338,316.036,1.895)	34.3301	-65.5533
11.149149505596	7	(27.4073,340.299,1.895)	58.5942	-70.1969
11.204964017577	2	(25.1013,233.769,1.895)	46.0675	-68.1077
11.205159656343	8	(23.9778,354.132,1.895)	74.4921	-72.282
11.210420700861	9	(27.0905,374.238,1.895)	94.4953	-74.348
11.219172076066	1	(28.5255,220.494,1.895)	59.2559	-70.2944
11.220336667087	5	(24.5389,294.017,1.895)	14.677	-58.1725
11.225066219154	3	(28.214,253.871,1.895)	25.8773	-63.0982
11.229642230819	0	(28.7749,193.775,1.895)	85.9763	-73.5274
11.230111458793	6	(27.6525,314.027,1.895)	34.2815	-65.541
11.249149505596	7	(27.4254,338.365,1.895)	58.6204	-70.2008
11.304964017577	2	(25.1199,231.767,1.895)	46.1043	-68.1146
11.305159656343	8	(23.9966,352.124,1.895)	74.4485	-72.2769
11.310420700861	9	(27.1092,372.238,1.895)	94.4599	-74.3447
11.319172076066	1	(28.5441,218.504,1.895)	59.2805	-70.298
11.320336667087	5	(24.5576,292.014,1.895)	14.6398	-58.1505
11.325066219154	3	(28.2327,251.86,1.895)	25.9235	-63.1137
11.329642230819	0	(28.7936,191.765,1.895)	86.0211	-73.5319
11.330111458793	6	(27.6713,312.015,1.895)	34.2345	-65.5291
11.349149505596	7	(27.4435,336.42,1.895)	58.6404	-70.2037
11.404964017577	2	(25.1387,229.76,1.895)	46.1321	-68.1199
11.405159656343	8	(24.0153,350.114,1.895)	74.4184	-72.2734
11.410420700861	9	(27.1279,370.232,1.895)	94.4335	-74.3423
11.419172076066	1	(28.5626,216.517,1.895)	59.2891	-70.2993
11.420336667087	5	(24.5764,290.004,1.895)	14.6096	-58.1326
11.425066219154	3	(28.2514,249.86,1.895)	25.9442	-63.1206
11.429642230819	0	(28.8123,189.763,1.895)	86.0437	-73.5342
11.430111458793	6	(27.69,310.013,1.895)	34.211	-65.5231
11.449149505596	7	(27.4616,334.479,1.895)	58.6783	-70.2093
11.504964017577	2	(25.1574,227.749,1.895)	46.1795	-68.1288
11.505159656343	8	(24.0341,348.109,1.895)	74.3767	-72.2685
11.510420700861	9	(27.1467,368.223,1.895)	94.3872	-74.3381
11.519172076066	1	(28.5811,214.533,1.895)	59.3093	-70.3022
11.520336667087	5	(24.5951,287.998,1.895)	14.5683	-58.108
11.525066219154	3	(28.2701,247.854,1.895)	25.9864	-63.1347
11.529642230819	0	(28.831,187.763,1.895)	86.0808	-73.5379
11.530111458793	6	(27.7087,308.006,1.895)	34.1679	-65.5122
11.549149505596	7	(27.4797,332.546,1.895)	58.7088	-70.2139
11.604964017577	2	(25.1761,225.746,1.895)	46.2131	-68.1351
11.605159656343	8	(24.0528,346.098,1.895)	74.3351	-72.2637
11.610420700861	9	(27.1655,366.213,1.895)	94.3469	-74.3343
11.619172076066	1	(28.5996,212.552,1.895)	59.3208	-70.3039
11.620336667087	5	(24.6138,285.992,1.895)	14.5333	-58.0871
11.625066219154	3	(28.2888,245.85,1.895)	26.0213	-63.1464
11.629642230819	0	(28.8497,185.761,1.895)	86.1127	-73.5411
11.630111458793	6	(27.7275,305.996,1.895)	34.1278	-65.502
11.649149505596	7	(27.4978,330.603,1.895)	58.7356	-70.2178
11.704964017577	2	(25.1948,223.743,1.895)	46.2448	-68.1411
11.705159656343	8	(24.0716,344.089,1.895)	74.2981	-72.2593
11.710420700861	9	(27.1842,364.203,1.895)	94.3083	-74.3308
11.719172076066	1	(28.6182,210.565,1.895)	59.3361	-70.3062
11.720336667087	5	(24.6325,283.989,1.895)	14.502	-58.0683
11.725066219154	3	(28.3076,243.842,1.895)	26.0578	-63.1585
11.729642230819	0	(28.8684,183.756,1.895)	86.1464	-73.5445
11.730111458793	6	(27.7462,303.986,1.895)	34.089	-65.4921
11.749149505596	7	(27.5159,328.661,1.895)	58.7654	-70.2222
11.804964017577	2	(25.2136,221.733,1.895)	46.2806	-68.1478
11.805159656343	8	(24.0903,342.089,1.895)	74.2716	-72.2562
11.810420700861	9	(27.203,362.192,1.895)	94.271	-74.3274
11.819172076066	1	(28.6367,208.581,1.895)	59.3467	-70.3077
11.820336667087	5	(24.6513,281.978,1.895)	14.4663	-58.0469
11.825066219154	3	(28.3263,241.831,1.895)	26.0949	-63.1709
11.829642230819	0	(28.8871,181.752,1.895)	86.1772	-73.5476
11.830111458793	6	(27.7649,301.986,1.895)	34.0625	-65.4853
11.849149505596	7	(27.5341,326.717,1.895)	58.795	-70.2266
11.904964017577	2	(25.2323,219.727,1.895)	46.3155	-68.1543
11.905159656343	8	(24.1089,340.087,1.895)	74.2401	-72.2526
11.910420700861	9	(27.2217,360.186,1.895)	94.2362	-74.3241
11.919172076066	1	(28.6552,206.595,1.895)	59.3617	-70.3099
11.920336667087	5	(24.67,279.977,1.895)	14.4366	-58.0291
11.925066219154	3	(28.3451,239.82,1.895)	26.1347	-63.1842
11.929642230819	0	(28.9058,179.751,1.895)	86.2068	-73.5506
11.930111458793	6	(27.7836,299.98,1.895)	34.0271	-65.4763
11.949149505596	7	(27.5522,324.778,1.895)	58.8267	-70.2313
12.004964017577	2	(25.251,217.725,1.895)	46.3431	-68.1595
12.005159656343	8	(24.1277,338.079,1.895)	74.2076	-72.2488
12.010420700861	9	(27.2404,358.184,1.895)	94.2094	-74.3217
12.019172076066	1	(28.6737,204.617,1.895)	59.365	-70.3104
12.020336667087	5	(24.6887,277.973,1.895)	14.4081	-58.0119
12.025066219154	3	(28.3639,237.809,1.895)	26.1712	-63.1963
12.029642230819	0	(28.9244,177.748,1.895)	86.2343	-73.5534
12.030111458793	6	(27.8023,297.977,1.895)	33.9998	-65.4693
12.049149505596	7	(27.5704,322.827,1.895)	58.8503	-70.2348
12.104964017577	2	(25.2698,215.715,1.895)	46.374	-68.1653
12.105159656343	8	(24.1464,336.078,1.895)	74.1849	-72.2461
12.110420700861	9	(27.259,356.185,1.895)	94.1886	-74.3198
12.119172076066	1	(28.6921,202.639,1.895)	59.3641	-70.3103
12.120336667087	5	(24.7075,275.961,1.895)	14.3761	-57.9926
12.125066219154	3	(28.3826,235.8,1.895)	26.2012	-63.2062
12.129642230819	0	(28.9432,175.74,1.895)	86.2634	-73.5563
12.130111458793	6	(27.821,295.972,1.895)	33.9732	-65.4625
12.149149505596	7	(27.5885,320.882,1.895)	58.8844	-70.2398
12.204964017577	2	(25.2884,213.714,1.895)	46.399	-68.17
12.205159656343	8	(24.1651,334.072,1.895)	74.1547	-72.2426
12.210420700861	9	(27.2778,354.175,1.895)	94.1544	-74.3166
12.219172076066	1	(28.7106,200.656,1.895)	59.3713	-70.3113
12.220336667087	5	(24.7262,273.956,1.895)	14.3479	-57.9756
12.225066219154	3	(28.4013,233.796,1.895)	26.2294	-63.2156
12.229642230819	0	(28.962,173.73,1.895)	86.2984	-73.5598
12.230111458793	6	(27.8397,293.971,1.895)	33.9482	-65.4561
12.249149505596	7	(27.6067,318.937,1.895)	58.9148	-70.2443
12.304964017577	2	(25.3071,211.714,1.895)	46.4276	-68.1753
12.305159656343	8	(24.1838,332.07,1.895)	74.1248	-72.2391
12.310420700861	9	(27.2965,352.175,1.895)	94.1262	-74.314
12.319172076066	1	(28.7293,198.66,1.895)	59.3959	-70.3149
12.320336667087	5	(24.7448,271.957,1.895)	14.3211	-57.9593
12.325066219154	3	(28.4201,231.785,1.895)	26.2687	-63.2286
12.329642230819	0	(28.9807,171.719,1.895)	86.3378	-73.5638
12.330111458793	6	(27.8584,291.967,1.895)	33.9159	-65.4479
12.349149505596	7	(27.6249,316.989,1.895)	58.9383	-70.2477
12.404964017577	2	(25.3259,209.703,1.895)	46.4637	-68.1821
12.405159656343	8	(24.2025,330.064,1.895)	74.0933	-72.2354
12.410420700861	9	(27.3152,350.167,1.895)	94.0931	-74.3109
12.419172076066	1	(28.7479,196.665,1.895)	59.4162	-70.3179
12.420336667087	5	(24.7635,269.957,1.895)	14.2969	-57.9446
12.425066219154	3	(28.4388,229.783,1.895)	26.2964	-63.2377
12.429642230819	0	(28.9994,169.713,1.895)	86.3691	-73.567
12.430111458793	6	(27.8771,289.965,1.895)	33.8884	-65.4408
12.449149505596	7	(27.6431,315.032,1.895)	58.9569	-70.2505
12.504964017577	2	(25.3445,207.704,1.895)	46.4836	-68.1858
12.505159656343	8	(24.2212,328.057,1.895)	74.0656	-72.2321
12.510420700861	9	(27.3339,348.166,1.895)	94.0717	-74.309
12.519172076066	1	(28.7665,194.674,1.895)	59.4269	-70.3194
12.520336667087	5	(24.7823,267.947,1.895)	14.2669	-57.9264
12.525066219154	3	(28.4575,227.776,1.895)	26.3237	-63.2467
12.529642230819	0	(29.0182,167.707,1.895)	86.3958	-73.5696
12.530111458793	6	(27.8958,287.96,1.895)	33.8629	-65.4343
12.549149505596	7	(27.6614,313.078,1.895)	58.9824	-70.2542
12.604964017577	2	(25.3633,205.697,1.895)	46.5187	-68.1923
12.605159656343	8	(24.2399,326.057,1.895)	74.0373	-72.2288
12.610420700861	9	(27.3527,346.155,1.895)	94.0324	-74.3053
12.619172076066	1	(28.7851,192.68,1.895)	59.4493	-70.3227
12.620336667087	5	(24.801,265.942,1.895)	14.2343	-57.9065
12.625066219154	3	(28.4762,225.772,1.895)	26.3563	-63.2575
12.629642230819	0	(29.0369,165.703,1.895)	86.4274	-73.5728
12.630111458793	6	(27.9146,285.949,1.895)	33.8237	-65.4242
12.649149505596	7	(27.6796,311.13,1.895)	59.0056	-70.2577
12.704964017577	2	(25.382,203.691,1.895)	46.5506	-68.1983
12.705159656343	8	(24.2586,324.049,1.895)	74.0037	-72.2249
12.710420700861	9	(27.3714,344.15,1.895)	94.0013	-74.3025
12.719172076066	1	(28.8037,190.691,1.895)	59.465	-70.325
12.720336667087	5	(24.8197,263.931,1.895)	14.1982	-57.8845
12.725066219154	3	(28.495,223.763,1.895)	26.3911	-63.2689
12.729642230819	0	(29.0556,163.693,1.895)	86.4642	-73.5765
12.730111458793	6	(27.9333,283.948,1.895)	33.7967	-65.4173
12.749149505596	7	(27.6979,309.165,1.895)	59.0146	-70.259
12.804964017577	2	(25.4008,201.679,1.895)	46.5788	-68.2036
12.805159656343	8	(24.2774,322.043,1.895)	73.9808	-72.2222
12.810420700861	9	(27.3901,342.146,1.895)	93.9803	-74.3005
12.819172076066	1	(28.8223,188.692,1.895)	59.4802	-70.3272
12.820336667087	5	(24.8385,261.926,1.895)	14.177	-57.8715
12.825066219154	3	(28.5137,221.758,1.895)	26.4126	-63.276
12.829642230819	0	(29.0743,161.689,1.895)	86.4843	-73.5785
12.830111458793	6	(27.952,281.937,1.895)	33.7686	-65.41
12.849149505596	7	(27.7161,307.21,1.895)	59.0427	-70.2631
12.904964017577	2	(25.4195,199.671,1.895)	46.6051	-68.2084
12.905159656343	8	(24.2961,320.033,1.895)	73.9529	-72.2189
12.910420700861	9	(27.4088,340.137,1.895)	93.9538	-74.2981
12.919172076066	1	(28.8409,186.699,1.895)	59.4914	-70.3289
12.920336667087	5	(24.8571,259.924,1.895)	14.1579	-57.8598
12.925066219154	3	(28.5324,219.753,1.895)	26.4358	-63.2837
12.929642230819	0	(29.0931,159.682,1.895)	86.5091	-73.581
12.930111458793	6	(27.9707,279.938,1.895)	33.7517	-65.4057
12.949149505596	7	(27.7344,305.25,1.895)	59.0652	-70.2664
13.004964017577	2	(25.4382,197.671,1.895)	46.6216	-68.2115
13.005159656343	8	(24.3148,318.034,1.895)	73.9366	-72.217
13.010420700861	9	(27.4275,338.136,1.895)	93.935	-74.2963
13.019172076066	1	(28.8595,184.707,1.895)	59.5002	-70.3302
13.020336667087	5	(24.8759,257.917,1.895)	14.1342	-57.8452
13.025066219154	3	(28.5511,217.745,1.895)	26.4611	-63.2919
13.029642230819	0	(29.1118,157.671,1.895)	86.5378	-73.5839
13.030111458793	6	(27.9894,277.936,1.895)	33.7332	-65.4009
13.049149505596	7	(27.7526,303.3,1.895)	59.0977	-70.2712
13.104964017577	2	(25.4569,195.666,1.895)	46.65	-68.2168
13.105159656343	8	(24.3334,316.035,1.895)	73.9146	-72.2144
13.110420700861	9	(27.4463,336.125,1.895)	93.901	-74.2932
13.119172076066	1	(28.8782,182.707,1.895)	59.523	-70.3335
13.120336667087	5	(24.8946,255.913,1.895)	14.1084	-57.8293
13.125066219154	3	(28.5699,215.737,1.895)	26.492	-63.3021
13.129642230819	0	(29.1306,155.664,1.895)	86.5679	-73.5869
13.130111458793	6	(28.008,275.935,1.895)	33.7087	-65.3946
13.149149505596	7	(27.7709,301.343,1.895)	59.1175	-70.2741
13.204964017577	2	(25.4756,193.657,1.895)	46.6797	-68.2223
13.205159656343	8	(24.3521,314.031,1.895)	73.8904	-72.2115
13.210420700861	9	(27.4649,334.124,1.895)	93.8792	-74.2912
13.219172076066	1	(28.8968,180.713,1.895)	59.5381	-70.3357
13.220336667087	5	(24.9133,253.91,1.895)	14.0851	-57.815
13.225066219154	3	(28.5886,213.733,1.895)	26.5166	-63.3102
13.229642230819	0	(29.1493,153.657,1.895)	86.5959	-73.5897
13.230111458793	6	(28.0267,273.935,1.895)	33.6879	-65.3893
13.249149505596	7	(27.7892,299.387,1.895)	59.1411	-70.2776
13.304964017577	2	(25.4944,191.651,1.895)	46.7104	-68.2281
13.305159656343	8	(24.3708,312.027,1.895)	73.8613	-72.2081
13.310420700861	9	(27.4837,332.118,1.895)	93.8486	-74.2883
13.319172076066	1	(28.9154,178.719,1.895)	59.5563	-70.3383
13.320336667087	5	(24.932,251.905,1.895)	14.0561	-57.7971
13.325066219154	3	(28.6073,211.732,1.895)	26.5423	-63.3186
13.329642230819	0	(29.168,151.65,1.895)	86.6267	-73.5928
13.330111458793	6	(28.0454,271.933,1.895)	33.6611	-65.3824
13.349149505596	7	(27.8074,297.431,1.895)	59.1605	-70.2804
13.404964017577	2	(25.5131,189.643,1.895)	46.7349	-68.2326
13.405159656343	8	(24.3895,310.025,1.895)	73.8428	-72.206
13.410420700861	9	(27.5024,330.112,1.895)	93.8252	-74.2862
13.419172076066	1	(28.9339,176.734,1.895)	59.5588	-70.3387
13.420336667087	5	(24.9506,249.906,1.895)	14.0399	-57.7871
13.425066219154	3	(28.626,209.725,1.895)	26.5664	-63.3265
13.429642230819	0	(29.1868,149.643,1.895)	86.6512	-73.5953
13.430111458793	6	(28.0641,269.93,1.895)	33.6414	-65.3773
13.449149505596	7	(27.8257,295.469,1.895)	59.1816	-70.2835
13.504964017577	2	(25.5318,187.636,1.895)	46.7666	-68.2385
13.505159656343	8	(24.4082,308.024,1.895)	73.8172	-72.2029
13.510420700861	9	(27.5211,328.111,1.895)	93.8005	-74.2839
13.519172076066	1	(28.9524,174.749,1.895)	59.5687	-70.3402
13.520336667087	5	(24.9693,247.906,1.895)	14.0165	-57.7726
13.525066219154	3	(28.6447,207.718,1.895)	26.5978	-63.3367
13.529642230819	0	(29.2055,147.634,1.895)	86.6842	-73.5986
13.530111458793	6	(28.0828,267.927,1.895)	33.6141	-65.3702
13.549149505596	7	(27.844,293.516,1.895)	59.2036	-70.2868
13.604964017577	2	(25.5506,185.628,1.895)	46.787	-68.2423
13.605159656343	8	(24.4269,306.025,1.895)	73.8057	-72.2016
13.610420700861	9	(27.5397,326.111,1.895)	93.7877	-74.2827
13.619172076066	1	(28.9711,172.752,1.895)	59.5778	-70.3415
13.620336667087	5	(24.9881,245.896,1.895)	13.9944	-57.7589
13.625066219154	3	(28.6635,205.709,1.895)	26.6192	-63.3437
13.629642230819	0	(29.2243,145.626,1.895)	86.7055	-73.6007
13.630111458793	6	(28.1015,265.922,1.895)	33.5961	-65.3656
13.649149505596	7	(27.8622,291.562,1.895)	59.2369	-70.2916
13.704964017577	2	(25.5693,183.619,1.895)	46.8143	-68.2474
13.705159656343	8	(24.4455,304.022,1.895)	73.7843	-72.1991
13.710420700861	9	(27.5584,324.107,1.895)	93.7654	-74.2806
13.719172076066	1	(28.9897,170.753,1.895)	59.5958	-70.3441
13.720336667087	5	(25.0068,243.888,1.895)	13.9693	-57.7433
13.725066219154	3	(28.6821,203.709,1.895)	26.6378	-63.3497
13.729642230819	0	(29.243,143.619,1.895)	86.731	-73.6033
13.730111458793	6	(28.1203,263.911,1.895)	33.5671	-65.3581
13.749149505596	7	(27.8805,289.603,1.895)	59.2599	-70.295
13.804964017577	2	(25.5881,181.611,1.895)	46.8483	-68.2537
13.805159656343	8	(24.4643,302.015,1.895)	73.7517	-72.1952
13.810420700861	9	(27.5771,322.106,1.895)	93.7381	-74.2781
13.819172076066	1	(29.0084,168.759,1.895)	59.6155	-70.347
13.820336667087	5	(25.0256,241.878,1.895)	13.9345	-57.7216
13.825066219154	3	(28.7009,201.701,1.895)	26.6712	-63.3606
13.829642230819	0	(29.2617,141.612,1.895)	86.7638	-73.6066
13.830111458793	6	(28.139,261.908,1.895)	33.5383	-65.3506
13.849149505596	7	(27.8989,287.631,1.895)	59.2624	-70.2954
13.904964017577	2	(25.6068,179.601,1.895)	46.8779	-68.2591
13.905159656343	8	(24.483,300.009,1.895)	73.7256	-72.1922
13.910420700861	9	(27.5958,320.103,1.895)	93.7158	-74.276
13.919172076066	1	(29.027,166.763,1.895)	59.6307	-70.3492
13.920336667087	5	(25.0443,239.873,1.895)	13.9098	-57.7062
13.925066219154	3	(28.7196,199.701,1.895)	26.6916	-63.3673
13.929642230819	0	(29.2805,139.603,1.895)	86.7918	-73.6094
13.930111458793	6	(28.1577,259.901,1.895)	33.5109	-65.3435
13.949149505596	7	(27.9172,285.665,1.895)	59.276	-70.2974
14.004964017577	2	(25.6256,177.596,1.895)	46.9091	-68.2649
14.005159656343	8	(24.5017,298.01,1.895)	73.7001	-72.1891
14.010420700861	9	(27.6145,318.096,1.895)	93.6824	-74.273
14.019172076066	1	(29.0456,164.771,1.895)	59.6487	-70.3518
14.020336667087	5	(25.063,237.868,1.895)	13.8801	-57.6876
14.025066219154	3	(28.7383,197.696,1.895)	26.7224	-63.3773
14.029642230819	0	(29.2992,137.594,1.895)	86.8271	-73.6129
14.030111458793	6	(28.1764,257.896,1.895)	33.4798	-65.3354
14.049149505596	7	(27.9355,283.703,1.895)	59.2886	-70.2992
14.104964017577	2	(25.6442,175.594,1.895)	46.9346	-68.2697
14.105159656343	8	(24.5204,296.007,1.895)	73.6739	-72.1861
14.110420700861	9	(27.6332,316.093,1.895)	93.6563	-74.2705
14.119172076066	1	(29.0641,162.782,1.895)	59.6612	-70.3536
14.120336667087	5	(25.0818,235.857,1.895)	13.8461	-57.6663
14.125066219154	3	(28.757,195.686,1.895)	26.7561	-63.3882
14.129642230819	0	(29.318,135.584,1.895)	86.8606	-73.6162
14.130111458793	6	(28.1951,255.893,1.895)	33.4536	-65.3286
14.149149505596	7	(27.9539,281.737,1.895)	59.2983	-70.3006
14.204964017577	2	(25.663,173.583,1.895)	46.9564	-68.2737
14.205159656343	8	(24.5391,293.999,1.895)	73.6549	-72.1838
14.210420700861	9	(27.652,314.086,1.895)	93.6383	-74.2689
14.219172076066	1	(29.0828,160.782,1.895)	59.6727	-70.3553
14.220336667087	5	(25.1005,233.853,1.895)	13.8317	-57.6573
14.225066219154	3	(28.7758,193.68,1.895)	26.7731	-63.3938
14.229642230819	0	(29.3367,133.581,1.895)	86.8747	-73.6177
14.230111458793	6	(28.2138,253.89,1.895)	33.4398	-65.3251
14.249149505596	7	(27.9723,279.767,1.895)	59.3177	-70.3035
14.304964017577	2	(25.6817,171.579,1.895)	46.9815	-68.2783
14.305159656343	8	(24.5578,291.992,1.895)	73.6269	-72.1805
14.310420700861	9	(27.6706,312.087,1.895)	93.618	-74.267
14.319172076066	1	(29.1013,158.796,1.895)	59.6792	-70.3562
14.320336667087	5	(25.1192,231.842,1.895)	13.8009	-57.6379
14.325066219154	3	(28.7945,191.669,1.895)	26.8052	-63.4042
14.329642230819	0	(29.3553,131.581,1.895)	86.8952	-73.6197
14.330111458793	6	(28.2326,251.878,1.895)	33.407	-65.3165
14.349149505596	7	(27.9906,277.802,1.895)	59.3316	-70.3055
14.404964017577	2	(25.7005,169.57,1.895)	46.999	-68.2816
14.405159656343	8	(24.5765,289.988,1.895)	73.6135	-72.1789
14.410420700861	9	(27.6893,310.087,1.895)	93.6095	-74.2662
14.419172076066	1	(29.1198,156.814,1.895)	59.671	-70.3551
14.420336667087	5	(25.138,229.832,1.895)	13.7823	-57.6262
14.425066219154	3	(28.8133,189.66,1.895)	26.8236	-63.4101
14.429642230819	0	(29.3741,129.573,1.895)	86.913	-73.6215
14.430111458793	6	(28.2513,249.874,1.895)	33.3934	-65.313
14.449149505596	7	(28.009,275.829,1.895)	59.3492	-70.3081
14.504964017577	2	(25.7192,167.562,1.895)	47.0157	-68.2846
14.505159656343	8	(24.5953,287.982,1.895)	73.5992	-72.1773
14.510420700861	9	(27.708,308.085,1.895)	93.5985	-74.2652
14.519172076066	1	(29.1385,154.817,1.895)	59.6763	-70.3558
14.520336667087	5	(25.1568,227.824,1.895)	13.7661	-57.616
14.525066219154	3	(28.8321,187.648,1.895)	26.8435	-63.4166
14.529642230819	0	(29.3927,127.573,1.895)	86.9207	-73.6223
14.530111458793	6	(28.2699,247.874,1.895)	33.3846	-65.3107
14.549149505596	7	(28.0274,273.86,1.895)	59.3726	-70.3115
14.604964017577	2	(25.7379,165.554,1.895)	47.036	-68.2884
14.605159656343	8	(24.614,285.974,1.895)	73.5797	-72.1749
14.610420700861	9	(27.7267,306.077,1.895)	93.5783	-74.2633
14.619172076066	1	(29.157,152.829,1.895)	59.6766	-70.3559
14.620336667087	5	(25.1755,225.815,1.895)	13.7459	-57.6033
14.625066219154	3	(28.8508,185.636,1.895)	26.8676	-63.4244
14.629642230819	0	(29.4114,125.573,1.895)	86.9335	-73.6235
14.630111458793	6	(28.2886,245.87,1.895)	33.3683	-65.3065
14.649149505596	7	(28.0458,271.893,1.895)	59.3923	-70.3144
14.704964017577	2	(25.7566,163.554,1.895)	47.0414	-68.2894
14.705159656343	8	(24.6327,283.974,1.895)	73.5734	-72.1742
14.710420700861	9	(27.7454,304.077,1.895)	93.5723	-74.2627
14.719172076066	1	(29.1756,150.834,1.895)	59.6773	-70.356
14.720336667087	5	(25.1942,223.816,1.895)	13.7411	-57.6002
14.725066219154	3	(28.8695,183.636,1.895)	26.8734	-63.4263
14.729642230819	0	(29.4302,123.563,1.895)	86.9489	-73.6251
14.730111458793	6	(28.3074,243.862,1.895)	33.3551	-65.303
14.749149505596	7	(28.0642,269.923,1.895)	59.4169	-70.318
14.804964017577	2	(25.7754,161.544,1.895)	47.0722	-68.2951
14.805159656343	8	(24.6514,281.966,1.895)	73.5458	-72.1709
14.810420700861	9	(27.7641,302.077,1.895)	93.5524	-74.2609
14.819172076066	1	(29.1943,148.84,1.895)	59.6917	-70.3581
14.820336667087	5	(25.2129,221.811,1.895)	13.7164	-57.5846
14.825066219154	3	(28.8882,181.629,1.895)	26.9007	-63.435
14.829642230819	0	(29.4489,121.558,1.895)	86.9745	-73.6276
14.830111458793	6	(28.3261,241.857,1.895)	33.3297	-65.2964
14.849149505596	7	(28.0826,267.951,1.895)	59.4251	-70.3192
14.904964017577	2	(25.7941,159.541,1.895)	47.0891	-68.2982
14.905159656343	8	(24.6702,279.957,1.895)	73.5223	-72.1682
14.910420700861	9	(27.7828,300.069,1.895)	93.5297	-74.2588
14.919172076066	1	(29.2129,146.844,1.895)	59.7018	-70.3595
14.920336667087	5	(25.2315,219.81,1.895)	13.7022	-57.5756
14.925066219154	3	(28.9069,179.626,1.895)	26.9186	-63.4408
14.929642230819	0	(29.4676,119.555,1.895)	86.9919	-73.6294
14.930111458793	6	(28.3448,239.852,1.895)	33.3106	-65.2914
14.949149505596	7	(28.1009,265.985,1.895)	59.4442	-70.322
15.004964017577	2	(25.8128,157.536,1.895)	47.1109	-68.3022
15.005159656343	8	(24.6889,277.949,1.895)	73.497	-72.1652
15.010420700861	9	(27.8015,298.063,1.895)	93.5066	-74.2566
15.019172076066	1	(29.2315,144.846,1.895)	59.7171	-70.3618
15.020336667087	5	(25.2503,217.801,1.895)	13.676	-57.5589
15.025066219154	3	(28.9256,177.622,1.895)	26.9393	-63.4475
15.029642230819	0	(29.4863,117.554,1.895)	87.0098	-73.6312
15.030111458793	6	(28.3636,237.844,1.895)	33.2855	-65.2849
15.049149505596	7	(28.1194,264.006,1.895)	59.4487	-70.3226
15.104964017577	2	(25.8315,155.529,1.895)	47.1265	-68.3051
15.105159656343	8	(24.7076,275.944,1.895)	73.4834	-72.1636
15.110420700861	9	(27.8203,296.053,1.895)	93.4881	-74.2549
15.119172076066	1	(29.2501,142.861,1.895)	59.7105	-70.3608
15.120336667087	5	(25.2691,215.789,1.895)	13.6564	-57.5465
15.125066219154	3	(28.9444,175.615,1.895)	26.9552	-63.4526
15.129642230819	0	(29.505,115.549,1.895)	87.0231	-73.6325
15.130111458793	6	(28.3823,235.839,1.895)	33.2715	-65.2812
15.149149505596	7	(28.1378,262.03,1.895)	59.4636	-70.3248
15.204964017577	2	(25.8503,153.517,1.895)	47.1459	-68.3087
15.205159656343	8	(24.7264,273.937,1.895)	73.4682	-72.1618
15.210420700861	9	(27.839,294.05,1.895)	93.4773	-74.2539
15.219172076066	1	(29.2687,140.869,1.895)	59.7106	-70.3608
15.220336667087	5	(25.2878,213.783,1.895)	13.6426	-57.5377
15.225066219154	3	(28.9631,173.603,1.895)	26.9749	-63.459
15.229642230819	0	(29.5236,113.549,1.895)	87.0311	-73.6333
15.230111458793	6	(28.4009,233.839,1.895)	33.2643	-65.2794
15.249149505596	7	(28.1563,260.052,1.895)	59.4783	-70.327
15.304964017577	2	(25.8691,151.507,1.895)	47.1651	-68.3122
15.305159656343	8	(24.7451,271.932,1.895)	73.4549	-72.1602
15.310420700861	9	(27.8577,292.043,1.895)	93.4616	-74.2524
15.319172076066	1	(29.2872,138.881,1.895)	59.7071	-70.3603
15.320336667087	5	(25.3066,211.772,1.895)	13.6237	-57.5257
15.325066219154	3	(28.9819,171.598,1.895)	26.9887	-63.4634
15.329642230819	0	(29.5424,111.541,1.895)	87.0481	-73.635
15.330111458793	6	(28.4196,231.837,1.895)	33.2529	-65.2764
15.349149505596	7	(28.1746,258.089,1.895)	59.5063	-70.331
15.404964017577	2	(25.8878,149.495,1.895)	47.1901	-68.3168
15.405159656343	8	(24.7638,269.929,1.895)	73.4383	-72.1582
15.410420700861	9	(27.8764,290.043,1.895)	93.4484	-74.2512
15.419172076066	1	(29.3058,136.885,1.895)	59.7162	-70.3616
15.420336667087	5	(25.3253,209.763,1.895)	13.6023	-57.512
15.425066219154	3	(29.0005,169.599,1.895)	27.0011	-63.4674
15.429642230819	0	(29.5611,109.535,1.895)	87.0673	-73.6369
15.430111458793	6	(28.4383,229.836,1.895)	33.2387	-65.2727
15.449149505596	7	(28.193,256.123,1.895)	59.5267	-70.334
15.504964017577	2	(25.9066,147.484,1.895)	47.2181	-68.322
15.505159656343	8	(24.7825,267.926,1.895)	73.419	-72.156
15.510420700861	9	(27.8951,288.031,1.895)	93.4203	-74.2486
15.519172076066	1	(29.3244,134.893,1.895)	59.7242	-70.3628
15.520336667087	5	(25.344,207.76,1.895)	13.5832	-57.4998
15.525066219154	3	(29.0192,167.596,1.895)	27.0206	-63.4737
15.529642230819	0	(29.5798,107.529,1.895)	87.09	-73.6392
15.530111458793	6	(28.457,227.832,1.895)	33.2187	-65.2674
15.549149505596	7	(28.2114,254.149,1.895)	59.5362	-70.3354
15.604964017577	2	(25.9253,145.482,1.895)	47.2329	-68.3247
15.605159656343	8	(24.8012,265.915,1.895)	73.3952	-72.1531
15.610420700861	9	(27.9138,286.03,1.895)	93.4057	-74.2473
15.619172076066	1	(29.3431,132.897,1.895)	59.7342	-70.3642
15.620336667087	5	(25.3627,205.76,1.895)	13.5705	-57.4917
15.625066219154	3	(29.0379,165.596,1.895)	27.0329	-63.4776
15.629642230819	0	(29.5985,105.524,1.895)	87.1081	-73.641
15.630111458793	6	(28.4757,225.825,1.895)	33.1985	-65.2622
15.649149505596	7	(28.2298,252.177,1.895)	59.5511	-70.3376
15.704964017577	2	(25.9441,143.471,1.895)	47.2611	-68.3299
15.705159656343	8	(24.82,263.906,1.895)	73.3688	-72.15
15.710420700861	9	(27.9325,284.029,1.895)	93.3876	-74.2456
15.719172076066	1	(29.3617,130.9,1.895)	59.748	-70.3663
15.720336667087	5	(25.3814,203.754,1.895)	13.5477	-57.4771
15.725066219154	3	(29.0566,163.592,1.895)	27.0554	-63.4849
15.729642230819	0	(29.6172,103.523,1.895)	87.1268	-73.6428
15.730111458793	6	(28.4944,223.825,1.895)	33.1806	-65.2575
15.749149505596	7	(28.2482,250.204,1.895)	59.5607	-70.339
15.804964017577	2	(25.9628,141.467,1.895)	47.2805	-68.3334
15.805159656343	8	(24.8387,261.896,1.895)	73.3431	-72.147
15.810420700861	9	(27.9512,282.022,1.895)	93.365	-74.2435
15.819172076066	1	(29.3802,128.914,1.895)	59.7495	-70.3665
15.820336667087	5	(25.4001,201.746,1.895)	13.5252	-57.4627
15.825066219154	3	(29.0753,161.587,1.895)	27.0758	-63.4914
15.829642230819	0	(29.6359,101.516,1.895)	87.1491	-73.645
15.830111458793	6	(28.5131,221.821,1.895)	33.1611	-65.2524
15.849149505596	7	(28.2666,248.231,1.895)	59.5721	-70.3406
15.904964017577	2	(25.9814,139.467,1.895)	47.2951	-68.3361
15.905159656343	8	(24.8574,259.891,1.895)	73.3235	-72.1447
15.910420700861	9	(27.97,280.011,1.895)	93.3389	-74.241
15.919172076066	1	(29.3988,126.923,1.895)	59.7558	-70.3674
15.920336667087	5	(25.4189,199.741,1.895)	13.5062	-57.4505
15.925066219154	3	(29.094,159.584,1.895)	27.0936	-63.4971
15.929642230819	0	(29.6547,99.5056,1.895)	87.1742	-73.6475
15.930111458793	6	(28.5318,219.813,1.895)	33.1382	-65.2464
15.949149505596	7	(28.285,246.26,1.895)	59.587	-70.3428
16.004964017577	2	(26.0001,137.468,1.895)	47.3051	-68.3379
16.005159656343	8	(24.8762,257.88,1.895)	73.302	-72.1421
16.010420700861	9	(27.9887,278.006,1.895)	93.3242	-74.2397
16.019172076066	1	(29.4175,124.918,1.895)	59.7705	-70.3695
16.020336667087	5	(25.4376,197.731,1.895)	13.4864	-57.4377
16.025066219154	3	(29.1127,157.576,1.895)	27.1116	-63.5029
16.029642230819	0	(29.6735,97.4951,1.895)	87.1948	-73.6496
16.030111458793	6	(28.5506,217.804,1.895)	33.1194	-65.2414
16.049149505596	7	(28.3034,244.286,1.895)	59.6021	-70.345
16.104964017577	2	(26.0188,135.46,1.895)	47.3197	-68.3406
16.105159656343	8	(24.895,255.87,1.895)	73.2856	-72.1402
16.110420700861	9	(28.0074,276.002,1.895)	93.3131	-74.2386
16.119172076066	1	(29.4362,122.923,1.895)	59.7728	-70.3699
16.120336667087	5	(25.4563,195.731,1.895)	13.4798	-57.4335
16.125066219154	3	(29.1314,155.572,1.895)	27.1224	-63.5063
16.129642230819	0	(29.6922,95.4907,1.895)	87.2059	-73.6507
16.130111458793	6	(28.5693,215.795,1.895)	33.1039	-65.2374
16.149149505596	7	(28.3219,242.309,1.895)	59.619	-70.3475
16.204964017577	2	(26.0376,133.45,1.895)	47.3341	-68.3433
16.205159656343	8	(24.9137,253.867,1.895)	73.2776	-72.1392
16.210420700861	9	(28.0261,274.002,1.895)	93.3084	-74.2382
16.219172076066	1	(29.4548,120.926,1.895)	59.774	-70.37
16.220336667087	5	(25.4751,193.721,1.895)	13.4656	-57.4243
16.225066219154	3	(29.1501,153.568,1.895)	27.1308	-63.509
16.229642230819	0	(29.7109,93.4831,1.895)	87.2181	-73.6519
16.230111458793	6	(28.5881,213.788,1.895)	33.092	-65.2342
16.249149505596	7	(28.3404,240.329,1.895)	59.6345	-70.3497
16.304964017577	2	(26.0563,131.441,1.895)	47.3473	-68.3457
16.305159656343	8	(24.9325,251.855,1.895)	73.2617	-72.1373
16.310420700861	9	(28.0448,271.992,1.895)	93.2943	-74.2369
16.319172076066	1	(29.4735,118.922,1.895)	59.7829	-70.3713
16.320336667087	5	(25.4937,191.72,1.895)	13.4607	-57.4212
16.325066219154	3	(29.1688,151.563,1.895)	27.1406	-63.5122
16.329642230819	0	(29.7296,91.4768,1.895)	87.229	-73.653
16.330111458793	6	(28.6068,211.782,1.895)	33.0816	-65.2315
16.349149505596	7	(28.3588,238.353,1.895)	59.6536	-70.3525
16.404964017577	2	(26.075,129.439,1.895)	47.3589	-68.3478
16.405159656343	8	(24.9511,249.855,1.895)	73.2522	-72.1362
16.410420700861	9	(28.0636,269.984,1.895)	93.2772	-74.2353
16.419172076066	1	(29.4921,116.926,1.895)	59.7876	-70.372
16.420336667087	5	(25.5124,189.714,1.895)	13.4457	-57.4114
16.425066219154	3	(29.1875,149.56,1.895)	27.1526	-63.516
16.429642230819	0	(29.7484,89.4673,1.895)	87.2478	-73.6549
16.430111458793	6	(28.6255,209.777,1.895)	33.0672	-65.2277
16.449149505596	7	(28.3773,236.369,1.895)	59.6608	-70.3536
16.504964017577	2	(26.0937,127.44,1.895)	47.367	-68.3493
16.505159656343	8	(24.9699,247.848,1.895)	73.2358	-72.1343
16.510420700861	9	(28.0822,267.985,1.895)	93.2686	-74.2345
16.519172076066	1	(29.5108,114.925,1.895)	59.7977	-70.3735
16.520336667087	5	(25.5312,187.702,1.895)	13.4252	-57.3982
16.525066219154	3	(29.2062,147.556,1.895)	27.1653	-63.5201
16.529642230819	0	(29.7671,87.4631,1.895)	87.2612	-73.6562
16.530111458793	6	(28.6443,207.765,1.895)	33.0461	-65.2222
16.549149505596	7	(28.3957,234.395,1.895)	59.6769	-70.3559
16.604964017577	2	(26.1124,125.43,1.895)	47.3808	-68.3518
16.605159656343	8	(24.9886,245.84,1.895)	73.224	-72.1329
16.610420700861	9	(28.101,265.977,1.895)	93.2565	-74.2334
16.619172076066	1	(29.5294,112.932,1.895)	59.7957	-70.3732
16.620336667087	5	(25.5499,185.699,1.895)	13.418	-57.3935
16.625066219154	3	(29.225,145.547,1.895)	27.1788	-63.5244
16.629642230819	0	(29.7858,85.4549,1.895)	87.2735	-73.6574
16.630111458793	6	(28.663,205.765,1.895)	33.042	-65.2211
16.649149505596	7	(28.4143,232.409,1.895)	59.6871	-70.3574
16.704964017577	2	(26.1312,123.425,1.895)	47.3915	-68.3538
16.705159656343	8	(25.0073,243.832,1.895)	73.2107	-72.1313
16.710420700861	9	(28.1196,263.977,1.895)	93.2516	-74.2329
16.719172076066	1	(29.5481,110.928,1.895)	59.8039	-70.3744
16.720336667087	5	(25.5687,183.692,1.895)	13.4066	-57.3862
16.725066219154	3	(29.2437,143.547,1.895)	27.1843	-63.5261
16.729642230819	0	(29.8046,83.4512,1.895)	87.2823	-73.6583
16.730111458793	6	(28.6817,203.759,1.895)	33.0306	-65.2181
16.749149505596	7	(28.4328,230.43,1.895)	59.7027	-70.3597
16.804964017577	2	(26.1499,121.419,1.895)	47.4048	-68.3562
16.805159656343	8	(25.0261,241.825,1.895)	73.1959	-72.1295
16.810420700861	9	(28.1383,261.974,1.895)	93.2408	-74.2319
16.819172076066	1	(29.5667,108.938,1.895)	59.8012	-70.374
16.820336667087	5	(25.5874,181.688,1.895)	13.3955	-57.3789
16.825066219154	3	(29.2624,141.542,1.895)	27.1958	-63.5298
16.829642230819	0	(29.8233,81.4449,1.895)	87.296	-73.6597
16.830111458793	6	(28.7004,201.752,1.895)	33.0159	-65.2143
16.849149505596	7	(28.4513,228.441,1.895)	59.7069	-70.3603
16.904964017577	2	(26.1686,119.411,1.895)	47.4196	-68.3589
16.905159656343	8	(25.0448,239.82,1.895)	73.1843	-72.1281
16.910420700861	9	(28.157,259.975,1.895)	93.2343	-74.2313
16.919172076066	1	(29.5853,106.942,1.895)	59.805	-70.3745
16.920336667087	5	(25.6061,179.685,1.895)	13.385	-57.3722
16.925066219154	3	(29.2811,139.536,1.895)	27.2099	-63.5343
16.929642230819	0	(29.842,79.4436,1.895)	87.3046	-73.6605
16.930111458793	6	(28.7192,199.74,1.895)	32.9971	-65.2093
16.949149505596	7	(28.4698,226.463,1.895)	59.7215	-70.3624
17.004964017577	2	(26.1874,117.404,1.895)	47.4373	-68.3622
17.005159656343	8	(25.0635,237.818,1.895)	73.1713	-72.1266
17.010420700861	9	(28.1757,257.97,1.895)	93.2192	-74.2299
17.019172076066	1	(29.6039,104.949,1.895)	59.8082	-70.375
17.020336667087	5	(25.6248,177.679,1.895)	13.3689	-57.3617
17.025066219154	3	(29.2998,137.532,1.895)	27.2236	-63.5387
17.029642230819	0	(29.8606,77.4438,1.895)	87.3149	-73.6616
17.030111458793	6	(28.7379,197.732,1.895)	32.9781	-65.2043
17.049149505596	7	(28.4883,224.481,1.895)	59.7288	-70.3635
17.104964017577	2	(26.206,115.403,1.895)	47.4446	-68.3635
17.105159656343	8	(25.0822,235.816,1.895)	73.1624	-72.1256
17.110420700861	9	(28.1944,255.968,1.895)	93.2103	-74.2291
17.119172076066	1	(29.6225,102.959,1.895)	59.8059	-70.3747
17.120336667087	5	(25.6434,175.679,1.895)	13.3628	-57.3577
17.125066219154	3	(29.3185,135.524,1.895)	27.239	-63.5436
17.129642230819	0	(29.8794,75.4334,1.895)	87.3323	-73.6633
17.130111458793	6	(28.7567,195.721,1.895)	32.9603	-65.1996
17.149149505596	7	(28.5069,222.49,1.895)	59.7308	-70.3638
17.204964017577	2	(26.2248,113.392,1.895)	47.4604	-68.3664
17.205159656343	8	(25.1009,233.807,1.895)	73.1489	-72.1239
17.210420700861	9	(28.2132,253.958,1.895)	93.1959	-74.2277
17.219172076066	1	(29.6412,100.955,1.895)	59.8141	-70.3759
17.220336667087	5	(25.6622,173.668,1.895)	13.3469	-57.3474
17.225066219154	3	(29.3373,133.515,1.895)	27.2523	-63.5479
17.229642230819	0	(29.8981,73.4232,1.895)	87.3472	-73.6648
17.230111458793	6	(28.7754,193.72,1.895)	32.9549	-65.1982
17.249149505596	7	(28.5254,220.505,1.895)	59.7407	-70.3652
17.304964017577	2	(26.2435,111.393,1.895)	47.4651	-68.3673
17.305159656343	8	(25.1197,231.797,1.895)	73.1332	-72.1221
17.310420700861	9	(28.2318,251.959,1.895)	93.1908	-74.2273
17.319172076066	1	(29.6599,98.9477,1.895)	59.8269	-70.3777
17.320336667087	5	(25.6809,171.661,1.895)	13.3356	-57.3401
17.325066219154	3	(29.356,131.511,1.895)	27.262	-63.5509
17.329642230819	0	(29.9169,71.4155,1.895)	87.3603	-73.6661
17.330111458793	6	(28.794,191.72,1.895)	32.9498	-65.1968
17.349149505596	7	(28.5438,218.527,1.895)	59.7578	-70.3677
17.404964017577	2	(26.2621,109.392,1.895)	47.4721	-68.3686
17.405159656343	8	(25.1383,229.797,1.895)	73.1274	-72.1214
17.410420700861	9	(28.2506,249.95,1.895)	93.1755	-74.2258
17.419172076066	1	(29.6785,96.9536,1.895)	59.8271	-70.3777
17.420336667087	5	(25.6997,169.65,1.895)	13.3189	-57.3291
17.425066219154	3	(29.3747,129.511,1.895)	27.2684	-63.553
17.429642230819	0	(29.9356,69.4113,1.895)	87.3705	-73.6671
17.430111458793	6	(28.8127,189.718,1.895)	32.9419	-65.1948
17.449149505596	7	(28.5623,216.545,1.895)	59.7697	-70.3694
17.504964017577	2	(26.2809,107.382,1.895)	47.4972	-68.3732
17.505159656343	8	(25.157,227.794,1.895)	73.1092	-72.1192
17.510420700861	9	(28.2693,247.939,1.895)	93.1495	-74.2234
17.519172076066	1	(29.6972,94.9579,1.895)	59.8379	-70.3793
17.520336667087	5	(25.7184,167.648,1.895)	13.3022	-57.3183
17.525066219154	3	(29.3933,127.511,1.895)	27.2839	-63.5579
17.529642230819	0	(29.9543,67.4018,1.895)	87.3953	-73.6695
17.530111458793	6	(28.8315,187.707,1.895)	32.9148	-65.1876
17.549149505596	7	(28.5809,214.557,1.895)	59.7668	-70.369
17.604964017577	2	(26.2996,105.377,1.895)	47.5087	-68.3752
17.605159656343	8	(25.1757,225.79,1.895)	73.0988	-72.118
17.610420700861	9	(28.288,245.938,1.895)	93.1432	-74.2228
17.619172076066	1	(29.7159,92.9523,1.895)	59.8496	-70.381
17.620336667087	5	(25.7371,165.644,1.895)	13.2927	-57.312
17.625066219154	3	(29.4121,125.5,1.895)	27.3007	-63.5633
17.629642230819	0	(29.9731,65.3948,1.895)	87.4083	-73.6708
17.630111458793	6	(28.8502,185.708,1.895)	32.9097	-65.1863
17.649149505596	7	(28.5994,212.571,1.895)	59.7743	-70.3701
17.704964017577	2	(26.3184,103.366,1.895)	47.5207	-68.3775
17.705159656343	8	(25.1945,223.784,1.895)	73.0921	-72.1172
17.710420700861	9	(28.3067,243.939,1.895)	93.1429	-74.2228
17.719172076066	1	(29.7346,90.9471,1.895)	59.8558	-70.3819
17.720336667087	5	(25.7558,163.636,1.895)	13.2836	-57.3061
17.725066219154	3	(29.4308,123.494,1.895)	27.3073	-63.5654
17.729642230819	0	(29.9918,63.389,1.895)	87.415	-73.6715
17.730111458793	6	(28.8689,183.702,1.895)	32.9034	-65.1846
17.749149505596	7	(28.6179,210.596,1.895)	59.7986	-70.3736
17.804964017577	2	(26.3371,101.359,1.895)	47.5296	-68.3791
17.805159656343	8	(25.2131,221.783,1.895)	73.0889	-72.1168
17.810420700861	9	(28.3254,241.93,1.895)	93.1315	-74.2217
17.819172076066	1	(29.7533,88.9428,1.895)	59.8625	-70.3829
17.820336667087	5	(25.7746,161.625,1.895)	13.2709	-57.2978
17.825066219154	3	(29.4495,121.488,1.895)	27.3155	-63.568
17.829642230819	0	(30.0106,61.3776,1.895)	87.4289	-73.6729
17.830111458793	6	(28.8876,181.696,1.895)	32.8949	-65.1824
17.849149505596	7	(28.6364,208.608,1.895)	59.8083	-70.375
17.904964017577	2	(26.3558,99.3524,1.895)	47.5444	-68.3818
17.905159656343	8	(25.2318,219.78,1.895)	73.0776	-72.1155
17.910420700861	9	(28.3442,239.923,1.895)	93.1164	-74.2203
17.919172076066	1	(29.772,86.9368,1.895)	59.8767	-70.3849
17.920336667087	5	(25.7934,159.614,1.895)	13.2523	-57.2856
17.925066219154	3	(29.4682,119.488,1.895)	27.3244	-63.5708
17.929642230819	0	(30.0293,59.3672,1.895)	87.4474	-73.6747
17.930111458793	6	(28.9063,179.689,1.895)	32.88	-65.1784
17.949149505596	7	(28.655,206.623,1.895)	59.8145	-70.3759
18.004964017577	2	(26.3746,97.3457,1.895)	47.5546	-68.3836
18.005159656343	8	(25.2506,217.774,1.895)	73.0678	-72.1143
18.010420700861	9	(28.3628,237.923,1.895)	93.1128	-74.22
18.019172076066	1	(29.7907,84.9351,1.895)	59.8819	-70.3857
18.020336667087	5	(25.8122,157.603,1.895)	13.2376	-57.276
18.025066219154	3	(29.4869,117.484,1.895)	27.3313	-63.573
18.029642230819	0	(30.0481,57.3602,1.895)	87.458	-73.6758
18.030111458793	6	(28.925,177.686,1.895)	32.8727	-65.1765
18.049149505596	7	(28.6735,204.638,1.895)	59.8266	-70.3777
18.104964017577	2	(26.3933,95.3423,1.895)	47.5598	-68.3846
18.105159656343	8	(25.2692,215.771,1.895)	73.0635	-72.1138
18.110420700861	9	(28.3815,235.921,1.895)	93.1091	-74.2196
18.119172076066	1	(29.8094,82.9349,1.895)	59.8839	-70.386
18.120336667087	5	(25.8309,155.6,1.895)	13.2327	-57.2728
18.125066219154	3	(29.5056,115.476,1.895)	27.341	-63.5761
18.129642230819	0	(30.0668,55.3524,1.895)	87.4676	-73.6767
18.130111458793	6	(28.9437,175.684,1.895)	32.8697	-65.1757
18.149149505596	7	(28.692,202.651,1.895)	59.8371	-70.3792
18.204964017577	2	(26.412,93.3357,1.895)	47.5726	-68.3869
18.205159656343	8	(25.288,213.763,1.895)	73.0496	-72.1121
18.210420700861	9	(28.4002,233.916,1.895)	93.0978	-74.2186
18.219172076066	1	(29.8281,80.9275,1.895)	59.8975	-70.388
18.220336667087	5	(25.8496,153.591,1.895)	13.2188	-57.2636
18.225066219154	3	(29.5244,113.472,1.895)	27.3518	-63.5795
18.229642230819	0	(30.0855,53.3498,1.895)	87.4765	-73.6776
18.230111458793	6	(28.9624,173.678,1.895)	32.8567	-65.1723
18.249149505596	7	(28.7106,200.661,1.895)	59.8413	-70.3798
18.304964017577	2	(26.4307,91.3317,1.895)	47.5881	-68.3897
18.305159656343	8	(25.3067,211.761,1.895)	73.0354	-72.1105
18.310420700861	9	(28.4189,231.913,1.895)	93.0833	-74.2172
18.319172076066	1	(29.8467,78.9322,1.895)	59.9043	-70.389
18.320336667087	5	(25.8684,151.58,1.895)	13.1972	-57.2494
18.325066219154	3	(29.5431,111.46,1.895)	27.3749	-63.5868
18.329642230819	0	(30.1042,51.3465,1.895)	87.4912	-73.6791
18.330111458793	6	(28.9811,171.677,1.895)	32.8449	-65.1691
18.349149505596	7	(28.7292,198.667,1.895)	59.8353	-70.3789
18.404964017577	2	(26.4494,89.331,1.895)	47.5869	-68.3895
18.405159656343	8	(25.3255,209.749,1.895)	73.0257	-72.1093
18.410420700861	9	(28.4376,229.912,1.895)	93.0835	-74.2172
18.419172076066	1	(29.8654,76.9348,1.895)	59.8998	-70.3883
18.420336667087	5	(25.887,149.58,1.895)	13.1987	-57.2504
18.425066219154	3	(29.5618,109.46,1.895)	27.3728	-63.5862
18.429642230819	0	(30.123,49.3345,1.895)	87.5013	-73.6801
18.430111458793	6	(28.9998,169.678,1.895)	32.8472	-65.1698
18.449149505596	7	(28.7477,196.683,1.895)	59.8531	-70.3815
18.504964017577	2	(26.4681,87.3239,1.895)	47.6033	-68.3925
18.505159656343	8	(25.3442,207.74,1.895)	73.007	-72.1071
18.510420700861	9	(28.4563,227.909,1.895)	93.0716	-74.2161
18.519172076066	1	(29.8841,74.9235,1.895)	59.9205	-70.3913
18.520336667087	5	(25.9057,147.581,1.895)	13.1906	-57.2451
18.525066219154	3	(29.5805,107.46,1.895)	27.383	-63.5894
18.529642230819	0	(30.1417,47.3272,1.895)	87.518	-73.6817
18.530111458793	6	(29.0185,167.676,1.895)	32.836	-65.1668
18.549149505596	7	(28.7662,194.703,1.895)	59.8643	-70.3831
18.604964017577	2	(26.4868,85.3168,1.895)	47.6129	-68.3943
18.605159656343	8	(25.363,205.731,1.895)	72.9954	-72.1057
18.610420700861	9	(28.4751,225.897,1.895)	93.0572	-74.2148
18.619172076066	1	(29.9029,72.9168,1.895)	59.9297	-70.3926
18.620336667087	5	(25.9244,145.577,1.895)	13.1846	-57.2411
18.625066219154	3	(29.5992,105.455,1.895)	27.3906	-63.5918
18.629642230819	0	(30.1604,45.3193,1.895)	87.5285	-73.6828
18.630111458793	6	(29.0372,165.668,1.895)	32.825	-65.1639
18.649149505596	7	(28.7848,192.713,1.895)	59.8718	-70.3842
18.704964017577	2	(26.5056,83.3062,1.895)	47.6223	-68.396
18.705159656343	8	(25.3817,203.722,1.895)	72.9881	-72.1048
18.710420700861	9	(28.4938,223.89,1.895)	93.0512	-74.2142
18.719172076066	1	(29.9216,70.9094,1.895)	59.936	-70.3935
18.720336667087	5	(25.9432,143.566,1.895)	13.1745	-57.2345
18.725066219154	3	(29.6179,103.449,1.895)	27.3947	-63.5931
18.729642230819	0	(30.1792,43.3092,1.895)	87.5375	-73.6837
18.730111458793	6	(29.056,163.658,1.895)	32.8171	-65.1618
18.749149505596	7	(28.8033,190.726,1.895)	59.8857	-70.3862
18.804964017577	2	(26.5244,81.2964,1.895)	47.6357	-68.3984
18.805159656343	8	(25.4004,201.718,1.895)	72.9798	-72.1038
18.810420700861	9	(28.5125,221.882,1.895)	93.0399	-74.2132
18.819172076066	1	(29.9403,68.9094,1.895)	59.9396	-70.3941
18.820336667087	5	(25.9619,141.555,1.895)	13.1602	-57.225
18.825066219154	3	(29.6366,101.449,1.895)	27.3988	-63.5944
18.829642230819	0	(30.1979,41.3091,1.895)	87.5412	-73.684
18.830111458793	6	(29.0746,161.658,1.895)	32.8132	-65.1608
18.849149505596	7	(28.822,188.729,1.895)	59.8847	-70.3861
18.904964017577	2	(26.5431,79.2871,1.895)	47.6511	-68.4012
18.905159656343	8	(25.4191,199.711,1.895)	72.9675	-72.1024
18.910420700861	9	(28.5313,219.876,1.895)	93.0274	-74.212
18.919172076066	1	(29.9589,66.9144,1.895)	59.9408	-70.3942
18.920336667087	5	(25.9806,139.552,1.895)	13.1517	-57.2194
18.925066219154	3	(29.6553,99.4408,1.895)	27.4129	-63.5989
18.929642230819	0	(30.2166,39.3027,1.895)	87.5537	-73.6853
18.930111458793	6	(29.0934,159.647,1.895)	32.7961	-65.1562
18.949149505596	7	(28.8405,186.746,1.895)	59.8965	-70.3878
19.004964017577	2	(26.5618,77.285,1.895)	47.66	-68.4029
19.005159656343	8	(25.4378,197.712,1.895)	72.9609	-72.1016
19.010420700861	9	(28.5499,217.875,1.895)	93.02	-74.2113
19.019172076066	1	(29.9776,64.9075,1.895)	59.9544	-70.3962
19.020336667087	5	(25.9994,137.545,1.895)	13.1385	-57.2107
19.025066219154	3	(29.6741,97.4334,1.895)	27.4271	-63.6034
19.029642230819	0	(30.2354,37.2928,1.895)	87.5703	-73.6869
19.030111458793	6	(29.1122,157.636,1.895)	32.7786	-65.1516
19.049149505596	7	(28.8591,184.75,1.895)	59.8933	-70.3874
19.104964017577	2	(26.5805,75.2845,1.895)	47.6657	-68.4039
19.105159656343	8	(25.4565,195.709,1.895)	72.9528	-72.1006
19.110420700861	9	(28.5687,215.869,1.895)	93.0087	-74.2103
19.119172076066	1	(29.9963,62.9102,1.895)	59.957	-70.3966
19.120336667087	5	(26.0181,135.542,1.895)	13.1304	-57.2053
19.125066219154	3	(29.6927,95.4334,1.895)	27.4323	-63.605
19.129642230819	0	(30.2541,35.2834,1.895)	87.585	-73.6884
19.130111458793	6	(29.1309,155.632,1.895)	32.769	-65.149
19.149149505596	7	(28.8777,182.753,1.895)	59.8912	-70.3871
19.204964017577	2	(26.5992,73.2791,1.895)	47.6757	-68.4057
19.205159656343	8	(25.4752,193.702,1.895)	72.9411	-72.0992
19.210420700861	9	(28.5874,213.86,1.895)	92.9947	-74.209
19.219172076066	1	(30.015,60.9049,1.895)	59.9669	-70.398
19.220336667087	5	(26.0368,133.538,1.895)	13.1224	-57.2001
19.225066219154	3	(29.7114,93.4286,1.895)	27.4418	-63.608
19.229642230819	0	(30.2729,33.2747,1.895)	87.5983	-73.6897
19.230111458793	6	(29.1496,153.622,1.895)	32.754	-65.1451
19.249149505596	7	(28.8963,180.763,1.895)	59.8965	-70.3878
19.304964017577	2	(26.6179,71.2761,1.895)	47.6775	-68.4061
19.305159656343	8	(25.494,191.693,1.895)	72.9341	-72.0984
19.310420700861	9	(28.6062,211.851,1.895)	92.9871	-74.2082
19.319172076066	1	(30.0337,58.9023,1.895)	59.9683	-70.3982
19.320336667087	5	(26.0555,131.533,1.895)	13.1186	-57.1975
19.325066219154	3	(29.7301,91.4278,1.895)	27.4414	-63.6079
19.329642230819	0	(30.2916,31.264,1.895)	87.6077	-73.6906
19.330111458793	6	(29.1684,151.615,1.895)	32.7485	-65.1436
19.349149505596	7	(28.915,178.763,1.895)	59.8981	-70.3881
19.404964017577	2	(26.6367,69.2648,1.895)	47.6914	-68.4086
19.405159656343	8	(25.5126,189.694,1.895)	72.9321	-72.0982
19.410420700861	9	(28.6249,209.841,1.895)	92.9746	-74.2071
19.419172076066	1	(30.0524,56.8911,1.895)	59.9822	-70.4002
19.420336667087	5	(26.0742,129.529,1.895)	13.1118	-57.193
19.425066219154	3	(29.7488,89.4237,1.895)	27.4481	-63.61
19.429642230819	0	(30.3103,29.2618,1.895)	87.6127	-73.6911
19.430111458793	6	(29.1871,149.611,1.895)	32.7413	-65.1417
19.449149505596	7	(28.9336,176.772,1.895)	59.9043	-70.389
19.504964017577	2	(26.6554,67.254,1.895)	47.7125	-68.4124
19.505159656343	8	(25.5313,187.694,1.895)	72.9214	-72.0969
19.510420700861	9	(28.6436,207.84,1.895)	92.9628	-74.206
19.519172076066	1	(30.0711,54.8962,1.895)	59.9874	-70.401
19.520336667087	5	(26.0929,127.526,1.895)	13.099	-57.1845
19.525066219154	3	(29.7675,87.4197,1.895)	27.4624	-63.6146
19.529642230819	0	(30.329,27.2625,1.895)	87.6222	-73.6921
19.530111458793	6	(29.2058,147.603,1.895)	32.7234	-65.137
19.549149505596	7	(28.9521,174.782,1.895)	59.9033	-70.3888
19.604964017577	2	(26.6742,65.246,1.895)	47.7247	-68.4147
19.605159656343	8	(25.55,185.689,1.895)	72.9124	-72.0958
19.610420700861	9	(28.6623,205.837,1.895)	92.956	-74.2053
19.619172076066	1	(30.0896,52.9065,1.895)	59.9813	-70.4001
19.620336667087	5	(26.1116,125.525,1.895)	13.0939	-57.1812
19.625066219154	3	(29.7862,85.4131,1.895)	27.4732	-63.618
19.629642230819	0	(30.3477,25.256,1.895)	87.633	-73.6931
19.630111458793	6	(29.2245,145.603,1.895)	32.7194	-65.1359
19.649149505596	7	(28.9708,172.785,1.895)	59.9023	-70.3887
19.704964017577	2	(26.6928,63.2455,1.895)	47.7236	-68.4145
19.705159656343	8	(25.5688,183.682,1.895)	72.9069	-72.0952
19.710420700861	9	(28.681,203.833,1.895)	92.9531	-74.2051
19.719172076066	1	(30.1084,50.8984,1.895)	59.9878	-70.4011
19.720336667087	5	(26.1303,123.514,1.895)	13.0843	-57.1748
19.725066219154	3	(29.805,83.4024,1.895)	27.4824	-63.6209
19.730111458793	6	(29.2431,143.604,1.895)	32.7218	-65.1365
19.749149505596	7	(28.9893,170.795,1.895)	59.9141	-70.3904
19.804964017577	2	(26.7115,61.2448,1.895)	47.7246	-68.4146
19.805159656343	8	(25.5875,181.676,1.895)	72.9007	-72.0944
19.810420700861	9	(28.6997,201.832,1.895)	92.9523	-74.205
19.819172076066	1	(30.1271,48.8912,1.895)	59.9953	-70.4021
19.820336667087	5	(26.149,121.51,1.895)	13.0806	-57.1723
19.825066219154	3	(29.8237,81.3962,1.895)	27.4888	-63.6229
19.830111458793	6	(29.2619,141.596,1.895)	32.7139	-65.1344
19.849149505596	7	(29.0079,168.809,1.895)	59.9276	-70.3923
19.904964017577	2	(26.7302,59.2429,1.895)	47.7266	-68.415
19.905159656343	8	(25.6061,179.676,1.895)	72.9004	-72.0944
19.910420700861	9	(28.7184,199.821,1.895)	92.9411	-74.2039
19.919172076066	1	(30.1458,46.8921,1.895)	59.9945	-70.402
19.920336667087	5	(26.1677,119.51,1.895)	13.0809	-57.1725
19.925066219154	3	(29.8425,79.3896,1.895)	27.4956	-63.6251
19.930111458793	6	(29.2805,139.596,1.895)	32.7134	-65.1343
19.949149505596	7	(29.0264,166.821,1.895)	59.9392	-70.394
20.004964017577	2	(26.7489,57.2413,1.895)	47.7298	-68.4156
20.005159656343	8	(25.6248,177.673,1.895)	72.8956	-72.0938
20.010420700861	9	(28.7372,197.811,1.895)	92.9297	-74.2029
20.019172076066	1	(30.1645,44.8832,1.895)	60.0051	-70.4036
20.020336667087	5	(26.1864,117.507,1.895)	13.0764	-57.1695
20.025066219154	3	(29.8612,77.3808,1.895)	27.5061	-63.6284
20.030111458793	6	(29.2993,137.587,1.895)	32.7026	-65.1314
20.049149505596	7	(29.045,164.836,1.895)	59.9525	-70.3959
20.104964017577	2	(26.7676,55.2391,1.895)	47.7307	-68.4157
20.105159656343	8	(25.6435,175.67,1.895)	72.8944	-72.0937
20.110420700861	9	(28.7559,195.802,1.895)	92.9217	-74.2021
20.119172076066	1	(30.1833,42.875,1.895)	60.0119	-70.4045
20.120336667087	5	(26.2051,115.507,1.895)	13.0777	-57.1704
20.125066219154	3	(29.8799,75.3751,1.895)	27.5104	-63.6297
20.130111458793	6	(29.318,135.577,1.895)	32.6945	-65.1293
20.149149505596	7	(29.0636,162.839,1.895)	59.9574	-70.3966
20.204964017577	2	(26.7863,53.2373,1.895)	47.7404	-68.4175
20.205159656343	8	(25.6622,173.669,1.895)	72.8856	-72.0926
20.210420700861	9	(28.7746,193.801,1.895)	92.9128	-74.2013
20.219172076066	1	(30.202,40.8688,1.895)	60.0261	-70.4066
20.220336667087	5	(26.2238,113.503,1.895)	13.0653	-57.1622
20.225066219154	3	(29.8987,73.365,1.895)	27.5285	-63.6354
20.230111458793	6	(29.3368,133.571,1.895)	32.6802	-65.1255
20.249149505596	7	(29.0823,160.84,1.895)	59.9502	-70.3956
20.304964017577	2	(26.805,51.2265,1.895)	47.7445	-68.4183
20.305159656343	8	(25.6809,171.667,1.895)	72.8899	-72.0931
20.310420700861	9	(28.7934,191.792,1.895)	92.9108	-74.2011
20.319172076066	1	(30.2208,38.8582,1.895)	60.03	-70.4072
20.320336667087	5	(26.2425,111.501,1.895)	13.0706	-57.1657
20.325066219154	3	(29.9173,71.3657,1.895)	27.521	-63.6331
20.330111458793	6	(29.3555,131.569,1.895)	32.6852	-65.1268
20.349149505596	7	(29.1009,158.843,1.895)	59.9599	-70.397
20.404964017577	2	(26.8238,49.2156,1.895)	47.767	-68.4224
20.405159656343	8	(25.6996,169.66,1.895)	72.8718	-72.091
20.410420700861	9	(28.8121,189.784,1.895)	92.8904	-74.1992
20.419172076066	1	(30.2395,36.8515,1.895)	60.0483	-70.4098
20.420336667087	5	(26.2612,109.49,1.895)	13.0483	-57.1508
20.425066219154	3	(29.9361,69.3552,1.895)	27.5432	-63.6401
20.430111458793	6	(29.3742,129.565,1.895)	32.669	-65.1225
20.449149505596	7	(29.1195,156.851,1.895)	59.9567	-70.3965
20.504964017577	2	(26.8425,47.2073,1.895)	47.7785	-68.4244
20.505159656343	8	(25.7183,167.661,1.895)	72.8688	-72.0906
20.510420700861	9	(28.8309,187.772,1.895)	92.8752	-74.1978
20.519172076066	1	(30.2582,34.8411,1.895)	60.062	-70.4118
20.520336667087	5	(26.2799,107.486,1.895)	13.041	-57.146
20.525066219154	3	(29.9548,67.3532,1.895)	27.5484	-63.6417
20.530111458793	6	(29.3929,127.561,1.895)	32.6616	-65.1205
20.549149505596	7	(29.138,154.864,1.895)	59.9657	-70.3978
20.604964017577	2	(26.8613,45.2005,1.895)	47.7858	-68.4258
20.605159656343	8	(25.737,165.652,1.895)	72.8595	-72.0895
20.610420700861	9	(28.8497,185.76,1.895)	92.8632	-74.1967
20.619172076066	1	(30.2769,32.8379,1.895)	60.0657	-70.4123
20.620336667087	5	(26.2986,105.486,1.895)	13.0408	-57.1458
20.625066219154	3	(29.9735,65.3446,1.895)	27.5576	-63.6446
20.630111458793	6	(29.4116,125.555,1.895)	32.6555	-65.1189
20.649149505596	7	(29.1567,152.864,1.895)	59.9659	-70.3979
20.704964017577	2	(26.88,43.1887,1.895)	47.7944	-68.4273
20.705159656343	8	(25.7557,163.652,1.895)	72.8629	-72.0899
20.710420700861	9	(28.8684,183.756,1.895)	92.8622	-74.1966
20.719172076066	1	(30.2957,30.8312,1.895)	60.0692	-70.4128
20.720336667087	5	(26.3173,103.482,1.895)	13.0404	-57.1456
20.725066219154	3	(29.9922,63.3416,1.895)	27.5574	-63.6445
20.730111458793	6	(29.4303,123.552,1.895)	32.6559	-65.119
20.749149505596	7	(29.1753,150.874,1.895)	59.9786	-70.3997
20.804964017577	2	(26.8987,41.1861,1.895)	47.8014	-68.4286
20.805159656343	8	(25.7744,161.652,1.895)	72.859	-72.0895
20.810420700861	9	(28.8871,181.754,1.895)	92.8559	-74.196
20.819172076066	1	(30.3144,28.8252,1.895)	60.0796	-70.4143
20.820336667087	5	(26.336,101.477,1.895)	13.0314	-57.1396
20.825066219154	3	(30.011,61.3342,1.895)	27.5691	-63.6483
20.830111458793	6	(29.4489,121.552,1.895)	32.6512	-65.1178
20.849149505596	7	(29.1939,148.883,1.895)	59.9838	-70.4005
20.904964017577	2	(26.9175,39.179,1.895)	47.805	-68.4293
20.905159656343	8	(25.7931,159.649,1.895)	72.8593	-72.0895
20.910420700861	9	(28.9058,179.745,1.895)	92.8505	-74.1955
20.919172076066	1	(30.3331,26.8213,1.895)	60.0799	-70.4144
20.920336667087	5	(26.3547,99.4702,1.895)	13.0278	-57.1372
20.925066219154	3	(30.0297,59.3282,1.895)	27.5716	-63.649
20.930111458793	6	(29.4677,119.541,1.895)	32.6439	-65.1158
20.949149505596	7	(29.2124,146.898,1.895)	60.0015	-70.403
21.004964017577	2	(26.9362,37.1686,1.895)	47.8172	-68.4315
21.005159656343	8	(25.8118,157.64,1.895)	72.8484	-72.0882
21.010420700861	9	(28.9245,177.743,1.895)	92.8465	-74.1951
21.020336667087	5	(26.3735,97.4593,1.895)	13.0156	-57.1291
21.025066219154	3	(30.0485,57.3187,1.895)	27.583	-63.6526
21.030111458793	6	(29.4864,117.534,1.895)	32.6354	-65.1136
21.049149505596	7	(29.2311,144.896,1.895)	59.9984	-70.4026
21.104964017577	2	(26.9549,35.1661,1.895)	47.8122	-68.4306
21.105159656343	8	(25.8305,155.637,1.895)	72.8528	-72.0887
21.110420700861	9	(28.9432,175.736,1.895)	92.8475	-74.1952
21.120336667087	5	(26.3922,95.4543,1.895)	13.0179	-57.1306
21.125066219154	3	(30.0672,55.313,1.895)	27.5812	-63.652
21.130111458793	6	(29.5052,115.522,1.895)	32.6309	-65.1124
21.149149505596	7	(29.2497,142.896,1.895)	60.0051	-70.4036
21.204964017577	2	(26.9737,33.1551,1.895)	47.8217	-68.4323
21.205159656343	8	(25.8493,153.629,1.895)	72.8458	-72.0879
21.210420700861	9	(28.962,173.727,1.895)	92.8398	-74.1945
21.220336667087	5	(26.411,93.4432,1.895)	13.0086	-57.1244
21.225066219154	3	(30.0859,53.3038,1.895)	27.5889	-63.6545
21.230111458793	6	(29.5239,113.523,1.895)	32.6326	-65.1128
21.249149505596	7	(29.2685,140.889,1.895)	60.0004	-70.4029
21.304964017577	2	(26.9924,31.151,1.895)	47.8187	-68.4317
21.305159656343	8	(25.8679,151.626,1.895)	72.8503	-72.0884
21.310420700861	9	(28.9807,171.723,1.895)	92.8429	-74.1948
21.320336667087	5	(26.4297,91.4425,1.895)	13.0148	-57.1285
21.325066219154	3	(30.1046,51.3023,1.895)	27.5833	-63.6527
21.330111458793	6	(29.5426,111.513,1.895)	32.6298	-65.1121
21.349149505596	7	(29.2871,138.896,1.895)	60.0146	-70.4049
21.404964017577	2	(27.0111,29.1485,1.895)	47.8295	-68.4337
21.405159656343	8	(25.8866,149.623,1.895)	72.8387	-72.087
21.410420700861	9	(28.9994,169.722,1.895)	92.8331	-74.1938
21.420336667087	5	(26.4484,89.4321,1.895)	12.9966	-57.1164
21.425066219154	3	(30.1233,49.2998,1.895)	27.5942	-63.6561
21.430111458793	6	(29.5613,109.509,1.895)	32.6177	-65.1089
21.449149505596	7	(29.3057,136.898,1.895)	60.0075	-70.4039
21.504964017577	2	(27.0299,27.137,1.895)	47.8384	-68.4353
21.505159656343	8	(25.9054,147.612,1.895)	72.8302	-72.086
21.510420700861	9	(29.0181,167.714,1.895)	92.8276	-74.1933
21.520336667087	5	(26.4672,87.4264,1.895)	12.9937	-57.1145
21.525066219154	3	(30.142,47.2998,1.895)	27.5915	-63.6553
21.530111458793	6	(29.5801,107.498,1.895)	32.6091	-65.1066
21.549149505596	7	(29.3243,134.904,1.895)	60.016	-70.4051
21.604964017577	2	(27.0486,25.1349,1.895)	47.8447	-68.4365
21.605159656343	8	(25.9242,145.6,1.895)	72.8145	-72.0841
21.610420700861	9	(29.0369,165.703,1.895)	92.8128	-74.192
21.620336667087	5	(26.4858,85.4238,1.895)	12.9871	-57.11
21.625066219154	3	(30.1607,45.2932,1.895)	27.6023	-63.6587
21.630111458793	6	(29.5989,105.488,1.895)	32.5952	-65.1029
21.649149505596	7	(29.343,132.907,1.895)	60.0151	-70.405
21.705159656343	8	(25.9429,143.595,1.895)	72.8092	-72.0835
21.710420700861	9	(29.0556,163.701,1.895)	92.8099	-74.1917
21.720336667087	5	(26.5045,83.4225,1.895)	12.9854	-57.1089
21.725066219154	3	(30.1794,43.2874,1.895)	27.6086	-63.6607
21.730111458793	6	(29.6175,103.488,1.895)	32.5942	-65.1026
21.749149505596	7	(29.3616,130.912,1.895)	60.0198	-70.4057
21.805159656343	8	(25.9616,141.589,1.895)	72.8045	-72.083
21.810420700861	9	(29.0743,161.693,1.895)	92.8045	-74.1912
21.820336667087	5	(26.5232,81.4181,1.895)	12.9829	-57.1072
21.825066219154	3	(30.1981,41.281,1.895)	27.6132	-63.6621
21.830111458793	6	(29.6362,101.485,1.895)	32.5933	-65.1023
21.849149505596	7	(29.3802,128.92,1.895)	60.0294	-70.4071
21.905159656343	8	(25.9803,139.589,1.895)	72.8012	-72.0826
21.910420700861	9	(29.093,159.69,1.895)	92.7975	-74.1905
21.920336667087	5	(26.5419,79.4178,1.895)	12.9787	-57.1044
21.925066219154	3	(30.2168,39.2786,1.895)	27.6196	-63.6641
21.930111458793	6	(29.655,99.4729,1.895)	32.5774	-65.0981
21.949149505596	7	(29.3988,126.921,1.895)	60.0264	-70.4066
22.005159656343	8	(25.999,137.589,1.895)	72.7962	-72.082
22.010420700861	9	(29.1117,157.69,1.895)	92.7914	-74.1899
22.020336667087	5	(26.5606,77.4148,1.895)	12.9708	-57.0992
22.025066219154	3	(30.2356,37.2671,1.895)	27.6362	-63.6694
22.030111458793	6	(29.6737,97.4725,1.895)	32.5718	-65.0966
22.049149505596	7	(29.4176,124.914,1.895)	60.0148	-70.405
22.105159656343	8	(26.0177,135.584,1.895)	72.8011	-72.0825
22.110420700861	9	(29.1303,155.69,1.895)	92.8019	-74.1909
22.120336667087	5	(26.5793,75.4091,1.895)	12.9753	-57.1021
22.125066219154	3	(30.2544,35.257,1.895)	27.6361	-63.6693
22.130111458793	6	(29.6924,95.4652,1.895)	32.5747	-65.0974
22.149149505596	7	(29.4361,122.923,1.895)	60.0339	-70.4077
22.205159656343	8	(26.0363,133.584,1.895)	72.8082	-72.0834
22.210420700861	9	(29.1491,153.679,1.895)	92.7984	-74.1906
22.220336667087	5	(26.5981,73.4004,1.895)	12.9736	-57.101
22.225066219154	3	(30.2731,33.2532,1.895)	27.6328	-63.6683
22.230111458793	6	(29.7111,93.4623,1.895)	32.5788	-65.0985
22.249149505596	7	(29.4548,120.922,1.895)	60.0402	-70.4086
22.305159656343	8	(26.0551,131.579,1.895)	72.8004	-72.0825
22.310420700861	9	(29.1678,151.671,1.895)	92.7876	-74.1896
22.320336667087	5	(26.6168,71.3963,1.895)	12.9676	-57.097
22.325066219154	3	(30.2917,31.2538,1.895)	27.6344	-63.6688
22.330111458793	6	(29.7299,91.4522,1.895)	32.5667	-65.0953
22.349149505596	7	(29.4735,118.924,1.895)	60.0397	-70.4086
22.405159656343	8	(26.0737,129.578,1.895)	72.7955	-72.0819
22.410420700861	9	(29.1866,149.663,1.895)	92.7759	-74.1885
22.420336667087	5	(26.6355,69.387,1.895)	12.9543	-57.0881
22.425066219154	3	(30.3104,29.2501,1.895)	27.6425	-63.6713
22.430111458793	6	(29.7486,89.4502,1.895)	32.5602	-65.0935
22.449149505596	7	(29.4921,116.928,1.895)	60.0394	-70.4085
22.505159656343	8	(26.0924,127.575,1.895)	72.7907	-72.0813
22.510420700861	9	(29.2053,147.655,1.895)	92.766	-74.1876
22.520336667087	5	(26.6543,67.3775,1.895)	12.9432	-57.0806
22.525066219154	3	(30.3291,27.2451,1.895)	27.6495	-63.6735
22.530111458793	6	(29.7673,87.4425,1.895)	32.5504	-65.0909
22.549149505596	7	(29.5107,114.937,1.895)	60.0466	-70.4096
22.605159656343	8	(26.1111,125.569,1.895)	72.7858	-72.0807
22.610420700861	9	(29.2241,145.647,1.895)	92.7592	-74.1869
22.620336667087	5	(26.673,65.3682,1.895)	12.9354	-57.0754
22.625066219154	3	(30.3478,25.2435,1.895)	27.6499	-63.6737
22.630111458793	6	(29.786,85.434,1.895)	32.5431	-65.089
22.649149505596	7	(29.5294,112.936,1.895)	60.0462	-70.4095
22.705159656343	8	(26.1298,123.57,1.895)	72.7901	-72.0812
22.710420700861	9	(29.2428,143.639,1.895)	92.7544	-74.1865
22.720336667087	5	(26.6917,63.3682,1.895)	12.9387	-57.0776
22.730111458793	6	(29.8047,83.4315,1.895)	32.5441	-65.0892
22.749149505596	7	(29.5481,110.931,1.895)	60.0452	-70.4094
22.805159656343	8	(26.1485,121.566,1.895)	72.7928	-72.0816
22.810420700861	9	(29.2615,141.638,1.895)	92.7599	-74.187
22.820336667087	5	(26.7104,61.3631,1.895)	12.9406	-57.0789
22.830111458793	6	(29.8234,81.4297,1.895)	32.5493	-65.0906
22.849149505596	7	(29.5667,108.933,1.895)	60.0534	-70.4105
22.905159656343	8	(26.1673,119.558,1.895)	72.7886	-72.0811
22.910420700861	9	(29.2802,139.635,1.895)	92.7607	-74.1871
22.920336667087	5	(26.7291,59.3601,1.895)	12.9408	-57.079
22.930111458793	6	(29.8421,79.4277,1.895)	32.5507	-65.091
22.949149505596	7	(29.5853,106.944,1.895)	60.0677	-70.4126
23.005159656343	8	(26.186,117.548,1.895)	72.7775	-72.0797
23.010420700861	9	(29.2989,137.629,1.895)	92.7535	-74.1864
23.020336667087	5	(26.7478,57.3596,1.895)	12.9394	-57.0781
23.030111458793	6	(29.8608,77.4271,1.895)	32.5489	-65.0905
23.049149505596	7	(29.6039,104.946,1.895)	60.0695	-70.4129
23.105159656343	8	(26.2047,115.543,1.895)	72.7797	-72.08
23.110420700861	9	(29.3176,135.624,1.895)	92.7567	-74.1867
23.120336667087	5	(26.7666,55.3483,1.895)	12.9359	-57.0757
23.130111458793	6	(29.8795,75.4209,1.895)	32.5505	-65.091
23.149149505596	7	(29.6225,102.952,1.895)	60.0828	-70.4148
23.205159656343	8	(26.2234,113.539,1.895)	72.7867	-72.0808
23.210420700861	9	(29.3363,133.624,1.895)	92.7668	-74.1876
23.220336667087	5	(26.7853,53.3387,1.895)	12.937	-57.0765
23.230111458793	6	(29.8982,73.4155,1.895)	32.5559	-65.0924
23.249149505596	7	(29.6412,100.952,1.895)	60.094	-70.4164
23.305159656343	8	(26.2421,111.535,1.895)	72.785	-72.0806
23.310420700861	9	(29.355,131.617,1.895)	92.7623	-74.1872
23.320336667087	5	(26.804,51.3389,1.895)	12.9392	-57.078
23.330111458793	6	(29.9169,71.4087,1.895)	32.5512	-65.0911
23.349149505596	7	(29.6599,98.9512,1.895)	60.0949	-70.4165
23.405159656343	8	(26.2608,109.534,1.895)	72.7865	-72.0808
23.410420700861	9	(29.3738,129.608,1.895)	92.756	-74.1866
23.420336667087	5	(26.8226,49.3385,1.895)	12.9417	-57.0796
23.430111458793	6	(29.9357,69.4013,1.895)	32.5467	-65.0899
23.449149505596	7	(29.6786,96.951,1.895)	60.0976	-70.4169
23.505159656343	8	(26.2796,107.523,1.895)	72.7799	-72.08
23.510420700861	9	(29.3924,127.608,1.895)	92.7605	-74.187
23.520336667087	5	(26.8414,47.3301,1.895)	12.9378	-57.077
23.530111458793	6	(29.9544,67.4007,1.895)	32.5506	-65.091
23.549149505596	7	(29.6973,94.9466,1.895)	60.0976	-70.4169
23.605159656343	8	(26.2983,105.512,1.895)	72.7693	-72.0788
23.610420700861	9	(29.4112,125.598,1.895)	92.7506	-74.1861
23.620336667087	5	(26.8601,45.3278,1.895)	12.9354	-57.0754
23.630111458793	6	(29.9731,65.3931,1.895)	32.5428	-65.0889
23.649149505596	7	(29.7159,92.9539,1.895)	60.1047	-70.418
23.705159656343	8	(26.3171,103.502,1.895)	72.7687	-72.0787
23.710420700861	9	(29.43,123.587,1.895)	92.7492	-74.186
23.720336667087	5	(26.8788,43.3253,1.895)	12.9425	-57.0802
23.730111458793	6	(29.9918,63.3929,1.895)	32.5523	-65.0914
23.749149505596	7	(29.7345,90.9563,1.895)	60.1169	-70.4197
23.805159656343	8	(26.3358,101.503,1.895)	72.7804	-72.0801
23.810420700861	9	(29.4486,121.586,1.895)	92.7593	-74.1869
23.820336667087	5	(26.8975,41.3199,1.895)	12.9477	-57.0836
23.830111458793	6	(30.0105,61.3822,1.895)	32.5524	-65.0915
23.849149505596	7	(29.7531,88.9599,1.895)	60.1314	-70.4218
23.905159656343	8	(26.3545,99.4982,1.895)	72.7803	-72.0801
23.910420700861	9	(29.4674,119.579,1.895)	92.7562	-74.1866
23.920336667087	5	(26.9162,39.3175,1.895)	12.9497	-57.085
23.930111458793	6	(30.0293,59.375,1.895)	32.5497	-65.0907
23.949149505596	7	(29.7719,86.9538,1.895)	60.1297	-70.4216
