5.104964017577	2	(23.9592,356.129,1.895)	60.174	-70.428
5.119172076066	1	(27.4069,340.338,1.895)	76.0676	-72.4638
5.125066219154	3	(27.0721,376.22,1.895)	40.2486	-66.9348
5.129642230819	0	(27.6332,316.102,1.895)	100.288	-74.8648
5.141651904734	4	(26.8721,397.644,1.895)	18.9766	-60.4042
5.204964017577	2	(23.978,354.121,1.895)	60.1764	-70.4283
5.219172076066	1	(27.425,338.403,1.895)	75.997	-72.4557
5.225066219154	3	(27.0908,374.212,1.895)	40.2508	-66.9353
5.229642230819	0	(27.6519,314.091,1.895)	100.293	-74.8652
5.241651904734	4	(26.8896,395.772,1.895)	18.8456	-60.344
5.304964017577	2	(23.9967,352.114,1.895)	60.183	-70.4293
5.319172076066	1	(27.4432,336.457,1.895)	75.9431	-72.4496
5.325066219154	3	(27.1095,372.209,1.895)	40.2538	-66.9359
5.329642230819	0	(27.6707,312.08,1.895)	100.304	-74.8662
5.341651904734	4	(26.9072,393.885,1.895)	18.734	-60.2924
5.404964017577	2	(24.0154,350.11,1.895)	60.1868	-70.4298
5.419172076066	1	(27.4613,334.513,1.895)	75.8866	-72.4431
5.425066219154	3	(27.1282,370.204,1.895)	40.2583	-66.9369
5.429642230819	0	(27.6894,310.071,1.895)	100.312	-74.8668
5.441651904734	4	(26.9247,392.005,1.895)	18.6155	-60.2373
5.504964017577	2	(24.0342,348.099,1.895)	60.1976	-70.4314
5.519172076066	1	(27.4795,332.565,1.895)	75.8353	-72.4372
5.525066219154	3	(27.1469,368.204,1.895)	40.2582	-66.9369
5.529642230819	0	(27.7081,308.067,1.895)	100.317	-74.8672
5.541651904734	4	(26.9424,390.112,1.895)	18.51	-60.1879
5.604964017577	2	(24.0529,346.091,1.895)	60.1936	-70.4308
5.619172076066	1	(27.4976,330.628,1.895)	75.7601	-72.4286
5.625066219154	3	(27.1656,366.194,1.895)	40.2567	-66.9365
5.629642230819	0	(27.7268,306.064,1.895)	100.308	-74.8665
5.641651904734	4	(26.96,388.227,1.895)	18.3858	-60.1295
5.704964017577	2	(24.0716,344.089,1.895)	60.1952	-70.431
5.719172076066	1	(27.5157,328.684,1.895)	75.7034	-72.4221
5.725066219154	3	(27.1844,364.184,1.895)	40.2653	-66.9384
5.729642230819	0	(27.7456,304.056,1.895)	100.315	-74.8671
5.741651904734	4	(26.9777,386.327,1.895)	18.2865	-60.0824
5.804964017577	2	(24.0903,342.084,1.895)	60.1948	-70.431
5.819172076066	1	(27.5339,326.733,1.895)	75.6496	-72.4159
5.825066219154	3	(27.2031,362.183,1.895)	40.2617	-66.9376
5.829642230819	0	(27.7644,302.044,1.895)	100.322	-74.8677
5.841651904734	4	(26.9955,384.425,1.895)	18.1854	-60.0342
5.904964017577	2	(24.1091,340.073,1.895)	60.1966	-70.4312
5.919172076066	1	(27.5521,324.783,1.895)	75.5893	-72.409
5.925066219154	3	(27.2218,360.174,1.895)	40.2602	-66.9373
5.929642230819	0	(27.7831,300.041,1.895)	100.315	-74.8671
5.941651904734	4	(27.0131,382.532,1.895)	18.0697	-59.9788
6.004964017577	2	(24.1278,338.07,1.895)	60.1908	-70.4304
6.019172076066	1	(27.5703,322.838,1.895)	75.5265	-72.4018
6.025066219154	3	(27.2406,358.166,1.895)	40.2607	-66.9374
6.029642230819	0	(27.8017,298.041,1.895)	100.307	-74.8664
6.041651904734	4	(27.0309,380.632,1.895)	17.9634	-59.9276
6.104964017577	2	(24.1465,336.066,1.895)	60.1884	-70.4301
6.119172076066	1	(27.5884,320.901,1.895)	75.4571	-72.3938
6.125066219154	3	(27.2593,356.161,1.895)	40.2585	-66.9369
6.129642230819	0	(27.8204,296.037,1.895)	100.304	-74.8662
6.130111458793	6	(26.6976,416.34,1.895)	20.3282	-61.0017
6.141651904734	4	(27.0486,378.729,1.895)	17.8623	-59.8785
6.204964017577	2	(24.1651,334.066,1.895)	60.1892	-70.4302
6.219172076066	1	(27.6065,318.953,1.895)	75.406	-72.3879
6.225066219154	3	(27.278,354.155,1.895)	40.2651	-66.9384
6.229642230819	0	(27.8391,294.034,1.895)	100.308	-74.8665
6.230111458793	6	(26.7163,414.341,1.895)	20.3284	-61.0019
6.241651904734	4	(27.0664,376.829,1.895)	17.7641	-59.8306
6.304964017577	2	(24.1838,332.063,1.895)	60.1817	-70.4291
6.319172076066	1	(27.6247,317.008,1.895)	75.3399	-72.3803
6.325066219154	3	(27.2967,352.154,1.895)	40.2561	-66.9364
6.329642230819	0	(27.8579,292.026,1.895)	100.305	-74.8663
6.330111458793	6	(26.735,412.334,1.895)	20.332	-61.0034
6.341651904734	4	(27.0842,374.92,1.895)	17.6641	-59.7816
6.404964017577	2	(24.2025,330.06,1.895)	60.1843	-70.4295
6.419172076066	1	(27.6429,315.056,1.895)	75.2915	-72.3747
6.425066219154	3	(27.3154,350.146,1.895)	40.2635	-66.938
6.429642230819	0	(27.8766,290.017,1.895)	100.314	-74.867
6.430111458793	6	(26.7536,410.335,1.895)	20.333	-61.0038
6.441651904734	4	(27.1019,373.02,1.895)	17.5657	-59.7331
6.504964017577	2	(24.2212,328.057,1.895)	60.183	-70.4293
6.519172076066	1	(27.6611,313.104,1.895)	75.2399	-72.3688
6.525066219154	3	(27.3341,348.14,1.895)	40.2647	-66.9383
6.529642230819	0	(27.8953,288.015,1.895)	100.312	-74.8668
6.530111458793	6	(26.7723,408.335,1.895)	20.3377	-61.0058
6.541651904734	4	(27.1198,371.108,1.895)	17.4755	-59.6884
6.604964017577	2	(24.24,326.048,1.895)	60.1884	-70.43
6.619172076066	1	(27.6793,311.152,1.895)	75.1879	-72.3627
6.625066219154	3	(27.3528,346.137,1.895)	40.2651	-66.9384
6.629642230819	0	(27.914,286.008,1.895)	100.315	-74.8671
6.630111458793	6	(26.791,406.329,1.895)	20.3355	-61.0049
6.641651904734	4	(27.1376,369.196,1.895)	17.3848	-59.6432
6.704964017577	2	(24.2587,324.036,1.895)	60.1942	-70.4309
6.719172076066	1	(27.6976,309.2,1.895)	75.1344	-72.3566
6.725066219154	3	(27.3715,344.133,1.895)	40.2626	-66.9378
6.729642230819	0	(27.9328,284,1.895)	100.317	-74.8673
6.730111458793	6	(26.8098,404.321,1.895)	20.3331	-61.0039
6.741651904734	4	(27.1555,367.281,1.895)	17.2964	-59.5989
6.804964017577	2	(24.2775,322.029,1.895)	60.1973	-70.4313
6.819172076066	1	(27.7158,307.242,1.895)	75.0886	-72.3513
6.825066219154	3	(27.3902,342.133,1.895)	40.2593	-66.9371
6.829642230819	0	(27.9515,281.998,1.895)	100.316	-74.8672
6.830111458793	6	(26.8285,402.311,1.895)	20.3264	-61.001
6.841651904734	4	(27.1734,365.362,1.895)	17.2132	-59.557
6.904964017577	2	(24.2962,320.021,1.895)	60.1946	-70.4309
6.919172076066	1	(27.7341,305.287,1.895)	75.033	-72.3448
6.925066219154	3	(27.4089,340.128,1.895)	40.2529	-66.9357
6.929642230819	0	(27.9702,279.993,1.895)	100.31	-74.8666
6.930111458793	6	(26.8472,400.306,1.895)	20.3326	-61.0036
6.941651904734	4	(27.1912,363.449,1.895)	17.117	-59.5084
7.004964017577	2	(24.315,318.01,1.895)	60.2026	-70.4321
7.019172076066	1	(27.7523,303.333,1.895)	74.9837	-72.3391
7.025066219154	3	(27.4276,338.121,1.895)	40.2573	-66.9367
7.029642230819	0	(27.9888,277.994,1.895)	100.306	-74.8663
7.030111458793	6	(26.866,398.297,1.895)	20.327	-61.0012
7.041651904734	4	(27.2092,361.53,1.895)	17.0345	-59.4664
7.104964017577	2	(24.3337,316.01,1.895)	60.1928	-70.4307
7.119172076066	1	(27.7706,301.375,1.895)	74.9315	-72.3331
7.125066219154	3	(27.4464,336.114,1.895)	40.2535	-66.9359
7.129642230819	0	(28.0076,275.987,1.895)	100.303	-74.866
7.130111458793	6	(26.8847,396.297,1.895)	20.3366	-61.0053
7.141651904734	4	(27.2271,359.613,1.895)	16.9429	-59.4196
7.149149505596	7	(26.6976,416.34,1.895)	40.2468	-66.9344
7.204964017577	2	(24.3523,314.008,1.895)	60.1893	-70.4302
7.219172076066	1	(27.7889,299.414,1.895)	74.8873	-72.3279
7.225066219154	3	(27.4651,334.104,1.895)	40.2592	-66.9371
7.229642230819	0	(28.0263,273.984,1.895)	100.301	-74.8659
7.230111458793	6	(26.9033,394.297,1.895)	20.3414	-61.0074
7.241651904734	4	(27.2451,357.684,1.895)	16.8682	-59.3811
7.249149505596	7	(26.7149,414.487,1.895)	40.3979	-66.967
7.304964017577	2	(24.371,312.006,1.895)	60.1861	-70.4297
7.319172076066	1	(27.8071,297.462,1.895)	74.8342	-72.3218
7.325066219154	3	(27.4839,332.094,1.895)	40.2634	-66.938
7.329642230819	0	(28.0449,271.985,1.895)	100.294	-74.8653
7.330111458793	6	(26.922,392.296,1.895)	20.3465	-61.0096
7.341651904734	4	(27.263,355.761,1.895)	16.7874	-59.3395
7.349149505596	7	(26.7323,412.627,1.895)	40.5432	-66.9982
7.404964017577	2	(24.3898,309.996,1.895)	60.1906	-70.4304
7.419172076066	1	(27.8254,295.503,1.895)	74.7881	-72.3164
7.425066219154	3	(27.5027,330.083,1.895)	40.2684	-66.9391
7.429642230819	0	(28.0636,269.981,1.895)	100.292	-74.8652
7.430111458793	6	(26.9407,390.295,1.895)	20.3508	-61.0114
7.441651904734	4	(27.281,353.835,1.895)	16.7099	-59.2993
7.449149505596	7	(26.7495,410.774,1.895)	40.6955	-67.0307
7.504964017577	2	(24.4085,307.994,1.895)	60.1855	-70.4296
7.519172076066	1	(27.8437,293.538,1.895)	74.7461	-72.3116
7.525066219154	3	(27.5214,328.077,1.895)	40.2685	-66.9391
7.529642230819	0	(28.0823,267.976,1.895)	100.29	-74.865
7.530111458793	6	(26.9595,388.284,1.895)	20.3464	-61.0095
7.541651904734	4	(27.2991,351.897,1.895)	16.6425	-59.2642
7.549149505596	7	(26.7669,408.92,1.895)	40.8474	-67.0631
7.604964017577	2	(24.4272,305.992,1.895)	60.1813	-70.429
7.619172076066	1	(27.8621,291.576,1.895)	74.7012	-72.3063
7.625066219154	3	(27.5401,326.074,1.895)	40.2641	-66.9381
7.629642230819	0	(28.101,265.97,1.895)	100.289	-74.8649
7.630111458793	6	(26.9781,386.283,1.895)	20.3526	-61.0122
7.641651904734	4	(27.3171,349.961,1.895)	16.5727	-59.2276
7.649149505596	7	(26.7843,407.046,1.895)	40.98	-67.0912
7.704964017577	2	(24.4458,303.992,1.895)	60.1688	-70.4272
7.719172076066	1	(27.8804,289.609,1.895)	74.6562	-72.3011
7.725066219154	3	(27.5589,324.062,1.895)	40.2642	-66.9382
7.729642230819	0	(28.1197,263.969,1.895)	100.279	-74.864
7.730111458793	6	(26.9969,384.276,1.895)	20.357	-61.0141
7.741651904734	4	(27.3351,348.037,1.895)	16.4871	-59.1827
7.749149505596	7	(26.8017,405.186,1.895)	41.1311	-67.1232
7.804964017577	2	(24.4645,301.99,1.895)	60.1691	-70.4273
7.819172076066	1	(27.8987,287.648,1.895)	74.6157	-72.2964
7.825066219154	3	(27.5776,322.057,1.895)	40.2672	-66.9388
7.829642230819	0	(28.1385,261.96,1.895)	100.286	-74.8646
7.830111458793	6	(27.0156,382.265,1.895)	20.348	-61.0102
7.841651904734	4	(27.3532,346.099,1.895)	16.4235	-59.1491
7.849149505596	7	(26.8192,403.31,1.895)	41.2564	-67.1496
7.904964017577	2	(24.4833,299.981,1.895)	60.1688	-70.4272
7.919172076066	1	(27.9171,285.676,1.895)	74.5781	-72.292
7.925066219154	3	(27.5963,320.056,1.895)	40.2593	-66.9371
7.929642230819	0	(28.1573,259.948,1.895)	100.288	-74.8648
7.930111458793	6	(27.0344,380.256,1.895)	20.3485	-61.0104
7.941651904734	4	(27.3712,344.166,1.895)	16.3489	-59.1096
7.949149505596	7	(26.8367,401.434,1.895)	41.39	-67.1777
8.004964017577	2	(24.502,297.973,1.895)	60.1766	-70.4283
8.019172076066	1	(27.9355,283.707,1.895)	74.5473	-72.2884
8.025066219154	3	(27.6149,318.053,1.895)	40.2625	-66.9378
8.029642230819	0	(28.1759,257.948,1.895)	100.289	-74.8648
8.030111458793	6	(27.0532,378.244,1.895)	20.3368	-61.0054
8.041651904734	4	(27.3892,342.236,1.895)	16.2807	-59.0733
8.049149505596	7	(26.8542,399.557,1.895)	41.5118	-67.2032
8.104964017577	2	(24.5208,295.963,1.895)	60.1809	-70.429
8.105159656343	8	(23.3976,416.3,1.895)	60.1611	-70.4261
8.119172076066	1	(27.9539,281.74,1.895)	74.5087	-72.2839
8.125066219154	3	(27.6337,316.048,1.895)	40.2615	-66.9376
8.129642230819	0	(28.1946,255.944,1.895)	100.287	-74.8647
8.130111458793	6	(27.0719,376.235,1.895)	20.3334	-61.004
8.141651904734	4	(27.4073,340.305,1.895)	16.2079	-59.0343
8.149149505596	7	(26.8718,397.677,1.895)	41.6373	-67.2294
8.204964017577	2	(24.5395,293.955,1.895)	60.1855	-70.4296
8.205159656343	8	(23.4163,414.297,1.895)	60.162	-70.4262
8.219172076066	1	(27.9722,279.78,1.895)	74.465	-72.2788
8.225066219154	3	(27.6524,314.044,1.895)	40.2619	-66.9377
8.229642230819	0	(28.2133,253.939,1.895)	100.288	-74.8648
8.230111458793	6	(27.0906,374.233,1.895)	20.3348	-61.0046
8.241651904734	4	(27.4253,338.372,1.895)	16.1386	-58.9971
8.249149505596	7	(26.8893,395.797,1.895)	41.7608	-67.2552
8.304964017577	2	(24.5583,291.947,1.895)	60.1886	-70.4301
8.305159656343	8	(23.435,412.29,1.895)	60.1599	-70.4259
8.319172076066	1	(27.9905,277.81,1.895)	74.4308	-72.2748
8.325066219154	3	(27.6711,312.035,1.895)	40.2662	-66.9386
8.329642230819	0	(28.2321,251.93,1.895)	100.293	-74.8652
8.330111458793	6	(27.1093,372.224,1.895)	20.3304	-61.0027
8.341651904734	4	(27.4434,336.43,1.895)	16.0769	-58.9638
8.349149505596	7	(26.9069,393.92,1.895)	41.8878	-67.2815
8.404964017577	2	(24.577,289.943,1.895)	60.1908	-70.4304
8.405159656343	8	(23.4537,410.284,1.895)	60.1562	-70.4254
8.419172076066	1	(28.0089,275.845,1.895)	74.3934	-72.2705
8.425066219154	3	(27.6899,310.026,1.895)	40.2729	-66.94
8.429642230819	0	(28.2508,249.924,1.895)	100.296	-74.8655
8.430111458793	6	(27.1281,370.215,1.895)	20.3242	-61
8.441651904734	4	(27.4615,334.49,1.895)	16.0163	-58.9311
8.449149505596	7	(26.9246,392.023,1.895)	41.9932	-67.3034
8.504964017577	2	(24.5957,287.932,1.895)	60.1908	-70.4304
8.505159656343	8	(23.4725,408.278,1.895)	60.1611	-70.4261
8.519172076066	1	(28.0273,273.874,1.895)	74.3534	-72.2658
8.525066219154	3	(27.7085,308.025,1.895)	40.2623	-66.9378
8.529642230819	0	(28.2695,247.919,1.895)	100.29	-74.865
8.530111458793	6	(27.1468,368.216,1.895)	20.3359	-61.0051
8.541651904734	4	(27.4797,332.548,1.895)	15.9482	-58.894
8.549149505596	7	(26.9422,390.129,1.895)	42.1094	-67.3274
8.604964017577	2	(24.6144,285.928,1.895)	60.1851	-70.4296
8.605159656343	8	(23.4912,406.273,1.895)	60.1658	-70.4268
8.619172076066	1	(28.0456,271.909,1.895)	74.3086	-72.2606
8.625066219154	3	(27.7273,306.014,1.895)	40.2638	-66.9381
8.629642230819	0	(28.2883,245.907,1.895)	100.292	-74.8652
8.630111458793	6	(27.1655,366.213,1.895)	20.3423	-61.0078
8.641651904734	4	(27.4977,330.613,1.895)	15.8752	-58.8541
8.649149505596	7	(26.9599,388.241,1.895)	42.2313	-67.3525
8.704964017577	2	(24.6332,283.922,1.895)	60.188	-70.43
8.705159656343	8	(23.5099,404.268,1.895)	60.164	-70.4265
8.719172076066	1	(28.064,269.939,1.895)	74.2756	-72.2567
8.725066219154	3	(27.746,304.012,1.895)	40.2633	-66.938
8.729642230819	0	(28.307,243.903,1.895)	100.293	-74.8652
8.730111458793	6	(27.1842,364.207,1.895)	20.3396	-61.0066
8.741651904734	4	(27.5158,328.671,1.895)	15.8153	-58.8214
8.749149505596	7	(26.9776,386.345,1.895)	42.3379	-67.3744
8.804964017577	2	(24.6519,281.916,1.895)	60.1907	-70.4304
8.805159656343	8	(23.5286,402.268,1.895)	60.1672	-70.427
8.819172076066	1	(28.0824,267.965,1.895)	74.2467	-72.2533
8.825066219154	3	(27.7648,302,1.895)	40.2717	-66.9398
8.829642230819	0	(28.3258,241.895,1.895)	100.299	-74.8657
8.830111458793	6	(27.2029,362.205,1.895)	20.3407	-61.0071
8.841651904734	4	(27.534,326.725,1.895)	15.7593	-58.7905
8.849149505596	7	(26.9952,384.453,1.895)	42.4488	-67.3971
8.904964017577	2	(24.6706,279.908,1.895)	60.1983	-70.4315
8.905159656343	8	(23.5473,400.261,1.895)	60.1604	-70.426
8.919172076066	1	(28.1008,265.992,1.895)	74.2193	-72.2501
8.925066219154	3	(27.7835,299.992,1.895)	40.2793	-66.9414
8.929642230819	0	(28.3445,239.891,1.895)	100.302	-74.866
8.930111458793	6	(27.2216,360.2,1.895)	20.3358	-61.005
8.941651904734	4	(27.5522,324.778,1.895)	15.7073	-58.7618
8.949149505596	7	(27.0129,382.559,1.895)	42.5544	-67.4187
9.004964017577	2	(24.6894,277.896,1.895)	60.2096	-70.4331
9.005159656343	8	(23.566,398.254,1.895)	60.1531	-70.4249
9.019172076066	1	(28.1192,264.02,1.895)	74.1902	-72.2467
9.025066219154	3	(27.8022,297.991,1.895)	40.2803	-66.9416
9.029642230819	0	(28.3632,237.883,1.895)	100.31	-74.8667
9.030111458793	6	(27.2403,358.19,1.895)	20.3269	-61.0012
9.041651904734	4	(27.5703,322.834,1.895)	15.652	-58.7312
9.049149505596	7	(27.0306,380.661,1.895)	42.6564	-67.4395
9.104964017577	2	(24.7081,275.897,1.895)	60.2032	-70.4322
9.105159656343	8	(23.5847,396.251,1.895)	60.1561	-70.4254
9.110420700861	9	(26.6976,416.34,1.895)	80.2836	-72.9323
9.119172076066	1	(28.1377,262.042,1.895)	74.163	-72.2435
9.125066219154	3	(27.8209,295.989,1.895)	40.276	-66.9407
9.129642230819	0	(28.3819,235.877,1.895)	100.31	-74.8666
9.130111458793	6	(27.2591,356.181,1.895)	20.3239	-60.9999
9.141651904734	4	(27.5884,320.895,1.895)	15.5868	-58.6949
9.149149505596	7	(27.0484,378.757,1.895)	42.7586	-67.4603
9.204964017577	2	(24.7268,273.888,1.895)	60.204	-70.4323
9.205159656343	8	(23.6035,394.241,1.895)	60.1548	-70.4252
9.210420700861	9	(26.7164,414.33,1.895)	80.2815	-72.9321
9.219172076066	1	(28.1561,260.068,1.895)	74.1284	-72.2395
9.225066219154	3	(27.8396,293.983,1.895)	40.274	-66.9403
9.229642230819	0	(28.4006,233.878,1.895)	100.301	-74.8659
9.230111458793	6	(27.2778,354.179,1.895)	20.329	-61.0021
9.241651904734	4	(27.6066,318.943,1.895)	15.5327	-58.6647
9.249149505596	7	(27.0662,376.845,1.895)	42.8543	-67.4797
9.304964017577	2	(24.7455,271.882,1.895)	60.2079	-70.4329
9.305159656343	8	(23.6222,392.234,1.895)	60.1502	-70.4245
9.310420700861	9	(26.735,412.329,1.895)	80.2824	-72.9322
9.319172076066	1	(28.1745,258.099,1.895)	74.0952	-72.2356
9.325066219154	3	(27.8583,291.974,1.895)	40.2808	-66.9417
9.329642230819	0	(28.4193,231.874,1.895)	100.302	-74.866
9.330111458793	6	(27.2965,352.169,1.895)	20.322	-60.9991
9.341651904734	4	(27.6249,316.989,1.895)	15.4851	-58.6381
9.349149505596	7	(27.084,374.942,1.895)	42.9531	-67.4997
9.404964017577	2	(24.7642,269.881,1.895)	60.2064	-70.4326
9.405159656343	8	(23.641,390.224,1.895)	60.142	-70.4233
9.410420700861	9	(26.7537,410.326,1.895)	80.2818	-72.9321
9.419172076066	1	(28.1929,256.127,1.895)	74.0656	-72.2321
9.425066219154	3	(27.8771,289.966,1.895)	40.2869	-66.9431
9.429642230819	0	(28.438,229.871,1.895)	100.303	-74.8661
9.430111458793	6	(27.3153,350.159,1.895)	20.3146	-60.9959
9.441651904734	4	(27.6432,315.03,1.895)	15.4433	-58.6146
9.449149505596	7	(27.1018,373.032,1.895)	43.0455	-67.5184
9.504964017577	2	(24.7829,267.874,1.895)	60.2073	-70.4328
9.505159656343	8	(23.6597,388.22,1.895)	60.1433	-70.4235
9.510420700861	9	(26.7725,408.316,1.895)	80.2774	-72.9317
9.519172076066	1	(28.2114,254.15,1.895)	74.0369	-72.2288
9.525066219154	3	(27.8958,287.956,1.895)	40.2903	-66.9438
9.529642230819	0	(28.4566,227.87,1.895)	100.299	-74.8657
9.530111458793	6	(27.334,348.15,1.895)	20.3107	-60.9943
9.541651904734	4	(27.6614,313.07,1.895)	15.3979	-58.589
9.549149505596	7	(27.1197,371.118,1.895)	43.1367	-67.5367
9.604964017577	2	(24.8017,265.867,1.895)	60.212	-70.4335
9.605159656343	8	(23.6784,386.22,1.895)	60.1462	-70.4239
9.610420700861	9	(26.7912,406.306,1.895)	80.2708	-72.9309
9.619172076066	1	(28.2297,252.181,1.895)	74.0027	-72.2247
9.625066219154	3	(27.9145,285.954,1.895)	40.29	-66.9437
9.629642230819	0	(28.4754,225.858,1.895)	100.308	-74.8665
9.630111458793	6	(27.3528,346.139,1.895)	20.3026	-60.9908
9.641651904734	4	(27.6797,311.117,1.895)	15.3498	-58.5619
9.649149505596	7	(27.1375,369.207,1.895)	43.2279	-67.5551
9.704964017577	2	(24.8204,263.856,1.895)	60.2207	-70.4347
9.705159656343	8	(23.6971,384.215,1.895)	60.1436	-70.4236
9.710420700861	9	(26.81,404.298,1.895)	80.2647	-72.9303
9.719172076066	1	(28.2482,250.201,1.895)	73.9805	-72.2221
9.725066219154	3	(27.9333,283.943,1.895)	40.2992	-66.9457
9.729642230819	0	(28.4941,223.856,1.895)	100.308	-74.8665
9.730111458793	6	(27.3716,344.13,1.895)	20.2956	-60.9878
9.741651904734	4	(27.6978,309.171,1.895)	15.2946	-58.5306
9.749149505596	7	(27.1554,367.285,1.895)	43.3081	-67.5712
9.804964017577	2	(24.8392,261.847,1.895)	60.2264	-70.4355
9.805159656343	8	(23.7158,382.205,1.895)	60.1361	-70.4225
9.810420700861	9	(26.8287,402.297,1.895)	80.2667	-72.9305
9.819172076066	1	(28.2667,248.221,1.895)	73.9578	-72.2195
9.825066219154	3	(27.952,281.938,1.895)	40.3008	-66.9461
9.829642230819	0	(28.5129,221.845,1.895)	100.316	-74.8672
9.830111458793	6	(27.3903,342.118,1.895)	20.287	-60.9841
9.841651904734	4	(27.7161,307.216,1.895)	15.2475	-58.5038
9.849149505596	7	(27.1733,365.368,1.895)	43.3938	-67.5883
9.904964017577	2	(24.8579,259.846,1.895)	60.229	-70.4359
9.905159656343	8	(23.7346,380.196,1.895)	60.127	-70.4212
9.910420700861	9	(26.8474,400.293,1.895)	80.2614	-72.9299
9.919172076066	1	(28.2852,246.24,1.895)	73.9394	-72.2173
9.925066219154	3	(27.9708,279.929,1.895)	40.3113	-66.9483
9.929642230819	0	(28.5316,219.842,1.895)	100.32	-74.8675
9.930111458793	6	(27.4091,340.112,1.895)	20.2809	-60.9815
9.941651904734	4	(27.7344,305.255,1.895)	15.2108	-58.4829
9.949149505596	7	(27.1913,363.444,1.895)	43.4691	-67.6034
10.004964017577	2	(24.8765,257.846,1.895)	60.2265	-70.4355
10.005159656343	8	(23.7532,378.196,1.895)	60.1281	-70.4213
10.010420700861	9	(26.866,398.292,1.895)	80.2625	-72.93
10.019172076066	1	(28.3036,244.263,1.895)	73.9152	-72.2145
10.025066219154	3	(27.9895,277.919,1.895)	40.3187	-66.9499
10.029642230819	0	(28.5503,217.838,1.895)	100.322	-74.8677
10.030111458793	6	(27.4278,338.106,1.895)	20.2766	-60.9797
10.041651904734	4	(27.7526,303.3,1.895)	15.1651	-58.4567
10.049149505596	7	(27.2092,361.522,1.895)	43.5476	-67.6191
10.104964017577	2	(24.8952,255.847,1.895)	60.2206	-70.4347
10.105159656343	8	(23.7719,376.196,1.895)	60.134	-70.4222
10.110420700861	9	(26.8848,396.287,1.895)	80.2625	-72.93
10.119172076066	1	(28.3221,242.29,1.895)	73.8827	-72.2106
10.125066219154	3	(28.0082,275.914,1.895)	40.3188	-66.9499
10.129642230819	0	(28.569,215.835,1.895)	100.319	-74.8675
10.130111458793	6	(27.4465,336.104,1.895)	20.2793	-60.9808
10.141651904734	4	(27.7709,301.34,1.895)	15.1205	-58.4311
10.149149505596	7	(27.2271,359.605,1.895)	43.636	-67.6367
10.204964017577	2	(24.9139,253.839,1.895)	60.2277	-70.4357
10.205159656343	8	(23.7906,374.195,1.895)	60.134	-70.4222
10.210420700861	9	(26.9034,394.286,1.895)	80.2627	-72.9301
10.219172076066	1	(28.3405,240.315,1.895)	73.8566	-72.2076
10.225066219154	3	(28.0269,273.912,1.895)	40.3198	-66.9502
10.229642230819	0	(28.5877,213.826,1.895)	100.328	-74.8682
10.230111458793	6	(27.4651,334.104,1.895)	20.2809	-60.9815
10.241651904734	4	(27.7893,299.375,1.895)	15.0861	-58.4113
10.249149505596	7	(27.2451,357.682,1.895)	43.7142	-67.6522
10.304964017577	2	(24.9327,251.829,1.895)	60.2359	-70.4369
10.305159656343	8	(23.8092,372.196,1.895)	60.1366	-70.4226
10.310420700861	9	(26.9222,392.278,1.895)	80.256	-72.9293
10.319172076066	1	(28.359,238.332,1.895)	73.8376	-72.2053
10.325066219154	3	(28.0456,271.91,1.895)	40.3202	-66.9502
10.329642230819	0	(28.6064,211.827,1.895)	100.325	-74.868
10.330111458793	6	(27.4839,332.092,1.895)	20.2709	-60.9772
10.341651904734	4	(27.8075,297.418,1.895)	15.0425	-58.3862
10.349149505596	7	(27.263,355.765,1.895)	43.7985	-67.669
10.404964017577	2	(24.9514,249.822,1.895)	60.2365	-70.437
10.405159656343	8	(23.828,370.186,1.895)	60.1331	-70.4221
10.410420700861	9	(26.9409,390.267,1.895)	80.2522	-72.9289
10.419172076066	1	(28.3774,236.362,1.895)	73.8013	-72.2011
10.425066219154	3	(28.0644,269.902,1.895)	40.3217	-66.9506
10.429642230819	0	(28.6251,209.82,1.895)	100.325	-74.868
10.430111458793	6	(27.5026,330.086,1.895)	20.2707	-60.9772
10.441651904734	4	(27.8259,295.455,1.895)	14.9991	-58.3611
10.449149505596	7	(27.281,353.834,1.895)	43.8734	-67.6838
10.504964017577	2	(24.9702,247.813,1.895)	60.2463	-70.4384
10.505159656343	8	(23.8468,368.175,1.895)	60.1216	-70.4204
10.510420700861	9	(26.9596,388.265,1.895)	80.2497	-72.9287
10.519172076066	1	(28.3958,234.386,1.895)	73.7784	-72.1984
10.525066219154	3	(28.0831,267.897,1.895)	40.3271	-66.9517
10.529642230819	0	(28.6438,207.814,1.895)	100.332	-74.8686
10.530111458793	6	(27.5214,328.078,1.895)	20.2625	-60.9737
10.541651904734	4	(27.8441,293.498,1.895)	14.9587	-58.3376
10.549149505596	7	(27.2989,351.911,1.895)	43.9497	-67.6989
10.604964017577	2	(24.9889,245.813,1.895)	60.2399	-70.4375
10.605159656343	8	(23.8655,366.174,1.895)	60.1263	-70.4211
10.610420700861	9	(26.9783,386.264,1.895)	80.2543	-72.9292
10.619172076066	1	(28.4143,232.402,1.895)	73.7557	-72.1957
10.625066219154	3	(28.1018,265.89,1.895)	40.3273	-66.9518
10.629642230819	0	(28.6626,205.806,1.895)	100.333	-74.8687
10.630111458793	6	(27.5401,326.07,1.895)	20.261	-60.973
10.641651904734	4	(27.8625,291.531,1.895)	14.9203	-58.3154
10.649149505596	7	(27.317,349.979,1.895)	44.024	-67.7136
10.704964017577	2	(25.0076,243.804,1.895)	60.2489	-70.4388
10.705159656343	8	(23.8842,364.163,1.895)	60.116	-70.4196
10.710420700861	9	(26.997,384.259,1.895)	80.2492	-72.9286
10.719172076066	1	(28.4329,230.414,1.895)	73.7444	-72.1944
10.725066219154	3	(28.1205,263.891,1.895)	40.327	-66.9517
10.729642230819	0	(28.6813,203.799,1.895)	100.341	-74.8694
10.730111458793	6	(27.5589,324.058,1.895)	20.2493	-60.968
10.741651904734	4	(27.8808,289.569,1.895)	14.8829	-58.2935
10.749149505596	7	(27.3351,348.04,1.895)	44.0845	-67.7255
10.804964017577	2	(25.0263,241.802,1.895)	60.2429	-70.4379
10.805159656343	8	(23.903,362.153,1.895)	60.1139	-70.4193
10.810420700861	9	(27.0157,382.257,1.895)	80.2557	-72.9293
10.819172076066	1	(28.4515,228.425,1.895)	73.7253	-72.1921
10.825066219154	3	(28.1392,261.882,1.895)	40.3277	-66.9519
10.829642230819	0	(28.7,201.798,1.895)	100.333	-74.8687
10.830111458793	6	(27.5776,322.055,1.895)	20.254	-60.97
10.841651904734	4	(27.8991,287.605,1.895)	14.8405	-58.2687
10.849149505596	7	(27.3531,346.105,1.895)	44.1573	-67.7398
10.904964017577	2	(25.045,239.793,1.895)	60.2453	-70.4382
10.905159656343	8	(23.9217,360.147,1.895)	60.1138	-70.4193
10.910420700861	9	(27.0345,380.246,1.895)	80.2513	-72.9288
10.919172076066	1	(28.4699,226.448,1.895)	73.696	-72.1887
10.925066219154	3	(28.1579,259.881,1.895)	40.3226	-66.9508
10.929642230819	0	(28.7187,199.796,1.895)	100.329	-74.8684
10.930111458793	6	(27.5963,320.048,1.895)	20.2533	-60.9697
10.941651904734	4	(27.9174,285.642,1.895)	14.7981	-58.2439
10.949149505596	7	(27.3711,344.176,1.895)	44.2349	-67.7551
11.004964017577	2	(25.0638,237.785,1.895)	60.2451	-70.4382
11.005159656343	8	(23.9405,358.137,1.895)	60.1122	-70.419
11.010420700861	9	(27.0532,378.241,1.895)	80.2539	-72.9291
11.019172076066	1	(28.4885,224.462,1.895)	73.6728	-72.1859
11.025066219154	3	(28.1766,257.875,1.895)	40.3198	-66.9502
11.029642230819	0	(28.7374,197.792,1.895)	100.325	-74.868
11.030111458793	6	(27.615,318.043,1.895)	20.2562	-60.971
11.041651904734	4	(27.9358,283.677,1.895)	14.7553	-58.2187
11.049149505596	7	(27.3892,342.237,1.895)	44.3041	-67.7687
11.104964017577	2	(25.0825,235.779,1.895)	60.246	-70.4384
11.105159656343	8	(23.9592,356.134,1.895)	60.1142	-70.4193
11.110420700861	9	(27.0719,376.239,1.895)	80.2578	-72.9295
11.119172076066	1	(28.5069,222.483,1.895)	73.6468	-72.1829
11.125066219154	3	(28.1953,255.874,1.895)	40.3156	-66.9493
11.129642230819	0	(28.7561,195.785,1.895)	100.326	-74.8681
11.130111458793	6	(27.6338,316.036,1.895)	20.255	-60.9704
11.141651904734	4	(27.9542,281.708,1.895)	14.7205	-58.1983
11.149149505596	7	(27.4073,340.299,1.895)	44.3713	-67.7818
11.204964017577	2	(25.1013,233.769,1.895)	60.2503	-70.439
11.205159656343	8	(23.9778,354.132,1.895)	60.1179	-70.4199
11.210420700861	9	(27.0905,374.238,1.895)	80.2621	-72.93
11.219172076066	1	(28.5255,220.494,1.895)	73.631	-72.181
11.225066219154	3	(28.214,253.871,1.895)	40.3137	-66.9489
11.229642230819	0	(28.7749,193.775,1.895)	100.332	-74.8686
11.230111458793	6	(27.6525,314.027,1.895)	20.2511	-60.9687
11.241651904734	4	(27.9725,279.747,1.895)	14.677	-58.1725
11.249149505596	7	(27.4254,338.365,1.895)	44.442	-67.7957
11.304964017577	2	(25.1199,231.767,1.895)	60.249	-70.4388
11.305159656343	8	(23.9966,352.124,1.895)	60.1124	-70.4191
11.310420700861	9	(27.1092,372.238,1.895)	80.2648	-72.9303
11.319172076066	1	(28.5441,218.504,1.895)	73.6174	-72.1794
11.325066219154	3	(28.2327,251.86,1.895)	40.3217	-66.9506
11.329642230819	0	(28.7936,191.765,1.895)	100.338	-74.8691
11.330111458793	6	(27.6713,312.015,1.895)	20.2424	-60.965
11.341651904734	4	(27.9908,277.782,1.895)	14.6398	-58.1505
11.349149505596	7	(27.4435,336.42,1.895)	44.5	-67.807
11.404964017577	2	(25.1387,229.76,1.895)	60.2459	-70.4383
11.405159656343	8	(24.0153,350.114,1.895)	60.1132	-70.4192
11.410420700861	9	(27.1279,370.232,1.895)	80.2694	-72.9308
11.419172076066	1	(28.5626,216.517,1.895)	73.5951	-72.1768
11.425066219154	3	(28.2514,249.86,1.895)	40.3115	-66.9484
11.429642230819	0	(28.8123,189.763,1.895)	100.33	-74.8684
11.430111458793	6	(27.69,310.013,1.895)	20.2498	-60.9682
11.441651904734	4	(28.0093,275.803,1.895)	14.6096	-58.1326
11.449149505596	7	(27.4616,334.479,1.895)	44.5686	-67.8204
11.504964017577	2	(25.1574,227.749,1.895)	60.251	-70.4391
11.505159656343	8	(24.0341,348.109,1.895)	60.1138	-70.4193
11.510420700861	9	(27.1467,368.223,1.895)	80.2655	-72.9304
11.519172076066	1	(28.5811,214.533,1.895)	73.5729	-72.1742
11.525066219154	3	(28.2701,247.854,1.895)	40.3113	-66.9483
11.529642230819	0	(28.831,187.763,1.895)	100.325	-74.8679
11.530111458793	6	(27.7087,308.006,1.895)	20.2491	-60.9679
11.541651904734	4	(28.0276,273.84,1.895)	14.5683	-58.108
11.549149505596	7	(27.4797,332.546,1.895)	44.6414	-67.8345
11.604964017577	2	(25.1761,225.746,1.895)	60.2488	-70.4388
11.605159656343	8	(24.0528,346.098,1.895)	60.1081	-70.4185
11.610420700861	9	(27.1655,366.213,1.895)	80.2611	-72.9299
11.619172076066	1	(28.5996,212.552,1.895)	73.5485	-72.1713
11.625066219154	3	(28.2888,245.85,1.895)	40.3103	-66.9481
11.629642230819	0	(28.8497,185.761,1.895)	100.321	-74.8676
11.630111458793	6	(27.7275,305.996,1.895)	20.245	-60.9661
11.641651904734	4	(28.046,271.87,1.895)	14.5333	-58.0871
11.649149505596	7	(27.4978,330.603,1.895)	44.704	-67.8467
11.704964017577	2	(25.1948,223.743,1.895)	60.2484	-70.4387
11.705159656343	8	(24.0716,344.089,1.895)	60.1033	-70.4178
11.710420700861	9	(27.1842,364.203,1.895)	80.2547	-72.9292
11.719172076066	1	(28.6182,210.565,1.895)	73.5317	-72.1693
11.725066219154	3	(28.3076,243.842,1.895)	40.3146	-66.949
11.729642230819	0	(28.8684,183.756,1.895)	100.322	-74.8677
11.730111458793	6	(27.7462,303.986,1.895)	20.2385	-60.9633
11.741651904734	4	(28.0644,269.899,1.895)	14.502	-58.0683
11.749149505596	7	(27.5159,328.661,1.895)	44.7657	-67.8587
11.804964017577	2	(25.2136,221.733,1.895)	60.2476	-70.4386
11.805159656343	8	(24.0903,342.089,1.895)	60.1134	-70.4192
11.810420700861	9	(27.203,362.192,1.895)	80.2541	-72.9291
11.819172076066	1	(28.6367,208.581,1.895)	73.5056	-72.1662
11.825066219154	3	(28.3263,241.831,1.895)	40.3151	-66.9491
11.829642230819	0	(28.8871,181.752,1.895)	100.316	-74.8672
11.830111458793	6	(27.7649,301.986,1.895)	20.2484	-60.9676
11.841651904734	4	(28.0828,267.925,1.895)	14.4663	-58.0469
11.849149505596	7	(27.5341,326.717,1.895)	44.8318	-67.8715
11.904964017577	2	(25.2323,219.727,1.895)	60.2521	-70.4392
11.905159656343	8	(24.1089,340.087,1.895)	60.1124	-70.4191
11.910420700861	9	(27.2217,360.186,1.895)	80.2498	-72.9287
11.919172076066	1	(28.6552,206.595,1.895)	73.4901	-72.1644
11.925066219154	3	(28.3451,239.82,1.895)	40.3243	-66.9511
11.929642230819	0	(28.9058,179.751,1.895)	100.315	-74.8671
11.930111458793	6	(27.7836,299.98,1.895)	20.2436	-60.9655
11.941651904734	4	(28.1012,265.954,1.895)	14.4366	-58.0291
11.949149505596	7	(27.5522,324.778,1.895)	44.8939	-67.8835
12.004964017577	2	(25.251,217.725,1.895)	60.2505	-70.439
12.005159656343	8	(24.1277,338.079,1.895)	60.1091	-70.4186
12.010420700861	9	(27.2404,358.184,1.895)	80.2521	-72.9289
12.019172076066	1	(28.6737,204.617,1.895)	73.4643	-72.1613
12.025066219154	3	(28.3639,237.809,1.895)	40.3315	-66.9527
12.029642230819	0	(28.9244,177.748,1.895)	100.314	-74.867
12.030111458793	6	(27.8023,297.977,1.895)	20.2455	-60.9664
12.041651904734	4	(28.1196,263.979,1.895)	14.4081	-58.0119
12.049149505596	7	(27.5704,322.827,1.895)	44.9465	-67.8937
12.104964017577	2	(25.2698,215.715,1.895)	60.2486	-70.4387
12.105159656343	8	(24.1464,336.078,1.895)	60.1193	-70.4201
12.110420700861	9	(27.259,356.185,1.895)	80.2644	-72.9302
12.119172076066	1	(28.6921,202.639,1.895)	73.4305	-72.1573
12.125066219154	3	(28.3826,235.8,1.895)	40.3287	-66.9521
12.129642230819	0	(28.9432,175.74,1.895)	100.31	-74.8667
12.130111458793	6	(27.821,295.972,1.895)	20.2518	-60.969
12.141651904734	4	(28.1381,262,1.895)	14.3761	-57.9926
12.149149505596	7	(27.5885,320.882,1.895)	45.0134	-67.9066
12.204964017577	2	(25.2884,213.714,1.895)	60.2447	-70.4382
12.205159656343	8	(24.1651,334.072,1.895)	60.118	-70.4199
12.210420700861	9	(27.2778,354.175,1.895)	80.2591	-72.9297
12.219172076066	1	(28.7106,200.656,1.895)	73.4088	-72.1548
12.225066219154	3	(28.4013,233.796,1.895)	40.3279	-66.9519
12.229642230819	0	(28.962,173.73,1.895)	100.316	-74.8672
12.230111458793	6	(27.8397,293.971,1.895)	20.2556	-60.9707
12.241651904734	4	(28.1565,260.024,1.895)	14.3479	-57.9756
12.249149505596	7	(27.6067,318.937,1.895)	45.0726	-67.918
12.304964017577	2	(25.3071,211.714,1.895)	60.2458	-70.4383
12.305159656343	8	(24.1838,332.07,1.895)	60.1157	-70.4195
12.310420700861	9	(27.2965,352.175,1.895)	80.2585	-72.9296
12.319172076066	1	(28.7293,198.66,1.895)	73.4058	-72.1544
12.325066219154	3	(28.4201,231.785,1.895)	40.3396	-66.9544
12.329642230819	0	(28.9807,171.719,1.895)	100.328	-74.8682
12.330111458793	6	(27.8584,291.967,1.895)	20.251	-60.9687
12.341651904734	4	(28.1749,258.053,1.895)	14.3211	-57.9593
12.349149505596	7	(27.6249,316.989,1.895)	45.1235	-67.9278
12.404964017577	2	(25.3259,209.703,1.895)	60.2571	-70.44
12.405159656343	8	(24.2025,330.064,1.895)	60.109	-70.4186
12.410420700861	9	(27.3152,350.167,1.895)	80.2503	-72.9287
12.419172076066	1	(28.7479,196.665,1.895)	73.4012	-72.1538
12.425066219154	3	(28.4388,229.783,1.895)	40.3423	-66.955
12.429642230819	0	(28.9994,169.713,1.895)	100.334	-74.8688
12.430111458793	6	(27.8771,289.965,1.895)	20.2484	-60.9676
12.441651904734	4	(28.1934,256.078,1.895)	14.2969	-57.9446
12.449149505596	7	(27.6431,315.032,1.895)	45.1668	-67.9362
12.504964017577	2	(25.3445,207.704,1.895)	60.2462	-70.4384
12.505159656343	8	(24.2212,328.057,1.895)	60.1121	-70.419
12.510420700861	9	(27.3339,348.166,1.895)	80.2596	-72.9297
12.519172076066	1	(28.7665,194.674,1.895)	73.381	-72.1515
12.525066219154	3	(28.4575,227.776,1.895)	40.3389	-66.9543
12.529642230819	0	(29.0182,167.707,1.895)	100.33	-74.8684
12.530111458793	6	(27.8958,287.96,1.895)	20.2537	-60.9699
12.541651904734	4	(28.2118,254.099,1.895)	14.2669	-57.9264
12.549149505596	7	(27.6614,313.078,1.895)	45.2231	-67.947
12.604964017577	2	(25.3633,205.697,1.895)	60.248	-70.4386
12.605159656343	8	(24.2399,326.057,1.895)	60.1172	-70.4198
12.610420700861	9	(27.3527,346.155,1.895)	80.2538	-72.9291
12.619172076066	1	(28.7851,192.68,1.895)	73.37	-72.1502
12.625066219154	3	(28.4762,225.772,1.895)	40.338	-66.9541
12.629642230819	0	(29.0369,165.703,1.895)	100.328	-74.8682
12.630111458793	6	(27.9146,285.949,1.895)	20.248	-60.9674
12.641651904734	4	(28.2302,252.127,1.895)	14.2343	-57.9065
12.649149505596	7	(27.6796,311.13,1.895)	45.2795	-67.9578
12.704964017577	2	(25.382,203.691,1.895)	60.2428	-70.4379
12.705159656343	8	(24.2586,324.049,1.895)	60.1207	-70.4203
12.710420700861	9	(27.3714,344.15,1.895)	80.2598	-72.9298
12.719172076066	1	(28.8037,190.691,1.895)	73.3486	-72.1476
12.725066219154	3	(28.495,223.763,1.895)	40.3357	-66.9536
12.729642230819	0	(29.0556,163.693,1.895)	100.328	-74.8682
12.730111458793	6	(27.9333,283.948,1.895)	20.258	-60.9717
12.741651904734	4	(28.2487,250.153,1.895)	14.1982	-57.8845
12.749149505596	7	(27.6979,309.165,1.895)	45.3256	-67.9667
12.804964017577	2	(25.4008,201.679,1.895)	60.2493	-70.4388
12.805159656343	8	(24.2774,322.043,1.895)	60.1196	-70.4201
12.810420700861	9	(27.3901,342.146,1.895)	80.2606	-72.9298
12.819172076066	1	(28.8223,188.692,1.895)	73.342	-72.1468
12.825066219154	3	(28.5137,221.758,1.895)	40.3353	-66.9535
12.829642230819	0	(29.0743,161.689,1.895)	100.326	-74.8681
12.830111458793	6	(27.952,281.937,1.895)	20.2518	-60.9691
12.841651904734	4	(28.2672,248.17,1.895)	14.177	-57.8715
12.849149505596	7	(27.7161,307.21,1.895)	45.3754	-67.9762
12.904964017577	2	(25.4195,199.671,1.895)	60.256	-70.4398
12.905159656343	8	(24.2961,320.033,1.895)	60.1113	-70.4189
12.910420700861	9	(27.4088,340.137,1.895)	80.2538	-72.9291
12.919172076066	1	(28.8409,186.699,1.895)	73.3337	-72.1459
12.925066219154	3	(28.5324,219.753,1.895)	40.339	-66.9543
12.929642230819	0	(29.0931,159.682,1.895)	100.331	-74.8685
12.930111458793	6	(27.9707,279.938,1.895)	20.2544	-60.9702
12.941651904734	4	(28.2857,246.187,1.895)	14.1579	-57.8598
12.949149505596	7	(27.7344,305.25,1.895)	45.4173	-67.9842
13.004964017577	2	(25.4382,197.671,1.895)	60.2482	-70.4387
13.005159656343	8	(24.3148,318.034,1.895)	60.1193	-70.4201
13.010420700861	9	(27.4275,338.136,1.895)	80.2593	-72.9297
13.019172076066	1	(28.8595,184.707,1.895)	73.3181	-72.144
13.025066219154	3	(28.5511,217.745,1.895)	40.3399	-66.9545
13.029642230819	0	(29.1118,157.671,1.895)	100.336	-74.8689
13.030111458793	6	(27.9894,277.936,1.895)	20.2603	-60.9727
13.041651904734	4	(28.3042,244.205,1.895)	14.1342	-57.8452
13.049149505596	7	(27.7526,303.3,1.895)	45.4741	-67.9951
13.104964017577	2	(25.4569,195.666,1.895)	60.2501	-70.4389
13.105159656343	8	(24.3334,316.035,1.895)	60.1239	-70.4207
13.110420700861	9	(27.4463,336.125,1.895)	80.2519	-72.9289
13.119172076066	1	(28.8782,182.707,1.895)	73.3143	-72.1436
13.125066219154	3	(28.5699,215.737,1.895)	40.3442	-66.9554
13.129642230819	0	(29.1306,155.664,1.895)	100.339	-74.8692
13.130111458793	6	(28.008,275.935,1.895)	20.2623	-60.9736
13.141651904734	4	(28.3226,242.228,1.895)	14.1084	-57.8293
13.149149505596	7	(27.7709,301.343,1.895)	45.5203	-68.0039
13.204964017577	2	(25.4756,193.657,1.895)	60.2559	-70.4398
13.205159656343	8	(24.3521,314.031,1.895)	60.1236	-70.4207
13.210420700861	9	(27.4649,334.124,1.895)	80.254	-72.9291
13.219172076066	1	(28.8968,180.713,1.895)	73.3055	-72.1425
13.225066219154	3	(28.5886,213.733,1.895)	40.3449	-66.9556
13.229642230819	0	(29.1493,153.657,1.895)	100.343	-74.8695
13.230111458793	6	(28.0267,273.935,1.895)	20.2653	-60.9749
13.241651904734	4	(28.3411,240.249,1.895)	14.0851	-57.815
13.249149505596	7	(27.7892,299.387,1.895)	45.5677	-68.0129
13.304964017577	2	(25.4944,191.651,1.895)	60.2568	-70.4399
13.305159656343	8	(24.3708,312.027,1.895)	60.1243	-70.4208
13.310420700861	9	(27.4837,332.118,1.895)	80.2533	-72.9291
13.319172076066	1	(28.9154,178.719,1.895)	73.2938	-72.1411
13.325066219154	3	(28.6073,211.732,1.895)	40.3407	-66.9547
13.329642230819	0	(29.168,151.65,1.895)	100.344	-74.8696
13.330111458793	6	(28.0454,271.933,1.895)	20.2684	-60.9762
13.341651904734	4	(28.3596,238.273,1.895)	14.0561	-57.7971
13.349149505596	7	(27.8074,297.431,1.895)	45.6168	-68.0223
13.404964017577	2	(25.5131,189.643,1.895)	60.2648	-70.4411
13.405159656343	8	(24.3895,310.025,1.895)	60.1225	-70.4205
13.410420700861	9	(27.5024,330.112,1.895)	80.2465	-72.9283
13.419172076066	1	(28.9339,176.734,1.895)	73.2797	-72.1395
13.425066219154	3	(28.626,209.725,1.895)	40.3482	-66.9563
13.429642230819	0	(29.1868,149.643,1.895)	100.352	-74.8703
13.430111458793	6	(28.0641,269.93,1.895)	20.2654	-60.9749
13.441651904734	4	(28.3781,236.29,1.895)	14.0399	-57.7871
13.449149505596	7	(27.8257,295.469,1.895)	45.6545	-68.0295
13.504964017577	2	(25.5318,187.636,1.895)	60.2724	-70.4422
13.505159656343	8	(24.4082,308.024,1.895)	60.1209	-70.4203
13.510420700861	9	(27.5211,328.111,1.895)	80.246	-72.9283
13.519172076066	1	(28.9524,174.749,1.895)	73.2655	-72.1378
13.525066219154	3	(28.6447,207.718,1.895)	40.3554	-66.9578
13.529642230819	0	(29.2055,147.634,1.895)	100.361	-74.8711
13.530111458793	6	(28.0828,267.927,1.895)	20.2622	-60.9735
13.541651904734	4	(28.3965,234.315,1.895)	14.0165	-57.7726
13.549149505596	7	(27.844,293.516,1.895)	45.7005	-68.0382
13.604964017577	2	(25.5506,185.628,1.895)	60.2701	-70.4418
13.605159656343	8	(24.4269,306.025,1.895)	60.1322	-70.4219
13.610420700861	9	(27.5397,326.111,1.895)	80.2559	-72.9293
13.619172076066	1	(28.9711,172.752,1.895)	73.2518	-72.1362
13.625066219154	3	(28.6635,205.709,1.895)	40.3541	-66.9575
13.629642230819	0	(29.2243,145.626,1.895)	100.359	-74.871
13.630111458793	6	(28.1015,265.922,1.895)	20.2669	-60.9755
13.641651904734	4	(28.415,232.327,1.895)	13.9944	-57.7589
13.649149505596	7	(27.8622,291.562,1.895)	45.7564	-68.0488
13.704964017577	2	(25.5693,183.619,1.895)	60.2717	-70.4421
13.705159656343	8	(24.4455,304.022,1.895)	60.1366	-70.4226
13.710420700861	9	(27.5584,324.107,1.895)	80.2594	-72.9297
13.719172076066	1	(28.9897,170.753,1.895)	73.2441	-72.1352
13.725066219154	3	(28.6821,203.709,1.895)	40.3469	-66.956
13.729642230819	0	(29.243,143.619,1.895)	100.359	-74.8709
13.730111458793	6	(28.1203,263.911,1.895)	20.2637	-60.9742
13.741651904734	4	(28.4335,230.346,1.895)	13.9693	-57.7433
13.749149505596	7	(27.8805,289.603,1.895)	45.8051	-68.0581
13.804964017577	2	(25.5881,181.611,1.895)	60.2699	-70.4418
13.805159656343	8	(24.4643,302.015,1.895)	60.1398	-70.423
13.810420700861	9	(27.5771,322.106,1.895)	80.268	-72.9306
13.819172076066	1	(29.0084,168.759,1.895)	73.2279	-72.1333
13.825066219154	3	(28.7009,201.701,1.895)	40.3445	-66.9555
13.829642230819	0	(29.2617,141.612,1.895)	100.356	-74.8707
13.830111458793	6	(28.139,261.908,1.895)	20.2707	-60.9772
13.841651904734	4	(28.452,228.371,1.895)	13.9345	-57.7216
13.849149505596	7	(27.8989,287.631,1.895)	45.8433	-68.0653
13.904964017577	2	(25.6068,179.601,1.895)	60.2742	-70.4424
13.905159656343	8	(24.483,300.009,1.895)	60.139	-70.4229
13.910420700861	9	(27.5958,320.103,1.895)	80.271	-72.931
13.919172076066	1	(29.027,166.763,1.895)	73.2178	-72.1321
13.925066219154	3	(28.7196,199.701,1.895)	40.3396	-66.9544
13.929642230819	0	(29.2805,139.603,1.895)	100.359	-74.8709
13.930111458793	6	(28.1577,259.901,1.895)	20.2687	-60.9763
13.941651904734	4	(28.4704,226.391,1.895)	13.9098	-57.7062
13.949149505596	7	(27.9172,285.665,1.895)	45.8822	-68.0727
14.004964017577	2	(25.6256,177.596,1.895)	60.2749	-70.4425
14.005159656343	8	(24.5017,298.01,1.895)	60.1441	-70.4236
14.010420700861	9	(27.6145,318.096,1.895)	80.2682	-72.9307
14.019172076066	1	(29.0456,164.771,1.895)	73.2052	-72.1306
14.025066219154	3	(28.7383,197.696,1.895)	40.3397	-66.9544
14.029642230819	0	(29.2992,137.594,1.895)	100.363	-74.8713
14.030111458793	6	(28.1764,257.896,1.895)	20.2682	-60.9761
14.041651904734	4	(28.4889,224.417,1.895)	13.8801	-57.6876
14.049149505596	7	(27.9355,283.703,1.895)	45.9253	-68.0808
14.104964017577	2	(25.6442,175.594,1.895)	60.2655	-70.4412
14.105159656343	8	(24.5204,296.007,1.895)	60.1529	-70.4249
14.110420700861	9	(27.6332,316.093,1.895)	80.2771	-72.9316
14.119172076066	1	(29.0641,162.782,1.895)	73.1827	-72.128
14.125066219154	3	(28.757,195.686,1.895)	40.3384	-66.9542
14.129642230819	0	(29.318,135.584,1.895)	100.362	-74.8712
14.130111458793	6	(28.1951,255.893,1.895)	20.2769	-60.9798
14.141651904734	4	(28.5073,222.441,1.895)	13.8461	-57.6663
14.149149505596	7	(27.9539,281.737,1.895)	45.9699	-68.0893
14.204964017577	2	(25.663,173.583,1.895)	60.2725	-70.4422
14.205159656343	8	(24.5391,293.999,1.895)	60.1487	-70.4243
14.210420700861	9	(27.652,314.086,1.895)	80.274	-72.9313
14.219172076066	1	(29.0828,160.782,1.895)	73.1793	-72.1276
14.225066219154	3	(28.7758,193.68,1.895)	40.3405	-66.9546
14.229642230819	0	(29.3367,133.581,1.895)	100.361	-74.8711
14.230111458793	6	(28.2138,253.89,1.895)	20.2779	-60.9803
14.241651904734	4	(28.5259,220.452,1.895)	13.8317	-57.6573
14.249149505596	7	(27.9723,279.767,1.895)	46.004	-68.0957
14.304964017577	2	(25.6817,171.579,1.895)	60.266	-70.4412
14.305159656343	8	(24.5578,291.992,1.895)	60.1524	-70.4248
14.310420700861	9	(27.6706,312.087,1.895)	80.2854	-72.9325
14.319172076066	1	(29.1013,158.796,1.895)	73.1542	-72.1246
14.325066219154	3	(28.7945,191.669,1.895)	40.3409	-66.9547
14.329642230819	0	(29.3553,131.581,1.895)	100.35	-74.8701
14.330111458793	6	(28.2326,251.878,1.895)	20.2769	-60.9798
14.341651904734	4	(28.5444,218.473,1.895)	13.8009	-57.6379
14.349149505596	7	(27.9906,277.802,1.895)	46.0495	-68.1043
14.404964017577	2	(25.7005,169.57,1.895)	60.2643	-70.441
14.405159656343	8	(24.5765,289.988,1.895)	60.1582	-70.4257
14.410420700861	9	(27.6893,310.087,1.895)	80.2961	-72.9337
14.419172076066	1	(29.1198,156.814,1.895)	73.1268	-72.1213
14.425066219154	3	(28.8133,189.66,1.895)	40.3401	-66.9545
14.429642230819	0	(29.3741,129.573,1.895)	100.349	-74.87
14.430111458793	6	(28.2513,249.874,1.895)	20.2823	-60.9822
14.441651904734	4	(28.5629,216.482,1.895)	13.7823	-57.6262
14.449149505596	7	(28.009,275.829,1.895)	46.0862	-68.1112
14.504964017577	2	(25.7192,167.562,1.895)	60.2643	-70.441
14.505159656343	8	(24.5953,287.982,1.895)	60.1605	-70.426
14.510420700861	9	(27.708,308.085,1.895)	80.3017	-72.9343
14.519172076066	1	(29.1385,154.817,1.895)	73.1155	-72.12
14.525066219154	3	(28.8321,187.648,1.895)	40.3434	-66.9552
14.529642230819	0	(29.3927,127.573,1.895)	100.34	-74.8692
14.530111458793	6	(28.2699,247.874,1.895)	20.2902	-60.9855
14.541651904734	4	(28.5815,214.49,1.895)	13.7661	-57.616
14.549149505596	7	(28.0274,273.86,1.895)	46.1262	-68.1187
14.604964017577	2	(25.7379,165.554,1.895)	60.2639	-70.4409
14.605159656343	8	(24.614,285.974,1.895)	60.1618	-70.4262
14.610420700861	9	(27.7267,306.077,1.895)	80.3023	-72.9343
14.619172076066	1	(29.157,152.829,1.895)	73.0951	-72.1175
14.625066219154	3	(28.8508,185.636,1.895)	40.3467	-66.9559
14.629642230819	0	(29.4114,125.573,1.895)	100.332	-74.8686
14.630111458793	6	(28.2886,245.87,1.895)	20.2946	-60.9874
14.641651904734	4	(28.6001,212.503,1.895)	13.7459	-57.6033
14.649149505596	7	(28.0458,271.893,1.895)	46.1665	-68.1263
14.704964017577	2	(25.7566,163.554,1.895)	60.2645	-70.441
14.705159656343	8	(24.6327,283.974,1.895)	60.1604	-70.426
14.710420700861	9	(27.7454,304.077,1.895)	80.3012	-72.9342
14.719172076066	1	(29.1756,150.834,1.895)	73.0908	-72.117
14.725066219154	3	(28.8695,183.636,1.895)	40.3476	-66.9561
14.729642230819	0	(29.4302,123.563,1.895)	100.342	-74.8695
14.730111458793	6	(28.3074,243.862,1.895)	20.2864	-60.9839
14.741651904734	4	(28.6187,210.508,1.895)	13.7411	-57.6002
14.749149505596	7	(28.0642,269.923,1.895)	46.1959	-68.1319
14.804964017577	2	(25.7754,161.544,1.895)	60.2698	-70.4418
14.805159656343	8	(24.6514,281.966,1.895)	60.1583	-70.4257
14.810420700861	9	(27.7641,302.077,1.895)	80.3068	-72.9348
14.819172076066	1	(29.1943,148.84,1.895)	73.0797	-72.1157
14.825066219154	3	(28.8882,181.629,1.895)	40.3493	-66.9565
14.829642230819	0	(29.4489,121.558,1.895)	100.342	-74.8695
14.830111458793	6	(28.3261,241.857,1.895)	20.2866	-60.984
14.841651904734	4	(28.6372,208.529,1.895)	13.7164	-57.5846
14.849149505596	7	(28.0826,267.951,1.895)	46.2296	-68.1382
14.904964017577	2	(25.7941,159.541,1.895)	60.2722	-70.4421
14.905159656343	8	(24.6702,279.957,1.895)	60.1493	-70.4244
14.910420700861	9	(27.7828,300.069,1.895)	80.2987	-72.934
14.919172076066	1	(29.2129,146.844,1.895)	73.0752	-72.1152
14.925066219154	3	(28.9069,179.626,1.895)	40.3526	-66.9572
14.929642230819	0	(29.4676,119.555,1.895)	100.345	-74.8697
14.930111458793	6	(28.3448,239.852,1.895)	20.2821	-60.982
14.941651904734	4	(28.6557,206.543,1.895)	13.7022	-57.5756
14.949149505596	7	(28.1009,265.985,1.895)	46.2632	-68.1445
15.004964017577	2	(25.8128,157.536,1.895)	60.267	-70.4414
15.005159656343	8	(24.6889,277.949,1.895)	60.1511	-70.4247
15.010420700861	9	(27.8015,298.063,1.895)	80.3027	-72.9344
15.019172076066	1	(29.2315,144.846,1.895)	73.0635	-72.1138
15.025066219154	3	(28.9256,177.622,1.895)	40.3463	-66.9559
15.029642230819	0	(29.4863,117.554,1.895)	100.336	-74.8689
15.030111458793	6	(28.3636,237.844,1.895)	20.284	-60.9829
15.041651904734	4	(28.6742,204.56,1.895)	13.676	-57.5589
15.049149505596	7	(28.1194,264.006,1.895)	46.2946	-68.1504
15.104964017577	2	(25.8315,155.529,1.895)	60.2625	-70.4407
15.105159656343	8	(24.7076,275.944,1.895)	60.1577	-70.4256
15.110420700861	9	(27.8203,296.053,1.895)	80.3043	-72.9346
15.119172076066	1	(29.2501,142.861,1.895)	73.0367	-72.1106
15.125066219154	3	(28.9444,175.615,1.895)	40.342	-66.9549
15.129642230819	0	(29.505,115.549,1.895)	100.329	-74.8683
15.130111458793	6	(28.3823,235.839,1.895)	20.2901	-60.9855
15.141651904734	4	(28.6928,202.569,1.895)	13.6564	-57.5465
15.149149505596	7	(28.1378,262.03,1.895)	46.3296	-68.157
15.204964017577	2	(25.8503,153.517,1.895)	60.2677	-70.4415
15.205159656343	8	(24.7264,273.937,1.895)	60.1566	-70.4255
15.210420700861	9	(27.839,294.05,1.895)	80.3077	-72.9349
15.219172076066	1	(29.2687,140.869,1.895)	73.0226	-72.1089
15.225066219154	3	(28.9631,173.603,1.895)	40.3475	-66.9561
15.229642230819	0	(29.5236,113.549,1.895)	100.323	-74.8678
15.230111458793	6	(28.4009,233.839,1.895)	20.297	-60.9884
15.241651904734	4	(28.7114,200.577,1.895)	13.6426	-57.5377
15.249149505596	7	(28.1563,260.052,1.895)	46.3585	-68.1624
15.304964017577	2	(25.8691,151.507,1.895)	60.2675	-70.4415
15.305159656343	8	(24.7451,271.932,1.895)	60.1628	-70.4263
15.310420700861	9	(27.8577,292.043,1.895)	80.3114	-72.9353
15.319172076066	1	(29.2872,138.881,1.895)	72.9998	-72.1062
15.325066219154	3	(28.9819,171.598,1.895)	40.3418	-66.9549
15.329642230819	0	(29.5424,111.541,1.895)	100.32	-74.8676
15.330111458793	6	(28.4196,231.837,1.895)	20.3049	-60.9918
15.341651904734	4	(28.73,198.585,1.895)	13.6237	-57.5257
15.349149505596	7	(28.1746,258.089,1.895)	46.4058	-68.1712
15.404964017577	2	(25.8878,149.495,1.895)	60.2704	-70.4419
15.405159656343	8	(24.7638,269.929,1.895)	60.1682	-70.4271
15.410420700861	9	(27.8764,290.043,1.895)	80.3203	-72.9363
15.419172076066	1	(29.3058,136.885,1.895)	72.9867	-72.1047
15.425066219154	3	(29.0005,169.599,1.895)	40.3322	-66.9528
15.429642230819	0	(29.5611,109.535,1.895)	100.317	-74.8673
15.430111458793	6	(28.4383,229.836,1.895)	20.3127	-60.9951
15.441651904734	4	(28.7485,196.599,1.895)	13.6023	-57.512
15.449149505596	7	(28.193,256.123,1.895)	46.4482	-68.1792
15.504964017577	2	(25.9066,147.484,1.895)	60.2789	-70.4431
15.505159656343	8	(24.7825,267.926,1.895)	60.1686	-70.4272
15.510420700861	9	(27.8951,288.031,1.895)	80.312	-72.9354
15.519172076066	1	(29.3244,134.893,1.895)	72.975	-72.1033
15.525066219154	3	(29.0192,167.596,1.895)	40.3321	-66.9528
15.529642230819	0	(29.5798,107.529,1.895)	100.32	-74.8676
15.530111458793	6	(28.457,227.832,1.895)	20.3124	-60.995
15.541651904734	4	(28.767,194.615,1.895)	13.5832	-57.4998
15.549149505596	7	(28.2114,254.149,1.895)	46.4773	-68.1846
15.604964017577	2	(25.9253,145.482,1.895)	60.2805	-70.4433
15.605159656343	8	(24.8012,265.915,1.895)	60.1579	-70.4256
15.610420700861	9	(27.9138,286.03,1.895)	80.3104	-72.9352
15.619172076066	1	(29.3431,132.897,1.895)	72.9719	-72.1029
15.625066219154	3	(29.0379,165.596,1.895)	40.3312	-66.9526
15.629642230819	0	(29.5985,105.524,1.895)	100.325	-74.868
15.630111458793	6	(28.4757,225.825,1.895)	20.3055	-60.992
15.641651904734	4	(28.7856,192.628,1.895)	13.5705	-57.4917
15.649149505596	7	(28.2298,252.177,1.895)	46.5053	-68.1898
15.704964017577	2	(25.9441,143.471,1.895)	60.2853	-70.444
15.705159656343	8	(24.82,263.906,1.895)	60.1549	-70.4252
15.710420700861	9	(27.9325,284.029,1.895)	80.3158	-72.9358
15.719172076066	1	(29.3617,130.9,1.895)	72.9623	-72.1018
15.725066219154	3	(29.0566,163.592,1.895)	40.3302	-66.9524
15.729642230819	0	(29.6172,103.523,1.895)	100.321	-74.8676
15.730111458793	6	(28.4944,223.825,1.895)	20.3109	-60.9944
15.741651904734	4	(28.8041,190.646,1.895)	13.5477	-57.4771
15.749149505596	7	(28.2482,250.204,1.895)	46.5383	-68.196
15.804964017577	2	(25.9628,141.467,1.895)	60.2816	-70.4435
15.805159656343	8	(24.8387,261.896,1.895)	60.1524	-70.4248
15.810420700861	9	(27.9512,282.022,1.895)	80.3164	-72.9359
15.819172076066	1	(29.3802,128.914,1.895)	72.9406	-72.0992
15.825066219154	3	(29.0753,161.587,1.895)	40.3275	-66.9518
15.829642230819	0	(29.6359,101.516,1.895)	100.32	-74.8675
15.830111458793	6	(28.5131,221.821,1.895)	20.3146	-60.9959
15.841651904734	4	(28.8226,188.661,1.895)	13.5252	-57.4627
15.849149505596	7	(28.2666,248.231,1.895)	46.5728	-68.2024
15.904964017577	2	(25.9814,139.467,1.895)	60.2766	-70.4428
15.905159656343	8	(24.8574,259.891,1.895)	60.1524	-70.4248
15.910420700861	9	(27.97,280.011,1.895)	80.3099	-72.9352
15.919172076066	1	(29.3988,126.923,1.895)	72.9273	-72.0976
15.925066219154	3	(29.094,159.584,1.895)	40.3257	-66.9514
15.929642230819	0	(29.6547,99.5056,1.895)	100.325	-74.868
15.930111458793	6	(28.5318,219.813,1.895)	20.3113	-60.9945
15.941651904734	4	(28.8411,186.676,1.895)	13.5062	-57.4505
15.949149505596	7	(28.285,246.26,1.895)	46.6072	-68.2088
16.004964017577	2	(26.0001,137.468,1.895)	60.2662	-70.4413
16.005159656343	8	(24.8762,257.88,1.895)	60.1513	-70.4247
16.010420700861	9	(27.9887,278.006,1.895)	80.3157	-72.9358
16.019172076066	1	(29.4175,124.918,1.895)	72.9216	-72.0969
16.025066219154	3	(29.1127,157.576,1.895)	40.3232	-66.9509
16.029642230819	0	(29.6735,97.4951,1.895)	100.325	-74.868
16.030111458793	6	(28.5506,217.804,1.895)	20.3129	-60.9952
16.041651904734	4	(28.8597,184.686,1.895)	13.4864	-57.4377
16.049149505596	7	(28.3034,244.286,1.895)	46.6427	-68.2155
16.104964017577	2	(26.0188,135.46,1.895)	60.2741	-70.4424
16.105159656343	8	(24.895,255.87,1.895)	60.1416	-70.4233
16.110420700861	9	(28.0074,276.002,1.895)	80.3114	-72.9353
16.119172076066	1	(29.4362,122.923,1.895)	72.9171	-72.0964
16.125066219154	3	(29.1314,155.572,1.895)	40.3272	-66.9518
16.129642230819	0	(29.6922,95.4907,1.895)	100.33	-74.8684
16.130111458793	6	(28.5693,215.795,1.895)	20.3043	-60.9915
16.141651904734	4	(28.8783,182.693,1.895)	13.4798	-57.4335
16.149149505596	7	(28.3219,242.309,1.895)	46.6663	-68.2199
16.204964017577	2	(26.0376,133.45,1.895)	60.2739	-70.4424
16.205159656343	8	(24.9137,253.867,1.895)	60.1483	-70.4243
16.210420700861	9	(28.0261,274.002,1.895)	80.3213	-72.9364
16.219172076066	1	(29.4548,120.926,1.895)	72.9037	-72.0948
16.225066219154	3	(29.1501,153.568,1.895)	40.3211	-66.9504
16.229642230819	0	(29.7109,93.4831,1.895)	100.327	-74.8682
16.230111458793	6	(28.5881,213.788,1.895)	20.307	-60.9927
16.241651904734	4	(28.8969,180.697,1.895)	13.4656	-57.4243
16.249149505596	7	(28.3404,240.329,1.895)	46.6963	-68.2254
16.304964017577	2	(26.0563,131.441,1.895)	60.2821	-70.4436
16.305159656343	8	(24.9325,251.855,1.895)	60.1374	-70.4227
16.310420700861	9	(28.0448,271.992,1.895)	80.3122	-72.9354
16.319172076066	1	(29.4735,118.922,1.895)	72.9076	-72.0952
16.325066219154	3	(29.1688,151.563,1.895)	40.3258	-66.9514
16.329642230819	0	(29.7296,91.4768,1.895)	100.333	-74.8687
16.330111458793	6	(28.6068,211.782,1.895)	20.3017	-60.9905
16.341651904734	4	(28.9155,178.702,1.895)	13.4607	-57.4212
16.349149505596	7	(28.3588,238.353,1.895)	46.7204	-68.2299
16.404964017577	2	(26.075,129.439,1.895)	60.2781	-70.443
16.405159656343	8	(24.9511,249.855,1.895)	60.1434	-70.4236
16.410420700861	9	(28.0636,269.984,1.895)	80.3107	-72.9353
16.419172076066	1	(29.4921,116.926,1.895)	72.8967	-72.0939
16.425066219154	3	(29.1875,149.56,1.895)	40.3222	-66.9507
16.429642230819	0	(29.7484,89.4673,1.895)	100.336	-74.869
16.430111458793	6	(28.6255,209.777,1.895)	20.3028	-60.9909
16.441651904734	4	(28.9341,176.711,1.895)	13.4457	-57.4114
16.449149505596	7	(28.3773,236.369,1.895)	46.7431	-68.2341
16.504964017577	2	(26.0937,127.44,1.895)	60.2652	-70.4411
16.505159656343	8	(24.9699,247.848,1.895)	60.1481	-70.4242
16.510420700861	9	(28.0822,267.985,1.895)	80.3232	-72.9366
16.519172076066	1	(29.5108,114.925,1.895)	72.8857	-72.0926
16.525066219154	3	(29.2062,147.556,1.895)	40.3139	-66.9489
16.529642230819	0	(29.7671,87.4631,1.895)	100.329	-74.8683
16.530111458793	6	(28.6443,207.765,1.895)	20.3028	-60.9909
16.541651904734	4	(28.9527,174.72,1.895)	13.4252	-57.3982
16.549149505596	7	(28.3957,234.395,1.895)	46.7802	-68.241
16.604964017577	2	(26.1124,125.43,1.895)	60.2715	-70.442
16.605159656343	8	(24.9886,245.84,1.895)	60.1437	-70.4236
16.610420700861	9	(28.101,265.977,1.895)	80.3185	-72.9361
16.619172076066	1	(29.5294,112.932,1.895)	72.8763	-72.0915
16.625066219154	3	(29.225,145.547,1.895)	40.3199	-66.9502
16.629642230819	0	(29.7858,85.4549,1.895)	100.334	-74.8687
16.630111458793	6	(28.663,205.765,1.895)	20.3061	-60.9923
16.641651904734	4	(28.9713,172.725,1.895)	13.418	-57.3935
16.649149505596	7	(28.4143,232.409,1.895)	46.7978	-68.2443
16.704964017577	2	(26.1312,123.425,1.895)	60.2706	-70.4419
16.705159656343	8	(25.0073,243.832,1.895)	60.1422	-70.4234
16.710420700861	9	(28.1196,263.977,1.895)	80.3253	-72.9368
16.719172076066	1	(29.5481,110.928,1.895)	72.8727	-72.0911
16.725066219154	3	(29.2437,143.547,1.895)	40.3137	-66.9488
16.729642230819	0	(29.8046,83.4512,1.895)	100.331	-74.8685
16.730111458793	6	(28.6817,203.759,1.895)	20.3064	-60.9925
16.741651904734	4	(28.99,170.73,1.895)	13.4066	-57.3862
16.749149505596	7	(28.4328,230.43,1.895)	46.8251	-68.2494
16.804964017577	2	(26.1499,121.419,1.895)	60.2723	-70.4421
16.805159656343	8	(25.0261,241.825,1.895)	60.1389	-70.4229
16.810420700861	9	(28.1383,261.974,1.895)	80.3261	-72.9369
16.819172076066	1	(29.5667,108.938,1.895)	72.8585	-72.0894
16.825066219154	3	(29.2624,141.542,1.895)	40.3137	-66.9488
16.829642230819	0	(29.8233,81.4449,1.895)	100.333	-74.8687
16.830111458793	6	(28.7004,201.752,1.895)	20.3033	-60.9911
16.841651904734	4	(29.0086,168.737,1.895)	13.3955	-57.3789
16.849149505596	7	(28.4513,228.441,1.895)	46.8407	-68.2523
16.904964017577	2	(26.1686,119.411,1.895)	60.2764	-70.4427
16.905159656343	8	(25.0448,239.82,1.895)	60.1381	-70.4228
16.910420700861	9	(28.157,259.975,1.895)	80.3304	-72.9374
16.919172076066	1	(29.5853,106.942,1.895)	72.8516	-72.0886
16.925066219154	3	(29.2811,139.536,1.895)	40.317	-66.9496
16.929642230819	0	(29.842,79.4436,1.895)	100.331	-74.8685
16.930111458793	6	(28.7192,199.74,1.895)	20.2954	-60.9877
16.941651904734	4	(29.0272,166.744,1.895)	13.385	-57.3722
16.949149505596	7	(28.4698,226.463,1.895)	46.8661	-68.257
17.004964017577	2	(26.1874,117.404,1.895)	60.2776	-70.4429
17.005159656343	8	(25.0635,237.818,1.895)	60.1416	-70.4233
17.010420700861	9	(28.1757,257.97,1.895)	80.3318	-72.9375
17.019172076066	1	(29.6039,104.949,1.895)	72.8382	-72.087
17.025066219154	3	(29.2998,137.532,1.895)	40.3141	-66.9489
17.029642230819	0	(29.8606,77.4438,1.895)	100.324	-74.8679
17.030111458793	6	(28.7379,197.732,1.895)	20.293	-60.9867
17.041651904734	4	(29.0457,164.755,1.895)	13.3689	-57.3617
17.049149505596	7	(28.4883,224.481,1.895)	46.8898	-68.2614
17.104964017577	2	(26.206,115.403,1.895)	60.2785	-70.443
17.105159656343	8	(25.0822,235.816,1.895)	60.1391	-70.4229
17.110420700861	9	(28.1944,255.968,1.895)	80.3293	-72.9373
17.119172076066	1	(29.6225,102.959,1.895)	72.8296	-72.0859
17.125066219154	3	(29.3185,135.524,1.895)	40.3231	-66.9509
17.129642230819	0	(29.8794,75.4334,1.895)	100.335	-74.8689
17.130111458793	6	(28.7567,195.721,1.895)	20.2818	-60.9819
17.141651904734	4	(29.0643,162.762,1.895)	13.3628	-57.3577
17.149149505596	7	(28.5069,222.49,1.895)	46.8982	-68.2629
17.204964017577	2	(26.2248,113.392,1.895)	60.2779	-70.443
17.205159656343	8	(25.1009,233.807,1.895)	60.142	-70.4233
17.210420700861	9	(28.2132,253.958,1.895)	80.3313	-72.9375
17.219172076066	1	(29.6412,100.955,1.895)	72.8213	-72.085
17.225066219154	3	(29.3373,133.515,1.895)	40.32	-66.9502
17.229642230819	0	(29.8981,73.4232,1.895)	100.334	-74.8687
17.230111458793	6	(28.7754,193.72,1.895)	20.2926	-60.9865
17.241651904734	4	(29.0829,160.767,1.895)	13.3469	-57.3474
17.249149505596	7	(28.5254,220.505,1.895)	46.9245	-68.2678
17.304964017577	2	(26.2435,111.393,1.895)	60.2711	-70.442
17.305159656343	8	(25.1197,231.797,1.895)	60.1379	-70.4228
17.310420700861	9	(28.2318,251.959,1.895)	80.3378	-72.9382
17.319172076066	1	(29.6599,98.9477,1.895)	72.8225	-72.0851
17.325066219154	3	(29.356,131.511,1.895)	40.3181	-66.9498
17.329642230819	0	(29.9169,71.4155,1.895)	100.335	-74.8689
17.330111458793	6	(28.794,191.72,1.895)	20.299	-60.9893
17.341651904734	4	(29.1016,158.772,1.895)	13.3356	-57.3401
17.349149505596	7	(28.5438,218.527,1.895)	46.9531	-68.2731
17.404964017577	2	(26.2621,109.392,1.895)	60.2608	-70.4405
17.405159656343	8	(25.1383,229.797,1.895)	60.1494	-70.4244
17.410420700861	9	(28.2506,249.95,1.895)	80.3398	-72.9384
17.419172076066	1	(29.6785,96.9536,1.895)	72.8054	-72.0831
17.425066219154	3	(29.3747,129.511,1.895)	40.3073	-66.9475
17.429642230819	0	(29.9356,69.4113,1.895)	100.328	-74.8683
17.430111458793	6	(28.8127,189.718,1.895)	20.3083	-60.9933
17.441651904734	4	(29.1202,156.778,1.895)	13.3189	-57.3291
17.449149505596	7	(28.5623,216.545,1.895)	46.9822	-68.2785
17.504964017577	2	(26.2809,107.382,1.895)	60.2688	-70.4416
17.505159656343	8	(25.157,227.794,1.895)	60.1483	-70.4243
17.510420700861	9	(28.2693,247.939,1.895)	80.331	-72.9375
17.519172076066	1	(29.6972,94.9579,1.895)	72.7991	-72.0823
17.525066219154	3	(29.3933,127.511,1.895)	40.3056	-66.9471
17.529642230819	0	(29.9543,67.4018,1.895)	100.336	-74.8689
17.530111458793	6	(28.8315,187.707,1.895)	20.2986	-60.9891
17.541651904734	4	(29.1387,154.793,1.895)	13.3022	-57.3183
17.549149505596	7	(28.5809,214.557,1.895)	46.9965	-68.2811
17.604964017577	2	(26.2996,105.377,1.895)	60.2704	-70.4419
17.605159656343	8	(25.1757,225.79,1.895)	60.1478	-70.4242
17.610420700861	9	(28.288,245.938,1.895)	80.3346	-72.9378
17.619172076066	1	(29.7159,92.9523,1.895)	72.8009	-72.0825
17.625066219154	3	(29.4121,125.5,1.895)	40.3124	-66.9486
17.629642230819	0	(29.9731,65.3948,1.895)	100.339	-74.8692
17.630111458793	6	(28.8502,185.708,1.895)	20.3032	-60.9911
17.641651904734	4	(29.1573,152.799,1.895)	13.2927	-57.312
17.649149505596	7	(28.5994,212.571,1.895)	47.0138	-68.2843
17.704964017577	2	(26.3184,103.366,1.895)	60.2731	-70.4423
17.705159656343	8	(25.1945,223.784,1.895)	60.1504	-70.4246
17.710420700861	9	(28.3067,243.939,1.895)	80.3436	-72.9388
17.719172076066	1	(29.7346,90.9471,1.895)	72.7977	-72.0821
17.725066219154	3	(29.4308,123.494,1.895)	40.3098	-66.948
17.729642230819	0	(29.9918,63.389,1.895)	100.336	-74.869
17.730111458793	6	(28.8689,183.702,1.895)	20.3062	-60.9924
17.741651904734	4	(29.176,150.8,1.895)	13.2836	-57.3061
17.749149505596	7	(28.6179,210.596,1.895)	47.0474	-68.2905
17.804964017577	2	(26.3371,101.359,1.895)	60.2689	-70.4417
17.805159656343	8	(25.2131,221.783,1.895)	60.1603	-70.426
17.810420700861	9	(28.3254,241.93,1.895)	80.3453	-72.939
17.819172076066	1	(29.7533,88.9428,1.895)	72.7914	-72.0814
17.825066219154	3	(29.4495,121.488,1.895)	40.3049	-66.9469
17.829642230819	0	(30.0106,61.3776,1.895)	100.337	-74.869
17.830111458793	6	(28.8876,181.696,1.895)	20.3107	-60.9943
17.841651904734	4	(29.1946,148.803,1.895)	13.2709	-57.2978
17.849149505596	7	(28.6364,208.608,1.895)	47.07	-68.2947
17.904964017577	2	(26.3558,99.3524,1.895)	60.2645	-70.441
17.905159656343	8	(25.2318,219.78,1.895)	60.1682	-70.4271
17.910420700861	9	(28.3442,239.923,1.895)	80.3494	-72.9394
17.919172076066	1	(29.772,86.9368,1.895)	72.7863	-72.0808
17.925066219154	3	(29.4682,119.488,1.895)	40.2946	-66.9447
17.929642230819	0	(30.0293,59.3672,1.895)	100.336	-74.869
17.930111458793	6	(28.9063,179.689,1.895)	20.3151	-60.9962
17.941651904734	4	(29.2132,146.811,1.895)	13.2523	-57.2856
17.949149505596	7	(28.655,206.623,1.895)	47.0954	-68.2994
18.004964017577	2	(26.3746,97.3457,1.895)	60.2596	-70.4403
18.005159656343	8	(25.2506,217.774,1.895)	60.1736	-70.4279
18.010420700861	9	(28.3628,237.923,1.895)	80.3609	-72.9407
18.019172076066	1	(29.7907,84.9351,1.895)	72.7764	-72.0796
18.025066219154	3	(29.4869,117.484,1.895)	40.2863	-66.9429
18.029642230819	0	(30.0481,57.3602,1.895)	100.332	-74.8686
18.030111458793	6	(28.925,177.686,1.895)	20.3227	-60.9994
18.041651904734	4	(29.2318,144.814,1.895)	13.2376	-57.276
18.049149505596	7	(28.6735,204.638,1.895)	47.1227	-68.3044
18.104964017577	2	(26.3933,95.3423,1.895)	60.2598	-70.4403
18.105159656343	8	(25.2692,215.771,1.895)	60.1743	-70.428
18.110420700861	9	(28.3815,235.921,1.895)	80.3622	-72.9408
18.119172076066	1	(29.8094,82.9349,1.895)	72.7734	-72.0792
18.125066219154	3	(29.5056,115.476,1.895)	40.291	-66.944
18.129642230819	0	(30.0668,55.3524,1.895)	100.337	-74.869
18.130111458793	6	(28.9437,175.684,1.895)	20.3248	-61.0003
18.141651904734	4	(29.2505,142.816,1.895)	13.2327	-57.2728
18.149149505596	7	(28.692,202.651,1.895)	47.1381	-68.3072
18.204964017577	2	(26.412,93.3357,1.895)	60.2582	-70.4401
18.205159656343	8	(25.288,213.763,1.895)	60.1748	-70.4281
18.210420700861	9	(28.4002,233.916,1.895)	80.3654	-72.9412
18.219172076066	1	(29.8281,80.9275,1.895)	72.7726	-72.0791
18.225066219154	3	(29.5244,113.472,1.895)	40.2874	-66.9432
18.229642230819	0	(30.0855,53.3498,1.895)	100.331	-74.8685
18.230111458793	6	(28.9624,173.678,1.895)	20.3262	-61.0009
18.241651904734	4	(29.2691,140.822,1.895)	13.2188	-57.2636
18.249149505596	7	(28.7106,200.661,1.895)	47.1567	-68.3107
18.304964017577	2	(26.4307,91.3317,1.895)	60.2514	-70.4391
18.305159656343	8	(25.3067,211.761,1.895)	60.1828	-70.4292
18.310420700861	9	(28.4189,231.913,1.895)	80.3731	-72.942
18.319172076066	1	(29.8467,78.9322,1.895)	72.7572	-72.0773
18.325066219154	3	(29.5431,111.46,1.895)	40.2882	-66.9433
18.329642230819	0	(30.1042,51.3465,1.895)	100.323	-74.8678
18.330111458793	6	(28.9811,171.677,1.895)	20.3365	-61.0053
18.341651904734	4	(29.2876,138.834,1.895)	13.1972	-57.2494
18.349149505596	7	(28.7292,198.667,1.895)	47.1729	-68.3136
18.404964017577	2	(26.4494,89.331,1.895)	60.2518	-70.4392
18.405159656343	8	(25.3255,209.749,1.895)	60.1716	-70.4276
18.410420700861	9	(28.4376,229.912,1.895)	80.3718	-72.9419
18.419172076066	1	(29.8654,76.9348,1.895)	72.7542	-72.0769
18.425066219154	3	(29.5618,109.46,1.895)	40.2876	-66.9432
18.429642230819	0	(30.123,49.3345,1.895)	100.335	-74.8688
18.430111458793	6	(28.9998,169.678,1.895)	20.3373	-61.0057
18.441651904734	4	(29.3063,136.832,1.895)	13.1987	-57.2504
18.449149505596	7	(28.7477,196.683,1.895)	47.1891	-68.3166
18.504964017577	2	(26.4681,87.3239,1.895)	60.2599	-70.4404
18.505159656343	8	(25.3442,207.74,1.895)	60.1612	-70.4261
18.510420700861	9	(28.4563,227.909,1.895)	80.3683	-72.9415
18.519172076066	1	(29.8841,74.9235,1.895)	72.7665	-72.0784
18.525066219154	3	(29.5805,107.46,1.895)	40.2896	-66.9436
18.529642230819	0	(30.1417,47.3272,1.895)	100.343	-74.8696
18.530111458793	6	(29.0185,167.676,1.895)	20.3344	-61.0044
18.541651904734	4	(29.3249,134.841,1.895)	13.1906	-57.2451
18.549149505596	7	(28.7662,194.703,1.895)	47.2087	-68.3202
18.604964017577	2	(26.4868,85.3168,1.895)	60.2633	-70.4408
18.605159656343	8	(25.363,205.731,1.895)	60.1559	-70.4253
18.610420700861	9	(28.4751,225.897,1.895)	80.3601	-72.9406
18.619172076066	1	(29.9029,72.9168,1.895)	72.7695	-72.0788
18.625066219154	3	(29.5992,105.455,1.895)	40.2909	-66.9439
18.629642230819	0	(30.1604,45.3193,1.895)	100.348	-74.8699
18.630111458793	6	(29.0372,165.668,1.895)	20.3298	-61.0024
18.641651904734	4	(29.3436,132.844,1.895)	13.1846	-57.2411
18.649149505596	7	(28.7848,192.713,1.895)	47.2224	-68.3227
18.704964017577	2	(26.5056,83.3062,1.895)	60.2623	-70.4407
18.705159656343	8	(25.3817,203.722,1.895)	60.159	-70.4258
18.710420700861	9	(28.4938,223.89,1.895)	80.3645	-72.9411
18.719172076066	1	(29.9216,70.9094,1.895)	72.7653	-72.0783
18.725066219154	3	(29.6179,103.449,1.895)	40.2846	-66.9426
18.729642230819	0	(30.1792,43.3092,1.895)	100.346	-74.8698
18.730111458793	6	(29.056,163.658,1.895)	20.3323	-61.0035
18.741651904734	4	(29.3622,130.843,1.895)	13.1745	-57.2345
18.749149505596	7	(28.8033,190.726,1.895)	47.2466	-68.3272
18.804964017577	2	(26.5244,81.2964,1.895)	60.2609	-70.4405
18.805159656343	8	(25.4004,201.718,1.895)	60.1655	-70.4267
18.810420700861	9	(28.5125,221.882,1.895)	80.3681	-72.9415
18.819172076066	1	(29.9403,68.9094,1.895)	72.7542	-72.0769
18.825066219154	3	(29.6366,101.449,1.895)	40.2739	-66.9403
18.829642230819	0	(30.1979,41.3091,1.895)	100.335	-74.8688
18.830111458793	6	(29.0746,161.658,1.895)	20.343	-61.0081
18.841651904734	4	(29.3809,128.846,1.895)	13.1602	-57.225
18.849149505596	7	(28.822,188.729,1.895)	47.2604	-68.3297
18.904964017577	2	(26.5431,79.2871,1.895)	60.2676	-70.4415
18.905159656343	8	(25.4191,199.711,1.895)	60.1619	-70.4262
18.910420700861	9	(28.5313,219.876,1.895)	80.3642	-72.941
18.919172076066	1	(29.9589,66.9144,1.895)	72.7466	-72.076
18.925066219154	3	(29.6553,99.4408,1.895)	40.2792	-66.9414
18.929642230819	0	(30.2166,39.3027,1.895)	100.339	-74.8692
18.930111458793	6	(29.0934,159.647,1.895)	20.3347	-61.0046
18.941651904734	4	(29.3995,126.853,1.895)	13.1517	-57.2194
18.949149505596	7	(28.8405,186.746,1.895)	47.2809	-68.3335
19.004964017577	2	(26.5618,77.285,1.895)	60.2629	-70.4408
19.005159656343	8	(25.4378,197.712,1.895)	60.1689	-70.4272
19.010420700861	9	(28.5499,217.875,1.895)	80.3705	-72.9417
19.019172076066	1	(29.9776,64.9075,1.895)	72.7466	-72.076
19.025066219154	3	(29.6741,97.4334,1.895)	40.2798	-66.9415
19.029642230819	0	(30.2354,37.2928,1.895)	100.342	-74.8694
19.030111458793	6	(29.1122,157.636,1.895)	20.3309	-61.0029
19.041651904734	4	(29.4181,124.859,1.895)	13.1385	-57.2107
19.049149505596	7	(28.8591,184.75,1.895)	47.2913	-68.3354
19.104964017577	2	(26.5805,75.2845,1.895)	60.2601	-70.4404
19.105159656343	8	(25.4565,195.709,1.895)	60.1692	-70.4273
19.110420700861	9	(28.5687,215.869,1.895)	80.3677	-72.9414
19.119172076066	1	(29.9963,62.9102,1.895)	72.7407	-72.0753
19.125066219154	3	(29.6927,95.4334,1.895)	40.2766	-66.9408
19.129642230819	0	(30.2541,35.2834,1.895)	100.348	-74.87
19.130111458793	6	(29.1309,155.632,1.895)	20.3297	-61.0024
19.141651904734	4	(29.4367,122.865,1.895)	13.1304	-57.2053
19.149149505596	7	(28.8777,182.753,1.895)	47.2977	-68.3366
19.204964017577	2	(26.5992,73.2791,1.895)	60.262	-70.4407
19.205159656343	8	(25.4752,193.702,1.895)	60.1658	-70.4268
19.210420700861	9	(28.5874,213.86,1.895)	80.3619	-72.9408
19.219172076066	1	(30.015,60.9049,1.895)	72.7425	-72.0756
19.225066219154	3	(29.7114,93.4286,1.895)	40.2778	-66.9411
19.229642230819	0	(30.2729,33.2747,1.895)	100.353	-74.8704
19.230111458793	6	(29.1496,153.622,1.895)	20.3231	-60.9996
19.241651904734	4	(29.4553,120.869,1.895)	13.1224	-57.2001
19.249149505596	7	(28.8963,180.763,1.895)	47.3111	-68.339
19.304964017577	2	(26.6179,71.2761,1.895)	60.2598	-70.4403
19.305159656343	8	(25.494,191.693,1.895)	60.1627	-70.4263
19.310420700861	9	(28.6062,211.851,1.895)	80.3582	-72.9404
19.319172076066	1	(30.0337,58.9023,1.895)	72.7399	-72.0752
19.325066219154	3	(29.7301,91.4278,1.895)	40.2735	-66.9402
19.329642230819	0	(30.2916,31.264,1.895)	100.359	-74.8709
19.330111458793	6	(29.1684,151.615,1.895)	20.3216	-60.9989
19.341651904734	4	(29.474,118.868,1.895)	13.1186	-57.1975
19.349149505596	7	(28.915,178.763,1.895)	47.3167	-68.3401
19.404964017577	2	(26.6367,69.2648,1.895)	60.2668	-70.4414
19.405159656343	8	(25.5126,189.694,1.895)	60.1677	-70.4271
19.410420700861	9	(28.6249,209.841,1.895)	80.3527	-72.9398
19.419172076066	1	(30.0524,56.8911,1.895)	72.7468	-72.0761
19.425066219154	3	(29.7488,89.4237,1.895)	40.2732	-66.9401
19.429642230819	0	(30.3103,29.2618,1.895)	100.357	-74.8707
19.430111458793	6	(29.1871,149.611,1.895)	20.3214	-60.9989
19.441651904734	4	(29.4926,116.871,1.895)	13.1118	-57.193
19.449149505596	7	(28.9336,176.772,1.895)	47.3299	-68.3425
19.504964017577	2	(26.6554,67.254,1.895)	60.2747	-70.4425
19.505159656343	8	(25.5313,187.694,1.895)	60.1702	-70.4274
19.510420700861	9	(28.6436,207.84,1.895)	80.3542	-72.94
19.519172076066	1	(30.0711,54.8962,1.895)	72.7387	-72.0751
19.525066219154	3	(29.7675,87.4197,1.895)	40.2743	-66.9404
19.529642230819	0	(30.329,27.2625,1.895)	100.353	-74.8704
19.530111458793	6	(29.2058,147.603,1.895)	20.3168	-60.9969
19.541651904734	4	(29.5112,114.881,1.895)	13.099	-57.1845
19.549149505596	7	(28.9521,174.782,1.895)	47.3421	-68.3447
19.604964017577	2	(26.6742,65.246,1.895)	60.2816	-70.4435
19.605159656343	8	(25.55,185.689,1.895)	60.1665	-70.4269
19.610420700861	9	(28.6623,205.837,1.895)	80.3527	-72.9398
19.619172076066	1	(30.0896,52.9065,1.895)	72.7274	-72.0738
19.625066219154	3	(29.7862,85.4131,1.895)	40.2798	-66.9415
19.629642230819	0	(30.3477,25.256,1.895)	100.358	-74.8709
19.630111458793	6	(29.2245,145.603,1.895)	20.318	-60.9974
19.641651904734	4	(29.5298,112.885,1.895)	13.0939	-57.1812
19.649149505596	7	(28.9708,172.785,1.895)	47.3463	-68.3455
19.704964017577	2	(26.6928,63.2455,1.895)	60.2707	-70.4419
19.705159656343	8	(25.5688,183.682,1.895)	60.1709	-70.4275
19.710420700861	9	(28.681,203.833,1.895)	80.3596	-72.9405
19.719172076066	1	(30.1084,50.8984,1.895)	72.724	-72.0733
19.725066219154	3	(29.805,83.4024,1.895)	40.2791	-66.9414
19.730111458793	6	(29.2431,143.604,1.895)	20.3301	-61.0026
19.741651904734	4	(29.5485,110.884,1.895)	13.0843	-57.1748
19.749149505596	7	(28.9893,170.795,1.895)	47.3679	-68.3495
19.804964017577	2	(26.7115,61.2448,1.895)	60.2679	-70.4415
19.805159656343	8	(25.5875,181.676,1.895)	60.1685	-70.4272
19.810420700861	9	(28.6997,201.832,1.895)	80.3627	-72.9409
19.819172076066	1	(30.1271,48.8912,1.895)	72.7277	-72.0738
19.825066219154	3	(29.8237,81.3962,1.895)	40.2817	-66.9419
19.830111458793	6	(29.2619,141.596,1.895)	20.3261	-61.0009
19.841651904734	4	(29.5672,108.884,1.895)	13.0806	-57.1723
19.849149505596	7	(29.0079,168.809,1.895)	47.3852	-68.3526
19.904964017577	2	(26.7302,59.2429,1.895)	60.2701	-70.4418
19.905159656343	8	(25.6061,179.676,1.895)	60.1679	-70.4271
19.910420700861	9	(28.7184,199.821,1.895)	80.3512	-72.9396
19.919172076066	1	(30.1458,46.8921,1.895)	72.7271	-72.0737
19.925066219154	3	(29.8425,79.3896,1.895)	40.2888	-66.9435
19.930111458793	6	(29.2805,139.596,1.895)	20.3254	-61.0006
19.941651904734	4	(29.5858,106.884,1.895)	13.0809	-57.1725
19.949149505596	7	(29.0264,166.821,1.895)	47.3965	-68.3547
20.004964017577	2	(26.7489,57.2413,1.895)	60.2687	-70.4416
20.005159656343	8	(25.6248,177.673,1.895)	60.1678	-70.4271
20.010420700861	9	(28.7372,197.811,1.895)	80.3444	-72.9389
20.019172076066	1	(30.1645,44.8832,1.895)	72.7331	-72.0744
20.025066219154	3	(29.8612,77.3808,1.895)	40.2945	-66.9447
20.030111458793	6	(29.2993,137.587,1.895)	20.3194	-60.998
20.041651904734	4	(29.6045,104.886,1.895)	13.0764	-57.1695
20.049149505596	7	(29.045,164.836,1.895)	47.4144	-68.358
20.104964017577	2	(26.7676,55.2391,1.895)	60.271	-70.442
20.105159656343	8	(25.6435,175.67,1.895)	60.1652	-70.4267
20.110420700861	9	(28.7559,195.802,1.895)	80.335	-72.9379
20.119172076066	1	(30.1833,42.875,1.895)	72.7413	-72.0754
20.125066219154	3	(29.8799,75.3751,1.895)	40.3003	-66.9459
20.130111458793	6	(29.318,135.577,1.895)	20.31	-60.994
20.141651904734	4	(29.6232,102.884,1.895)	13.0777	-57.1704
20.149149505596	7	(29.0636,162.839,1.895)	47.4179	-68.3586
20.204964017577	2	(26.7863,53.2373,1.895)	60.2678	-70.4415
20.205159656343	8	(25.6622,173.669,1.895)	60.1692	-70.4273
20.210420700861	9	(28.7746,193.801,1.895)	80.339	-72.9383
20.219172076066	1	(30.202,40.8688,1.895)	72.7426	-72.0756
20.225066219154	3	(29.8987,73.365,1.895)	40.3054	-66.9471
20.230111458793	6	(29.3368,133.571,1.895)	20.3085	-60.9934
20.241651904734	4	(29.6418,100.892,1.895)	13.0653	-57.1622
20.249149505596	7	(29.0823,160.84,1.895)	47.4235	-68.3597
20.304964017577	2	(26.805,51.2265,1.895)	60.2774	-70.4429
20.305159656343	8	(25.6809,171.667,1.895)	60.168	-70.4271
20.310420700861	9	(28.7934,191.792,1.895)	80.3315	-72.9375
20.319172076066	1	(30.2208,38.8582,1.895)	72.752	-72.0767
20.325066219154	3	(29.9173,71.3657,1.895)	40.3035	-66.9466
20.330111458793	6	(29.3555,131.569,1.895)	20.308	-60.9931
20.341651904734	4	(29.6605,98.8855,1.895)	13.0706	-57.1657
20.349149505596	7	(29.1009,158.843,1.895)	47.4278	-68.3604
20.404964017577	2	(26.8238,49.2156,1.895)	60.2769	-70.4428
20.405159656343	8	(25.6996,169.66,1.895)	60.173	-70.4278
20.410420700861	9	(28.8121,189.784,1.895)	80.3342	-72.9378
20.419172076066	1	(30.2395,36.8515,1.895)	72.7472	-72.0761
20.425066219154	3	(29.9361,69.3552,1.895)	40.3026	-66.9464
20.430111458793	6	(29.3742,129.565,1.895)	20.3148	-60.996
20.441651904734	4	(29.6791,96.8972,1.895)	13.0483	-57.1508
20.449149505596	7	(29.1195,156.851,1.895)	47.4475	-68.3641
20.504964017577	2	(26.8425,47.2073,1.895)	60.281	-70.4434
20.505159656343	8	(25.7183,167.661,1.895)	60.1775	-70.4285
20.510420700861	9	(28.8309,187.772,1.895)	80.3264	-72.937
20.519172076066	1	(30.2582,34.8411,1.895)	72.7535	-72.0769
20.525066219154	3	(29.9548,67.3532,1.895)	40.3004	-66.946
20.530111458793	6	(29.3929,127.561,1.895)	20.3149	-60.9961
20.541651904734	4	(29.6977,94.9005,1.895)	13.041	-57.146
20.549149505596	7	(29.138,154.864,1.895)	47.464	-68.3671
20.604964017577	2	(26.8613,45.2005,1.895)	60.288	-70.4444
20.605159656343	8	(25.737,165.652,1.895)	60.1685	-70.4272
20.610420700861	9	(28.8497,185.76,1.895)	80.3148	-72.9357
20.619172076066	1	(30.2769,32.8379,1.895)	72.7569	-72.0773
20.625066219154	3	(29.9735,65.3446,1.895)	40.3092	-66.9479
20.630111458793	6	(29.4116,125.555,1.895)	20.3091	-60.9936
20.641651904734	4	(29.7164,92.901,1.895)	13.0408	-57.1458
20.649149505596	7	(29.1567,152.864,1.895)	47.4645	-68.3672
20.704964017577	2	(26.88,43.1887,1.895)	60.2962	-70.4456
20.705159656343	8	(25.7557,163.652,1.895)	60.1722	-70.4277
20.710420700861	9	(28.8684,183.756,1.895)	80.3142	-72.9356
20.719172076066	1	(30.2957,30.8312,1.895)	72.7599	-72.0776
20.725066219154	3	(29.9922,63.3416,1.895)	40.3086	-66.9477
20.730111458793	6	(29.4303,123.552,1.895)	20.3099	-60.9939
20.741651904734	4	(29.735,90.8978,1.895)	13.0404	-57.1456
20.749149505596	7	(29.1753,150.874,1.895)	47.4775	-68.3696
20.804964017577	2	(26.8987,41.1861,1.895)	60.294	-70.4453
20.805159656343	8	(25.7744,161.652,1.895)	60.1777	-70.4285
20.810420700861	9	(28.8871,181.754,1.895)	80.3171	-72.936
20.819172076066	1	(30.3144,28.8252,1.895)	72.761	-72.0778
20.825066219154	3	(30.011,61.3342,1.895)	40.311	-66.9483
20.830111458793	6	(29.4489,121.552,1.895)	20.3145	-60.9959
20.841651904734	4	(29.7537,88.9022,1.895)	13.0314	-57.1396
20.849149505596	7	(29.1939,148.883,1.895)	47.492	-68.3722
20.904964017577	2	(26.9175,39.179,1.895)	60.2938	-70.4452
20.905159656343	8	(25.7931,159.649,1.895)	60.1817	-70.4291
20.910420700861	9	(28.9058,179.745,1.895)	80.3155	-72.9358
20.919172076066	1	(30.3331,26.8213,1.895)	72.7577	-72.0774
20.925066219154	3	(30.0297,59.3282,1.895)	40.3098	-66.948
20.930111458793	6	(29.4677,119.541,1.895)	20.3109	-60.9944
20.941651904734	4	(29.7724,86.8987,1.895)	13.0278	-57.1372
20.949149505596	7	(29.2124,146.898,1.895)	47.5134	-68.3761
21.004964017577	2	(26.9362,37.1686,1.895)	60.2934	-70.4452
21.005159656343	8	(25.8118,157.64,1.895)	60.1834	-70.4293
21.010420700861	9	(28.9245,177.743,1.895)	80.3241	-72.9367
21.025066219154	3	(30.0485,57.3187,1.895)	40.3085	-66.9477
21.030111458793	6	(29.4864,117.534,1.895)	20.315	-60.9961
21.041651904734	4	(29.791,84.9004,1.895)	13.0156	-57.1291
21.049149505596	7	(29.2311,144.896,1.895)	47.5229	-68.3778
21.104964017577	2	(26.9549,35.1661,1.895)	60.2908	-70.4448
21.105159656343	8	(25.8305,155.637,1.895)	60.1854	-70.4296
21.110420700861	9	(28.9432,175.736,1.895)	80.3227	-72.9366
21.125066219154	3	(30.0672,55.313,1.895)	40.3091	-66.9479
21.130111458793	6	(29.5052,115.522,1.895)	20.3082	-60.9932
21.141651904734	4	(29.8098,82.893,1.895)	13.0179	-57.1306
21.149149505596	7	(29.2497,142.896,1.895)	47.5272	-68.3786
21.204964017577	2	(26.9737,33.1551,1.895)	60.2908	-70.4448
21.205159656343	8	(25.8493,153.629,1.895)	60.188	-70.43
21.210420700861	9	(28.962,173.727,1.895)	80.3246	-72.9368
21.225066219154	3	(30.0859,53.3038,1.895)	40.3073	-66.9475
21.230111458793	6	(29.5239,113.523,1.895)	20.3193	-60.998
21.241651904734	4	(29.8284,80.8915,1.895)	13.0086	-57.1244
21.249149505596	7	(29.2685,140.889,1.895)	47.5321	-68.3795
21.304964017577	2	(26.9924,31.151,1.895)	60.2941	-70.4453
21.305159656343	8	(25.8679,151.626,1.895)	60.1861	-70.4297
21.310420700861	9	(28.9807,171.723,1.895)	80.3213	-72.9364
21.325066219154	3	(30.1046,51.3023,1.895)	40.308	-66.9476
21.330111458793	6	(29.5426,111.513,1.895)	20.3103	-60.9941
21.341651904734	4	(29.8472,78.8844,1.895)	13.0148	-57.1285
21.349149505596	7	(29.2871,138.896,1.895)	47.5398	-68.3809
21.404964017577	2	(27.0111,29.1485,1.895)	60.2862	-70.4441
21.405159656343	8	(25.8866,149.623,1.895)	60.1932	-70.4307
21.410420700861	9	(28.9994,169.722,1.895)	80.3303	-72.9374
21.425066219154	3	(30.1233,49.2998,1.895)	40.3002	-66.9459
21.430111458793	6	(29.5613,109.509,1.895)	20.3169	-60.997
21.441651904734	4	(29.8658,76.8928,1.895)	12.9966	-57.1164
21.449149505596	7	(29.3057,136.898,1.895)	47.5515	-68.3831
21.504964017577	2	(27.0299,27.137,1.895)	60.2921	-70.445
21.505159656343	8	(25.9054,147.612,1.895)	60.1877	-70.4299
21.510420700861	9	(29.0181,167.714,1.895)	80.3278	-72.9371
21.525066219154	3	(30.142,47.2998,1.895)	40.2946	-66.9447
21.530111458793	6	(29.5801,107.498,1.895)	20.3114	-60.9946
21.541651904734	4	(29.8845,74.8901,1.895)	12.9937	-57.1145
21.549149505596	7	(29.3243,134.904,1.895)	47.563	-68.3852
21.604964017577	2	(27.0486,25.1349,1.895)	60.2915	-70.4449
21.605159656343	8	(25.9242,145.6,1.895)	60.1789	-70.4287
21.610420700861	9	(29.0369,165.703,1.895)	80.3198	-72.9362
21.625066219154	3	(30.1607,45.2932,1.895)	40.2985	-66.9456
21.630111458793	6	(29.5989,105.488,1.895)	20.3044	-60.9916
21.641651904734	4	(29.9031,72.8943,1.895)	12.9871	-57.11
21.649149505596	7	(29.343,132.907,1.895)	47.5689	-68.3862
21.705159656343	8	(25.9429,143.595,1.895)	60.1753	-70.4282
21.710420700861	9	(29.0556,163.701,1.895)	80.3187	-72.9361
21.725066219154	3	(30.1794,43.2874,1.895)	40.303	-66.9465
21.730111458793	6	(29.6175,103.488,1.895)	20.3051	-60.9919
21.741651904734	4	(29.9217,70.8948,1.895)	12.9854	-57.1089
21.749149505596	7	(29.3616,130.912,1.895)	47.5754	-68.3874
21.805159656343	8	(25.9616,141.589,1.895)	60.1732	-70.4278
21.810420700861	9	(29.0743,161.693,1.895)	80.3158	-72.9358
21.825066219154	3	(30.1981,41.281,1.895)	40.305	-66.947
21.830111458793	6	(29.6362,101.485,1.895)	20.3067	-60.9926
21.841651904734	4	(29.9404,68.893,1.895)	12.9829	-57.1072
21.849149505596	7	(29.3802,128.92,1.895)	47.5875	-68.3896
21.905159656343	8	(25.9803,139.589,1.895)	60.1743	-70.428
21.910420700861	9	(29.093,159.69,1.895)	80.3132	-72.9355
21.925066219154	3	(30.2168,39.2786,1.895)	40.307	-66.9474
21.930111458793	6	(29.655,99.4729,1.895)	20.2953	-60.9877
21.941651904734	4	(29.9591,66.897,1.895)	12.9787	-57.1044
21.949149505596	7	(29.3988,126.921,1.895)	47.5888	-68.3899
22.005159656343	8	(25.999,137.589,1.895)	60.1773	-70.4284
22.010420700861	9	(29.1117,157.69,1.895)	80.3153	-72.9358
22.025066219154	3	(30.2356,37.2671,1.895)	40.3155	-66.9492
22.030111458793	6	(29.6737,97.4725,1.895)	20.2979	-60.9888
22.041651904734	4	(29.9777,64.9021,1.895)	12.9708	-57.0992
22.049149505596	7	(29.4176,124.914,1.895)	47.5854	-68.3893
22.105159656343	8	(26.0177,135.584,1.895)	60.1777	-70.4285
22.110420700861	9	(29.1303,155.69,1.895)	80.3211	-72.9364
22.125066219154	3	(30.2544,35.257,1.895)	40.32	-66.9502
22.130111458793	6	(29.6924,95.4652,1.895)	20.2962	-60.9881
22.141651904734	4	(29.9964,62.8919,1.895)	12.9753	-57.1021
22.149149505596	7	(29.4361,122.923,1.895)	47.5998	-68.3919
22.205159656343	8	(26.0363,133.584,1.895)	60.1866	-70.4298
22.210420700861	9	(29.1491,153.679,1.895)	80.3193	-72.9362
22.225066219154	3	(30.2731,33.2532,1.895)	40.315	-66.9491
22.230111458793	6	(29.7111,93.4623,1.895)	20.302	-60.9906
22.241651904734	4	(30.0152,60.8849,1.895)	12.9736	-57.101
22.249149505596	7	(29.4548,120.922,1.895)	47.6079	-68.3934
22.305159656343	8	(26.0551,131.579,1.895)	60.185	-70.4295
22.310420700861	9	(29.1678,151.671,1.895)	80.3148	-72.9357
22.325066219154	3	(30.2917,31.2538,1.895)	40.3103	-66.9481
22.330111458793	6	(29.7299,91.4522,1.895)	20.2962	-60.9881
22.341651904734	4	(30.0338,58.887,1.895)	12.9676	-57.097
22.349149505596	7	(29.4735,118.924,1.895)	47.6136	-68.3944
22.405159656343	8	(26.0737,129.578,1.895)	60.1937	-70.4308
22.410420700861	9	(29.1866,149.663,1.895)	80.3168	-72.9359
22.425066219154	3	(30.3104,29.2501,1.895)	40.3047	-66.9469
22.430111458793	6	(29.7486,89.4502,1.895)	20.3033	-60.9911
22.441651904734	4	(30.0524,56.8914,1.895)	12.9543	-57.0881
22.449149505596	7	(29.4921,116.928,1.895)	47.6269	-68.3968
22.505159656343	8	(26.0924,127.575,1.895)	60.2005	-70.4318
22.510420700861	9	(29.2053,147.655,1.895)	80.3185	-72.9361
22.525066219154	3	(30.3291,27.2451,1.895)	40.3003	-66.9459
22.530111458793	6	(29.7673,87.4425,1.895)	20.305	-60.9919
22.541651904734	4	(30.0711,54.8935,1.895)	12.9432	-57.0806
22.549149505596	7	(29.5107,114.937,1.895)	47.6456	-68.4002
22.605159656343	8	(26.1111,125.569,1.895)	60.2037	-70.4322
22.610420700861	9	(29.2241,145.647,1.895)	80.3197	-72.9362
22.625066219154	3	(30.3478,25.2435,1.895)	40.2926	-66.9443
22.630111458793	6	(29.786,85.434,1.895)	20.3058	-60.9922
22.641651904734	4	(30.0898,52.8923,1.895)	12.9354	-57.0754
22.649149505596	7	(29.5294,112.936,1.895)	47.6533	-68.4017
22.705159656343	8	(26.1298,123.57,1.895)	60.2045	-70.4324
22.710420700861	9	(29.2428,143.639,1.895)	80.3115	-72.9353
22.730111458793	6	(29.8047,83.4315,1.895)	20.3033	-60.9911
22.741651904734	4	(30.1085,50.8888,1.895)	12.9387	-57.0776
22.749149505596	7	(29.5481,110.931,1.895)	47.6489	-68.4008
22.805159656343	8	(26.1485,121.566,1.895)	60.2052	-70.4325
22.810420700861	9	(29.2615,141.638,1.895)	80.315	-72.9357
22.830111458793	6	(29.8234,81.4297,1.895)	20.3066	-60.9925
22.841651904734	4	(30.1272,48.8818,1.895)	12.9406	-57.0789
22.849149505596	7	(29.5667,108.933,1.895)	47.6551	-68.402
22.905159656343	8	(26.1673,119.558,1.895)	60.2008	-70.4318
22.910420700861	9	(29.2802,139.635,1.895)	80.3156	-72.9358
22.930111458793	6	(29.8421,79.4277,1.895)	20.3077	-60.993
22.941651904734	4	(30.1459,46.8785,1.895)	12.9408	-57.079
22.949149505596	7	(29.5853,106.944,1.895)	47.6691	-68.4045
23.005159656343	8	(26.186,117.548,1.895)	60.1912	-70.4305
23.010420700861	9	(29.2989,137.629,1.895)	80.3099	-72.9352
23.030111458793	6	(29.8608,77.4271,1.895)	20.3074	-60.9929
23.041651904734	4	(30.1646,44.8795,1.895)	12.9394	-57.0781
23.049149505596	7	(29.6039,104.946,1.895)	47.6724	-68.4051
23.105159656343	8	(26.2047,115.543,1.895)	60.197	-70.4313
23.110420700861	9	(29.3176,135.624,1.895)	80.3166	-72.9359
23.130111458793	6	(29.8795,75.4209,1.895)	20.3126	-60.9951
23.141651904734	4	(30.1833,42.8718,1.895)	12.9359	-57.0757
23.149149505596	7	(29.6225,102.952,1.895)	47.6892	-68.4082
23.205159656343	8	(26.2234,113.539,1.895)	60.2028	-70.4321
23.210420700861	9	(29.3363,133.624,1.895)	80.3256	-72.9369
23.230111458793	6	(29.8982,73.4155,1.895)	20.3167	-60.9968
23.241651904734	4	(30.2021,40.861,1.895)	12.937	-57.0765
23.249149505596	7	(29.6412,100.952,1.895)	47.6992	-68.41
23.305159656343	8	(26.2421,111.535,1.895)	60.1988	-70.4316
23.310420700861	9	(29.355,131.617,1.895)	80.3189	-72.9361
23.330111458793	6	(29.9169,71.4087,1.895)	20.3098	-60.9939
23.341651904734	4	(30.2207,38.8589,1.895)	12.9392	-57.078
23.349149505596	7	(29.6599,98.9512,1.895)	47.6979	-68.4098
23.405159656343	8	(26.2608,109.534,1.895)	60.1978	-70.4314
23.410420700861	9	(29.3738,129.608,1.895)	80.31	-72.9352
23.430111458793	6	(29.9357,69.4013,1.895)	20.3028	-60.9909
23.441651904734	4	(30.2394,36.856,1.895)	12.9417	-57.0796
23.449149505596	7	(29.6786,96.951,1.895)	47.698	-68.4098
23.505159656343	8	(26.2796,107.523,1.895)	60.1952	-70.431
23.510420700861	9	(29.3924,127.608,1.895)	80.3184	-72.9361
23.530111458793	6	(29.9544,67.4007,1.895)	20.3106	-60.9943
23.541651904734	4	(30.2581,34.8516,1.895)	12.9378	-57.077
23.549149505596	7	(29.6973,94.9466,1.895)	47.7021	-68.4105
23.605159656343	8	(26.2983,105.512,1.895)	60.1871	-70.4299
23.610420700861	9	(29.4112,125.598,1.895)	80.311	-72.9353
23.630111458793	6	(29.9731,65.3931,1.895)	20.3054	-60.992
23.641651904734	4	(30.2768,32.8518,1.895)	12.9354	-57.0754
23.649149505596	7	(29.7159,92.9539,1.895)	47.7116	-68.4123
23.705159656343	8	(26.3171,103.502,1.895)	60.1792	-70.4287
23.710420700861	9	(29.43,123.587,1.895)	80.3023	-72.9344
23.730111458793	6	(29.9918,63.3929,1.895)	20.3076	-60.9929
23.741651904734	4	(30.2956,30.842,1.895)	12.9425	-57.0802
23.749149505596	7	(29.7345,90.9563,1.895)	47.7165	-68.4132
23.805159656343	8	(26.3358,101.503,1.895)	60.1854	-70.4296
23.810420700861	9	(29.4486,121.586,1.895)	80.307	-72.9349
23.830111458793	6	(30.0105,61.3822,1.895)	20.3024	-60.9907
23.841651904734	4	(30.3143,28.8312,1.895)	12.9477	-57.0836
23.849149505596	7	(29.7531,88.9599,1.895)	47.7255	-68.4148
23.905159656343	8	(26.3545,99.4982,1.895)	60.1833	-70.4293
23.910420700861	9	(29.4674,119.579,1.895)	80.3019	-72.9343
23.930111458793	6	(30.0293,59.375,1.895)	20.2977	-60.9887
23.941651904734	4	(30.333,26.8268,1.895)	12.9497	-57.085
23.949149505596	7	(29.7719,86.9538,1.895)	47.7218	-68.4141
24.005159656343	8	(26.3732,97.4961,1.895)	60.1803	-70.4289
24.010420700861	9	(29.4861,117.576,1.895)	80.2976	-72.9338
24.030111458793	6	(30.048,57.3672,1.895)	20.289	-60.985
24.049149505596	7	(29.7905,84.9588,1.895)	47.7258	-68.4149
24.105159656343	8	(26.3919,95.491,1.895)	60.1798	-70.4288
24.110420700861	9	(29.5048,115.564,1.895)	80.2909	-72.9331
24.130111458793	6	(30.0667,55.3626,1.895)	20.289	-60.985
24.149149505596	7	(29.8092,82.957,1.895)	47.7287	-68.4154
24.205159656343	8	(26.4106,93.4804,1.895)	60.1694	-70.4273
24.210420700861	9	(29.5235,113.563,1.895)	80.2899	-72.933
24.230111458793	6	(30.0854,53.3578,1.895)	20.2845	-60.9831
24.249149505596	7	(29.8278,80.9595,1.895)	47.7314	-68.4159
24.305159656343	8	(26.4293,91.478,1.895)	60.1693	-70.4273
24.310420700861	9	(29.5422,111.564,1.895)	80.2929	-72.9333
24.330111458793	6	(30.1042,51.349,1.895)	20.2782	-60.9804
24.349149505596	7	(29.8465,78.9543,1.895)	47.7285	-68.4153
24.405159656343	8	(26.448,89.4757,1.895)	60.1689	-70.4272
24.410420700861	9	(29.5608,109.563,1.895)	80.2945	-72.9335
24.430111458793	6	(30.1229,49.3399,1.895)	20.271	-60.9773
24.449149505596	7	(29.8652,76.9483,1.895)	47.7244	-68.4146
24.505159656343	8	(26.4668,87.4644,1.895)	60.1611	-70.4261
24.510420700861	9	(29.5795,107.561,1.895)	80.2956	-72.9336
24.530111458793	6	(30.1417,47.3324,1.895)	20.2671	-60.9756
24.549149505596	7	(29.884,74.9432,1.895)	47.7228	-68.4143
24.605159656343	8	(26.4855,85.4601,1.895)	60.1674	-70.427
24.610420700861	9	(29.5982,105.56,1.895)	80.3049	-72.9346
24.630111458793	6	(30.1604,45.3266,1.895)	20.2718	-60.9776
24.649149505596	7	(29.9026,72.9448,1.895)	47.7351	-68.4165
