6.104964017577	2	(24.1465,336.066,1.895)	80.3148	-72.9357
6.119172076066	1	(27.5884,320.901,1.895)	95.4433	-74.4347
6.120336667087	5	(23.5847,396.252,1.895)	20.3282	-61.0017
6.125066219154	3	(27.2593,356.161,1.895)	60.1815	-70.429
6.129642230819	0	(27.8204,296.037,1.895)	120.308	-76.4457
6.141651904734	4	(27.0486,378.729,1.895)	37.6132	-66.3466
6.204964017577	2	(24.1651,334.066,1.895)	80.3158	-72.9358
6.219172076066	1	(27.6065,318.953,1.895)	95.3925	-74.4301
6.220336667087	5	(23.6034,394.252,1.895)	20.3284	-61.0019
6.225066219154	3	(27.278,354.155,1.895)	60.1884	-70.43
6.229642230819	0	(27.8391,294.034,1.895)	120.312	-76.446
6.241651904734	4	(27.0664,376.829,1.895)	37.5136	-66.3236
6.304964017577	2	(24.1838,332.063,1.895)	80.3118	-72.9354
6.319172076066	1	(27.6247,317.008,1.895)	95.3299	-74.4244
6.320336667087	5	(23.6221,392.242,1.895)	20.332	-61.0034
6.325066219154	3	(27.2967,352.154,1.895)	60.1829	-70.4293
6.329642230819	0	(27.8579,292.026,1.895)	120.313	-76.4461
6.341651904734	4	(27.0842,374.92,1.895)	37.4154	-66.3008
6.404964017577	2	(24.2025,330.06,1.895)	80.3156	-72.9358
6.419172076066	1	(27.6429,315.056,1.895)	95.2825	-74.4201
6.420336667087	5	(23.6408,390.241,1.895)	20.333	-61.0038
6.425066219154	3	(27.3154,350.146,1.895)	60.1914	-70.4305
6.429642230819	0	(27.8766,290.017,1.895)	120.323	-76.4467
6.441651904734	4	(27.1019,373.02,1.895)	37.3163	-66.2778
6.504964017577	2	(24.2212,328.057,1.895)	80.3189	-72.9361
6.519172076066	1	(27.6611,313.104,1.895)	95.2356	-74.4158
6.520336667087	5	(23.6595,388.237,1.895)	20.3377	-61.0058
6.525066219154	3	(27.3341,348.14,1.895)	60.1973	-70.4313
6.529642230819	0	(27.8953,288.015,1.895)	120.326	-76.447
6.541651904734	4	(27.1198,371.108,1.895)	37.2292	-66.2575
6.604964017577	2	(24.24,326.048,1.895)	80.3221	-72.9365
6.619172076066	1	(27.6793,311.152,1.895)	95.1813	-74.4108
6.620336667087	5	(23.6782,386.234,1.895)	20.3355	-61.0049
6.625066219154	3	(27.3528,346.137,1.895)	60.1955	-70.4311
6.629642230819	0	(27.914,286.008,1.895)	120.327	-76.447
6.641651904734	4	(27.1376,369.196,1.895)	37.1346	-66.2354
6.704964017577	2	(24.2587,324.036,1.895)	80.3255	-72.9369
6.719172076066	1	(27.6976,309.2,1.895)	95.1254	-74.4057
6.720336667087	5	(23.6969,384.228,1.895)	20.3331	-61.0039
6.725066219154	3	(27.3715,344.133,1.895)	60.1906	-70.4304
6.729642230819	0	(27.9328,284,1.895)	120.327	-76.447
6.741651904734	4	(27.1555,367.281,1.895)	37.0422	-66.2137
6.804964017577	2	(24.2775,322.029,1.895)	80.3218	-72.9365
6.819172076066	1	(27.7158,307.242,1.895)	95.0728	-74.4009
6.820336667087	5	(23.7157,382.224,1.895)	20.3264	-61.001
6.825066219154	3	(27.3902,342.133,1.895)	60.1806	-70.4289
6.829642230819	0	(27.9515,281.998,1.895)	120.318	-76.4464
6.841651904734	4	(27.1734,365.362,1.895)	36.9506	-66.1922
6.904964017577	2	(24.2962,320.021,1.895)	80.3254	-72.9368
6.919172076066	1	(27.7341,305.287,1.895)	95.0234	-74.3964
6.920336667087	5	(23.7344,380.213,1.895)	20.3326	-61.0036
6.925066219154	3	(27.4089,340.128,1.895)	60.1803	-70.4289
6.929642230819	0	(27.9702,279.993,1.895)	120.318	-76.4464
6.941651904734	4	(27.1912,363.449,1.895)	36.8588	-66.1706
7.004964017577	2	(24.315,318.01,1.895)	80.3278	-72.9371
7.019172076066	1	(27.7523,303.333,1.895)	94.9683	-74.3914
7.020336667087	5	(23.7531,378.21,1.895)	20.327	-61.0012
7.025066219154	3	(27.4276,338.121,1.895)	60.1791	-70.4287
7.029642230819	0	(27.9888,277.994,1.895)	120.309	-76.4457
7.041651904734	4	(27.2092,361.53,1.895)	36.769	-66.1494
7.104964017577	2	(24.3337,316.01,1.895)	80.3276	-72.9371
7.119172076066	1	(27.7706,301.375,1.895)	94.9258	-74.3875
7.120336667087	5	(23.7719,376.2,1.895)	20.3366	-61.0053
7.125066219154	3	(27.4464,336.114,1.895)	60.185	-70.4296
7.129642230819	0	(28.0076,275.987,1.895)	120.315	-76.4462
7.141651904734	4	(27.2271,359.613,1.895)	36.6854	-66.1297
7.149149505596	7	(26.6976,416.34,1.895)	20.0443	-60.8796
7.204964017577	2	(24.3523,314.008,1.895)	80.3291	-72.9372
7.219172076066	1	(27.7889,299.414,1.895)	94.8864	-74.3839
7.220336667087	5	(23.7906,374.195,1.895)	20.3414	-61.0074
7.225066219154	3	(27.4651,334.104,1.895)	60.1956	-70.4311
7.229642230819	0	(28.0263,273.984,1.895)	120.318	-76.4464
7.241651904734	4	(27.2451,357.684,1.895)	36.6141	-66.1128
7.249149505596	7	(26.7149,414.487,1.895)	20.191	-60.9429
7.304964017577	2	(24.371,312.006,1.895)	80.331	-72.9375
7.319172076066	1	(27.8071,297.462,1.895)	94.8385	-74.3795
7.320336667087	5	(23.8093,372.189,1.895)	20.3465	-61.0096
7.325066219154	3	(27.4839,332.094,1.895)	60.205	-70.4324
7.329642230819	0	(28.0449,271.985,1.895)	120.317	-76.4463
7.341651904734	4	(27.263,355.761,1.895)	36.5369	-66.0944
7.349149505596	7	(26.7323,412.627,1.895)	20.3316	-61.0032
7.404964017577	2	(24.3898,309.996,1.895)	80.3399	-72.9384
7.419172076066	1	(27.8254,295.503,1.895)	94.7967	-74.3757
7.420336667087	5	(23.828,370.184,1.895)	20.3508	-61.0114
7.425066219154	3	(27.5027,330.083,1.895)	60.2144	-70.4338
7.429642230819	0	(28.0636,269.981,1.895)	120.32	-76.4465
7.441651904734	4	(27.281,353.835,1.895)	36.4622	-66.0766
7.449149505596	7	(26.7495,410.774,1.895)	20.48	-61.0664
7.504964017577	2	(24.4085,307.994,1.895)	80.3302	-72.9374
7.519172076066	1	(27.8437,293.538,1.895)	94.7501	-74.3714
7.520336667087	5	(23.8468,368.177,1.895)	20.3464	-61.0095
7.525066219154	3	(27.5214,328.077,1.895)	60.21	-70.4332
7.529642230819	0	(28.0823,267.976,1.895)	120.313	-76.446
7.541651904734	4	(27.2991,351.897,1.895)	36.3889	-66.0592
7.549149505596	7	(26.7669,408.92,1.895)	20.6369	-61.1327
7.604964017577	2	(24.4272,305.992,1.895)	80.3324	-72.9376
7.619172076066	1	(27.8621,291.576,1.895)	94.7116	-74.3678
7.620336667087	5	(23.8655,366.17,1.895)	20.3526	-61.0122
7.625066219154	3	(27.5401,326.074,1.895)	60.2119	-70.4334
7.629642230819	0	(28.101,265.97,1.895)	120.318	-76.4464
7.641651904734	4	(27.3171,349.961,1.895)	36.324	-66.0437
7.649149505596	7	(26.7843,407.046,1.895)	20.7636	-61.1858
7.704964017577	2	(24.4458,303.992,1.895)	80.3243	-72.9367
7.719172076066	1	(27.8804,289.609,1.895)	94.6709	-74.3641
7.720336667087	5	(23.8843,364.159,1.895)	20.357	-61.0141
7.725066219154	3	(27.5589,324.062,1.895)	60.2164	-70.4341
7.729642230819	0	(28.1197,263.969,1.895)	120.312	-76.446
7.741651904734	4	(27.3351,348.037,1.895)	36.2411	-66.0238
7.749149505596	7	(26.8017,405.186,1.895)	20.9108	-61.2472
7.804964017577	2	(24.4645,301.99,1.895)	80.3155	-72.9358
7.819172076066	1	(27.8987,287.648,1.895)	94.6212	-74.3596
7.820336667087	5	(23.903,362.156,1.895)	20.348	-61.0102
7.825066219154	3	(27.5776,322.057,1.895)	60.2103	-70.4332
7.829642230819	0	(28.1385,261.96,1.895)	120.31	-76.4459
7.841651904734	4	(27.3532,346.099,1.895)	36.1671	-66.0061
7.849149505596	7	(26.8192,403.31,1.895)	21.0456	-61.303
7.904964017577	2	(24.4833,299.981,1.895)	80.3158	-72.9358
7.919172076066	1	(27.9171,285.676,1.895)	94.5842	-74.3562
7.920336667087	5	(23.9217,360.147,1.895)	20.3485	-61.0104
7.925066219154	3	(27.5963,320.056,1.895)	60.2029	-70.4321
7.929642230819	0	(28.1573,259.948,1.895)	120.313	-76.446
7.941651904734	4	(27.3712,344.166,1.895)	36.0915	-65.9879
7.949149505596	7	(26.8367,401.434,1.895)	21.1791	-61.3579
8.004964017577	2	(24.502,297.973,1.895)	80.3116	-72.9354
8.019172076066	1	(27.9355,283.707,1.895)	94.5414	-74.3522
8.020336667087	5	(23.9404,358.147,1.895)	20.3368	-61.0054
8.025066219154	3	(27.6149,318.053,1.895)	60.1942	-70.4309
8.029642230819	0	(28.1759,257.948,1.895)	120.301	-76.4452
8.041651904734	4	(27.3892,342.236,1.895)	36.01	-65.9682
8.049149505596	7	(26.8542,399.557,1.895)	21.3132	-61.4128
8.104964017577	2	(24.5208,295.963,1.895)	80.3125	-72.9355
8.105159656343	8	(23.3976,416.3,1.895)	40.2329	-66.9314
8.119172076066	1	(27.9539,281.74,1.895)	94.4993	-74.3484
8.120336667087	5	(23.9591,356.142,1.895)	20.3334	-61.004
8.125066219154	3	(27.6337,316.048,1.895)	60.1898	-70.4302
8.129642230819	0	(28.1946,255.944,1.895)	120.296	-76.4448
8.141651904734	4	(27.4073,340.305,1.895)	35.9321	-65.9494
8.149149505596	7	(26.8718,397.677,1.895)	21.4426	-61.4653
8.204964017577	2	(24.5395,293.955,1.895)	80.3185	-72.9361
8.205159656343	8	(23.4163,414.297,1.895)	40.2323	-66.9313
8.219172076066	1	(27.9722,279.78,1.895)	94.457	-74.3445
8.220336667087	5	(23.9778,354.138,1.895)	20.3348	-61.0046
8.225066219154	3	(27.6524,314.044,1.895)	60.1916	-70.4305
8.229642230819	0	(28.2133,253.939,1.895)	120.299	-76.445
8.241651904734	4	(27.4253,338.372,1.895)	35.8627	-65.9327
8.249149505596	7	(26.8893,395.797,1.895)	21.565	-61.5148
8.304964017577	2	(24.5583,291.947,1.895)	80.3172	-72.936
8.305159656343	8	(23.435,412.29,1.895)	40.2347	-66.9318
8.319172076066	1	(27.9905,277.81,1.895)	94.4184	-74.3409
8.320336667087	5	(23.9965,352.133,1.895)	20.3304	-61.0027
8.325066219154	3	(27.6711,312.035,1.895)	60.1915	-70.4305
8.329642230819	0	(28.2321,251.93,1.895)	120.299	-76.445
8.341651904734	4	(27.4434,336.43,1.895)	35.7953	-65.9163
8.349149505596	7	(26.9069,393.92,1.895)	21.6968	-61.5677
8.404964017577	2	(24.577,289.943,1.895)	80.3131	-72.9355
8.405159656343	8	(23.4537,410.284,1.895)	40.2373	-66.9324
8.419172076066	1	(28.0089,275.845,1.895)	94.3746	-74.3369
8.420336667087	5	(24.0152,350.131,1.895)	20.3242	-61
8.425066219154	3	(27.6899,310.026,1.895)	60.1919	-70.4305
8.429642230819	0	(28.2508,249.924,1.895)	120.296	-76.4448
8.441651904734	4	(27.4615,334.49,1.895)	35.7271	-65.8997
8.449149505596	7	(26.9246,392.023,1.895)	21.8089	-61.6124
8.504964017577	2	(24.5957,287.932,1.895)	80.325	-72.9368
8.505159656343	8	(23.4725,408.278,1.895)	40.2304	-66.9309
8.519172076066	1	(28.0273,273.874,1.895)	94.3464	-74.3343
8.520336667087	5	(24.034,348.12,1.895)	20.3359	-61.0051
8.525066219154	3	(27.7085,308.025,1.895)	60.1931	-70.4307
8.529642230819	0	(28.2695,247.919,1.895)	120.302	-76.4453
8.541651904734	4	(27.4797,332.548,1.895)	35.6693	-65.8857
8.549149505596	7	(26.9422,390.129,1.895)	21.9136	-61.654
8.604964017577	2	(24.6144,285.928,1.895)	80.3257	-72.9369
8.605159656343	8	(23.4912,406.273,1.895)	40.2286	-66.9305
8.619172076066	1	(28.0456,271.909,1.895)	94.3081	-74.3308
8.620336667087	5	(24.0527,346.11,1.895)	20.3423	-61.0078
8.625066219154	3	(27.7273,306.014,1.895)	60.2011	-70.4319
8.629642230819	0	(28.2883,245.907,1.895)	120.311	-76.4459
8.641651904734	4	(27.4977,330.613,1.895)	35.6011	-65.8691
8.649149505596	7	(26.9599,388.241,1.895)	22.0294	-61.6998
8.704964017577	2	(24.6332,283.922,1.895)	80.3259	-72.9369
8.705159656343	8	(23.5099,404.268,1.895)	40.2295	-66.9307
8.719172076066	1	(28.064,269.939,1.895)	94.2723	-74.3275
8.720336667087	5	(24.0714,344.107,1.895)	20.3396	-61.0066
8.725066219154	3	(27.746,304.012,1.895)	60.1979	-70.4314
8.729642230819	0	(28.307,243.903,1.895)	120.309	-76.4458
8.741651904734	4	(27.5158,328.671,1.895)	35.5372	-65.8535
8.749149505596	7	(26.9776,386.345,1.895)	22.139	-61.7429
8.804964017577	2	(24.6519,281.916,1.895)	80.3298	-72.9373
8.805159656343	8	(23.5286,402.268,1.895)	40.2315	-66.9311
8.819172076066	1	(28.0824,267.965,1.895)	94.2445	-74.3249
8.820336667087	5	(24.0901,342.104,1.895)	20.3407	-61.0071
8.825066219154	3	(27.7648,302,1.895)	60.2075	-70.4328
8.829642230819	0	(28.3258,241.895,1.895)	120.316	-76.4462
8.841651904734	4	(27.534,326.725,1.895)	35.4811	-65.8397
8.849149505596	7	(26.9952,384.453,1.895)	22.2491	-61.786
8.904964017577	2	(24.6706,279.908,1.895)	80.3323	-72.9376
8.905159656343	8	(23.5473,400.261,1.895)	40.2298	-66.9307
8.919172076066	1	(28.1008,265.992,1.895)	94.2121	-74.3219
8.920336667087	5	(24.1088,340.104,1.895)	20.3358	-61.005
8.925066219154	3	(27.7835,299.992,1.895)	60.21	-70.4332
8.929642230819	0	(28.3445,239.891,1.895)	120.314	-76.4461
8.941651904734	4	(27.5522,324.778,1.895)	35.4228	-65.8255
8.949149505596	7	(27.0129,382.559,1.895)	22.3601	-61.8293
9.004964017577	2	(24.6894,277.896,1.895)	80.3347	-72.9378
9.005159656343	8	(23.566,398.254,1.895)	40.2315	-66.9311
9.019172076066	1	(28.1192,264.02,1.895)	94.174	-74.3184
9.020336667087	5	(24.1275,338.103,1.895)	20.3269	-61.0012
9.025066219154	3	(27.8022,297.991,1.895)	60.2021	-70.432
9.029642230819	0	(28.3632,237.883,1.895)	120.313	-76.446
9.041651904734	4	(27.5703,322.834,1.895)	35.3574	-65.8094
9.049149505596	7	(27.0306,380.661,1.895)	22.4713	-61.8724
9.104964017577	2	(24.7081,275.897,1.895)	80.3252	-72.9368
9.105159656343	8	(23.5847,396.251,1.895)	40.2375	-66.9324
9.110420700861	9	(26.6976,416.34,1.895)	60.1615	-70.4262
9.119172076066	1	(28.1377,262.042,1.895)	94.1438	-74.3156
9.120336667087	5	(24.1462,336.097,1.895)	20.3239	-60.9999
9.125066219154	3	(27.8209,295.989,1.895)	60.1948	-70.431
9.129642230819	0	(28.3819,235.877,1.895)	120.309	-76.4458
9.141651904734	4	(27.5884,320.895,1.895)	35.2876	-65.7922
9.149149505596	7	(27.0484,378.757,1.895)	22.5768	-61.913
9.204964017577	2	(24.7268,273.888,1.895)	80.3311	-72.9375
9.205159656343	8	(23.6035,394.241,1.895)	40.2311	-66.931
9.210420700861	9	(26.7164,414.33,1.895)	60.1543	-70.4251
9.219172076066	1	(28.1561,260.068,1.895)	94.1142	-74.3129
9.220336667087	5	(24.1649,334.089,1.895)	20.329	-61.0021
9.225066219154	3	(27.8396,293.983,1.895)	60.1979	-70.4314
9.229642230819	0	(28.4006,233.878,1.895)	120.306	-76.4456
9.241651904734	4	(27.6066,318.943,1.895)	35.2374	-65.7799
9.249149505596	7	(27.0662,376.845,1.895)	22.6677	-61.9479
9.304964017577	2	(24.7455,271.882,1.895)	80.328	-72.9371
9.305159656343	8	(23.6222,392.234,1.895)	40.2335	-66.9316
9.310420700861	9	(26.735,412.329,1.895)	60.1623	-70.4263
9.319172076066	1	(28.1745,258.099,1.895)	94.0739	-74.3092
9.320336667087	5	(24.1836,332.087,1.895)	20.322	-60.9991
9.325066219154	3	(27.8583,291.974,1.895)	60.1975	-70.4314
9.329642230819	0	(28.4193,231.874,1.895)	120.3	-76.4451
9.341651904734	4	(27.6249,316.989,1.895)	35.1815	-65.7661
9.349149505596	7	(27.084,374.942,1.895)	22.7739	-61.9885
9.404964017577	2	(24.7642,269.881,1.895)	80.319	-72.9362
9.405159656343	8	(23.641,390.224,1.895)	40.2329	-66.9314
9.410420700861	9	(26.7537,410.326,1.895)	60.1692	-70.4273
9.419172076066	1	(28.1929,256.127,1.895)	94.0368	-74.3057
9.420336667087	5	(24.2023,330.085,1.895)	20.3146	-60.9959
9.425066219154	3	(27.8771,289.966,1.895)	60.1962	-70.4312
9.429642230819	0	(28.438,229.871,1.895)	120.294	-76.4447
9.441651904734	4	(27.6432,315.03,1.895)	35.1312	-65.7537
9.449149505596	7	(27.1018,373.032,1.895)	22.8741	-62.0267
9.504964017577	2	(24.7829,267.874,1.895)	80.3159	-72.9358
9.505159656343	8	(23.6597,388.22,1.895)	40.2381	-66.9325
9.510420700861	9	(26.7725,408.316,1.895)	60.1687	-70.4272
9.519172076066	1	(28.2114,254.15,1.895)	94.0041	-74.3027
9.520336667087	5	(24.221,328.079,1.895)	20.3107	-60.9943
9.525066219154	3	(27.8958,287.956,1.895)	60.1957	-70.4311
9.529642230819	0	(28.4566,227.87,1.895)	120.285	-76.444
9.541651904734	4	(27.6614,313.07,1.895)	35.0809	-65.7412
9.549149505596	7	(27.1197,371.118,1.895)	22.9694	-62.0628
9.604964017577	2	(24.8017,265.867,1.895)	80.3124	-72.9354
9.605159656343	8	(23.6784,386.22,1.895)	40.2491	-66.9349
9.610420700861	9	(26.7912,406.306,1.895)	60.1703	-70.4274
9.619172076066	1	(28.2297,252.181,1.895)	93.9616	-74.2988
9.620336667087	5	(24.2397,326.076,1.895)	20.3026	-60.9908
9.625066219154	3	(27.9145,285.954,1.895)	60.1872	-70.4299
9.629642230819	0	(28.4754,225.858,1.895)	120.286	-76.4441
9.641651904734	4	(27.6797,311.117,1.895)	35.0234	-65.727
9.649149505596	7	(27.1375,369.207,1.895)	23.0692	-62.1004
9.704964017577	2	(24.8204,263.856,1.895)	80.314	-72.9356
9.705159656343	8	(23.6971,384.215,1.895)	40.2536	-66.9359
9.710420700861	9	(26.81,404.298,1.895)	60.1713	-70.4276
9.719172076066	1	(28.2482,250.201,1.895)	93.9324	-74.2961
9.720336667087	5	(24.2584,324.074,1.895)	20.2956	-60.9878
9.725066219154	3	(27.9333,283.943,1.895)	60.1893	-70.4302
9.729642230819	0	(28.4941,223.856,1.895)	120.279	-76.4436
9.741651904734	4	(27.6978,309.171,1.895)	34.9598	-65.7112
9.749149505596	7	(27.1554,367.285,1.895)	23.1567	-62.1333
9.804964017577	2	(24.8392,261.847,1.895)	80.311	-72.9353
9.805159656343	8	(23.7158,382.205,1.895)	40.2549	-66.9362
9.810420700861	9	(26.8287,402.297,1.895)	60.182	-70.4291
9.819172076066	1	(28.2667,248.221,1.895)	93.9009	-74.2932
9.820336667087	5	(24.2771,322.071,1.895)	20.287	-60.9841
9.825066219154	3	(27.952,281.938,1.895)	60.1822	-70.4292
9.829642230819	0	(28.5129,221.845,1.895)	120.278	-76.4435
9.841651904734	4	(27.7161,307.216,1.895)	34.9028	-65.697
9.849149505596	7	(27.1733,365.368,1.895)	23.2514	-62.1688
9.904964017577	2	(24.8579,259.846,1.895)	80.3074	-72.9349
9.905159656343	8	(23.7346,380.196,1.895)	40.2519	-66.9355
9.910420700861	9	(26.8474,400.293,1.895)	60.1829	-70.4293
9.919172076066	1	(28.2852,246.24,1.895)	93.8763	-74.2909
9.920336667087	5	(24.2957,320.072,1.895)	20.2809	-60.9815
9.925066219154	3	(27.9708,279.929,1.895)	60.1865	-70.4298
9.929642230819	0	(28.5316,219.842,1.895)	120.276	-76.4434
9.941651904734	4	(27.7344,305.255,1.895)	34.8591	-65.6861
9.949149505596	7	(27.1913,363.444,1.895)	23.3331	-62.1992
10.004964017577	2	(24.8765,257.846,1.895)	80.3005	-72.9342
10.005159656343	8	(23.7532,378.196,1.895)	40.2574	-66.9367
10.010420700861	9	(26.866,398.292,1.895)	60.1884	-70.4301
10.019172076066	1	(28.3036,244.263,1.895)	93.8477	-74.2883
10.020336667087	5	(24.3144,318.07,1.895)	20.2766	-60.9797
10.025066219154	3	(27.9895,277.919,1.895)	60.1896	-70.4302
10.029642230819	0	(28.5503,217.838,1.895)	120.274	-76.4432
10.041651904734	4	(27.7526,303.3,1.895)	34.8079	-65.6733
10.049149505596	7	(27.2092,361.522,1.895)	23.4162	-62.2301
10.104964017577	2	(24.8952,255.847,1.895)	80.2974	-72.9338
10.105159656343	8	(23.7719,376.196,1.895)	40.2605	-66.9374
10.110420700861	9	(26.8848,396.287,1.895)	60.1857	-70.4297
10.119172076066	1	(28.3221,242.29,1.895)	93.818	-74.2855
10.120336667087	5	(24.3331,316.065,1.895)	20.2793	-60.9808
10.125066219154	3	(28.0082,275.914,1.895)	60.1925	-70.4306
10.129642230819	0	(28.569,215.835,1.895)	120.274	-76.4432
10.141651904734	4	(27.7709,301.34,1.895)	34.7649	-65.6626
10.149149505596	7	(27.2271,359.605,1.895)	23.5021	-62.2619
10.204964017577	2	(24.9139,253.839,1.895)	80.3062	-72.9348
10.205159656343	8	(23.7906,374.195,1.895)	40.2589	-66.937
10.210420700861	9	(26.9034,394.286,1.895)	60.1842	-70.4294
10.219172076066	1	(28.3405,240.315,1.895)	93.7934	-74.2832
10.220336667087	5	(24.3518,314.064,1.895)	20.2809	-60.9815
10.225066219154	3	(28.0269,273.912,1.895)	60.1951	-70.431
10.229642230819	0	(28.5877,213.826,1.895)	120.284	-76.4439
10.241651904734	4	(27.7893,299.375,1.895)	34.7313	-65.6542
10.249149505596	7	(27.2451,357.682,1.895)	23.5789	-62.2903
10.304964017577	2	(24.9327,251.829,1.895)	80.3042	-72.9346
10.305159656343	8	(23.8092,372.196,1.895)	40.2716	-66.9398
10.310420700861	9	(26.9222,392.278,1.895)	60.1877	-70.4299
10.319172076066	1	(28.359,238.332,1.895)	93.7643	-74.2805
10.320336667087	5	(24.3705,312.062,1.895)	20.2709	-60.9772
10.325066219154	3	(28.0456,271.91,1.895)	60.1854	-70.4296
10.329642230819	0	(28.6064,211.827,1.895)	120.271	-76.443
10.341651904734	4	(27.8075,297.418,1.895)	34.6764	-65.6405
10.349149505596	7	(27.263,355.765,1.895)	23.6735	-62.325
10.404964017577	2	(24.9514,249.822,1.895)	80.3046	-72.9346
10.405159656343	8	(23.828,370.186,1.895)	40.2683	-66.939
10.410420700861	9	(26.9409,390.267,1.895)	60.1841	-70.4294
10.419172076066	1	(28.3774,236.362,1.895)	93.7277	-74.2771
10.420336667087	5	(24.3892,310.056,1.895)	20.2707	-60.9772
10.425066219154	3	(28.0644,269.902,1.895)	60.1867	-70.4298
10.429642230819	0	(28.6251,209.82,1.895)	120.271	-76.443
10.441651904734	4	(27.8259,295.455,1.895)	34.6318	-65.6293
10.449149505596	7	(27.281,353.834,1.895)	23.7489	-62.3526
10.504964017577	2	(24.9702,247.813,1.895)	80.3061	-72.9348
10.505159656343	8	(23.8468,368.175,1.895)	40.2651	-66.9384
10.510420700861	9	(26.9596,388.265,1.895)	60.1898	-70.4303
10.519172076066	1	(28.3958,234.386,1.895)	93.6965	-74.2743
10.520336667087	5	(24.4079,308.056,1.895)	20.2625	-60.9737
10.525066219154	3	(28.0831,267.897,1.895)	60.1838	-70.4294
10.529642230819	0	(28.6438,207.814,1.895)	120.27	-76.4429
10.541651904734	4	(27.8441,293.498,1.895)	34.582	-65.6168
10.549149505596	7	(27.2989,351.911,1.895)	23.8337	-62.3836
10.604964017577	2	(24.9889,245.813,1.895)	80.2982	-72.9339
10.605159656343	8	(23.8655,366.174,1.895)	40.2713	-66.9397
10.610420700861	9	(26.9783,386.264,1.895)	60.196	-70.4311
10.619172076066	1	(28.4143,232.402,1.895)	93.6723	-74.272
10.620336667087	5	(24.4266,306.05,1.895)	20.261	-60.973
10.625066219154	3	(28.1018,265.89,1.895)	60.1825	-70.4292
10.629642230819	0	(28.6626,205.806,1.895)	120.269	-76.4429
10.641651904734	4	(27.8625,291.531,1.895)	34.5412	-65.6065
10.649149505596	7	(27.317,349.979,1.895)	23.9096	-62.4112
10.704964017577	2	(25.0076,243.804,1.895)	80.2953	-72.9336
10.705159656343	8	(23.8842,364.163,1.895)	40.2729	-66.94
10.710420700861	9	(26.997,384.259,1.895)	60.2027	-70.4321
10.719172076066	1	(28.4329,230.414,1.895)	93.649	-74.2699
10.720336667087	5	(24.4453,304.05,1.895)	20.2493	-60.968
10.725066219154	3	(28.1205,263.891,1.895)	60.1703	-70.4274
10.729642230819	0	(28.6813,203.799,1.895)	120.265	-76.4426
10.741651904734	4	(27.8808,289.569,1.895)	34.4909	-65.5939
10.749149505596	7	(27.3351,348.04,1.895)	23.9823	-62.4376
10.804964017577	2	(25.0263,241.802,1.895)	80.2941	-72.9335
10.805159656343	8	(23.903,362.153,1.895)	40.2661	-66.9386
10.810420700861	9	(27.0157,382.257,1.895)	60.2045	-70.4324
10.819172076066	1	(28.4515,228.425,1.895)	93.6348	-74.2685
10.820336667087	5	(24.464,302.042,1.895)	20.254	-60.97
10.825066219154	3	(28.1392,261.882,1.895)	60.1758	-70.4282
10.829642230819	0	(28.7,201.798,1.895)	120.263	-76.4424
10.841651904734	4	(27.8991,287.605,1.895)	34.4522	-65.5841
10.849149505596	7	(27.3531,346.105,1.895)	24.0504	-62.4622
10.904964017577	2	(25.045,239.793,1.895)	80.2957	-72.9336
10.905159656343	8	(23.9217,360.147,1.895)	40.2667	-66.9387
10.910420700861	9	(27.0345,380.246,1.895)	60.2008	-70.4318
10.919172076066	1	(28.4699,226.448,1.895)	93.6047	-74.2657
10.920336667087	5	(24.4828,300.036,1.895)	20.2533	-60.9697
10.925066219154	3	(28.1579,259.881,1.895)	60.17	-70.4274
10.929642230819	0	(28.7187,199.796,1.895)	120.258	-76.442
10.941651904734	4	(27.9174,285.642,1.895)	34.4081	-65.573
10.949149505596	7	(27.3711,344.176,1.895)	24.129	-62.4906
11.004964017577	2	(25.0638,237.785,1.895)	80.2985	-72.9339
11.005159656343	8	(23.9405,358.137,1.895)	40.2621	-66.9377
11.010420700861	9	(27.0532,378.241,1.895)	60.2004	-70.4318
11.019172076066	1	(28.4885,224.462,1.895)	93.5844	-74.2639
11.020336667087	5	(24.5015,298.027,1.895)	20.2562	-60.971
11.025066219154	3	(28.1766,257.875,1.895)	60.1701	-70.4274
11.029642230819	0	(28.7374,197.792,1.895)	120.256	-76.4419
11.041651904734	4	(27.9358,283.677,1.895)	34.367	-65.5626
11.049149505596	7	(27.3892,342.237,1.895)	24.1955	-62.5145
11.104964017577	2	(25.0825,235.779,1.895)	80.2982	-72.9339
11.105159656343	8	(23.9592,356.134,1.895)	40.2654	-66.9384
11.110420700861	9	(27.0719,376.239,1.895)	60.2055	-70.4325
11.119172076066	1	(28.5069,222.483,1.895)	93.5571	-74.2613
11.120336667087	5	(24.5202,296.022,1.895)	20.255	-60.9704
11.125066219154	3	(28.1953,255.874,1.895)	60.1647	-70.4266
11.129642230819	0	(28.7561,195.785,1.895)	120.256	-76.4419
11.141651904734	4	(27.9542,281.708,1.895)	34.3301	-65.5533
11.149149505596	7	(27.4073,340.299,1.895)	24.2641	-62.5391
11.204964017577	2	(25.1013,233.769,1.895)	80.2984	-72.9339
11.205159656343	8	(23.9778,354.132,1.895)	40.273	-66.9401
11.210420700861	9	(27.0905,374.238,1.895)	60.2139	-70.4337
11.219172076066	1	(28.5255,220.494,1.895)	93.5373	-74.2595
11.220336667087	5	(24.5389,294.017,1.895)	20.2511	-60.9687
11.225066219154	3	(28.214,253.871,1.895)	60.1588	-70.4258
11.229642230819	0	(28.7749,193.775,1.895)	120.258	-76.4421
11.241651904734	4	(27.9725,279.747,1.895)	34.2815	-65.541
11.249149505596	7	(27.4254,338.365,1.895)	24.339	-62.5658
11.304964017577	2	(25.1199,231.767,1.895)	80.2884	-72.9328
11.305159656343	8	(23.9966,352.124,1.895)	40.2762	-66.9408
11.310420700861	9	(27.1092,372.238,1.895)	60.2253	-70.4354
11.319172076066	1	(28.5441,218.504,1.895)	93.515	-74.2574
11.320336667087	5	(24.5576,292.014,1.895)	20.2424	-60.965
11.325066219154	3	(28.2327,251.86,1.895)	60.158	-70.4257
11.329642230819	0	(28.7936,191.765,1.895)	120.256	-76.4419
11.341651904734	4	(27.9908,277.782,1.895)	34.2345	-65.5291
11.349149505596	7	(27.4435,336.42,1.895)	24.4059	-62.5897
11.404964017577	2	(25.1387,229.76,1.895)	80.2928	-72.9333
11.405159656343	8	(24.0153,350.114,1.895)	40.2696	-66.9393
11.410420700861	9	(27.1279,370.232,1.895)	60.2224	-70.435
11.419172076066	1	(28.5626,216.517,1.895)	93.5001	-74.256
11.420336667087	5	(24.5764,290.004,1.895)	20.2498	-60.9682
11.425066219154	3	(28.2514,249.86,1.895)	60.1553	-70.4253
11.429642230819	0	(28.8123,189.763,1.895)	120.255	-76.4418
11.441651904734	4	(28.0093,275.803,1.895)	34.211	-65.5231
11.449149505596	7	(27.4616,334.479,1.895)	24.4672	-62.6115
11.504964017577	2	(25.1574,227.749,1.895)	80.2972	-72.9338
11.505159656343	8	(24.0341,348.109,1.895)	40.271	-66.9396
11.510420700861	9	(27.1467,368.223,1.895)	60.2193	-70.4345
11.519172076066	1	(28.5811,214.533,1.895)	93.4772	-74.2539
11.520336667087	5	(24.5951,287.998,1.895)	20.2491	-60.9679
11.525066219154	3	(28.2701,247.854,1.895)	60.1543	-70.4251
11.529642230819	0	(28.831,187.763,1.895)	120.249	-76.4414
11.541651904734	4	(28.0276,273.84,1.895)	34.1679	-65.5122
11.549149505596	7	(27.4797,332.546,1.895)	24.5409	-62.6376
11.604964017577	2	(25.1761,225.746,1.895)	80.2908	-72.9331
11.605159656343	8	(24.0528,346.098,1.895)	40.2694	-66.9393
11.610420700861	9	(27.1655,366.213,1.895)	60.2191	-70.4345
11.619172076066	1	(28.5996,212.552,1.895)	93.4486	-74.2512
11.620336667087	5	(24.6138,285.992,1.895)	20.245	-60.9661
11.625066219154	3	(28.2888,245.85,1.895)	60.1492	-70.4244
11.629642230819	0	(28.8497,185.761,1.895)	120.241	-76.4408
11.641651904734	4	(28.046,271.87,1.895)	34.1278	-65.502
11.649149505596	7	(27.4978,330.603,1.895)	24.6078	-62.6612
11.704964017577	2	(25.1948,223.743,1.895)	80.2838	-72.9324
11.705159656343	8	(24.0716,344.089,1.895)	40.2712	-66.9397
11.710420700861	9	(27.1842,364.203,1.895)	60.2193	-70.4345
11.719172076066	1	(28.6182,210.565,1.895)	93.4252	-74.2491
11.720336667087	5	(24.6325,283.989,1.895)	20.2385	-60.9633
11.725066219154	3	(28.3076,243.842,1.895)	60.1468	-70.424
11.729642230819	0	(28.8684,183.756,1.895)	120.235	-76.4404
11.741651904734	4	(28.0644,269.899,1.895)	34.089	-65.4921
11.749149505596	7	(27.5159,328.661,1.895)	24.6763	-62.6854
11.804964017577	2	(25.2136,221.733,1.895)	80.2932	-72.9334
11.805159656343	8	(24.0903,342.089,1.895)	40.2711	-66.9397
11.810420700861	9	(27.203,362.192,1.895)	60.2085	-70.4329
11.819172076066	1	(28.6367,208.581,1.895)	93.4092	-74.2476
11.820336667087	5	(24.6513,281.978,1.895)	20.2484	-60.9676
11.825066219154	3	(28.3263,241.831,1.895)	60.1575	-70.4256
11.829642230819	0	(28.8871,181.752,1.895)	120.24	-76.4408
11.841651904734	4	(28.0828,267.925,1.895)	34.0625	-65.4853
11.849149505596	7	(27.5341,326.717,1.895)	24.7325	-62.7051
11.904964017577	2	(25.2323,219.727,1.895)	80.2927	-72.9333
11.905159656343	8	(24.1089,340.087,1.895)	40.275	-66.9405
11.910420700861	9	(27.2217,360.186,1.895)	60.2091	-70.433
11.919172076066	1	(28.6552,206.595,1.895)	93.3888	-74.2457
11.920336667087	5	(24.67,279.977,1.895)	20.2436	-60.9655
11.925066219154	3	(28.3451,239.82,1.895)	60.1618	-70.4262
11.929642230819	0	(28.9058,179.751,1.895)	120.234	-76.4403
11.941651904734	4	(28.1012,265.954,1.895)	34.0271	-65.4763
11.949149505596	7	(27.5522,324.778,1.895)	24.7997	-62.7287
12.004964017577	2	(25.251,217.725,1.895)	80.2931	-72.9334
12.005159656343	8	(24.1277,338.079,1.895)	40.2699	-66.9394
12.010420700861	9	(27.2404,358.184,1.895)	60.2096	-70.4331
12.019172076066	1	(28.6737,204.617,1.895)	93.3648	-74.2435
12.020336667087	5	(24.6887,277.973,1.895)	20.2455	-60.9664
12.025066219154	3	(28.3639,237.809,1.895)	60.171	-70.4275
12.029642230819	0	(28.9244,177.748,1.895)	120.234	-76.4403
12.041651904734	4	(28.1196,263.979,1.895)	33.9998	-65.4693
12.049149505596	7	(27.5704,322.827,1.895)	24.8505	-62.7465
12.104964017577	2	(25.2698,215.715,1.895)	80.2975	-72.9338
12.105159656343	8	(24.1464,336.078,1.895)	40.2737	-66.9402
12.110420700861	9	(27.259,356.185,1.895)	60.2154	-70.4339
12.119172076066	1	(28.6921,202.639,1.895)	93.3373	-74.2409
12.120336667087	5	(24.7075,275.961,1.895)	20.2518	-60.969
12.125066219154	3	(28.3826,235.8,1.895)	60.1745	-70.428
12.129642230819	0	(28.9432,175.74,1.895)	120.237	-76.4405
12.141651904734	4	(28.1381,262,1.895)	33.9732	-65.4625
12.149149505596	7	(27.5885,320.882,1.895)	24.9112	-62.7677
12.204964017577	2	(25.2884,213.714,1.895)	80.2975	-72.9338
12.205159656343	8	(24.1651,334.072,1.895)	40.2685	-66.9391
12.210420700861	9	(27.2778,354.175,1.895)	60.2063	-70.4326
12.219172076066	1	(28.7106,200.656,1.895)	93.3195	-74.2392
12.220336667087	5	(24.7262,273.956,1.895)	20.2556	-60.9707
12.225066219154	3	(28.4013,233.796,1.895)	60.1776	-70.4285
12.229642230819	0	(28.962,173.73,1.895)	120.247	-76.4412
12.241651904734	4	(28.1565,260.024,1.895)	33.9482	-65.4561
12.249149505596	7	(27.6067,318.937,1.895)	24.9666	-62.787
12.304964017577	2	(25.3071,211.714,1.895)	80.2939	-72.9334
12.305159656343	8	(24.1838,332.07,1.895)	40.2709	-66.9396
12.310420700861	9	(27.2965,352.175,1.895)	60.2104	-70.4332
12.319172076066	1	(28.7293,198.66,1.895)	93.3118	-74.2385
12.320336667087	5	(24.7448,271.957,1.895)	20.251	-60.9687
12.325066219154	3	(28.4201,231.785,1.895)	60.1846	-70.4295
12.329642230819	0	(28.9807,171.719,1.895)	120.254	-76.4418
12.341651904734	4	(28.1749,258.053,1.895)	33.9159	-65.4479
12.349149505596	7	(27.6249,316.989,1.895)	25.0224	-62.8064
12.404964017577	2	(25.3259,209.703,1.895)	80.3026	-72.9344
12.405159656343	8	(24.2025,330.064,1.895)	40.2668	-66.9387
12.410420700861	9	(27.3152,350.167,1.895)	60.2047	-70.4324
12.419172076066	1	(28.7479,196.665,1.895)	93.3046	-74.2379
12.420336667087	5	(24.7635,269.957,1.895)	20.2484	-60.9676
12.425066219154	3	(28.4388,229.783,1.895)	60.1848	-70.4295
12.429642230819	0	(28.9994,169.713,1.895)	120.258	-76.442
12.441651904734	4	(28.1934,256.078,1.895)	33.8884	-65.4408
12.449149505596	7	(27.6431,315.032,1.895)	25.0684	-62.8223
12.504964017577	2	(25.3445,207.704,1.895)	80.297	-72.9338
12.505159656343	8	(24.2212,328.057,1.895)	40.2646	-66.9383
12.510420700861	9	(27.3339,348.166,1.895)	60.2088	-70.433
12.519172076066	1	(28.7665,194.674,1.895)	93.2898	-74.2365
12.520336667087	5	(24.7823,267.947,1.895)	20.2537	-60.9699
12.525066219154	3	(28.4575,227.776,1.895)	60.1866	-70.4298
12.529642230819	0	(29.0182,167.707,1.895)	120.259	-76.4421
12.541651904734	4	(28.2118,254.099,1.895)	33.8629	-65.4343
12.549149505596	7	(27.6614,313.078,1.895)	25.1195	-62.84
12.604964017577	2	(25.3633,205.697,1.895)	80.2931	-72.9333
12.605159656343	8	(24.2399,326.057,1.895)	40.2754	-66.9406
12.610420700861	9	(27.3527,346.155,1.895)	60.2087	-70.433
12.619172076066	1	(28.7851,192.68,1.895)	93.273	-74.2349
12.620336667087	5	(24.801,265.942,1.895)	20.248	-60.9674
12.625066219154	3	(28.4762,225.772,1.895)	60.18	-70.4288
12.629642230819	0	(29.0369,165.703,1.895)	120.251	-76.4416
12.641651904734	4	(28.2302,252.127,1.895)	33.8237	-65.4242
12.649149505596	7	(27.6796,311.13,1.895)	25.1819	-62.8616
12.704964017577	2	(25.382,203.691,1.895)	80.298	-72.9339
12.705159656343	8	(24.2586,324.049,1.895)	40.2688	-66.9392
12.710420700861	9	(27.3714,344.15,1.895)	60.2046	-70.4324
12.719172076066	1	(28.8037,190.691,1.895)	93.2617	-74.2339
12.720336667087	5	(24.8197,263.931,1.895)	20.258	-60.9717
12.725066219154	3	(28.495,223.763,1.895)	60.1878	-70.43
12.729642230819	0	(29.0556,163.693,1.895)	120.261	-76.4423
12.741651904734	4	(28.2487,250.153,1.895)	33.7967	-65.4173
12.749149505596	7	(27.6979,309.165,1.895)	25.2179	-62.874
12.804964017577	2	(25.4008,201.679,1.895)	80.2982	-72.9339
12.805159656343	8	(24.2774,322.043,1.895)	40.274	-66.9403
12.810420700861	9	(27.3901,342.146,1.895)	60.2117	-70.4334
12.819172076066	1	(28.8223,188.692,1.895)	93.2488	-74.2327
12.820336667087	5	(24.8385,261.926,1.895)	20.2518	-60.9691
12.825066219154	3	(28.5137,221.758,1.895)	60.1812	-70.429
12.829642230819	0	(29.0743,161.689,1.895)	120.253	-76.4417
12.841651904734	4	(28.2672,248.17,1.895)	33.7686	-65.41
12.849149505596	7	(27.7161,307.21,1.895)	25.2741	-62.8933
12.904964017577	2	(25.4195,199.671,1.895)	80.3076	-72.9349
12.905159656343	8	(24.2961,320.033,1.895)	40.263	-66.9379
12.910420700861	9	(27.4088,340.137,1.895)	60.2021	-70.432
12.919172076066	1	(28.8409,186.699,1.895)	93.2431	-74.2321
12.920336667087	5	(24.8571,259.924,1.895)	20.2544	-60.9702
12.925066219154	3	(28.5324,219.753,1.895)	60.1875	-70.4299
12.929642230819	0	(29.0931,159.682,1.895)	120.261	-76.4423
12.941651904734	4	(28.2857,246.187,1.895)	33.7517	-65.4057
12.949149505596	7	(27.7344,305.25,1.895)	25.3135	-62.9068
13.004964017577	2	(25.4382,197.671,1.895)	80.3057	-72.9347
13.005159656343	8	(24.3148,318.034,1.895)	40.2651	-66.9384
13.010420700861	9	(27.4275,338.136,1.895)	60.2018	-70.432
13.019172076066	1	(28.8595,184.707,1.895)	93.2334	-74.2312
13.020336667087	5	(24.8759,257.917,1.895)	20.2603	-60.9727
13.025066219154	3	(28.5511,217.745,1.895)	60.1943	-70.4309
13.029642230819	0	(29.1118,157.671,1.895)	120.271	-76.443
13.041651904734	4	(28.3042,244.205,1.895)	33.7332	-65.4009
13.049149505596	7	(27.7526,303.3,1.895)	25.3645	-62.9243
13.104964017577	2	(25.4569,195.666,1.895)	80.3097	-72.9351
13.105159656343	8	(24.3334,316.035,1.895)	40.2676	-66.9389
13.110420700861	9	(27.4463,336.125,1.895)	60.1923	-70.4306
13.119172076066	1	(28.8782,182.707,1.895)	93.2317	-74.2311
13.120336667087	5	(24.8946,255.913,1.895)	20.2623	-60.9736
13.125066219154	3	(28.5699,215.737,1.895)	60.2007	-70.4318
13.129642230819	0	(29.1306,155.664,1.895)	120.277	-76.4434
13.141651904734	4	(28.3226,242.228,1.895)	33.7087	-65.3946
13.149149505596	7	(27.7709,301.343,1.895)	25.4088	-62.9395
13.204964017577	2	(25.4756,193.657,1.895)	80.3185	-72.9361
13.205159656343	8	(24.3521,314.031,1.895)	40.2642	-66.9382
13.210420700861	9	(27.4649,334.124,1.895)	60.1913	-70.4305
13.219172076066	1	(28.8968,180.713,1.895)	93.226	-74.2305
13.220336667087	5	(24.9133,253.91,1.895)	20.2653	-60.9749
13.225066219154	3	(28.5886,213.733,1.895)	60.2045	-70.4324
13.229642230819	0	(29.1493,153.657,1.895)	120.284	-76.4439
13.241651904734	4	(28.3411,240.249,1.895)	33.6879	-65.3893
13.249149505596	7	(27.7892,299.387,1.895)	25.4532	-62.9547
13.304964017577	2	(25.4944,191.651,1.895)	80.3226	-72.9365
13.305159656343	8	(24.3708,312.027,1.895)	40.2619	-66.9377
13.310420700861	9	(27.4837,332.118,1.895)	60.1875	-70.4299
13.319172076066	1	(28.9154,178.719,1.895)	93.2174	-74.2297
13.320336667087	5	(24.932,251.905,1.895)	20.2684	-60.9762
13.325066219154	3	(28.6073,211.732,1.895)	60.2034	-70.4322
13.329642230819	0	(29.168,151.65,1.895)	120.288	-76.4442
13.341651904734	4	(28.3596,238.273,1.895)	33.6611	-65.3824
13.349149505596	7	(27.8074,297.431,1.895)	25.4994	-62.9704
13.404964017577	2	(25.5131,189.643,1.895)	80.3274	-72.9371
13.405159656343	8	(24.3895,310.025,1.895)	40.2631	-66.9379
13.410420700861	9	(27.5024,330.112,1.895)	60.1838	-70.4294
13.419172076066	1	(28.9339,176.734,1.895)	93.2002	-74.2281
13.420336667087	5	(24.9506,249.906,1.895)	20.2654	-60.9749
13.425066219154	3	(28.626,209.725,1.895)	60.2078	-70.4328
13.429642230819	0	(29.1868,149.643,1.895)	120.293	-76.4446
13.441651904734	4	(28.3781,236.29,1.895)	33.6414	-65.3773
13.449149505596	7	(27.8257,295.469,1.895)	25.5402	-62.9843
13.504964017577	2	(25.5318,187.636,1.895)	80.3319	-72.9376
13.505159656343	8	(24.4082,308.024,1.895)	40.2647	-66.9383
13.510420700861	9	(27.5211,328.111,1.895)	60.1864	-70.4298
13.519172076066	1	(28.9524,174.749,1.895)	93.1828	-74.2265
13.520336667087	5	(24.9693,247.906,1.895)	20.2622	-60.9735
13.525066219154	3	(28.6447,207.718,1.895)	60.2119	-70.4334
13.529642230819	0	(29.2055,147.634,1.895)	120.298	-76.445
13.541651904734	4	(28.3965,234.315,1.895)	33.6141	-65.3702
13.549149505596	7	(27.844,293.516,1.895)	25.5895	-63.001
13.604964017577	2	(25.5506,185.628,1.895)	80.3344	-72.9378
13.605159656343	8	(24.4269,306.025,1.895)	40.2713	-66.9397
13.610420700861	9	(27.5397,326.111,1.895)	60.1916	-70.4305
13.619172076066	1	(28.9711,172.752,1.895)	93.1739	-74.2257
13.620336667087	5	(24.9881,245.896,1.895)	20.2669	-60.9755
13.625066219154	3	(28.6635,205.709,1.895)	60.2153	-70.4339
13.629642230819	0	(29.2243,145.626,1.895)	120.302	-76.4452
13.641651904734	4	(28.415,232.327,1.895)	33.5961	-65.3656
13.649149505596	7	(27.8622,291.562,1.895)	25.6408	-63.0184
13.704964017577	2	(25.5693,183.619,1.895)	80.3328	-72.9376
13.705159656343	8	(24.4455,304.022,1.895)	40.2788	-66.9413
13.710420700861	9	(27.5584,324.107,1.895)	60.1983	-70.4315
13.719172076066	1	(28.9897,170.753,1.895)	93.1629	-74.2246
13.720336667087	5	(25.0068,243.888,1.895)	20.2637	-60.9742
13.725066219154	3	(28.6821,203.709,1.895)	60.2049	-70.4324
13.729642230819	0	(29.243,143.619,1.895)	120.298	-76.445
13.741651904734	4	(28.4335,230.346,1.895)	33.5671	-65.3581
13.749149505596	7	(27.8805,289.603,1.895)	25.6928	-63.036
13.804964017577	2	(25.5881,181.611,1.895)	80.338	-72.9382
13.805159656343	8	(24.4643,302.015,1.895)	40.2749	-66.9405
13.810420700861	9	(27.5771,322.106,1.895)	60.1998	-70.4317
13.819172076066	1	(29.0084,168.759,1.895)	93.1538	-74.2238
13.820336667087	5	(25.0256,241.878,1.895)	20.2707	-60.9772
13.825066219154	3	(28.7009,201.701,1.895)	60.2095	-70.4331
13.829642230819	0	(29.2617,141.612,1.895)	120.302	-76.4452
13.841651904734	4	(28.452,228.371,1.895)	33.5383	-65.3506
13.849149505596	7	(27.8989,287.631,1.895)	25.7241	-63.0466
13.904964017577	2	(25.6068,179.601,1.895)	80.3403	-72.9385
13.905159656343	8	(24.483,300.009,1.895)	40.2762	-66.9408
13.910420700861	9	(27.5958,320.103,1.895)	60.2049	-70.4324
13.919172076066	1	(29.027,166.763,1.895)	93.1417	-74.2227
13.920336667087	5	(25.0443,239.873,1.895)	20.2687	-60.9763
13.925066219154	3	(28.7196,199.701,1.895)	60.2026	-70.4321
13.929642230819	0	(29.2805,139.603,1.895)	120.303	-76.4453
13.941651904734	4	(28.4704,226.391,1.895)	33.5109	-65.3435
13.949149505596	7	(27.9172,285.665,1.895)	25.7651	-63.0604
14.004964017577	2	(25.6256,177.596,1.895)	80.3405	-72.9385
14.005159656343	8	(24.5017,298.01,1.895)	40.2818	-66.942
14.010420700861	9	(27.6145,318.096,1.895)	60.2026	-70.4321
14.019172076066	1	(29.0456,164.771,1.895)	93.1285	-74.2214
14.020336667087	5	(25.063,237.868,1.895)	20.2682	-60.9761
14.025066219154	3	(28.7383,197.696,1.895)	60.2022	-70.432
14.029642230819	0	(29.2992,137.594,1.895)	120.307	-76.4456
14.041651904734	4	(28.4889,224.417,1.895)	33.4798	-65.3354
14.049149505596	7	(27.9355,283.703,1.895)	25.8088	-63.0752
14.104964017577	2	(25.6442,175.594,1.895)	80.3399	-72.9384
14.105159656343	8	(24.5204,296.007,1.895)	40.2817	-66.9419
14.110420700861	9	(27.6332,316.093,1.895)	60.2027	-70.4321
14.119172076066	1	(29.0641,162.782,1.895)	93.1148	-74.2202
14.120336667087	5	(25.0818,235.857,1.895)	20.2769	-60.9798
14.125066219154	3	(28.757,195.686,1.895)	60.2097	-70.4331
14.129642230819	0	(29.318,135.584,1.895)	120.314	-76.4461
14.141651904734	4	(28.5073,222.441,1.895)	33.4536	-65.3286
14.149149505596	7	(27.9539,281.737,1.895)	25.8447	-63.0872
14.204964017577	2	(25.663,173.583,1.895)	80.3479	-72.9393
14.205159656343	8	(24.5391,293.999,1.895)	40.2765	-66.9408
14.210420700861	9	(27.652,314.086,1.895)	60.1985	-70.4315
14.219172076066	1	(29.0828,160.782,1.895)	93.1125	-74.2199
14.220336667087	5	(25.1005,233.853,1.895)	20.2779	-60.9803
14.225066219154	3	(28.7758,193.68,1.895)	60.2129	-70.4336
14.229642230819	0	(29.3367,133.581,1.895)	120.314	-76.4461
14.241651904734	4	(28.5259,220.452,1.895)	33.4398	-65.3251
14.249149505596	7	(27.9723,279.767,1.895)	25.8779	-63.0984
14.304964017577	2	(25.6817,171.579,1.895)	80.3403	-72.9385
14.305159656343	8	(24.5578,291.992,1.895)	40.2813	-66.9419
14.310420700861	9	(27.6706,312.087,1.895)	60.211	-70.4333
14.319172076066	1	(29.1013,158.796,1.895)	93.0862	-74.2175
14.320336667087	5	(25.1192,231.842,1.895)	20.2769	-60.9798
14.325066219154	3	(28.7945,191.669,1.895)	60.2122	-70.4335
14.329642230819	0	(29.3553,131.581,1.895)	120.302	-76.4453
14.341651904734	4	(28.5444,218.473,1.895)	33.407	-65.3165
14.349149505596	7	(27.9906,277.802,1.895)	25.9246	-63.114
14.404964017577	2	(25.7005,169.57,1.895)	80.3442	-72.9389
14.405159656343	8	(24.5765,289.988,1.895)	40.2815	-66.9419
14.410420700861	9	(27.6893,310.087,1.895)	60.2161	-70.434
14.419172076066	1	(29.1198,156.814,1.895)	93.0644	-74.2155
14.420336667087	5	(25.138,229.832,1.895)	20.2823	-60.9822
14.425066219154	3	(28.8133,189.66,1.895)	60.217	-70.4342
14.429642230819	0	(29.3741,129.573,1.895)	120.306	-76.4456
14.441651904734	4	(28.5629,216.482,1.895)	33.3934	-65.313
14.449149505596	7	(28.009,275.829,1.895)	25.9558	-63.1245
14.504964017577	2	(25.7192,167.562,1.895)	80.3521	-72.9397
14.505159656343	8	(24.5953,287.982,1.895)	40.276	-66.9407
14.510420700861	9	(27.708,308.085,1.895)	60.2138	-70.4337
14.519172076066	1	(29.1385,154.817,1.895)	93.0609	-74.2151
14.520336667087	5	(25.1568,227.824,1.895)	20.2902	-60.9855
14.525066219154	3	(28.8321,187.648,1.895)	60.2282	-70.4358
14.529642230819	0	(29.3927,127.573,1.895)	120.305	-76.4455
14.541651904734	4	(28.5815,214.49,1.895)	33.3846	-65.3107
14.549149505596	7	(28.0274,273.86,1.895)	25.988	-63.1352
14.604964017577	2	(25.7379,165.554,1.895)	80.3562	-72.9402
14.605159656343	8	(24.614,285.974,1.895)	40.2727	-66.94
14.610420700861	9	(27.7267,306.077,1.895)	60.21	-70.4332
14.619172076066	1	(29.157,152.829,1.895)	93.045	-74.2136
14.620336667087	5	(25.1755,225.815,1.895)	20.2946	-60.9874
14.625066219154	3	(28.8508,185.636,1.895)	60.236	-70.4369
14.629642230819	0	(29.4114,125.573,1.895)	120.302	-76.4452
14.641651904734	4	(28.6001,212.503,1.895)	33.3683	-65.3065
14.649149505596	7	(28.0458,271.893,1.895)	26.024	-63.1473
14.704964017577	2	(25.7566,163.554,1.895)	80.3484	-72.9393
14.705159656343	8	(24.6327,283.974,1.895)	40.2797	-66.9415
14.710420700861	9	(27.7454,304.077,1.895)	60.2172	-70.4342
14.719172076066	1	(29.1756,150.834,1.895)	93.0324	-74.2125
14.720336667087	5	(25.1942,223.816,1.895)	20.2864	-60.9839
14.725066219154	3	(28.8695,183.636,1.895)	60.2285	-70.4358
14.729642230819	0	(29.4302,123.563,1.895)	120.304	-76.4454
14.741651904734	4	(28.6187,210.508,1.895)	33.3551	-65.303
14.749149505596	7	(28.0642,269.923,1.895)	26.0618	-63.1599
14.804964017577	2	(25.7754,161.544,1.895)	80.3539	-72.9399
14.805159656343	8	(24.6514,281.966,1.895)	40.2774	-66.941
14.810420700861	9	(27.7641,302.077,1.895)	60.2226	-70.435
14.819172076066	1	(29.1943,148.84,1.895)	93.0214	-74.2114
14.820336667087	5	(25.2129,221.811,1.895)	20.2866	-60.984
14.825066219154	3	(28.8882,181.629,1.895)	60.2304	-70.4361
14.829642230819	0	(29.4489,121.558,1.895)	120.304	-76.4454
14.841651904734	4	(28.6372,208.529,1.895)	33.3297	-65.2964
14.849149505596	7	(28.0826,267.951,1.895)	26.0954	-63.1711
14.904964017577	2	(25.7941,159.541,1.895)	80.3517	-72.9397
14.905159656343	8	(24.6702,279.957,1.895)	40.273	-66.9401
14.910420700861	9	(27.7828,300.069,1.895)	60.219	-70.4345
14.919172076066	1	(29.2129,146.844,1.895)	93.0124	-74.2106
14.920336667087	5	(25.2315,219.81,1.895)	20.2821	-60.982
14.925066219154	3	(28.9069,179.626,1.895)	60.2292	-70.4359
14.929642230819	0	(29.4676,119.555,1.895)	120.303	-76.4453
14.941651904734	4	(28.6557,206.543,1.895)	33.3106	-65.2914
14.949149505596	7	(28.1009,265.985,1.895)	26.1336	-63.1838
15.004964017577	2	(25.8128,157.536,1.895)	80.3485	-72.9393
15.005159656343	8	(24.6889,277.949,1.895)	40.2728	-66.94
15.010420700861	9	(27.8015,298.063,1.895)	60.2211	-70.4348
15.019172076066	1	(29.2315,144.846,1.895)	93.0026	-74.2097
15.020336667087	5	(25.2503,217.801,1.895)	20.284	-60.9829
15.025066219154	3	(28.9256,177.622,1.895)	60.2249	-70.4353
15.029642230819	0	(29.4863,117.554,1.895)	120.295	-76.4448
15.041651904734	4	(28.6742,204.56,1.895)	33.2855	-65.2849
15.049149505596	7	(28.1194,264.006,1.895)	26.1632	-63.1936
15.104964017577	2	(25.8315,155.529,1.895)	80.3502	-72.9395
15.105159656343	8	(24.7076,275.944,1.895)	40.2732	-66.9401
15.110420700861	9	(27.8203,296.053,1.895)	60.2166	-70.4341
15.119172076066	1	(29.2501,142.861,1.895)	92.982	-74.2078
15.120336667087	5	(25.2691,215.789,1.895)	20.2901	-60.9855
15.125066219154	3	(28.9444,175.615,1.895)	60.2267	-70.4356
15.129642230819	0	(29.505,115.549,1.895)	120.295	-76.4447
15.141651904734	4	(28.6928,202.569,1.895)	33.2715	-65.2812
15.149149505596	7	(28.1378,262.03,1.895)	26.1921	-63.2032
15.204964017577	2	(25.8503,153.517,1.895)	80.3624	-72.9408
15.205159656343	8	(24.7264,273.937,1.895)	40.2652	-66.9384
15.210420700861	9	(27.839,294.05,1.895)	60.213	-70.4336
15.219172076066	1	(29.2687,140.869,1.895)	92.9749	-74.2071
15.220336667087	5	(25.2878,213.783,1.895)	20.297	-60.9884
15.225066219154	3	(28.9631,173.603,1.895)	60.2392	-70.4374
15.229642230819	0	(29.5236,113.549,1.895)	120.295	-76.4448
15.241651904734	4	(28.7114,200.577,1.895)	33.2643	-65.2794
15.249149505596	7	(28.1563,260.052,1.895)	26.214	-63.2105
15.304964017577	2	(25.8691,151.507,1.895)	80.3702	-72.9417
15.305159656343	8	(24.7451,271.932,1.895)	40.2633	-66.938
15.310420700861	9	(27.8577,292.043,1.895)	60.2086	-70.433
15.319172076066	1	(29.2872,138.881,1.895)	92.9601	-74.2057
15.320336667087	5	(25.3066,211.772,1.895)	20.3049	-60.9918
15.325066219154	3	(28.9819,171.598,1.895)	60.2416	-70.4377
15.329642230819	0	(29.5424,111.541,1.895)	120.301	-76.4452
15.341651904734	4	(28.73,198.585,1.895)	33.2529	-65.2764
15.349149505596	7	(28.1746,258.089,1.895)	26.2533	-63.2235
15.404964017577	2	(25.8878,149.495,1.895)	80.381	-72.9429
15.405159656343	8	(24.7638,269.929,1.895)	40.2609	-66.9375
15.410420700861	9	(27.8764,290.043,1.895)	60.2097	-70.4331
15.419172076066	1	(29.3058,136.885,1.895)	92.9549	-74.2052
15.420336667087	5	(25.3253,209.763,1.895)	20.3127	-60.9951
15.425066219154	3	(29.0005,169.599,1.895)	60.2398	-70.4375
15.429642230819	0	(29.5611,109.535,1.895)	120.306	-76.4455
15.441651904734	4	(28.7485,196.599,1.895)	33.2387	-65.2727
15.449149505596	7	(28.193,256.123,1.895)	26.288	-63.235
15.504964017577	2	(25.9066,147.484,1.895)	80.3891	-72.9437
15.505159656343	8	(24.7825,267.926,1.895)	40.2616	-66.9376
15.510420700861	9	(27.8951,288.031,1.895)	60.2016	-70.432
15.519172076066	1	(29.3244,134.893,1.895)	92.9429	-74.2041
15.520336667087	5	(25.344,207.76,1.895)	20.3124	-60.995
15.525066219154	3	(29.0192,167.596,1.895)	60.2393	-70.4374
15.529642230819	0	(29.5798,107.529,1.895)	120.309	-76.4457
15.541651904734	4	(28.767,194.615,1.895)	33.2187	-65.2674
15.549149505596	7	(28.2114,254.149,1.895)	26.3175	-63.2447
15.604964017577	2	(25.9253,145.482,1.895)	80.3838	-72.9432
15.605159656343	8	(24.8012,265.915,1.895)	40.258	-66.9368
15.610420700861	9	(27.9138,286.03,1.895)	60.2071	-70.4327
15.619172076066	1	(29.3431,132.897,1.895)	92.9327	-74.2032
15.620336667087	5	(25.3627,205.76,1.895)	20.3055	-60.992
15.625066219154	3	(29.0379,165.596,1.895)	60.2314	-70.4362
15.629642230819	0	(29.5985,105.524,1.895)	120.307	-76.4456
15.641651904734	4	(28.7856,192.628,1.895)	33.1985	-65.2622
15.649149505596	7	(28.2298,252.177,1.895)	26.3526	-63.2562
15.704964017577	2	(25.9441,143.471,1.895)	80.3941	-72.9443
15.705159656343	8	(24.82,263.906,1.895)	40.2495	-66.935
15.710420700861	9	(27.9325,284.029,1.895)	60.207	-70.4327
15.719172076066	1	(29.3617,130.9,1.895)	92.9286	-74.2028
15.720336667087	5	(25.3814,203.754,1.895)	20.3109	-60.9944
15.725066219154	3	(29.0566,163.592,1.895)	60.2359	-70.4369
15.729642230819	0	(29.6172,103.523,1.895)	120.307	-76.4456
15.741651904734	4	(28.8041,190.646,1.895)	33.1806	-65.2575
15.749149505596	7	(28.2482,250.204,1.895)	26.3801	-63.2653
15.804964017577	2	(25.9628,141.467,1.895)	80.3941	-72.9443
15.805159656343	8	(24.8387,261.896,1.895)	40.2432	-66.9336
15.810420700861	9	(27.9512,282.022,1.895)	60.2039	-70.4323
15.819172076066	1	(29.3802,128.914,1.895)	92.9107	-74.2011
15.820336667087	5	(25.4001,201.746,1.895)	20.3146	-60.9959
15.825066219154	3	(29.0753,161.587,1.895)	60.2369	-70.437
15.829642230819	0	(29.6359,101.516,1.895)	120.31	-76.4458
15.841651904734	4	(28.8226,188.661,1.895)	33.1611	-65.2524
15.849149505596	7	(28.2666,248.231,1.895)	26.411	-63.2755
15.904964017577	2	(25.9814,139.467,1.895)	80.3858	-72.9434
15.905159656343	8	(24.8574,259.891,1.895)	40.2465	-66.9344
15.910420700861	9	(27.97,280.011,1.895)	60.2007	-70.4318
15.919172076066	1	(29.3988,126.923,1.895)	92.894	-74.1995
15.920336667087	5	(25.4189,199.741,1.895)	20.3113	-60.9945
15.925066219154	3	(29.094,159.584,1.895)	60.2318	-70.4363
15.929642230819	0	(29.6547,99.5056,1.895)	120.312	-76.446
15.941651904734	4	(28.8411,186.676,1.895)	33.1382	-65.2464
15.949149505596	7	(28.285,246.26,1.895)	26.4488	-63.2879
16.004964017577	2	(26.0001,137.468,1.895)	80.377	-72.9424
16.005159656343	8	(24.8762,257.88,1.895)	40.2439	-66.9338
16.010420700861	9	(27.9887,278.006,1.895)	60.2048	-70.4324
16.019172076066	1	(29.4175,124.918,1.895)	92.8899	-74.1992
16.020336667087	5	(25.4376,197.731,1.895)	20.3129	-60.9952
16.025066219154	3	(29.1127,157.576,1.895)	60.2309	-70.4362
16.029642230819	0	(29.6735,97.4951,1.895)	120.314	-76.4461
16.041651904734	4	(28.8597,184.686,1.895)	33.1194	-65.2414
16.049149505596	7	(28.3034,244.286,1.895)	26.4828	-63.2991
16.104964017577	2	(26.0188,135.46,1.895)	80.3761	-72.9423
16.105159656343	8	(24.895,255.87,1.895)	40.2429	-66.9336
16.110420700861	9	(28.0074,276.002,1.895)	60.2093	-70.4331
16.119172076066	1	(29.4362,122.923,1.895)	92.8767	-74.1979
16.120336667087	5	(25.4563,195.731,1.895)	20.3043	-60.9915
16.125066219154	3	(29.1314,155.572,1.895)	60.2262	-70.4355
16.129642230819	0	(29.6922,95.4907,1.895)	120.31	-76.4458
16.141651904734	4	(28.8783,182.693,1.895)	33.1039	-65.2374
16.149149505596	7	(28.3219,242.309,1.895)	26.5152	-63.3097
16.204964017577	2	(26.0376,133.45,1.895)	80.3787	-72.9426
16.205159656343	8	(24.9137,253.867,1.895)	40.2468	-66.9344
16.210420700861	9	(28.0261,274.002,1.895)	60.2164	-70.4341
16.219172076066	1	(29.4548,120.926,1.895)	92.866	-74.1969
16.220336667087	5	(25.4751,193.721,1.895)	20.307	-60.9927
16.225066219154	3	(29.1501,153.568,1.895)	60.2228	-70.435
16.229642230819	0	(29.7109,93.4831,1.895)	120.31	-76.4458
16.241651904734	4	(28.8969,180.697,1.895)	33.092	-65.2342
16.249149505596	7	(28.3404,240.329,1.895)	26.5425	-63.3186
16.304964017577	2	(26.0563,131.441,1.895)	80.3816	-72.9429
16.305159656343	8	(24.9325,251.855,1.895)	40.2413	-66.9332
16.310420700861	9	(28.0448,271.992,1.895)	60.2127	-70.4335
16.319172076066	1	(29.4735,118.922,1.895)	92.8646	-74.1968
16.320336667087	5	(25.4937,191.72,1.895)	20.3017	-60.9905
16.325066219154	3	(29.1688,151.563,1.895)	60.2222	-70.4349
16.329642230819	0	(29.7296,91.4768,1.895)	120.311	-76.4459
16.341651904734	4	(28.9155,178.702,1.895)	33.0816	-65.2315
16.349149505596	7	(28.3588,238.353,1.895)	26.572	-63.3283
16.404964017577	2	(26.075,129.439,1.895)	80.3787	-72.9426
16.405159656343	8	(24.9511,249.855,1.895)	40.2462	-66.9343
16.410420700861	9	(28.0636,269.984,1.895)	60.21	-70.4332
16.419172076066	1	(29.4921,116.926,1.895)	92.8548	-74.1959
16.420336667087	5	(25.5124,189.714,1.895)	20.3028	-60.9909
16.425066219154	3	(29.1875,149.56,1.895)	60.2197	-70.4346
16.429642230819	0	(29.7484,89.4673,1.895)	120.315	-76.4462
16.441651904734	4	(28.9341,176.711,1.895)	33.0672	-65.2277
16.449149505596	7	(28.3773,236.369,1.895)	26.5936	-63.3353
16.504964017577	2	(26.0937,127.44,1.895)	80.3658	-72.9412
16.505159656343	8	(24.9699,247.848,1.895)	40.2508	-66.9353
16.510420700861	9	(28.0822,267.985,1.895)	60.2226	-70.435
16.519172076066	1	(29.5108,114.925,1.895)	92.8437	-74.1948
16.520336667087	5	(25.5312,187.702,1.895)	20.3028	-60.9909
16.525066219154	3	(29.2062,147.556,1.895)	60.2114	-70.4334
16.529642230819	0	(29.7671,87.4631,1.895)	120.307	-76.4456
16.541651904734	4	(28.9527,174.72,1.895)	33.0461	-65.2222
16.549149505596	7	(28.3957,234.395,1.895)	26.6308	-63.3475
16.604964017577	2	(26.1124,125.43,1.895)	80.3755	-72.9423
16.605159656343	8	(24.9886,245.84,1.895)	40.2431	-66.9336
16.610420700861	9	(28.101,265.977,1.895)	60.2145	-70.4338
16.619172076066	1	(29.5294,112.932,1.895)	92.8377	-74.1943
16.620336667087	5	(25.5499,185.699,1.895)	20.3061	-60.9923
16.625066219154	3	(29.225,145.547,1.895)	60.2208	-70.4347
16.629642230819	0	(29.7858,85.4549,1.895)	120.315	-76.4462
16.641651904734	4	(28.9713,172.725,1.895)	33.042	-65.2211
16.649149505596	7	(28.4143,232.409,1.895)	26.6451	-63.3521
16.704964017577	2	(26.1312,123.425,1.895)	80.3748	-72.9422
16.705159656343	8	(25.0073,243.832,1.895)	40.2413	-66.9332
16.710420700861	9	(28.1196,263.977,1.895)	60.221	-70.4347
16.719172076066	1	(29.5481,110.928,1.895)	92.8344	-74.194
16.720336667087	5	(25.5687,183.692,1.895)	20.3064	-60.9925
16.725066219154	3	(29.2437,143.547,1.895)	60.2148	-70.4339
16.729642230819	0	(29.8046,83.4512,1.895)	120.313	-76.446
16.741651904734	4	(28.99,170.73,1.895)	33.0306	-65.2181
16.749149505596	7	(28.4328,230.43,1.895)	26.6721	-63.3609
16.804964017577	2	(26.1499,121.419,1.895)	80.3735	-72.942
16.805159656343	8	(25.0261,241.825,1.895)	40.2411	-66.9332
16.810420700861	9	(28.1383,261.974,1.895)	60.2249	-70.4353
16.819172076066	1	(29.5667,108.938,1.895)	92.8171	-74.1923
16.820336667087	5	(25.5874,181.688,1.895)	20.3033	-60.9911
16.825066219154	3	(29.2624,141.542,1.895)	60.2117	-70.4334
16.829642230819	0	(29.8233,81.4449,1.895)	120.312	-76.446
16.841651904734	4	(29.0086,168.737,1.895)	33.0159	-65.2143
16.849149505596	7	(28.4513,228.441,1.895)	26.691	-63.3671
16.904964017577	2	(26.1686,119.411,1.895)	80.3694	-72.9416
16.905159656343	8	(25.0448,239.82,1.895)	40.2483	-66.9347
16.910420700861	9	(28.157,259.975,1.895)	60.2372	-70.4371
16.919172076066	1	(29.5853,106.942,1.895)	92.8021	-74.1909
16.920336667087	5	(25.6061,179.685,1.895)	20.2954	-60.9877
16.925066219154	3	(29.2811,139.536,1.895)	60.207	-70.4327
16.929642230819	0	(29.842,79.4436,1.895)	120.302	-76.4452
16.941651904734	4	(29.0272,166.744,1.895)	32.9971	-65.2093
16.949149505596	7	(28.4698,226.463,1.895)	26.7244	-63.378
17.004964017577	2	(26.1874,117.404,1.895)	80.3683	-72.9415
17.005159656343	8	(25.0635,237.818,1.895)	40.2543	-66.936
17.010420700861	9	(28.1757,257.97,1.895)	60.2411	-70.4376
17.019172076066	1	(29.6039,104.949,1.895)	92.7863	-74.1895
17.020336667087	5	(25.6248,177.679,1.895)	20.293	-60.9867
17.025066219154	3	(29.2998,137.532,1.895)	60.2017	-70.432
17.029642230819	0	(29.8606,77.4438,1.895)	120.293	-76.4446
17.041651904734	4	(29.0457,164.755,1.895)	32.9781	-65.2043
17.049149505596	7	(28.4883,224.481,1.895)	26.7507	-63.3865
17.104964017577	2	(26.206,115.403,1.895)	80.3577	-72.9403
17.105159656343	8	(25.0822,235.816,1.895)	40.2632	-66.9379
17.110420700861	9	(28.1944,255.968,1.895)	60.25	-70.4389
17.119172076066	1	(29.6225,102.959,1.895)	92.7662	-74.1876
17.120336667087	5	(25.6434,175.679,1.895)	20.2818	-60.9819
17.125066219154	3	(29.3185,135.524,1.895)	60.1993	-70.4316
17.129642230819	0	(29.8794,75.4334,1.895)	120.293	-76.4446
17.141651904734	4	(29.0643,162.762,1.895)	32.9603	-65.1996
17.149149505596	7	(28.5069,222.49,1.895)	26.7705	-63.3929
17.204964017577	2	(26.2248,113.392,1.895)	80.3682	-72.9415
17.205159656343	8	(25.1009,233.807,1.895)	40.2551	-66.9362
17.210420700861	9	(28.2132,253.958,1.895)	60.241	-70.4376
17.219172076066	1	(29.6412,100.955,1.895)	92.769	-74.1878
17.220336667087	5	(25.6622,173.668,1.895)	20.2926	-60.9865
17.225066219154	3	(29.3373,133.515,1.895)	60.2072	-70.4328
17.229642230819	0	(29.8981,73.4232,1.895)	120.302	-76.4453
17.241651904734	4	(29.0829,160.767,1.895)	32.9549	-65.1982
17.249149505596	7	(28.5254,220.505,1.895)	26.7858	-63.3979
17.304964017577	2	(26.2435,111.393,1.895)	80.3678	-72.9414
17.305159656343	8	(25.1197,231.797,1.895)	40.2445	-66.9339
17.310420700861	9	(28.2318,251.959,1.895)	60.241	-70.4376
17.319172076066	1	(29.6599,98.9477,1.895)	92.7767	-74.1886
17.320336667087	5	(25.6809,171.661,1.895)	20.299	-60.9893
17.325066219154	3	(29.356,131.511,1.895)	60.2118	-70.4334
17.329642230819	0	(29.9169,71.4155,1.895)	120.31	-76.4458
17.341651904734	4	(29.1016,158.772,1.895)	32.9498	-65.1968
17.349149505596	7	(28.5438,218.527,1.895)	26.8081	-63.4051
17.404964017577	2	(26.2621,109.392,1.895)	80.3669	-72.9413
17.405159656343	8	(25.1383,229.797,1.895)	40.2465	-66.9344
17.410420700861	9	(28.2506,249.95,1.895)	60.2336	-70.4366
17.419172076066	1	(29.6785,96.9536,1.895)	92.769	-74.1878
17.420336667087	5	(25.6997,169.65,1.895)	20.3083	-60.9933
17.425066219154	3	(29.3747,129.511,1.895)	60.2103	-70.4332
17.429642230819	0	(29.9356,69.4113,1.895)	120.312	-76.446
17.441651904734	4	(29.1202,156.778,1.895)	32.9419	-65.1948
17.449149505596	7	(28.5623,216.545,1.895)	26.8278	-63.4115
17.504964017577	2	(26.2809,107.382,1.895)	80.3651	-72.9411
17.505159656343	8	(25.157,227.794,1.895)	40.2554	-66.9363
17.510420700861	9	(28.2693,247.939,1.895)	60.2347	-70.4367
17.519172076066	1	(29.6972,94.9579,1.895)	92.7528	-74.1863
17.520336667087	5	(25.7184,167.648,1.895)	20.2986	-60.9891
17.525066219154	3	(29.3933,127.511,1.895)	60.1988	-70.4315
17.529642230819	0	(29.9543,67.4018,1.895)	120.31	-76.4458
17.541651904734	4	(29.1387,154.793,1.895)	32.9148	-65.1876
17.549149505596	7	(28.5809,214.557,1.895)	26.852	-63.4193
17.604964017577	2	(26.2996,105.377,1.895)	80.3713	-72.9418
17.605159656343	8	(25.1757,225.79,1.895)	40.2502	-66.9351
17.610420700861	9	(28.288,245.938,1.895)	60.2336	-70.4366
17.619172076066	1	(29.7159,92.9523,1.895)	92.7592	-74.1869
17.620336667087	5	(25.7371,165.644,1.895)	20.3032	-60.9911
17.625066219154	3	(29.4121,125.5,1.895)	60.2103	-70.4332
17.629642230819	0	(29.9731,65.3948,1.895)	120.318	-76.4464
17.641651904734	4	(29.1573,152.799,1.895)	32.9097	-65.1863
17.649149505596	7	(28.5994,212.571,1.895)	26.8647	-63.4234
17.704964017577	2	(26.3184,103.366,1.895)	80.3771	-72.9424
17.705159656343	8	(25.1945,223.784,1.895)	40.2497	-66.935
17.710420700861	9	(28.3067,243.939,1.895)	60.2395	-70.4374
17.719172076066	1	(29.7346,90.9471,1.895)	92.7591	-74.1869
17.720336667087	5	(25.7558,163.636,1.895)	20.3062	-60.9924
17.725066219154	3	(29.4308,123.494,1.895)	60.2107	-70.4333
17.729642230819	0	(29.9918,63.389,1.895)	120.318	-76.4464
17.741651904734	4	(29.176,150.8,1.895)	32.9034	-65.1846
17.749149505596	7	(28.6179,210.596,1.895)	26.8952	-63.4333
17.804964017577	2	(26.3371,101.359,1.895)	80.3775	-72.9425
17.805159656343	8	(25.2131,221.783,1.895)	40.255	-66.9362
17.810420700861	9	(28.3254,241.93,1.895)	60.2366	-70.437
17.819172076066	1	(29.7533,88.9428,1.895)	92.7574	-74.1868
17.820336667087	5	(25.7746,161.625,1.895)	20.3107	-60.9943
17.825066219154	3	(29.4495,121.488,1.895)	60.2104	-70.4332
17.829642230819	0	(30.0106,61.3776,1.895)	120.324	-76.4468
17.841651904734	4	(29.1946,148.803,1.895)	32.8949	-65.1824
17.849149505596	7	(28.6364,208.608,1.895)	26.9134	-63.4392
17.904964017577	2	(26.3558,99.3524,1.895)	80.3775	-72.9425
17.905159656343	8	(25.2318,219.78,1.895)	40.2585	-66.9369
17.910420700861	9	(28.3442,239.923,1.895)	60.2364	-70.437
17.919172076066	1	(29.772,86.9368,1.895)	92.7567	-74.1867
17.920336667087	5	(25.7934,159.614,1.895)	20.3151	-60.9962
17.925066219154	3	(29.4682,119.488,1.895)	60.2044	-70.4324
17.929642230819	0	(30.0293,59.3672,1.895)	120.327	-76.4471
17.941651904734	4	(29.2132,146.811,1.895)	32.88	-65.1784
17.949149505596	7	(28.655,206.623,1.895)	26.9345	-63.446
18.004964017577	2	(26.3746,97.3457,1.895)	80.3804	-72.9428
18.005159656343	8	(25.2506,217.774,1.895)	40.2561	-66.9364
18.010420700861	9	(28.3628,237.923,1.895)	60.2401	-70.4375
18.019172076066	1	(29.7907,84.9351,1.895)	92.7546	-74.1865
18.020336667087	5	(25.8122,157.603,1.895)	20.3227	-60.9994
18.025066219154	3	(29.4869,117.484,1.895)	60.2039	-70.4323
18.029642230819	0	(30.0481,57.3602,1.895)	120.331	-76.4473
18.041651904734	4	(29.2318,144.814,1.895)	32.8727	-65.1765
18.049149505596	7	(28.6735,204.638,1.895)	26.954	-63.4522
18.104964017577	2	(26.3933,95.3423,1.895)	80.3827	-72.943
18.105159656343	8	(25.2692,215.771,1.895)	40.2547	-66.9361
18.110420700861	9	(28.3815,235.921,1.895)	60.2394	-70.4374
18.119172076066	1	(29.8094,82.9349,1.895)	92.7536	-74.1864
18.120336667087	5	(25.8309,155.6,1.895)	20.3248	-61.0003
18.125066219154	3	(29.5056,115.476,1.895)	60.2107	-70.4333
18.129642230819	0	(30.0668,55.3524,1.895)	120.337	-76.4478
18.141651904734	4	(29.2505,142.816,1.895)	32.8697	-65.1757
18.149149505596	7	(28.692,202.651,1.895)	26.9674	-63.4566
18.204964017577	2	(26.412,93.3357,1.895)	80.3825	-72.943
18.205159656343	8	(25.288,213.763,1.895)	40.2538	-66.9359
18.210420700861	9	(28.4002,233.916,1.895)	60.2411	-70.4376
18.219172076066	1	(29.8281,80.9275,1.895)	92.7543	-74.1865
18.220336667087	5	(25.8496,153.591,1.895)	20.3262	-61.0009
18.225066219154	3	(29.5244,113.472,1.895)	60.2086	-70.433
18.229642230819	0	(30.0855,53.3498,1.895)	120.333	-76.4475
18.241651904734	4	(29.2691,140.822,1.895)	32.8567	-65.1723
18.249149505596	7	(28.7106,200.661,1.895)	26.9846	-63.4621
18.304964017577	2	(26.4307,91.3317,1.895)	80.3862	-72.9434
18.305159656343	8	(25.3067,211.761,1.895)	40.2514	-66.9354
18.310420700861	9	(28.4189,231.913,1.895)	60.2384	-70.4373
18.319172076066	1	(29.8467,78.9322,1.895)	92.7492	-74.186
18.320336667087	5	(25.8684,151.58,1.895)	20.3365	-61.0053
18.325066219154	3	(29.5431,111.46,1.895)	60.2197	-70.4346
18.329642230819	0	(30.1042,51.3465,1.895)	120.336	-76.4477
18.341651904734	4	(29.2876,138.834,1.895)	32.8449	-65.1691
18.349149505596	7	(28.7292,198.667,1.895)	26.9904	-63.464
18.404964017577	2	(26.4494,89.331,1.895)	80.3873	-72.9435
18.405159656343	8	(25.3255,209.749,1.895)	40.2394	-66.9328
18.410420700861	9	(28.4376,229.912,1.895)	60.2363	-70.437
18.419172076066	1	(29.8654,76.9348,1.895)	92.747	-74.1858
18.420336667087	5	(25.887,149.58,1.895)	20.3373	-61.0057
18.425066219154	3	(29.5618,109.46,1.895)	60.22	-70.4346
18.429642230819	0	(30.123,49.3345,1.895)	120.349	-76.4486
18.441651904734	4	(29.3063,136.832,1.895)	32.8472	-65.1698
18.449149505596	7	(28.7477,196.683,1.895)	27.0058	-63.4689
18.504964017577	2	(26.4681,87.3239,1.895)	80.3925	-72.9441
18.505159656343	8	(25.3442,207.74,1.895)	40.2319	-66.9312
18.510420700861	9	(28.4563,227.909,1.895)	60.2356	-70.4369
18.519172076066	1	(29.8841,74.9235,1.895)	92.7564	-74.1867
18.520336667087	5	(25.9057,147.581,1.895)	20.3344	-61.0044
18.525066219154	3	(29.5805,107.46,1.895)	60.219	-70.4345
18.529642230819	0	(30.1417,47.3272,1.895)	120.354	-76.449
18.541651904734	4	(29.3249,134.841,1.895)	32.836	-65.1668
18.549149505596	7	(28.7662,194.703,1.895)	27.0283	-63.4762
18.604964017577	2	(26.4868,85.3168,1.895)	80.3912	-72.944
18.605159656343	8	(25.363,205.731,1.895)	40.2313	-66.9311
18.610420700861	9	(28.4751,225.897,1.895)	60.2322	-70.4364
18.619172076066	1	(29.9029,72.9168,1.895)	92.7547	-74.1865
18.620336667087	5	(25.9244,145.577,1.895)	20.3298	-61.0024
18.625066219154	3	(29.5992,105.455,1.895)	60.2156	-70.434
18.629642230819	0	(30.1604,45.3193,1.895)	120.354	-76.449
18.641651904734	4	(29.3436,132.844,1.895)	32.825	-65.1639
18.649149505596	7	(28.7848,192.713,1.895)	27.0468	-63.4821
18.704964017577	2	(26.5056,83.3062,1.895)	80.3927	-72.9441
18.705159656343	8	(25.3817,203.722,1.895)	40.2319	-66.9312
18.710420700861	9	(28.4938,223.89,1.895)	60.2341	-70.4366
18.719172076066	1	(29.9216,70.9094,1.895)	92.7531	-74.1864
18.720336667087	5	(25.9432,143.566,1.895)	20.3323	-61.0035
18.725066219154	3	(29.6179,103.449,1.895)	60.2118	-70.4334
18.729642230819	0	(30.1792,43.3092,1.895)	120.355	-76.449
18.741651904734	4	(29.3622,130.843,1.895)	32.8171	-65.1618
18.749149505596	7	(28.8033,190.726,1.895)	27.0686	-63.4891
18.804964017577	2	(26.5244,81.2964,1.895)	80.4022	-72.9451
18.805159656343	8	(25.4004,201.718,1.895)	40.2276	-66.9303
18.810420700861	9	(28.5125,221.882,1.895)	60.2268	-70.4356
18.819172076066	1	(29.9403,68.9094,1.895)	92.7528	-74.1863
18.820336667087	5	(25.9619,141.555,1.895)	20.343	-61.0081
18.825066219154	3	(29.6366,101.449,1.895)	60.212	-70.4334
18.829642230819	0	(30.1979,41.3091,1.895)	120.354	-76.449
18.841651904734	4	(29.3809,128.846,1.895)	32.8132	-65.1608
18.849149505596	7	(28.822,188.729,1.895)	27.0715	-63.49
18.904964017577	2	(26.5431,79.2871,1.895)	80.4005	-72.945
18.905159656343	8	(25.4191,199.711,1.895)	40.2324	-66.9313
18.910420700861	9	(28.5313,219.876,1.895)	60.2313	-70.4362
18.919172076066	1	(29.9589,66.9144,1.895)	92.7368	-74.1848
18.920336667087	5	(25.9806,139.552,1.895)	20.3347	-61.0046
18.925066219154	3	(29.6553,99.4408,1.895)	60.209	-70.433
18.929642230819	0	(30.2166,39.3027,1.895)	120.35	-76.4487
18.941651904734	4	(29.3995,126.853,1.895)	32.7961	-65.1562
18.949149505596	7	(28.8405,186.746,1.895)	27.1004	-63.4993
19.004964017577	2	(26.5618,77.285,1.895)	80.3919	-72.944
19.005159656343	8	(25.4378,197.712,1.895)	40.2432	-66.9336
19.010420700861	9	(28.5499,217.875,1.895)	60.2414	-70.4377
19.019172076066	1	(29.9776,64.9075,1.895)	92.733	-74.1845
19.020336667087	5	(25.9994,137.545,1.895)	20.3309	-61.0029
19.025066219154	3	(29.6741,97.4334,1.895)	60.2056	-70.4325
19.029642230819	0	(30.2354,37.2928,1.895)	120.349	-76.4486
19.041651904734	4	(29.4181,124.859,1.895)	32.7786	-65.1516
19.049149505596	7	(28.8591,184.75,1.895)	27.1147	-63.5039
19.104964017577	2	(26.5805,75.2845,1.895)	80.388	-72.9436
19.105159656343	8	(25.4565,195.709,1.895)	40.2447	-66.934
19.110420700861	9	(28.5687,215.869,1.895)	60.2398	-70.4375
19.119172076066	1	(29.9963,62.9102,1.895)	92.7259	-74.1838
19.120336667087	5	(26.0181,135.542,1.895)	20.3297	-61.0024
19.125066219154	3	(29.6927,95.4334,1.895)	60.2012	-70.4319
19.129642230819	0	(30.2541,35.2834,1.895)	120.354	-76.449
19.141651904734	4	(29.4367,122.865,1.895)	32.769	-65.149
19.149149505596	7	(28.8777,182.753,1.895)	27.1223	-63.5063
19.204964017577	2	(26.5992,73.2791,1.895)	80.3831	-72.9431
19.205159656343	8	(25.4752,193.702,1.895)	40.2479	-66.9347
19.210420700861	9	(28.5874,213.86,1.895)	60.2407	-70.4376
19.219172076066	1	(30.015,60.9049,1.895)	92.721	-74.1833
19.220336667087	5	(26.0368,133.538,1.895)	20.3231	-60.9996
19.225066219154	3	(29.7114,93.4286,1.895)	60.1958	-70.4311
19.229642230819	0	(30.2729,33.2747,1.895)	120.352	-76.4489
19.241651904734	4	(29.4553,120.869,1.895)	32.754	-65.1451
19.249149505596	7	(28.8963,180.763,1.895)	27.1424	-63.5128
19.304964017577	2	(26.6179,71.2761,1.895)	80.3794	-72.9427
19.305159656343	8	(25.494,191.693,1.895)	40.2464	-66.9343
19.310420700861	9	(28.6062,211.851,1.895)	60.2386	-70.4373
19.319172076066	1	(30.0337,58.9023,1.895)	92.7168	-74.183
19.320336667087	5	(26.0555,131.533,1.895)	20.3216	-60.9989
19.325066219154	3	(29.7301,91.4278,1.895)	60.1899	-70.4303
19.329642230819	0	(30.2916,31.264,1.895)	120.356	-76.4492
19.341651904734	4	(29.474,118.868,1.895)	32.7485	-65.1436
19.349149505596	7	(28.915,178.763,1.895)	27.1496	-63.5151
19.404964017577	2	(26.6367,69.2648,1.895)	80.3862	-72.9434
19.405159656343	8	(25.5126,189.694,1.895)	40.2515	-66.9354
19.410420700861	9	(28.6249,209.841,1.895)	60.2333	-70.4365
19.419172076066	1	(30.0524,56.8911,1.895)	92.7236	-74.1836
19.420336667087	5	(26.0742,129.529,1.895)	20.3214	-60.9989
19.425066219154	3	(29.7488,89.4237,1.895)	60.1895	-70.4302
19.429642230819	0	(30.3103,29.2618,1.895)	120.354	-76.449
19.441651904734	4	(29.4926,116.871,1.895)	32.7413	-65.1417
19.449149505596	7	(28.9336,176.772,1.895)	27.163	-63.5193
19.504964017577	2	(26.6554,67.254,1.895)	80.3894	-72.9438
19.505159656343	8	(25.5313,187.694,1.895)	40.2588	-66.937
19.510420700861	9	(28.6436,207.84,1.895)	60.2394	-70.4374
19.519172076066	1	(30.0711,54.8962,1.895)	92.7107	-74.1824
19.520336667087	5	(26.0929,127.526,1.895)	20.3168	-60.9969
19.525066219154	3	(29.7675,87.4197,1.895)	60.1858	-70.4297
19.529642230819	0	(30.329,27.2625,1.895)	120.346	-76.4484
19.541651904734	4	(29.5112,114.881,1.895)	32.7234	-65.137
19.549149505596	7	(28.9521,174.782,1.895)	27.1799	-63.5248
19.604964017577	2	(26.6742,65.246,1.895)	80.3976	-72.9447
19.605159656343	8	(25.55,185.689,1.895)	40.2538	-66.9359
19.610420700861	9	(28.6623,205.837,1.895)	60.2366	-70.437
19.619172076066	1	(30.0896,52.9065,1.895)	92.7007	-74.1815
19.620336667087	5	(26.1116,125.525,1.895)	20.318	-60.9974
19.625066219154	3	(29.7862,85.4131,1.895)	60.1926	-70.4307
19.629642230819	0	(30.3477,25.256,1.895)	120.352	-76.4489
19.641651904734	4	(29.5298,112.885,1.895)	32.7194	-65.1359
19.649149505596	7	(28.9708,172.785,1.895)	27.1829	-63.5257
19.704964017577	2	(26.6928,63.2455,1.895)	80.3989	-72.9448
19.705159656343	8	(25.5688,183.682,1.895)	40.246	-66.9342
19.710420700861	9	(28.681,203.833,1.895)	60.2314	-70.4362
19.719172076066	1	(30.1084,50.8984,1.895)	92.7096	-74.1823
19.720336667087	5	(26.1303,123.514,1.895)	20.3301	-61.0026
19.725066219154	3	(29.805,83.4024,1.895)	60.2041	-70.4323
19.741651904734	4	(29.5485,110.884,1.895)	32.7218	-65.1365
19.749149505596	7	(28.9893,170.795,1.895)	27.1924	-63.5287
19.804964017577	2	(26.7115,61.2448,1.895)	80.392	-72.944
19.805159656343	8	(25.5875,181.676,1.895)	40.2476	-66.9346
19.810420700861	9	(28.6997,201.832,1.895)	60.2385	-70.4373
19.819172076066	1	(30.1271,48.8912,1.895)	92.7092	-74.1822
19.820336667087	5	(26.149,121.51,1.895)	20.3261	-61.0009
19.825066219154	3	(29.8237,81.3962,1.895)	60.2027	-70.4321
19.841651904734	4	(29.5672,108.884,1.895)	32.7139	-65.1344
19.849149505596	7	(29.0079,168.809,1.895)	27.2137	-63.5356
19.904964017577	2	(26.7302,59.2429,1.895)	80.3936	-72.9442
19.905159656343	8	(25.6061,179.676,1.895)	40.2477	-66.9346
19.910420700861	9	(28.7184,199.821,1.895)	60.2277	-70.4357
19.919172076066	1	(30.1458,46.8921,1.895)	92.708	-74.1821
19.920336667087	5	(26.1677,119.51,1.895)	20.3254	-61.0006
19.925066219154	3	(29.8425,79.3896,1.895)	60.2091	-70.433
19.941651904734	4	(29.5858,106.884,1.895)	32.7134	-65.1343
19.949149505596	7	(29.0264,166.821,1.895)	27.2258	-63.5394
20.004964017577	2	(26.7489,57.2413,1.895)	80.386	-72.9434
20.005159656343	8	(25.6248,177.673,1.895)	40.2537	-66.9359
20.010420700861	9	(28.7372,197.811,1.895)	60.227	-70.4356
20.019172076066	1	(30.1645,44.8832,1.895)	92.7078	-74.1821
20.020336667087	5	(26.1864,117.507,1.895)	20.3194	-60.998
20.025066219154	3	(29.8612,77.3808,1.895)	60.2087	-70.433
20.041651904734	4	(29.6045,104.886,1.895)	32.7026	-65.1314
20.049149505596	7	(29.045,164.836,1.895)	27.2498	-63.5471
20.104964017577	2	(26.7676,55.2391,1.895)	80.3788	-72.9426
20.105159656343	8	(25.6435,175.67,1.895)	40.2606	-66.9374
20.110420700861	9	(28.7559,195.802,1.895)	60.2272	-70.4356
20.119172076066	1	(30.1833,42.875,1.895)	92.7065	-74.182
20.120336667087	5	(26.2051,115.507,1.895)	20.31	-60.994
20.125066219154	3	(29.8799,75.3751,1.895)	60.205	-70.4324
20.141651904734	4	(29.6232,102.884,1.895)	32.6945	-65.1293
20.149149505596	7	(29.0636,162.839,1.895)	27.2629	-63.5512
20.204964017577	2	(26.7863,53.2373,1.895)	80.3742	-72.9421
20.205159656343	8	(25.6622,173.669,1.895)	40.2661	-66.9386
20.210420700861	9	(28.7746,193.801,1.895)	60.2326	-70.4364
20.219172076066	1	(30.202,40.8688,1.895)	92.7063	-74.182
20.220336667087	5	(26.2238,113.503,1.895)	20.3085	-60.9934
20.225066219154	3	(29.8987,73.365,1.895)	60.2087	-70.433
20.241651904734	4	(29.6418,100.892,1.895)	32.6802	-65.1255
20.249149505596	7	(29.0823,160.84,1.895)	27.2699	-63.5535
20.304964017577	2	(26.805,51.2265,1.895)	80.3833	-72.9431
20.305159656343	8	(25.6809,171.667,1.895)	40.2654	-66.9384
20.310420700861	9	(28.7934,191.792,1.895)	60.2256	-70.4354
20.319172076066	1	(30.2208,38.8582,1.895)	92.7152	-74.1828
20.320336667087	5	(26.2425,111.501,1.895)	20.308	-60.9931
20.325066219154	3	(29.9173,71.3657,1.895)	60.2062	-70.4326
20.341651904734	4	(29.6605,98.8855,1.895)	32.6852	-65.1268
20.349149505596	7	(29.1009,158.843,1.895)	27.2748	-63.555
20.404964017577	2	(26.8238,49.2156,1.895)	80.3896	-72.9438
20.405159656343	8	(25.6996,169.66,1.895)	40.2636	-66.938
20.410420700861	9	(28.8121,189.784,1.895)	60.2214	-70.4348
20.419172076066	1	(30.2395,36.8515,1.895)	92.7173	-74.183
20.420336667087	5	(26.2612,109.49,1.895)	20.3148	-60.996
20.425066219154	3	(29.9361,69.3552,1.895)	60.2122	-70.4335
20.441651904734	4	(29.6791,96.8972,1.895)	32.669	-65.1225
20.449149505596	7	(29.1195,156.851,1.895)	27.2877	-63.5591
20.504964017577	2	(26.8425,47.2073,1.895)	80.3938	-72.9442
20.505159656343	8	(25.7183,167.661,1.895)	40.2678	-66.939
20.510420700861	9	(28.8309,187.772,1.895)	60.2135	-70.4337
20.519172076066	1	(30.2582,34.8411,1.895)	92.7237	-74.1836
20.520336667087	5	(26.2799,107.486,1.895)	20.3149	-60.9961
20.525066219154	3	(29.9548,67.3532,1.895)	60.2101	-70.4332
20.541651904734	4	(29.6977,94.9005,1.895)	32.6616	-65.1205
20.549149505596	7	(29.138,154.864,1.895)	27.3041	-63.5643
20.604964017577	2	(26.8613,45.2005,1.895)	80.395	-72.9444
20.605159656343	8	(25.737,165.652,1.895)	40.2648	-66.9383
20.610420700861	9	(28.8497,185.76,1.895)	60.2078	-70.4328
20.619172076066	1	(30.2769,32.8379,1.895)	92.7212	-74.1834
20.620336667087	5	(26.2986,105.486,1.895)	20.3091	-60.9936
20.625066219154	3	(29.9735,65.3446,1.895)	60.2131	-70.4336
20.641651904734	4	(29.7164,92.901,1.895)	32.6555	-65.1189
20.649149505596	7	(29.1567,152.864,1.895)	27.3105	-63.5664
20.704964017577	2	(26.88,43.1887,1.895)	80.404	-72.9453
20.705159656343	8	(25.7557,163.652,1.895)	40.2677	-66.9389
20.710420700861	9	(28.8684,183.756,1.895)	60.2064	-70.4326
20.719172076066	1	(30.2957,30.8312,1.895)	92.725	-74.1837
20.720336667087	5	(26.3173,103.482,1.895)	20.3099	-60.9939
20.725066219154	3	(29.9922,63.3416,1.895)	60.2133	-70.4336
20.741651904734	4	(29.735,90.8978,1.895)	32.6559	-65.119
20.749149505596	7	(29.1753,150.874,1.895)	27.3227	-63.5703
20.804964017577	2	(26.8987,41.1861,1.895)	80.4064	-72.9456
20.805159656343	8	(25.7744,161.652,1.895)	40.2685	-66.9391
20.810420700861	9	(28.8871,181.754,1.895)	60.2047	-70.4324
20.819172076066	1	(30.3144,28.8252,1.895)	92.7308	-74.1843
20.820336667087	5	(26.336,101.477,1.895)	20.3145	-60.9959
20.825066219154	3	(30.011,61.3342,1.895)	60.2204	-70.4347
20.841651904734	4	(29.7537,88.9022,1.895)	32.6512	-65.1178
20.849149505596	7	(29.1939,148.883,1.895)	27.3325	-63.5734
20.904964017577	2	(26.9175,39.179,1.895)	80.4026	-72.9452
20.905159656343	8	(25.7931,159.649,1.895)	40.2761	-66.9407
20.910420700861	9	(28.9058,179.745,1.895)	60.2066	-70.4327
20.919172076066	1	(30.3331,26.8213,1.895)	92.7238	-74.1836
20.920336667087	5	(26.3547,99.4702,1.895)	20.3109	-60.9944
20.925066219154	3	(30.0297,59.3282,1.895)	60.2155	-70.434
20.941651904734	4	(29.7724,86.8987,1.895)	32.6439	-65.1158
20.949149505596	7	(29.2124,146.898,1.895)	27.3577	-63.5814
21.004964017577	2	(26.9362,37.1686,1.895)	80.4063	-72.9456
21.005159656343	8	(25.8118,157.64,1.895)	40.2737	-66.9402
21.010420700861	9	(28.9245,177.743,1.895)	60.2111	-70.4333
21.020336667087	5	(26.3735,97.4593,1.895)	20.315	-60.9961
21.025066219154	3	(30.0485,57.3187,1.895)	60.2184	-70.4344
21.041651904734	4	(29.791,84.9004,1.895)	32.6354	-65.1136
21.049149505596	7	(29.2311,144.896,1.895)	27.363	-63.5831
21.104964017577	2	(26.9549,35.1661,1.895)	80.3968	-72.9446
21.105159656343	8	(25.8305,155.637,1.895)	40.2825	-66.9421
21.110420700861	9	(28.9432,175.736,1.895)	60.2166	-70.4341
21.120336667087	5	(26.3922,95.4543,1.895)	20.3082	-60.9932
21.125066219154	3	(30.0672,55.313,1.895)	60.212	-70.4335
21.141651904734	4	(29.8098,82.893,1.895)	32.6309	-65.1124
21.149149505596	7	(29.2497,142.896,1.895)	27.3742	-63.5866
21.204964017577	2	(26.9737,33.1551,1.895)	80.408	-72.9458
21.205159656343	8	(25.8493,153.629,1.895)	40.2739	-66.9403
21.210420700861	9	(28.962,173.727,1.895)	60.2073	-70.4328
21.220336667087	5	(26.411,93.4432,1.895)	20.3193	-60.998
21.225066219154	3	(30.0859,53.3038,1.895)	60.2215	-70.4348
21.241651904734	4	(29.8284,80.8915,1.895)	32.6326	-65.1128
21.249149505596	7	(29.2685,140.889,1.895)	27.3678	-63.5846
21.304964017577	2	(26.9924,31.151,1.895)	80.4022	-72.9452
21.305159656343	8	(25.8679,151.626,1.895)	40.2811	-66.9418
21.310420700861	9	(28.9807,171.723,1.895)	60.2131	-70.4336
21.320336667087	5	(26.4297,91.4425,1.895)	20.3103	-60.9941
21.325066219154	3	(30.1046,51.3023,1.895)	60.2131	-70.4336
21.341651904734	4	(29.8472,78.8844,1.895)	32.6298	-65.1121
21.349149505596	7	(29.2871,138.896,1.895)	27.3848	-63.59
21.404964017577	2	(27.0111,29.1485,1.895)	80.401	-72.945
21.405159656343	8	(25.8866,149.623,1.895)	40.2815	-66.9419
21.410420700861	9	(28.9994,169.722,1.895)	60.2153	-70.4339
21.420336667087	5	(26.4484,89.4321,1.895)	20.3169	-60.997
21.425066219154	3	(30.1233,49.2998,1.895)	60.2119	-70.4334
21.441651904734	4	(29.8658,76.8928,1.895)	32.6177	-65.1089
21.449149505596	7	(29.3057,136.898,1.895)	27.3898	-63.5916
21.504964017577	2	(27.0299,27.137,1.895)	80.4013	-72.945
21.505159656343	8	(25.9054,147.612,1.895)	40.2817	-66.9419
21.510420700861	9	(29.0181,167.714,1.895)	60.2185	-70.4344
21.520336667087	5	(26.4672,87.4264,1.895)	20.3114	-60.9946
21.525066219154	3	(30.142,47.2998,1.895)	60.2007	-70.4318
21.541651904734	4	(29.8845,74.8901,1.895)	32.6091	-65.1066
21.549149505596	7	(29.3243,134.904,1.895)	27.4069	-63.597
21.604964017577	2	(27.0486,25.1349,1.895)	80.3937	-72.9442
21.605159656343	8	(25.9242,145.6,1.895)	40.2799	-66.9416
21.610420700861	9	(29.0369,165.703,1.895)	60.2177	-70.4343
21.620336667087	5	(26.4858,85.4238,1.895)	20.3044	-60.9916
21.625066219154	3	(30.1607,45.2932,1.895)	60.1975	-70.4314
21.641651904734	4	(29.9031,72.8943,1.895)	32.5952	-65.1029
21.649149505596	7	(29.343,132.907,1.895)	27.4199	-63.6011
21.705159656343	8	(25.9429,143.595,1.895)	40.2756	-66.9406
21.710420700861	9	(29.0556,163.701,1.895)	60.2157	-70.434
21.720336667087	5	(26.5045,83.4225,1.895)	20.3051	-60.9919
21.725066219154	3	(30.1794,43.2874,1.895)	60.2028	-70.4321
21.741651904734	4	(29.9217,70.8948,1.895)	32.5942	-65.1026
21.749149505596	7	(29.3616,130.912,1.895)	27.4256	-63.6029
21.805159656343	8	(25.9616,141.589,1.895)	40.2719	-66.9398
21.810420700861	9	(29.0743,161.693,1.895)	60.2112	-70.4333
21.820336667087	5	(26.5232,81.4181,1.895)	20.3067	-60.9926
21.825066219154	3	(30.1981,41.281,1.895)	60.2065	-70.4327
21.841651904734	4	(29.9404,68.893,1.895)	32.5933	-65.1023
21.849149505596	7	(29.3802,128.92,1.895)	27.4362	-63.6063
21.905159656343	8	(25.9803,139.589,1.895)	40.2844	-66.9425
21.910420700861	9	(29.093,159.69,1.895)	60.2202	-70.4346
21.920336667087	5	(26.5419,79.4178,1.895)	20.2953	-60.9877
21.925066219154	3	(30.2168,39.2786,1.895)	60.1969	-70.4313
21.941651904734	4	(29.9591,66.897,1.895)	32.5774	-65.0981
21.949149505596	7	(29.3988,126.921,1.895)	27.449	-63.6103
22.005159656343	8	(25.999,137.589,1.895)	40.2849	-66.9426
22.010420700861	9	(29.1117,157.69,1.895)	60.2197	-70.4346
22.020336667087	5	(26.5606,77.4148,1.895)	20.2979	-60.9888
22.025066219154	3	(30.2356,37.2671,1.895)	60.208	-70.4329
22.041651904734	4	(29.9777,64.9021,1.895)	32.5718	-65.0966
22.049149505596	7	(29.4176,124.914,1.895)	27.4431	-63.6084
22.105159656343	8	(26.0177,135.584,1.895)	40.2869	-66.9431
22.110420700861	9	(29.1303,155.69,1.895)	60.2272	-70.4356
22.120336667087	5	(26.5793,75.4091,1.895)	20.2962	-60.9881
22.125066219154	3	(30.2544,35.257,1.895)	60.2108	-70.4333
22.141651904734	4	(29.9964,62.8919,1.895)	32.5747	-65.0974
22.149149505596	7	(29.4361,122.923,1.895)	27.4591	-63.6135
22.205159656343	8	(26.0363,133.584,1.895)	40.29	-66.9437
22.210420700861	9	(29.1491,153.679,1.895)	60.2195	-70.4345
22.220336667087	5	(26.5981,73.4004,1.895)	20.302	-60.9906
22.225066219154	3	(30.2731,33.2532,1.895)	60.2117	-70.4334
22.241651904734	4	(30.0152,60.8849,1.895)	32.5788	-65.0985
22.249149505596	7	(29.4548,120.922,1.895)	27.4614	-63.6142
22.305159656343	8	(26.0551,131.579,1.895)	40.2943	-66.9447
22.310420700861	9	(29.1678,151.671,1.895)	60.221	-70.4347
22.320336667087	5	(26.6168,71.3963,1.895)	20.2962	-60.9881
22.325066219154	3	(30.2917,31.2538,1.895)	60.2011	-70.4319
22.341651904734	4	(30.0338,58.887,1.895)	32.5667	-65.0953
22.349149505596	7	(29.4735,118.924,1.895)	27.473	-63.6179
22.405159656343	8	(26.0737,129.578,1.895)	40.2958	-66.945
22.410420700861	9	(29.1866,149.663,1.895)	60.2157	-70.434
22.420336667087	5	(26.6355,69.387,1.895)	20.3033	-60.9911
22.425066219154	3	(30.3104,29.2501,1.895)	60.2027	-70.4321
22.441651904734	4	(30.0524,56.8914,1.895)	32.5602	-65.0935
22.449149505596	7	(29.4921,116.928,1.895)	27.4792	-63.6199
22.505159656343	8	(26.0924,127.575,1.895)	40.3008	-66.9461
22.510420700861	9	(29.2053,147.655,1.895)	60.2156	-70.434
22.520336667087	5	(26.6543,67.3775,1.895)	20.305	-60.9919
22.525066219154	3	(30.3291,27.2451,1.895)	60.2	-70.4317
22.541651904734	4	(30.0711,54.8935,1.895)	32.5504	-65.0909
22.549149505596	7	(29.5107,114.937,1.895)	27.4961	-63.6252
22.605159656343	8	(26.1111,125.569,1.895)	40.3032	-66.9466
22.610420700861	9	(29.2241,145.647,1.895)	60.216	-70.434
22.620336667087	5	(26.673,65.3682,1.895)	20.3058	-60.9922
22.625066219154	3	(30.3478,25.2435,1.895)	60.1931	-70.4307
22.641651904734	4	(30.0898,52.8923,1.895)	32.5431	-65.089
22.649149505596	7	(29.5294,112.936,1.895)	27.5031	-63.6274
22.705159656343	8	(26.1298,123.57,1.895)	40.3065	-66.9473
22.710420700861	9	(29.2428,143.639,1.895)	60.2103	-70.4332
22.720336667087	5	(26.6917,63.3682,1.895)	20.3033	-60.9911
22.741651904734	4	(30.1085,50.8888,1.895)	32.5441	-65.0892
22.749149505596	7	(29.5481,110.931,1.895)	27.5011	-63.6268
22.805159656343	8	(26.1485,121.566,1.895)	40.3039	-66.9467
22.810420700861	9	(29.2615,141.638,1.895)	60.2105	-70.4332
22.820336667087	5	(26.7104,61.3631,1.895)	20.3066	-60.9925
22.841651904734	4	(30.1272,48.8818,1.895)	32.5493	-65.0906
22.849149505596	7	(29.5667,108.933,1.895)	27.5041	-63.6277
22.905159656343	8	(26.1673,119.558,1.895)	40.2985	-66.9456
22.910420700861	9	(29.2802,139.635,1.895)	60.2101	-70.4332
22.920336667087	5	(26.7291,59.3601,1.895)	20.3077	-60.993
22.941651904734	4	(30.1459,46.8785,1.895)	32.5507	-65.091
22.949149505596	7	(29.5853,106.944,1.895)	27.517	-63.6318
23.005159656343	8	(26.186,117.548,1.895)	40.2891	-66.9435
23.010420700861	9	(29.2989,137.629,1.895)	60.2046	-70.4324
23.020336667087	5	(26.7478,57.3596,1.895)	20.3074	-60.9929
23.041651904734	4	(30.1646,44.8795,1.895)	32.5489	-65.0905
23.049149505596	7	(29.6039,104.946,1.895)	27.5206	-63.6329
23.105159656343	8	(26.2047,115.543,1.895)	40.2897	-66.9437
23.110420700861	9	(29.3176,135.624,1.895)	60.2061	-70.4326
23.120336667087	5	(26.7666,55.3483,1.895)	20.3126	-60.9951
23.141651904734	4	(30.1833,42.8718,1.895)	32.5505	-65.091
23.149149505596	7	(29.6225,102.952,1.895)	27.5322	-63.6366
23.205159656343	8	(26.2234,113.539,1.895)	40.2913	-66.944
23.210420700861	9	(29.3363,133.624,1.895)	60.2109	-70.4333
23.220336667087	5	(26.7853,53.3387,1.895)	20.3167	-60.9968
23.241651904734	4	(30.2021,40.861,1.895)	32.5559	-65.0924
23.249149505596	7	(29.6412,100.952,1.895)	27.5381	-63.6385
23.305159656343	8	(26.2421,111.535,1.895)	40.2943	-66.9447
23.310420700861	9	(29.355,131.617,1.895)	60.2111	-70.4333
23.320336667087	5	(26.804,51.3389,1.895)	20.3098	-60.9939
23.341651904734	4	(30.2207,38.8589,1.895)	32.5512	-65.0911
23.349149505596	7	(29.6599,98.9512,1.895)	27.5437	-63.6402
23.405159656343	8	(26.2608,109.534,1.895)	40.3003	-66.946
23.410420700861	9	(29.3738,129.608,1.895)	60.2093	-70.4331
23.420336667087	5	(26.8226,49.3385,1.895)	20.3028	-60.9909
23.441651904734	4	(30.2394,36.856,1.895)	32.5467	-65.0899
23.449149505596	7	(29.6786,96.951,1.895)	27.5509	-63.6425
23.505159656343	8	(26.2796,107.523,1.895)	40.2898	-66.9437
23.510420700861	9	(29.3924,127.608,1.895)	60.2099	-70.4331
23.520336667087	5	(26.8414,47.3301,1.895)	20.3106	-60.9943
23.541651904734	4	(30.2581,34.8516,1.895)	32.5506	-65.091
23.549149505596	7	(29.6973,94.9466,1.895)	27.547	-63.6413
23.605159656343	8	(26.2983,105.512,1.895)	40.2871	-66.9431
23.610420700861	9	(29.4112,125.598,1.895)	60.2078	-70.4328
23.620336667087	5	(26.8601,45.3278,1.895)	20.3054	-60.992
23.641651904734	4	(30.2768,32.8518,1.895)	32.5428	-65.0889
23.649149505596	7	(29.7159,92.9539,1.895)	27.5619	-63.646
23.705159656343	8	(26.3171,103.502,1.895)	40.277	-66.9409
23.710420700861	9	(29.43,123.587,1.895)	60.1969	-70.4313
23.720336667087	5	(26.8788,43.3253,1.895)	20.3076	-60.9929
23.741651904734	4	(30.2956,30.842,1.895)	32.5523	-65.0914
23.749149505596	7	(29.7345,90.9563,1.895)	27.5646	-63.6468
23.805159656343	8	(26.3358,101.503,1.895)	40.2885	-66.9434
23.810420700861	9	(29.4486,121.586,1.895)	60.2068	-70.4327
23.820336667087	5	(26.8975,41.3199,1.895)	20.3024	-60.9907
23.841651904734	4	(30.3143,28.8312,1.895)	32.5524	-65.0915
23.849149505596	7	(29.7531,88.9599,1.895)	27.5789	-63.6513
23.905159656343	8	(26.3545,99.4982,1.895)	40.2911	-66.944
23.910420700861	9	(29.4674,119.579,1.895)	60.2065	-70.4327
23.920336667087	5	(26.9162,39.3175,1.895)	20.2977	-60.9887
23.941651904734	4	(30.333,26.8268,1.895)	32.5497	-65.0907
23.949149505596	7	(29.7719,86.9538,1.895)	27.58	-63.6517
24.005159656343	8	(26.3732,97.4961,1.895)	40.2969	-66.9452
24.010420700861	9	(29.4861,117.576,1.895)	60.211	-70.4333
24.020336667087	5	(26.9348,37.3184,1.895)	20.289	-60.985
24.049149505596	7	(29.7905,84.9588,1.895)	27.5928	-63.6557
24.105159656343	8	(26.3919,95.491,1.895)	40.2963	-66.9451
24.110420700861	9	(29.5048,115.564,1.895)	60.2043	-70.4323
24.120336667087	5	(26.9535,35.3138,1.895)	20.289	-60.985
24.149149505596	7	(29.8092,82.957,1.895)	27.5956	-63.6566
24.205159656343	8	(26.4106,93.4804,1.895)	40.2905	-66.9438
24.210420700861	9	(29.5235,113.563,1.895)	60.2078	-70.4328
24.220336667087	5	(26.9722,33.3136,1.895)	20.2845	-60.9831
24.249149505596	7	(29.8278,80.9595,1.895)	27.6029	-63.6589
24.305159656343	8	(26.4293,91.478,1.895)	40.2968	-66.9452
24.310420700861	9	(29.5422,111.564,1.895)	60.2172	-70.4342
24.320336667087	5	(26.9909,31.3113,1.895)	20.2782	-60.9804
24.349149505596	7	(29.8465,78.9543,1.895)	27.6064	-63.66
24.405159656343	8	(26.448,89.4757,1.895)	40.3037	-66.9467
24.410420700861	9	(29.5608,109.563,1.895)	60.2261	-70.4355
24.420336667087	5	(27.0096,29.3094,1.895)	20.271	-60.9773
24.449149505596	7	(29.8652,76.9483,1.895)	27.6096	-63.661
24.505159656343	8	(26.4668,87.4644,1.895)	40.2999	-66.9459
24.510420700861	9	(29.5795,107.561,1.895)	60.2311	-70.4362
24.520336667087	5	(27.0283,27.3059,1.895)	20.2671	-60.9756
24.549149505596	7	(29.884,74.9432,1.895)	27.612	-63.6617
24.605159656343	8	(26.4855,85.4601,1.895)	40.3013	-66.9462
24.610420700861	9	(29.5982,105.56,1.895)	60.2356	-70.4369
24.620336667087	5	(27.0471,25.2953,1.895)	20.2718	-60.9776
24.649149505596	7	(29.9026,72.9448,1.895)	27.6194	-63.6641
24.705159656343	8	(26.5042,83.452,1.895)	40.2932	-66.9444
24.710420700861	9	(29.6169,103.561,1.895)	60.2364	-70.437
24.749149505596	7	(29.9213,70.9399,1.895)	27.6144	-63.6625
24.805159656343	8	(26.523,81.4444,1.895)	40.2954	-66.9449
24.810420700861	9	(29.6356,101.555,1.895)	60.2409	-70.4376
24.849149505596	7	(29.9399,68.9486,1.895)	27.6328	-63.6683
24.905159656343	8	(26.5417,79.4344,1.895)	40.286	-66.9429
24.910420700861	9	(29.6543,99.5479,1.895)	60.2342	-70.4367
24.949149505596	7	(29.9586,66.9411,1.895)	27.6261	-63.6662
25.005159656343	8	(26.5605,77.4234,1.895)	40.2838	-66.9424
25.010420700861	9	(29.673,97.5454,1.895)	60.2406	-70.4376
25.049149505596	7	(29.9773,64.9474,1.895)	27.6411	-63.6709
25.105159656343	8	(26.5792,75.4166,1.895)	40.2764	-66.9408
25.110420700861	9	(29.6917,95.54,1.895)	60.2344	-70.4367
25.149149505596	7	(29.996,62.9417,1.895)	27.6347	-63.6689
25.205159656343	8	(26.5979,73.414,1.895)	40.2806	-66.9417
25.210420700861	9	(29.7105,93.5332,1.895)	60.2344	-70.4367
25.249149505596	7	(30.0146,60.9442,1.895)	27.6441	-63.6718
25.305159656343	8	(26.6166,71.4116,1.895)	40.2798	-66.9415
25.310420700861	9	(29.7291,91.5304,1.895)	60.2333	-70.4365
25.349149505596	7	(30.0333,58.9466,1.895)	27.6481	-63.6731
25.405159656343	8	(26.6354,69.4025,1.895)	40.2786	-66.9413
25.410420700861	9	(29.7478,89.5311,1.895)	60.2418	-70.4377
25.449149505596	7	(30.0518,56.9552,1.895)	27.6645	-63.6782
25.505159656343	8	(26.6541,67.3927,1.895)	40.2692	-66.9392
25.510420700861	9	(29.7665,87.5283,1.895)	60.2393	-70.4374
25.549149505596	7	(30.0706,54.9497,1.895)	27.6593	-63.6766
25.605159656343	8	(26.6729,65.3832,1.895)	40.2658	-66.9385
25.610420700861	9	(29.7853,85.519,1.895)	60.2363	-70.437
25.649149505596	7	(30.0892,52.9509,1.895)	27.6668	-63.679
