7.104964017577	2	(24.3337,316.01,1.895)	100.358	-74.8709
7.119172076066	1	(27.7706,301.375,1.895)	114.97	-76.0515
7.120336667087	5	(23.7719,376.2,1.895)	40.2468	-66.9344
7.125066219154	3	(27.4464,336.114,1.895)	80.2293	-72.9264
7.129642230819	0	(28.0076,275.987,1.895)	140.36	-77.7846
7.130111458793	6	(26.8847,396.297,1.895)	20.0443	-60.8796
7.141651904734	4	(27.2271,359.613,1.895)	56.7297	-69.916
7.204964017577	2	(24.3523,314.008,1.895)	100.506	-74.8837
7.219172076066	1	(27.7889,299.414,1.895)	115.077	-76.0596
7.220336667087	5	(23.7906,374.195,1.895)	40.3979	-66.967
7.225066219154	3	(27.4651,334.104,1.895)	80.3866	-72.9435
7.229642230819	0	(28.0263,273.984,1.895)	140.509	-77.7939
7.230111458793	6	(26.9033,394.297,1.895)	20.191	-60.9429
7.241651904734	4	(27.2451,357.684,1.895)	56.805	-69.9275
7.304964017577	2	(24.371,312.006,1.895)	100.649	-74.896
7.319172076066	1	(27.8071,297.462,1.895)	115.17	-76.0666
7.320336667087	5	(23.8093,372.189,1.895)	40.5432	-66.9982
7.325066219154	3	(27.4839,332.094,1.895)	80.5366	-72.9597
7.329642230819	0	(28.0449,271.985,1.895)	140.648	-77.8025
7.330111458793	6	(26.922,392.296,1.895)	20.3316	-61.0032
7.341651904734	4	(27.263,355.761,1.895)	56.8685	-69.9372
7.404964017577	2	(24.3898,309.996,1.895)	100.806	-74.9095
7.419172076066	1	(27.8254,295.503,1.895)	115.277	-76.0746
7.420336667087	5	(23.828,370.184,1.895)	40.6955	-67.0307
7.425066219154	3	(27.5027,330.083,1.895)	80.6944	-72.9767
7.429642230819	0	(28.0636,269.981,1.895)	140.8	-77.8118
7.430111458793	6	(26.9407,390.295,1.895)	20.48	-61.0664
7.441651904734	4	(27.281,353.835,1.895)	56.9422	-69.9485
7.504964017577	2	(24.4085,307.994,1.895)	100.953	-74.9222
7.519172076066	1	(27.8437,293.538,1.895)	115.387	-76.0829
7.520336667087	5	(23.8468,368.177,1.895)	40.8474	-67.0631
7.525066219154	3	(27.5214,328.077,1.895)	80.8469	-72.9931
7.529642230819	0	(28.0823,267.976,1.895)	140.95	-77.8211
7.530111458793	6	(26.9595,388.284,1.895)	20.6369	-61.1327
7.541651904734	4	(27.2991,351.897,1.895)	57.0258	-69.9612
7.604964017577	2	(24.4272,305.992,1.895)	101.082	-74.9333
7.619172076066	1	(27.8621,291.576,1.895)	115.475	-76.0896
7.620336667087	5	(23.8655,366.17,1.895)	40.98	-67.0912
7.625066219154	3	(27.5401,326.074,1.895)	80.9755	-73.0069
7.629642230819	0	(28.101,265.97,1.895)	141.082	-77.8292
7.630111458793	6	(26.9781,386.283,1.895)	20.7636	-61.1858
7.641651904734	4	(27.3171,349.961,1.895)	57.0876	-69.9706
7.704964017577	2	(24.4458,303.992,1.895)	101.221	-74.9452
7.719172076066	1	(27.8804,289.609,1.895)	115.582	-76.0976
7.720336667087	5	(23.8843,364.159,1.895)	41.1311	-67.1232
7.725066219154	3	(27.5589,324.062,1.895)	81.1272	-73.0231
7.729642230819	0	(28.1197,263.969,1.895)	141.223	-77.8379
7.730111458793	6	(26.9969,384.276,1.895)	20.9108	-61.2472
7.741651904734	4	(27.3351,348.037,1.895)	57.152	-69.9804
7.804964017577	2	(24.4645,301.99,1.895)	101.347	-74.956
7.819172076066	1	(27.8987,287.648,1.895)	115.667	-76.104
7.820336667087	5	(23.903,362.156,1.895)	41.2564	-67.1496
7.825066219154	3	(27.5776,322.057,1.895)	81.256	-73.0369
7.829642230819	0	(28.1385,261.96,1.895)	141.356	-77.8461
7.830111458793	6	(27.0156,382.265,1.895)	21.0456	-61.303
7.841651904734	4	(27.3532,346.099,1.895)	57.2128	-69.9896
7.904964017577	2	(24.4833,299.981,1.895)	101.481	-74.9675
7.919172076066	1	(27.9171,285.676,1.895)	115.763	-76.1112
7.920336667087	5	(23.9217,360.147,1.895)	41.39	-67.1777
7.925066219154	3	(27.5963,320.056,1.895)	81.382	-73.0504
7.929642230819	0	(28.1573,259.948,1.895)	141.492	-77.8544
7.930111458793	6	(27.0344,380.256,1.895)	21.1791	-61.3579
7.941651904734	4	(27.3712,344.166,1.895)	57.2706	-69.9984
8.004964017577	2	(24.502,297.973,1.895)	101.611	-74.9786
8.019172076066	1	(27.9355,283.707,1.895)	115.855	-76.1181
8.020336667087	5	(23.9404,358.147,1.895)	41.5118	-67.2032
8.025066219154	3	(27.6149,318.053,1.895)	81.5074	-73.0637
8.029642230819	0	(28.1759,257.948,1.895)	141.615	-77.862
8.030111458793	6	(27.0532,378.244,1.895)	21.3132	-61.4128
8.041651904734	4	(27.3892,342.236,1.895)	57.3231	-70.0064
8.104964017577	2	(24.5208,295.963,1.895)	101.741	-74.9897
8.105159656343	8	(23.3976,416.3,1.895)	18.9445	-60.3894
8.119172076066	1	(27.9539,281.74,1.895)	115.942	-76.1246
8.120336667087	5	(23.9591,356.142,1.895)	41.6373	-67.2294
8.125066219154	3	(27.6337,316.048,1.895)	81.6323	-73.077
8.129642230819	0	(28.1946,255.944,1.895)	141.739	-77.8696
8.130111458793	6	(27.0719,376.235,1.895)	21.4426	-61.4653
8.141651904734	4	(27.4073,340.305,1.895)	57.3747	-70.0142
8.204964017577	2	(24.5395,293.955,1.895)	101.869	-75.0006
8.205159656343	8	(23.4163,414.297,1.895)	18.8234	-60.3337
8.219172076066	1	(27.9722,279.78,1.895)	116.022	-76.1306
8.220336667087	5	(23.9778,354.138,1.895)	41.7608	-67.2552
8.225066219154	3	(27.6524,314.044,1.895)	81.7565	-73.0902
8.229642230819	0	(28.2133,253.939,1.895)	141.864	-77.8772
8.230111458793	6	(27.0906,374.233,1.895)	21.565	-61.5148
8.241651904734	4	(27.4253,338.372,1.895)	57.4277	-70.0222
8.304964017577	2	(24.5583,291.947,1.895)	102	-75.0118
8.305159656343	8	(23.435,412.29,1.895)	18.6959	-60.2747
8.319172076066	1	(27.9905,277.81,1.895)	116.115	-76.1376
8.320336667087	5	(23.9965,352.133,1.895)	41.8878	-67.2815
8.325066219154	3	(27.6711,312.035,1.895)	81.8883	-73.1042
8.329642230819	0	(28.2321,251.93,1.895)	141.996	-77.8853
8.330111458793	6	(27.1093,372.224,1.895)	21.6968	-61.5677
8.341651904734	4	(27.4434,336.43,1.895)	57.4921	-70.032
8.404964017577	2	(24.577,289.943,1.895)	102.107	-75.0209
8.405159656343	8	(23.4537,410.284,1.895)	18.5882	-60.2245
8.419172076066	1	(28.0089,275.845,1.895)	116.183	-76.1427
8.420336667087	5	(24.0152,350.131,1.895)	41.9932	-67.3034
8.425066219154	3	(27.6899,310.026,1.895)	82.0007	-73.1161
8.429642230819	0	(28.2508,249.924,1.895)	142.105	-77.892
8.430111458793	6	(27.1281,370.215,1.895)	21.8089	-61.6124
8.441651904734	4	(27.4615,334.49,1.895)	57.5359	-70.0386
8.504964017577	2	(24.5957,287.932,1.895)	102.224	-75.0308
8.505159656343	8	(23.4725,408.278,1.895)	18.4783	-60.173
8.519172076066	1	(28.0273,273.874,1.895)	116.26	-76.1484
8.520336667087	5	(24.034,348.12,1.895)	42.1094	-67.3274
8.525066219154	3	(27.7085,308.025,1.895)	82.1067	-73.1274
8.529642230819	0	(28.2695,247.919,1.895)	142.216	-77.8988
8.530111458793	6	(27.1468,368.216,1.895)	21.9136	-61.654
8.541651904734	4	(27.4797,332.548,1.895)	57.5829	-70.0457
8.604964017577	2	(24.6144,285.928,1.895)	102.34	-75.0407
8.605159656343	8	(23.4912,406.273,1.895)	18.3627	-60.1185
8.619172076066	1	(28.0456,271.909,1.895)	116.337	-76.1542
8.620336667087	5	(24.0527,346.11,1.895)	42.2313	-67.3525
8.625066219154	3	(27.7273,306.014,1.895)	82.2304	-73.1404
8.629642230819	0	(28.2883,245.907,1.895)	142.34	-77.9063
8.630111458793	6	(27.1655,366.213,1.895)	22.0294	-61.6998
8.641651904734	4	(27.4977,330.613,1.895)	57.6305	-70.0528
8.704964017577	2	(24.6332,283.922,1.895)	102.45	-75.05
8.705159656343	8	(23.5099,404.268,1.895)	18.2557	-60.0678
8.719172076066	1	(28.064,269.939,1.895)	116.411	-76.1597
8.720336667087	5	(24.0714,344.107,1.895)	42.3379	-67.3744
8.725066219154	3	(27.746,304.012,1.895)	82.3369	-73.1517
8.729642230819	0	(28.307,243.903,1.895)	142.448	-77.9129
8.730111458793	6	(27.1842,364.207,1.895)	22.139	-61.7429
8.741651904734	4	(27.5158,328.671,1.895)	57.6762	-70.0597
8.804964017577	2	(24.6519,281.916,1.895)	102.564	-75.0597
8.805159656343	8	(23.5286,402.268,1.895)	18.1494	-60.017
8.819172076066	1	(28.0824,267.965,1.895)	116.494	-76.1658
8.820336667087	5	(24.0901,342.104,1.895)	42.4488	-67.3971
8.825066219154	3	(27.7648,302,1.895)	82.4566	-73.1643
8.829642230819	0	(28.3258,241.895,1.895)	142.565	-77.92
8.830111458793	6	(27.2029,362.205,1.895)	22.2491	-61.786
8.841651904734	4	(27.534,326.725,1.895)	57.7302	-70.0679
8.904964017577	2	(24.6706,279.908,1.895)	102.678	-75.0693
8.905159656343	8	(23.5473,400.261,1.895)	18.0386	-59.9638
8.919172076066	1	(28.1008,265.992,1.895)	116.572	-76.1717
8.920336667087	5	(24.1088,340.104,1.895)	42.5544	-67.4187
8.925066219154	3	(27.7835,299.992,1.895)	82.5701	-73.1762
8.929642230819	0	(28.3445,239.891,1.895)	142.674	-77.9267
8.930111458793	6	(27.2216,360.2,1.895)	22.3601	-61.8293
8.941651904734	4	(27.5522,324.778,1.895)	57.7829	-70.0758
9.004964017577	2	(24.6894,277.896,1.895)	102.791	-75.0789
9.005159656343	8	(23.566,398.254,1.895)	17.9309	-59.9118
9.019172076066	1	(28.1192,264.02,1.895)	116.645	-76.1771
9.020336667087	5	(24.1275,338.103,1.895)	42.6564	-67.4395
9.025066219154	3	(27.8022,297.991,1.895)	82.6734	-73.1871
9.029642230819	0	(28.3632,237.883,1.895)	142.784	-77.9334
9.030111458793	6	(27.2403,358.19,1.895)	22.4713	-61.8724
9.041651904734	4	(27.5703,322.834,1.895)	57.8287	-70.0827
9.104964017577	2	(24.7081,275.897,1.895)	102.887	-75.087
9.105159656343	8	(23.5847,396.251,1.895)	17.8331	-59.8643
9.110420700861	9	(26.6976,416.34,1.895)	37.5847	-66.34
9.119172076066	1	(28.1377,262.042,1.895)	116.721	-76.1827
9.120336667087	5	(24.1462,336.097,1.895)	42.7586	-67.4603
9.125066219154	3	(27.8209,295.989,1.895)	82.7716	-73.1974
9.129642230819	0	(28.3819,235.877,1.895)	142.886	-77.9396
9.130111458793	6	(27.2591,356.181,1.895)	22.5768	-61.913
9.141651904734	4	(27.5884,320.895,1.895)	57.8644	-70.088
9.204964017577	2	(24.7268,273.888,1.895)	102.984	-75.0952
9.205159656343	8	(23.6035,394.241,1.895)	17.7375	-59.8176
9.210420700861	9	(26.7164,414.33,1.895)	37.4866	-66.3173
9.219172076066	1	(28.1561,260.068,1.895)	116.782	-76.1873
9.220336667087	5	(24.1649,334.089,1.895)	42.8543	-67.4797
9.225066219154	3	(27.8396,293.983,1.895)	82.8656	-73.2073
9.229642230819	0	(28.4006,233.878,1.895)	142.974	-77.9449
9.230111458793	6	(27.2778,354.179,1.895)	22.6677	-61.9479
9.241651904734	4	(27.6066,318.943,1.895)	57.9051	-70.0941
9.304964017577	2	(24.7455,271.882,1.895)	103.087	-75.1039
9.305159656343	8	(23.6222,392.234,1.895)	17.6356	-59.7676
9.310420700861	9	(26.735,412.329,1.895)	37.3884	-66.2945
9.319172076066	1	(28.1745,258.099,1.895)	116.848	-76.1922
9.320336667087	5	(24.1836,332.087,1.895)	42.9531	-67.4997
9.325066219154	3	(27.8583,291.974,1.895)	82.9714	-73.2184
9.329642230819	0	(28.4193,231.874,1.895)	143.074	-77.951
9.330111458793	6	(27.2965,352.169,1.895)	22.7739	-61.9885
9.341651904734	4	(27.6249,316.989,1.895)	57.9554	-70.1017
9.404964017577	2	(24.7642,269.881,1.895)	103.178	-75.1115
9.405159656343	8	(23.641,390.224,1.895)	17.5365	-59.7186
9.410420700861	9	(26.7537,410.326,1.895)	37.2951	-66.2728
9.419172076066	1	(28.1929,256.127,1.895)	116.911	-76.1969
9.420336667087	5	(24.2023,330.085,1.895)	43.0455	-67.5184
9.425066219154	3	(27.8771,289.966,1.895)	83.0703	-73.2287
9.429642230819	0	(28.438,229.871,1.895)	143.168	-77.9567
9.430111458793	6	(27.3153,350.159,1.895)	22.8741	-62.0267
9.441651904734	4	(27.6432,315.03,1.895)	58.0053	-70.1091
9.504964017577	2	(24.7829,267.874,1.895)	103.27	-75.1193
9.505159656343	8	(23.6597,388.22,1.895)	17.448	-59.6747
9.510420700861	9	(26.7725,408.316,1.895)	37.1993	-66.2505
9.519172076066	1	(28.2114,254.15,1.895)	116.974	-76.2015
9.520336667087	5	(24.221,328.079,1.895)	43.1367	-67.5367
9.525066219154	3	(27.8958,287.956,1.895)	83.1651	-73.2386
9.529642230819	0	(28.4566,227.87,1.895)	143.254	-77.962
9.530111458793	6	(27.334,348.15,1.895)	22.9694	-62.0628
9.541651904734	4	(27.6614,313.07,1.895)	58.0503	-70.1159
9.604964017577	2	(24.8017,265.867,1.895)	103.366	-75.1274
9.605159656343	8	(23.6784,386.22,1.895)	17.361	-59.6313
9.610420700861	9	(26.7912,406.306,1.895)	37.1012	-66.2275
9.619172076066	1	(28.2297,252.181,1.895)	117.031	-76.2058
9.620336667087	5	(24.2397,326.076,1.895)	43.2279	-67.5551
9.625066219154	3	(27.9145,285.954,1.895)	83.2564	-73.2481
9.629642230819	0	(28.4754,225.858,1.895)	143.355	-77.968
9.630111458793	6	(27.3528,346.139,1.895)	23.0692	-62.1004
9.641651904734	4	(27.6797,311.117,1.895)	58.0926	-70.1222
9.704964017577	2	(24.8204,263.856,1.895)	103.456	-75.1349
9.705159656343	8	(23.6971,384.215,1.895)	17.2795	-59.5904
9.710420700861	9	(26.81,404.298,1.895)	37.0146	-66.2073
9.719172076066	1	(28.2482,250.201,1.895)	117.089	-76.2101
9.720336667087	5	(24.2584,324.074,1.895)	43.3081	-67.5712
9.725066219154	3	(27.9333,283.943,1.895)	83.346	-73.2575
9.729642230819	0	(28.4941,223.856,1.895)	143.436	-77.9729
9.730111458793	6	(27.3716,344.13,1.895)	23.1567	-62.1333
9.741651904734	4	(27.6978,309.171,1.895)	58.1165	-70.1258
9.804964017577	2	(24.8392,261.847,1.895)	103.547	-75.1425
9.805159656343	8	(23.7158,382.205,1.895)	17.1878	-59.5442
9.810420700861	9	(26.8287,402.297,1.895)	36.9307	-66.1875
9.819172076066	1	(28.2667,248.221,1.895)	117.152	-76.2148
9.820336667087	5	(24.2771,322.071,1.895)	43.3938	-67.5883
9.825066219154	3	(27.952,281.938,1.895)	83.4336	-73.2666
9.829642230819	0	(28.5129,221.845,1.895)	143.53	-77.9786
9.830111458793	6	(27.3903,342.118,1.895)	23.2514	-62.1688
9.841651904734	4	(27.7161,307.216,1.895)	58.1542	-70.1314
9.904964017577	2	(24.8579,259.846,1.895)	103.625	-75.1491
9.905159656343	8	(23.7346,380.196,1.895)	17.1047	-59.5021
9.910420700861	9	(26.8474,400.293,1.895)	36.8499	-66.1685
9.919172076066	1	(28.2852,246.24,1.895)	117.209	-76.219
9.920336667087	5	(24.2957,320.072,1.895)	43.4691	-67.6034
9.925066219154	3	(27.9708,279.929,1.895)	83.5196	-73.2756
9.929642230819	0	(28.5316,219.842,1.895)	143.609	-77.9834
9.930111458793	6	(27.4091,340.112,1.895)	23.3331	-62.1992
9.941651904734	4	(27.7344,305.255,1.895)	58.1921	-70.1371
10.004964017577	2	(24.8765,257.846,1.895)	103.701	-75.1555
10.005159656343	8	(23.7532,378.196,1.895)	17.0286	-59.4634
10.010420700861	9	(26.866,398.292,1.895)	36.7723	-66.1502
10.019172076066	1	(28.3036,244.263,1.895)	117.264	-76.2231
10.020336667087	5	(24.3144,318.07,1.895)	43.5476	-67.6191
10.025066219154	3	(27.9895,277.919,1.895)	83.6058	-73.2845
10.029642230819	0	(28.5503,217.838,1.895)	143.69	-77.9883
10.030111458793	6	(27.4278,338.106,1.895)	23.4162	-62.2301
10.041651904734	4	(27.7526,303.3,1.895)	58.224	-70.1418
10.104964017577	2	(24.8952,255.847,1.895)	103.784	-75.1624
10.105159656343	8	(23.7719,376.196,1.895)	16.9473	-59.4218
10.110420700861	9	(26.8848,396.287,1.895)	36.6836	-66.1292
10.119172076066	1	(28.3221,242.29,1.895)	117.32	-76.2272
10.120336667087	5	(24.3331,316.065,1.895)	43.636	-67.6367
10.125066219154	3	(28.0082,275.914,1.895)	83.6946	-73.2937
10.129642230819	0	(28.569,215.835,1.895)	143.776	-77.9935
10.130111458793	6	(27.4465,336.104,1.895)	23.5021	-62.2619
10.141651904734	4	(27.7709,301.34,1.895)	58.267	-70.1482
10.204964017577	2	(24.9139,253.839,1.895)	103.87	-75.1696
10.205159656343	8	(23.7906,374.195,1.895)	16.8705	-59.3823
10.210420700861	9	(26.9034,394.286,1.895)	36.6054	-66.1107
10.219172076066	1	(28.3405,240.315,1.895)	117.372	-76.2311
10.220336667087	5	(24.3518,314.064,1.895)	43.7142	-67.6522
10.225066219154	3	(28.0269,273.912,1.895)	83.774	-73.302
10.229642230819	0	(28.5877,213.826,1.895)	143.863	-77.9988
10.230111458793	6	(27.4651,334.104,1.895)	23.5789	-62.2903
10.241651904734	4	(27.7893,299.375,1.895)	58.3102	-70.1547
10.304964017577	2	(24.9327,251.829,1.895)	103.962	-75.1773
10.305159656343	8	(23.8092,372.196,1.895)	16.7902	-59.3409
10.310420700861	9	(26.9222,392.278,1.895)	36.5142	-66.089
10.319172076066	1	(28.359,238.332,1.895)	117.438	-76.2359
10.320336667087	5	(24.3705,312.062,1.895)	43.7985	-67.669
10.325066219154	3	(28.0456,271.91,1.895)	83.8589	-73.3108
10.329642230819	0	(28.6064,211.827,1.895)	143.945	-78.0037
10.330111458793	6	(27.4839,332.092,1.895)	23.6735	-62.325
10.341651904734	4	(27.8075,297.418,1.895)	58.3499	-70.1606
10.404964017577	2	(24.9514,249.822,1.895)	104.038	-75.1836
10.405159656343	8	(23.828,370.186,1.895)	16.713	-59.3009
10.410420700861	9	(26.9409,390.267,1.895)	36.4352	-66.0702
10.419172076066	1	(28.3774,236.362,1.895)	117.477	-76.2388
10.420336667087	5	(24.3892,310.056,1.895)	43.8734	-67.6838
10.425066219154	3	(28.0644,269.902,1.895)	83.9356	-73.3187
10.429642230819	0	(28.6251,209.82,1.895)	144.02	-78.0082
10.430111458793	6	(27.5026,330.086,1.895)	23.7489	-62.3526
10.441651904734	4	(27.8259,295.455,1.895)	58.3807	-70.1652
10.504964017577	2	(24.9702,247.813,1.895)	104.124	-75.1908
10.505159656343	8	(23.8468,368.175,1.895)	16.6268	-59.256
10.510420700861	9	(26.9596,388.265,1.895)	36.3562	-66.0513
10.519172076066	1	(28.3958,234.386,1.895)	117.53	-76.2428
10.520336667087	5	(24.4079,308.056,1.895)	43.9497	-67.6989
10.525066219154	3	(28.0831,267.897,1.895)	84.0174	-73.3272
10.529642230819	0	(28.6438,207.814,1.895)	144.104	-78.0133
10.530111458793	6	(27.5214,328.078,1.895)	23.8337	-62.3836
10.541651904734	4	(27.8441,293.498,1.895)	58.4157	-70.1704
10.604964017577	2	(24.9889,245.813,1.895)	104.192	-75.1965
10.605159656343	8	(23.8655,366.174,1.895)	16.5584	-59.2202
10.610420700861	9	(26.9783,386.264,1.895)	36.2864	-66.0347
10.619172076066	1	(28.4143,232.402,1.895)	117.582	-76.2466
10.620336667087	5	(24.4266,306.05,1.895)	44.024	-67.7136
10.625066219154	3	(28.1018,265.89,1.895)	84.0921	-73.3349
10.629642230819	0	(28.6626,205.806,1.895)	144.179	-78.0178
10.630111458793	6	(27.5401,326.07,1.895)	23.9096	-62.4112
10.641651904734	4	(27.8625,291.531,1.895)	58.4509	-70.1756
10.704964017577	2	(25.0076,243.804,1.895)	104.262	-75.2023
10.705159656343	8	(23.8842,364.163,1.895)	16.4888	-59.1836
10.710420700861	9	(26.997,384.259,1.895)	36.2205	-66.0189
10.719172076066	1	(28.4329,230.414,1.895)	117.631	-76.2502
10.720336667087	5	(24.4453,304.05,1.895)	44.0845	-67.7255
10.725066219154	3	(28.1205,263.891,1.895)	84.1526	-73.3411
10.729642230819	0	(28.6813,203.799,1.895)	144.247	-78.022
10.730111458793	6	(27.5589,324.058,1.895)	23.9823	-62.4376
10.741651904734	4	(27.8808,289.569,1.895)	58.4732	-70.1789
10.804964017577	2	(25.0263,241.802,1.895)	104.329	-75.2079
10.805159656343	8	(23.903,362.153,1.895)	16.4153	-59.1448
10.810420700861	9	(27.0157,382.257,1.895)	36.1541	-66.0029
10.819172076066	1	(28.4515,228.425,1.895)	117.685	-76.2542
10.820336667087	5	(24.464,302.042,1.895)	44.1573	-67.7398
10.825066219154	3	(28.1392,261.882,1.895)	84.2263	-73.3487
10.829642230819	0	(28.7,201.798,1.895)	144.313	-78.0259
10.830111458793	6	(27.5776,322.055,1.895)	24.0504	-62.4622
10.841651904734	4	(27.8991,287.605,1.895)	58.5027	-70.1833
10.904964017577	2	(25.045,239.793,1.895)	104.409	-75.2146
10.905159656343	8	(23.9217,360.147,1.895)	16.3389	-59.1043
10.910420700861	9	(27.0345,380.246,1.895)	36.0718	-65.9831
10.919172076066	1	(28.4699,226.448,1.895)	117.734	-76.2578
10.920336667087	5	(24.4828,300.036,1.895)	44.2349	-67.7551
10.925066219154	3	(28.1579,259.881,1.895)	84.299	-73.3562
10.929642230819	0	(28.7187,199.796,1.895)	144.387	-78.0303
10.930111458793	6	(27.5963,320.048,1.895)	24.129	-62.4906
10.941651904734	4	(27.9174,285.642,1.895)	58.5371	-70.1884
11.004964017577	2	(25.0638,237.785,1.895)	104.478	-75.2203
11.005159656343	8	(23.9405,358.137,1.895)	16.2694	-59.0672
11.010420700861	9	(27.0532,378.241,1.895)	36.0049	-65.967
11.019172076066	1	(28.4885,224.462,1.895)	117.78	-76.2612
11.020336667087	5	(24.5015,298.027,1.895)	44.3041	-67.7687
11.025066219154	3	(28.1766,257.875,1.895)	84.3656	-73.3631
11.029642230819	0	(28.7374,197.792,1.895)	144.452	-78.0342
11.030111458793	6	(27.615,318.043,1.895)	24.1955	-62.5145
11.041651904734	4	(27.9358,283.677,1.895)	58.5625	-70.1922
11.104964017577	2	(25.0825,235.779,1.895)	104.547	-75.226
11.105159656343	8	(23.9592,356.134,1.895)	16.2054	-59.033
11.110420700861	9	(27.0719,376.239,1.895)	35.9414	-65.9517
11.119172076066	1	(28.5069,222.483,1.895)	117.821	-76.2643
11.120336667087	5	(24.5202,296.022,1.895)	44.3713	-67.7818
11.125066219154	3	(28.1953,255.874,1.895)	84.4288	-73.3696
11.129642230819	0	(28.7561,195.785,1.895)	144.52	-78.0384
11.130111458793	6	(27.6338,316.036,1.895)	24.2641	-62.5391
11.141651904734	4	(27.9542,281.708,1.895)	58.5942	-70.1969
11.204964017577	2	(25.1013,233.769,1.895)	104.622	-75.2322
11.205159656343	8	(23.9778,354.132,1.895)	16.1396	-58.9976
11.210420700861	9	(27.0905,374.238,1.895)	35.8749	-65.9356
11.219172076066	1	(28.5255,220.494,1.895)	117.876	-76.2683
11.220336667087	5	(24.5389,294.017,1.895)	44.442	-67.7957
11.225066219154	3	(28.214,253.871,1.895)	84.4977	-73.3767
11.229642230819	0	(28.7749,193.775,1.895)	144.597	-78.043
11.230111458793	6	(27.6525,314.027,1.895)	24.339	-62.5658
11.241651904734	4	(27.9725,279.747,1.895)	58.6204	-70.2008
11.304964017577	2	(25.1199,231.767,1.895)	104.679	-75.2369
11.305159656343	8	(23.9966,352.124,1.895)	16.0772	-58.964
11.310420700861	9	(27.1092,372.238,1.895)	35.8194	-65.9222
11.319172076066	1	(28.5441,218.504,1.895)	117.921	-76.2716
11.320336667087	5	(24.5576,292.014,1.895)	44.5	-67.807
11.325066219154	3	(28.2327,251.86,1.895)	84.5639	-73.3835
11.329642230819	0	(28.7936,191.765,1.895)	144.662	-78.0468
11.330111458793	6	(27.6713,312.015,1.895)	24.4059	-62.5897
11.341651904734	4	(27.9908,277.782,1.895)	58.6404	-70.2037
11.404964017577	2	(25.1387,229.76,1.895)	104.744	-75.2424
11.405159656343	8	(24.0153,350.114,1.895)	16.0107	-58.928
11.410420700861	9	(27.1279,370.232,1.895)	35.7552	-65.9066
11.419172076066	1	(28.5626,216.517,1.895)	117.967	-76.275
11.420336667087	5	(24.5764,290.004,1.895)	44.5686	-67.8204
11.425066219154	3	(28.2514,249.86,1.895)	84.6225	-73.3895
11.429642230819	0	(28.8123,189.763,1.895)	144.722	-78.0505
11.430111458793	6	(27.69,310.013,1.895)	24.4672	-62.6115
11.441651904734	4	(28.0093,275.803,1.895)	58.6783	-70.2093
11.504964017577	2	(25.1574,227.749,1.895)	104.822	-75.2489
11.505159656343	8	(24.0341,348.109,1.895)	15.94	-58.8896
11.510420700861	9	(27.1467,368.223,1.895)	35.6784	-65.8879
11.519172076066	1	(28.5811,214.533,1.895)	118.018	-76.2788
11.520336667087	5	(24.5951,287.998,1.895)	44.6414	-67.8345
11.525066219154	3	(28.2701,247.854,1.895)	84.6952	-73.397
11.529642230819	0	(28.831,187.763,1.895)	144.79	-78.0545
11.530111458793	6	(27.7087,308.006,1.895)	24.5409	-62.6376
11.541651904734	4	(28.0276,273.84,1.895)	58.7088	-70.2139
11.604964017577	2	(25.1761,225.746,1.895)	104.883	-75.2539
11.605159656343	8	(24.0528,346.098,1.895)	15.873	-58.853
11.610420700861	9	(27.1655,366.213,1.895)	35.6113	-65.8715
11.619172076066	1	(28.5996,212.552,1.895)	118.056	-76.2816
11.620336667087	5	(24.6138,285.992,1.895)	44.704	-67.8467
11.625066219154	3	(28.2888,245.85,1.895)	84.757	-73.4033
11.629642230819	0	(28.8497,185.761,1.895)	144.848	-78.0581
11.630111458793	6	(27.7275,305.996,1.895)	24.6078	-62.6612
11.641651904734	4	(28.046,271.87,1.895)	58.7356	-70.2178
11.704964017577	2	(25.1948,223.743,1.895)	104.944	-75.259
11.705159656343	8	(24.0716,344.089,1.895)	15.8077	-58.8172
11.710420700861	9	(27.1842,364.203,1.895)	35.5429	-65.8549
11.719172076066	1	(28.6182,210.565,1.895)	118.101	-76.2849
11.720336667087	5	(24.6325,283.989,1.895)	44.7657	-67.8587
11.725066219154	3	(28.3076,243.842,1.895)	84.8231	-73.4101
11.729642230819	0	(28.8684,183.756,1.895)	144.912	-78.0619
11.730111458793	6	(27.7462,303.986,1.895)	24.6763	-62.6854
11.741651904734	4	(28.0644,269.899,1.895)	58.7654	-70.2222
11.804964017577	2	(25.2136,221.733,1.895)	105.01	-75.2644
11.805159656343	8	(24.0903,342.089,1.895)	15.7528	-58.7869
11.810420700861	9	(27.203,362.192,1.895)	35.476	-65.8385
11.819172076066	1	(28.6367,208.581,1.895)	118.142	-76.2879
11.820336667087	5	(24.6513,281.978,1.895)	44.8318	-67.8715
11.825066219154	3	(28.3263,241.831,1.895)	84.89	-73.4169
11.829642230819	0	(28.8871,181.752,1.895)	144.972	-78.0655
11.830111458793	6	(27.7649,301.986,1.895)	24.7325	-62.7051
11.841651904734	4	(28.0828,267.925,1.895)	58.795	-70.2266
11.904964017577	2	(25.2323,219.727,1.895)	105.076	-75.2699
11.905159656343	8	(24.1089,340.087,1.895)	15.6909	-58.7528
11.910420700861	9	(27.2217,360.186,1.895)	35.4095	-65.8222
11.919172076066	1	(28.6552,206.595,1.895)	118.188	-76.2913
11.920336667087	5	(24.67,279.977,1.895)	44.8939	-67.8835
11.925066219154	3	(28.3451,239.82,1.895)	84.9615	-73.4242
11.929642230819	0	(28.9058,179.751,1.895)	145.034	-78.0692
11.930111458793	6	(27.7836,299.98,1.895)	24.7997	-62.7287
11.941651904734	4	(28.1012,265.954,1.895)	58.8267	-70.2313
12.004964017577	2	(25.251,217.725,1.895)	105.128	-75.2741
12.005159656343	8	(24.1277,338.079,1.895)	15.6361	-58.7224
12.010420700861	9	(27.2404,358.184,1.895)	35.3591	-65.8098
12.019172076066	1	(28.6737,204.617,1.895)	118.215	-76.2933
12.020336667087	5	(24.6887,277.973,1.895)	44.9465	-67.8937
12.025066219154	3	(28.3639,237.809,1.895)	85.0215	-73.4304
12.029642230819	0	(28.9244,177.748,1.895)	145.085	-78.0722
12.030111458793	6	(27.8023,297.977,1.895)	24.8505	-62.7465
12.041651904734	4	(28.1196,263.979,1.895)	58.8503	-70.2348
12.104964017577	2	(25.2698,215.715,1.895)	105.193	-75.2795
12.105159656343	8	(24.1464,336.078,1.895)	15.5806	-58.6915
12.110420700861	9	(27.259,356.185,1.895)	35.3042	-65.7963
12.119172076066	1	(28.6921,202.639,1.895)	118.249	-76.2957
12.120336667087	5	(24.7075,275.961,1.895)	45.0134	-67.9066
12.125066219154	3	(28.3826,235.8,1.895)	85.0857	-73.4369
12.129642230819	0	(28.9432,175.74,1.895)	145.148	-78.076
12.130111458793	6	(27.821,295.972,1.895)	24.9112	-62.7677
12.141651904734	4	(28.1381,262,1.895)	58.8844	-70.2398
12.204964017577	2	(25.2884,213.714,1.895)	105.248	-75.2841
12.205159656343	8	(24.1651,334.072,1.895)	15.5213	-58.6584
12.210420700861	9	(27.2778,354.175,1.895)	35.2396	-65.7804
12.219172076066	1	(28.7106,200.656,1.895)	118.286	-76.2985
12.220336667087	5	(24.7262,273.956,1.895)	45.0726	-67.918
12.225066219154	3	(28.4013,233.796,1.895)	85.1442	-73.4429
12.229642230819	0	(28.962,173.73,1.895)	145.213	-78.0799
12.230111458793	6	(27.8397,293.971,1.895)	24.9666	-62.787
12.241651904734	4	(28.1565,260.024,1.895)	58.9148	-70.2443
12.304964017577	2	(25.3071,211.714,1.895)	105.3	-75.2884
12.305159656343	8	(24.1838,332.07,1.895)	15.4692	-58.6291
12.310420700861	9	(27.2965,352.175,1.895)	35.188	-65.7677
12.319172076066	1	(28.7293,198.66,1.895)	118.334	-76.302
12.320336667087	5	(24.7448,271.957,1.895)	45.1235	-67.9278
12.325066219154	3	(28.4201,231.785,1.895)	85.207	-73.4493
12.329642230819	0	(28.9807,171.719,1.895)	145.276	-78.0837
12.330111458793	6	(27.8584,291.967,1.895)	25.0224	-62.8064
12.341651904734	4	(28.1749,258.053,1.895)	58.9383	-70.2477
12.404964017577	2	(25.3259,209.703,1.895)	105.355	-75.2929
12.405159656343	8	(24.2025,330.064,1.895)	15.4202	-58.6016
12.410420700861	9	(27.3152,350.167,1.895)	35.1363	-65.7549
12.419172076066	1	(28.7479,196.665,1.895)	118.373	-76.3048
12.420336667087	5	(24.7635,269.957,1.895)	45.1668	-67.9362
12.425066219154	3	(28.4388,229.783,1.895)	85.2532	-73.454
12.429642230819	0	(28.9994,169.713,1.895)	145.326	-78.0867
12.430111458793	6	(27.8771,289.965,1.895)	25.0684	-62.8223
12.441651904734	4	(28.1934,256.078,1.895)	58.9569	-70.2505
12.504964017577	2	(25.3445,207.704,1.895)	105.4	-75.2966
12.505159656343	8	(24.2212,328.057,1.895)	15.3681	-58.5722
12.510420700861	9	(27.3339,348.166,1.895)	35.0893	-65.7433
12.519172076066	1	(28.7665,194.674,1.895)	118.409	-76.3075
12.520336667087	5	(24.7823,267.947,1.895)	45.2231	-67.947
12.525066219154	3	(28.4575,227.776,1.895)	85.3061	-73.4594
12.529642230819	0	(29.0182,167.707,1.895)	145.378	-78.0898
12.530111458793	6	(27.8958,287.96,1.895)	25.1195	-62.84
12.541651904734	4	(28.2118,254.099,1.895)	58.9824	-70.2542
12.604964017577	2	(25.3633,205.697,1.895)	105.459	-75.3014
12.605159656343	8	(24.2399,326.057,1.895)	15.3178	-58.5437
12.610420700861	9	(27.3527,346.155,1.895)	35.0268	-65.7278
12.619172076066	1	(28.7851,192.68,1.895)	118.455	-76.3108
12.620336667087	5	(24.801,265.942,1.895)	45.2795	-67.9578
12.625066219154	3	(28.4762,225.772,1.895)	85.3619	-73.4651
12.629642230819	0	(29.0369,165.703,1.895)	145.433	-78.093
12.630111458793	6	(27.9146,285.949,1.895)	25.1819	-62.8616
12.641651904734	4	(28.2302,252.127,1.895)	59.0056	-70.2577
12.704964017577	2	(25.382,203.691,1.895)	105.5	-75.3048
12.705159656343	8	(24.2586,324.049,1.895)	15.2762	-58.5201
12.710420700861	9	(27.3714,344.15,1.895)	34.9867	-65.7178
12.719172076066	1	(28.8037,190.691,1.895)	118.48	-76.3127
12.720336667087	5	(24.8197,263.931,1.895)	45.3256	-67.9667
12.725066219154	3	(28.495,223.763,1.895)	85.4057	-73.4695
12.729642230819	0	(29.0556,163.693,1.895)	145.479	-78.0958
12.730111458793	6	(27.9333,283.948,1.895)	25.2179	-62.874
12.741651904734	4	(28.2487,250.153,1.895)	59.0146	-70.259
12.804964017577	2	(25.4008,201.679,1.895)	105.556	-75.3095
12.805159656343	8	(24.2774,322.043,1.895)	15.2264	-58.4917
12.810420700861	9	(27.3901,342.146,1.895)	34.9375	-65.7056
12.819172076066	1	(28.8223,188.692,1.895)	118.523	-76.3158
12.820336667087	5	(24.8385,261.926,1.895)	45.3754	-67.9762
12.825066219154	3	(28.5137,221.758,1.895)	85.4553	-73.4746
12.829642230819	0	(29.0743,161.689,1.895)	145.527	-78.0987
12.830111458793	6	(27.952,281.937,1.895)	25.2741	-62.8933
12.841651904734	4	(28.2672,248.17,1.895)	59.0427	-70.2631
12.904964017577	2	(25.4195,199.671,1.895)	105.605	-75.3135
12.905159656343	8	(24.2961,320.033,1.895)	15.1772	-58.4636
12.910420700861	9	(27.4088,340.137,1.895)	34.8886	-65.6935
12.919172076066	1	(28.8409,186.699,1.895)	118.557	-76.3183
12.920336667087	5	(24.8571,259.924,1.895)	45.4173	-67.9842
12.925066219154	3	(28.5324,219.753,1.895)	85.501	-73.4792
12.929642230819	0	(29.0931,159.682,1.895)	145.574	-78.1015
12.930111458793	6	(27.9707,279.938,1.895)	25.3135	-62.9068
12.941651904734	4	(28.2857,246.187,1.895)	59.0652	-70.2664
13.004964017577	2	(25.4382,197.671,1.895)	105.654	-75.3175
13.005159656343	8	(24.3148,318.034,1.895)	15.1295	-58.4363
13.010420700861	9	(27.4275,338.136,1.895)	34.8373	-65.6807
13.019172076066	1	(28.8595,184.707,1.895)	118.598	-76.3213
13.020336667087	5	(24.8759,257.917,1.895)	45.4741	-67.9951
13.025066219154	3	(28.5511,217.745,1.895)	85.5588	-73.4851
13.029642230819	0	(29.1118,157.671,1.895)	145.635	-78.1051
13.030111458793	6	(27.9894,277.936,1.895)	25.3645	-62.9243
13.041651904734	4	(28.3042,244.205,1.895)	59.0977	-70.2712
13.104964017577	2	(25.4569,195.666,1.895)	105.702	-75.3215
13.105159656343	8	(24.3334,316.035,1.895)	15.0887	-58.4128
13.110420700861	9	(27.4463,336.125,1.895)	34.7835	-65.6673
13.119172076066	1	(28.8782,182.707,1.895)	118.64	-76.3244
13.120336667087	5	(24.8946,255.913,1.895)	45.5203	-68.0039
13.125066219154	3	(28.5699,215.737,1.895)	85.6095	-73.4902
13.129642230819	0	(29.1306,155.664,1.895)	145.685	-78.1081
13.130111458793	6	(28.008,275.935,1.895)	25.4088	-62.9395
13.141651904734	4	(28.3226,242.228,1.895)	59.1175	-70.2741
13.204964017577	2	(25.4756,193.657,1.895)	105.755	-75.3258
13.205159656343	8	(24.3521,314.031,1.895)	15.042	-58.3859
13.210420700861	9	(27.4649,334.124,1.895)	34.7381	-65.6559
13.219172076066	1	(28.8968,180.713,1.895)	118.679	-76.3273
13.220336667087	5	(24.9133,253.91,1.895)	45.5677	-68.0129
13.225066219154	3	(28.5886,213.733,1.895)	85.6577	-73.4951
13.229642230819	0	(29.1493,153.657,1.895)	145.737	-78.1112
13.230111458793	6	(28.0267,273.935,1.895)	25.4532	-62.9547
13.241651904734	4	(28.3411,240.249,1.895)	59.1411	-70.2776
13.304964017577	2	(25.4944,191.651,1.895)	105.806	-75.33
13.305159656343	8	(24.3708,312.027,1.895)	14.9948	-58.3586
13.310420700861	9	(27.4837,332.118,1.895)	34.6882	-65.6434
13.319172076066	1	(28.9154,178.719,1.895)	118.717	-76.33
13.320336667087	5	(24.932,251.905,1.895)	45.6168	-68.0223
13.325066219154	3	(28.6073,211.732,1.895)	85.7027	-73.4997
13.329642230819	0	(29.168,151.65,1.895)	145.787	-78.1142
13.330111458793	6	(28.0454,271.933,1.895)	25.4994	-62.9704
13.341651904734	4	(28.3596,238.273,1.895)	59.1605	-70.2804
13.404964017577	2	(25.5131,189.643,1.895)	105.851	-75.3337
13.405159656343	8	(24.3895,310.025,1.895)	14.9561	-58.3362
13.410420700861	9	(27.5024,330.112,1.895)	34.6436	-65.6322
13.419172076066	1	(28.9339,176.734,1.895)	118.74	-76.3318
13.420336667087	5	(24.9506,249.906,1.895)	45.6545	-68.0295
13.425066219154	3	(28.626,209.725,1.895)	85.748	-73.5043
13.429642230819	0	(29.1868,149.643,1.895)	145.833	-78.1169
13.430111458793	6	(28.0641,269.93,1.895)	25.5402	-62.9843
13.441651904734	4	(28.3781,236.29,1.895)	59.1816	-70.2835
13.504964017577	2	(25.5318,187.636,1.895)	105.905	-75.3381
13.505159656343	8	(24.4082,308.024,1.895)	14.9096	-58.3091
13.510420700861	9	(27.5211,328.111,1.895)	34.5969	-65.6205
13.519172076066	1	(28.9524,174.749,1.895)	118.772	-76.3341
13.520336667087	5	(24.9693,247.906,1.895)	45.7005	-68.0382
13.525066219154	3	(28.6447,207.718,1.895)	85.8014	-73.5097
13.529642230819	0	(29.2055,147.634,1.895)	145.888	-78.1202
13.530111458793	6	(28.0828,267.927,1.895)	25.5895	-63.001
13.541651904734	4	(28.3965,234.315,1.895)	59.2036	-70.2868
13.604964017577	2	(25.5506,185.628,1.895)	105.959	-75.3425
13.605159656343	8	(24.4269,306.025,1.895)	14.866	-58.2837
13.610420700861	9	(27.5397,326.111,1.895)	34.5508	-65.609
13.619172076066	1	(28.9711,172.752,1.895)	118.815	-76.3372
13.620336667087	5	(24.9881,245.896,1.895)	45.7564	-68.0488
13.625066219154	3	(28.6635,205.709,1.895)	85.8561	-73.5152
13.629642230819	0	(29.2243,145.626,1.895)	145.942	-78.1234
13.630111458793	6	(28.1015,265.922,1.895)	25.6408	-63.0184
13.641651904734	4	(28.415,232.327,1.895)	59.2369	-70.2916
13.704964017577	2	(25.5693,183.619,1.895)	106.009	-75.3467
13.705159656343	8	(24.4455,304.022,1.895)	14.8226	-58.2583
13.710420700861	9	(27.5584,324.107,1.895)	34.5055	-65.5976
13.719172076066	1	(28.9897,170.753,1.895)	118.856	-76.3402
13.720336667087	5	(25.0068,243.888,1.895)	45.8051	-68.0581
13.725066219154	3	(28.6821,203.709,1.895)	85.8977	-73.5194
13.729642230819	0	(29.243,143.619,1.895)	145.991	-78.1263
13.730111458793	6	(28.1203,263.911,1.895)	25.6928	-63.036
13.741651904734	4	(28.4335,230.346,1.895)	59.2599	-70.295
13.804964017577	2	(25.5881,181.611,1.895)	106.046	-75.3496
13.805159656343	8	(24.4643,302.015,1.895)	14.7884	-58.2382
13.810420700861	9	(27.5771,322.106,1.895)	34.4758	-65.5901
13.819172076066	1	(29.0084,168.759,1.895)	118.878	-76.3418
13.820336667087	5	(25.0256,241.878,1.895)	45.8433	-68.0653
13.825066219154	3	(28.7009,201.701,1.895)	85.9336	-73.523
13.829642230819	0	(29.2617,141.612,1.895)	146.026	-78.1284
13.830111458793	6	(28.139,261.908,1.895)	25.7241	-63.0466
13.841651904734	4	(28.452,228.371,1.895)	59.2624	-70.2954
13.904964017577	2	(25.6068,179.601,1.895)	106.089	-75.3532
13.905159656343	8	(24.483,300.009,1.895)	14.7496	-58.2154
13.910420700861	9	(27.5958,320.103,1.895)	34.4397	-65.581
13.919172076066	1	(29.027,166.763,1.895)	118.907	-76.3439
13.920336667087	5	(25.0443,239.873,1.895)	45.8822	-68.0727
13.925066219154	3	(28.7196,199.701,1.895)	85.9677	-73.5265
13.929642230819	0	(29.2805,139.603,1.895)	146.068	-78.1309
13.930111458793	6	(28.1577,259.901,1.895)	25.7651	-63.0604
13.941651904734	4	(28.4704,226.391,1.895)	59.276	-70.2974
14.004964017577	2	(25.6256,177.596,1.895)	106.133	-75.3568
14.005159656343	8	(24.5017,298.01,1.895)	14.7125	-58.1935
14.010420700861	9	(27.6145,318.096,1.895)	34.3938	-65.5694
14.019172076066	1	(29.0456,164.771,1.895)	118.937	-76.3462
14.020336667087	5	(25.063,237.868,1.895)	45.9253	-68.0808
14.025066219154	3	(28.7383,197.696,1.895)	86.011	-73.5309
14.029642230819	0	(29.2992,137.594,1.895)	146.116	-78.1337
14.030111458793	6	(28.1764,257.896,1.895)	25.8088	-63.0752
14.041651904734	4	(28.4889,224.417,1.895)	59.2886	-70.2992
14.104964017577	2	(25.6442,175.594,1.895)	106.168	-75.3597
14.105159656343	8	(24.5204,296.007,1.895)	14.6774	-58.1728
14.110420700861	9	(27.6332,316.093,1.895)	34.358	-65.5603
14.119172076066	1	(29.0641,162.782,1.895)	118.959	-76.3478
14.120336667087	5	(25.0818,235.857,1.895)	45.9699	-68.0893
14.125066219154	3	(28.757,195.686,1.895)	86.0544	-73.5352
14.129642230819	0	(29.318,135.584,1.895)	146.159	-78.1363
14.130111458793	6	(28.1951,255.893,1.895)	25.8447	-63.0872
14.141651904734	4	(28.5073,222.441,1.895)	59.2983	-70.3006
14.204964017577	2	(25.663,173.583,1.895)	106.209	-75.363
14.205159656343	8	(24.5391,293.999,1.895)	14.64	-58.1506
14.210420700861	9	(27.652,314.086,1.895)	34.3206	-65.5509
14.219172076066	1	(29.0828,160.782,1.895)	118.99	-76.35
14.220336667087	5	(25.1005,233.853,1.895)	46.004	-68.0957
14.225066219154	3	(28.7758,193.68,1.895)	86.0908	-73.5389
14.229642230819	0	(29.3367,133.581,1.895)	146.192	-78.1383
14.230111458793	6	(28.2138,253.89,1.895)	25.8779	-63.0984
14.241651904734	4	(28.5259,220.452,1.895)	59.3177	-70.3035
14.304964017577	2	(25.6817,171.579,1.895)	106.248	-75.3662
14.305159656343	8	(24.5578,291.992,1.895)	14.5992	-58.1264
14.310420700861	9	(27.6706,312.087,1.895)	34.2864	-65.5422
14.319172076066	1	(29.1013,158.796,1.895)	119.011	-76.3515
14.320336667087	5	(25.1192,231.842,1.895)	46.0495	-68.1043
14.325066219154	3	(28.7945,191.669,1.895)	86.1368	-73.5436
14.329642230819	0	(29.3553,131.581,1.895)	146.227	-78.1403
14.330111458793	6	(28.2326,251.878,1.895)	25.9246	-63.114
14.341651904734	4	(28.5444,218.473,1.895)	59.3316	-70.3055
14.404964017577	2	(25.7005,169.57,1.895)	106.283	-75.3691
14.405159656343	8	(24.5765,289.988,1.895)	14.569	-58.1084
14.410420700861	9	(27.6893,310.087,1.895)	34.2603	-65.5356
14.419172076066	1	(29.1198,156.814,1.895)	119.02	-76.3522
14.420336667087	5	(25.138,229.832,1.895)	46.0862	-68.1112
14.425066219154	3	(28.8133,189.66,1.895)	86.1728	-73.5472
14.429642230819	0	(29.3741,129.573,1.895)	146.262	-78.1424
14.430111458793	6	(28.2513,249.874,1.895)	25.9558	-63.1245
14.441651904734	4	(28.5629,216.482,1.895)	59.3492	-70.3081
14.504964017577	2	(25.7192,167.562,1.895)	106.324	-75.3724
14.505159656343	8	(24.5953,287.982,1.895)	14.5323	-58.0864
14.510420700861	9	(27.708,308.085,1.895)	34.2259	-65.5269
14.519172076066	1	(29.1385,154.817,1.895)	119.049	-76.3543
14.520336667087	5	(25.1568,227.824,1.895)	46.1262	-68.1187
14.525066219154	3	(28.8321,187.648,1.895)	86.2161	-73.5516
14.529642230819	0	(29.3927,127.573,1.895)	146.293	-78.1443
14.530111458793	6	(28.2699,247.874,1.895)	25.988	-63.1352
14.541651904734	4	(28.5815,214.49,1.895)	59.3726	-70.3115
14.604964017577	2	(25.7379,165.554,1.895)	106.364	-75.3756
14.605159656343	8	(24.614,285.974,1.895)	14.494	-58.0636
14.610420700861	9	(27.7267,306.077,1.895)	34.186	-65.5168
14.619172076066	1	(29.157,152.829,1.895)	119.069	-76.3558
14.620336667087	5	(25.1755,225.815,1.895)	46.1665	-68.1263
14.625066219154	3	(28.8508,185.636,1.895)	86.2599	-73.556
14.629642230819	0	(29.4114,125.573,1.895)	146.326	-78.1462
14.630111458793	6	(28.2886,245.87,1.895)	26.024	-63.1473
14.641651904734	4	(28.6001,212.503,1.895)	59.3923	-70.3144
14.704964017577	2	(25.7566,163.554,1.895)	106.394	-75.3781
14.705159656343	8	(24.6327,283.974,1.895)	14.464	-58.0456
14.710420700861	9	(27.7454,304.077,1.895)	34.1555	-65.509
14.719172076066	1	(29.1756,150.834,1.895)	119.094	-76.3576
14.720336667087	5	(25.1942,223.816,1.895)	46.1959	-68.1319
14.725066219154	3	(28.8695,183.636,1.895)	86.2903	-73.559
14.729642230819	0	(29.4302,123.563,1.895)	146.366	-78.1486
14.730111458793	6	(28.3074,243.862,1.895)	26.0618	-63.1599
14.741651904734	4	(28.6187,210.508,1.895)	59.4169	-70.318
14.804964017577	2	(25.7754,161.544,1.895)	106.433	-75.3813
14.805159656343	8	(24.6514,281.966,1.895)	14.4291	-58.0246
14.810420700861	9	(27.7641,302.077,1.895)	34.1273	-65.5018
14.819172076066	1	(29.1943,148.84,1.895)	119.117	-76.3592
14.820336667087	5	(25.2129,221.811,1.895)	46.2296	-68.1382
14.825066219154	3	(28.8882,181.629,1.895)	86.3257	-73.5626
14.829642230819	0	(29.4489,121.558,1.895)	146.4	-78.1506
14.830111458793	6	(28.3261,241.857,1.895)	26.0954	-63.1711
14.841651904734	4	(28.6372,208.529,1.895)	59.4251	-70.3192
14.904964017577	2	(25.7941,159.541,1.895)	106.469	-75.3842
14.905159656343	8	(24.6702,279.957,1.895)	14.3876	-57.9995
14.910420700861	9	(27.7828,300.069,1.895)	34.0855	-65.4912
14.919172076066	1	(29.2129,146.844,1.895)	119.146	-76.3614
14.920336667087	5	(25.2315,219.81,1.895)	46.2632	-68.1445
14.925066219154	3	(28.9069,179.626,1.895)	86.3628	-73.5663
14.929642230819	0	(29.4676,119.555,1.895)	146.436	-78.1528
14.930111458793	6	(28.3448,239.852,1.895)	26.1336	-63.1838
14.941651904734	4	(28.6557,206.543,1.895)	59.4442	-70.322
15.004964017577	2	(25.8128,157.536,1.895)	106.495	-75.3864
15.005159656343	8	(24.6889,277.949,1.895)	14.3586	-57.982
15.010420700861	9	(27.8015,298.063,1.895)	34.058	-65.4842
15.019172076066	1	(29.2315,144.846,1.895)	119.166	-76.3628
15.020336667087	5	(25.2503,217.801,1.895)	46.2946	-68.1504
15.025066219154	3	(28.9256,177.622,1.895)	86.388	-73.5689
15.029642230819	0	(29.4863,117.554,1.895)	146.458	-78.1541
15.030111458793	6	(28.3636,237.844,1.895)	26.1632	-63.1936
15.041651904734	4	(28.6742,204.56,1.895)	59.4487	-70.3226
15.104964017577	2	(25.8315,155.529,1.895)	106.526	-75.3889
15.105159656343	8	(24.7076,275.944,1.895)	14.3309	-57.9652
15.110420700861	9	(27.8203,296.053,1.895)	34.0245	-65.4756
15.119172076066	1	(29.2501,142.861,1.895)	119.174	-76.3634
15.120336667087	5	(25.2691,215.789,1.895)	46.3296	-68.157
15.125066219154	3	(28.9444,175.615,1.895)	86.4188	-73.572
15.129642230819	0	(29.505,115.549,1.895)	146.487	-78.1558
15.130111458793	6	(28.3823,235.839,1.895)	26.1921	-63.2032
15.141651904734	4	(28.6928,202.569,1.895)	59.4636	-70.3248
15.204964017577	2	(25.8503,153.517,1.895)	106.56	-75.3917
15.205159656343	8	(24.7264,273.937,1.895)	14.3017	-57.9475
15.210420700861	9	(27.839,294.05,1.895)	33.999	-65.4691
15.219172076066	1	(29.2687,140.869,1.895)	119.189	-76.3645
15.220336667087	5	(25.2878,213.783,1.895)	46.3585	-68.1624
15.225066219154	3	(28.9631,173.603,1.895)	86.4532	-73.5754
15.229642230819	0	(29.5236,113.549,1.895)	146.509	-78.1571
15.230111458793	6	(28.4009,233.839,1.895)	26.214	-63.2105
15.241651904734	4	(28.7114,200.577,1.895)	59.4783	-70.327
15.304964017577	2	(25.8691,151.507,1.895)	106.607	-75.3955
15.305159656343	8	(24.7451,271.932,1.895)	14.2616	-57.9231
15.310420700861	9	(27.8577,292.043,1.895)	33.9553	-65.4579
15.319172076066	1	(29.2872,138.881,1.895)	119.213	-76.3663
15.320336667087	5	(25.3066,211.772,1.895)	46.4058	-68.1712
15.325066219154	3	(28.9819,171.598,1.895)	86.4949	-73.5796
15.329642230819	0	(29.5424,111.541,1.895)	146.554	-78.1598
15.330111458793	6	(28.4196,231.837,1.895)	26.2533	-63.2235
15.341651904734	4	(28.73,198.585,1.895)	59.5063	-70.331
15.404964017577	2	(25.8878,149.495,1.895)	106.652	-75.3992
15.405159656343	8	(24.7638,269.929,1.895)	14.2255	-57.9011
15.410420700861	9	(27.8764,290.043,1.895)	33.9216	-65.4493
15.419172076066	1	(29.3058,136.885,1.895)	119.243	-76.3684
15.420336667087	5	(25.3253,209.763,1.895)	46.4482	-68.1792
15.425066219154	3	(29.0005,169.599,1.895)	86.5278	-73.5829
15.429642230819	0	(29.5611,109.535,1.895)	146.594	-78.1621
15.430111458793	6	(28.4383,229.836,1.895)	26.288	-63.235
15.441651904734	4	(28.7485,196.599,1.895)	59.5267	-70.334
15.504964017577	2	(25.9066,147.484,1.895)	106.69	-75.4023
15.505159656343	8	(24.7825,267.926,1.895)	14.1975	-57.884
15.510420700861	9	(27.8951,288.031,1.895)	33.8841	-65.4397
15.519172076066	1	(29.3244,134.893,1.895)	119.26	-76.3697
15.520336667087	5	(25.344,207.76,1.895)	46.4773	-68.1846
15.525066219154	3	(29.0192,167.596,1.895)	86.5568	-73.5858
15.529642230819	0	(29.5798,107.529,1.895)	146.626	-78.164
15.530111458793	6	(28.457,227.832,1.895)	26.3175	-63.2447
15.541651904734	4	(28.767,194.615,1.895)	59.5362	-70.3354
15.604964017577	2	(25.9253,145.482,1.895)	106.72	-75.4047
15.605159656343	8	(24.8012,265.915,1.895)	14.1598	-57.861
15.610420700861	9	(27.9138,286.03,1.895)	33.8546	-65.4321
15.619172076066	1	(29.3431,132.897,1.895)	119.285	-76.3715
15.620336667087	5	(25.3627,205.76,1.895)	46.5053	-68.1898
15.625066219154	3	(29.0379,165.596,1.895)	86.584	-73.5885
15.629642230819	0	(29.5985,105.524,1.895)	146.659	-78.166
15.630111458793	6	(28.4757,225.825,1.895)	26.3526	-63.2562
15.641651904734	4	(28.7856,192.628,1.895)	59.5511	-70.3376
15.704964017577	2	(25.9441,143.471,1.895)	106.757	-75.4078
15.705159656343	8	(24.82,263.906,1.895)	14.1248	-57.8394
15.710420700861	9	(27.9325,284.029,1.895)	33.8269	-65.425
15.719172076066	1	(29.3617,130.9,1.895)	119.309	-76.3732
15.720336667087	5	(25.3814,203.754,1.895)	46.5383	-68.196
15.725066219154	3	(29.0566,163.592,1.895)	86.6161	-73.5918
15.729642230819	0	(29.6172,103.523,1.895)	146.688	-78.1677
15.730111458793	6	(28.4944,223.825,1.895)	26.3801	-63.2653
15.741651904734	4	(28.8041,190.646,1.895)	59.5607	-70.339
15.804964017577	2	(25.9628,141.467,1.895)	106.788	-75.4103
15.805159656343	8	(24.8387,261.896,1.895)	14.0887	-57.8172
15.810420700861	9	(27.9512,282.022,1.895)	33.7929	-65.4163
15.819172076066	1	(29.3802,128.914,1.895)	119.322	-76.3742
15.820336667087	5	(25.4001,201.746,1.895)	46.5728	-68.2024
15.825066219154	3	(29.0753,161.587,1.895)	86.6479	-73.595
15.829642230819	0	(29.6359,101.516,1.895)	146.721	-78.1696
15.830111458793	6	(28.5131,221.821,1.895)	26.411	-63.2755
15.841651904734	4	(28.8226,188.661,1.895)	59.5721	-70.3406
15.904964017577	2	(25.9814,139.467,1.895)	106.818	-75.4127
15.905159656343	8	(24.8574,259.891,1.895)	14.0551	-57.7965
15.910420700861	9	(27.97,280.011,1.895)	33.7519	-65.4057
15.919172076066	1	(29.3988,126.923,1.895)	119.343	-76.3757
15.920336667087	5	(25.4189,199.741,1.895)	46.6072	-68.2088
15.925066219154	3	(29.094,159.584,1.895)	86.6806	-73.5982
15.929642230819	0	(29.6547,99.5056,1.895)	146.761	-78.172
15.930111458793	6	(28.5318,219.813,1.895)	26.4488	-63.2879
15.941651904734	4	(28.8411,186.676,1.895)	59.587	-70.3428
16.004964017577	2	(26.0001,137.468,1.895)	106.843	-75.4147
16.005159656343	8	(24.8762,257.88,1.895)	14.0195	-57.7745
16.010420700861	9	(27.9887,278.006,1.895)	33.7221	-65.3981
16.019172076066	1	(29.4175,124.918,1.895)	119.373	-76.3779
16.020336667087	5	(25.4376,197.731,1.895)	46.6427	-68.2155
16.025066219154	3	(29.1127,157.576,1.895)	86.7137	-73.6015
16.029642230819	0	(29.6735,97.4951,1.895)	146.797	-78.1741
16.030111458793	6	(28.5506,217.804,1.895)	26.4828	-63.2991
16.041651904734	4	(28.8597,184.686,1.895)	59.6021	-70.345
16.104964017577	2	(26.0188,135.46,1.895)	106.874	-75.4173
16.105159656343	8	(24.895,255.87,1.895)	13.9871	-57.7543
16.110420700861	9	(28.0074,276.002,1.895)	33.6941	-65.3909
16.119172076066	1	(29.4362,122.923,1.895)	119.392	-76.3793
16.120336667087	5	(25.4563,195.731,1.895)	46.6663	-68.2199
16.125066219154	3	(29.1314,155.572,1.895)	86.7414	-73.6043
16.129642230819	0	(29.6922,95.4907,1.895)	146.825	-78.1758
16.130111458793	6	(28.5693,215.795,1.895)	26.5152	-63.3097
16.141651904734	4	(28.8783,182.693,1.895)	59.619	-70.3475
16.204964017577	2	(26.0376,133.45,1.895)	106.904	-75.4197
16.205159656343	8	(24.9137,253.867,1.895)	13.9643	-57.7402
16.210420700861	9	(28.0261,274.002,1.895)	33.6739	-65.3857
16.219172076066	1	(29.4548,120.926,1.895)	119.409	-76.3805
16.220336667087	5	(25.4751,193.721,1.895)	46.6963	-68.2254
16.225066219154	3	(29.1501,153.568,1.895)	86.7653	-73.6067
16.229642230819	0	(29.7109,93.4831,1.895)	146.853	-78.1774
16.230111458793	6	(28.5881,213.788,1.895)	26.5425	-63.3186
16.241651904734	4	(28.8969,180.697,1.895)	59.6345	-70.3497
16.304964017577	2	(26.0563,131.441,1.895)	106.937	-75.4223
16.305159656343	8	(24.9325,251.855,1.895)	13.9303	-57.719
16.310420700861	9	(28.0448,271.992,1.895)	33.6407	-65.3771
16.319172076066	1	(29.4735,118.922,1.895)	119.437	-76.3825
16.320336667087	5	(25.4937,191.72,1.895)	46.7204	-68.2299
16.325066219154	3	(29.1688,151.563,1.895)	86.7942	-73.6096
16.329642230819	0	(29.7296,91.4768,1.895)	146.883	-78.1792
16.330111458793	6	(28.6068,211.782,1.895)	26.572	-63.3283
16.341651904734	4	(28.9155,178.702,1.895)	59.6536	-70.3525
16.404964017577	2	(26.075,129.439,1.895)	106.955	-75.4238
16.405159656343	8	(24.9511,249.855,1.895)	13.9141	-57.7089
16.410420700861	9	(28.0636,269.984,1.895)	33.6164	-65.3708
16.419172076066	1	(29.4921,116.926,1.895)	119.448	-76.3834
16.420336667087	5	(25.5124,189.714,1.895)	46.7431	-68.2341
16.425066219154	3	(29.1875,149.56,1.895)	86.8133	-73.6115
16.429642230819	0	(29.7484,89.4673,1.895)	146.909	-78.1807
16.430111458793	6	(28.6255,209.777,1.895)	26.5936	-63.3353
16.441651904734	4	(28.9341,176.711,1.895)	59.6608	-70.3536
16.504964017577	2	(26.0937,127.44,1.895)	106.98	-75.4258
16.505159656343	8	(24.9699,247.848,1.895)	13.8825	-57.6891
16.510420700861	9	(28.0822,267.985,1.895)	33.5917	-65.3644
16.519172076066	1	(29.5108,114.925,1.895)	119.475	-76.3853
16.520336667087	5	(25.5312,187.702,1.895)	46.7802	-68.241
16.525066219154	3	(29.2062,147.556,1.895)	86.8422	-73.6144
16.529642230819	0	(29.7671,87.4631,1.895)	146.938	-78.1825
16.530111458793	6	(28.6443,207.765,1.895)	26.6308	-63.3475
16.541651904734	4	(28.9527,174.72,1.895)	59.6769	-70.3559
16.604964017577	2	(26.1124,125.43,1.895)	107.004	-75.4278
16.605159656343	8	(24.9886,245.84,1.895)	13.8611	-57.6757
16.610420700861	9	(28.101,265.977,1.895)	33.5695	-65.3587
16.619172076066	1	(29.5294,112.932,1.895)	119.483	-76.3859
16.620336667087	5	(25.5499,185.699,1.895)	46.7978	-68.2443
16.625066219154	3	(29.225,145.547,1.895)	86.8659	-73.6168
16.629642230819	0	(29.7858,85.4549,1.895)	146.961	-78.1838
16.630111458793	6	(28.663,205.765,1.895)	26.6451	-63.3521
16.641651904734	4	(28.9713,172.725,1.895)	59.6871	-70.3574
16.704964017577	2	(26.1312,123.425,1.895)	107.03	-75.4299
16.705159656343	8	(25.0073,243.832,1.895)	13.833	-57.6581
16.710420700861	9	(28.1196,263.977,1.895)	33.5488	-65.3533
16.719172076066	1	(29.5481,110.928,1.895)	119.507	-76.3876
16.720336667087	5	(25.5687,183.692,1.895)	46.8251	-68.2494
16.725066219154	3	(29.2437,143.547,1.895)	86.887	-73.6189
16.729642230819	0	(29.8046,83.4512,1.895)	146.985	-78.1853
16.730111458793	6	(28.6817,203.759,1.895)	26.6721	-63.3609
16.741651904734	4	(28.99,170.73,1.895)	59.7027	-70.3597
16.804964017577	2	(26.1499,121.419,1.895)	107.048	-75.4313
16.805159656343	8	(25.0261,241.825,1.895)	13.8146	-57.6465
16.810420700861	9	(28.1383,261.974,1.895)	33.534	-65.3495
16.819172076066	1	(29.5667,108.938,1.895)	119.508	-76.3877
16.820336667087	5	(25.5874,181.688,1.895)	46.8407	-68.2523
16.825066219154	3	(29.2624,141.542,1.895)	86.9027	-73.6205
16.829642230819	0	(29.8233,81.4449,1.895)	147.003	-78.1863
16.830111458793	6	(28.7004,201.752,1.895)	26.691	-63.3671
16.841651904734	4	(29.0086,168.737,1.895)	59.7069	-70.3603
16.904964017577	2	(26.1686,119.411,1.895)	107.077	-75.4337
16.905159656343	8	(25.0448,239.82,1.895)	13.7891	-57.6305
16.910420700861	9	(28.157,259.975,1.895)	33.5128	-65.344
16.919172076066	1	(29.5853,106.942,1.895)	119.527	-76.3891
16.920336667087	5	(25.6061,179.685,1.895)	46.8661	-68.257
16.925066219154	3	(29.2811,139.536,1.895)	86.9314	-73.6233
16.929642230819	0	(29.842,79.4436,1.895)	147.026	-78.1877
16.930111458793	6	(28.7192,199.74,1.895)	26.7244	-63.378
16.941651904734	4	(29.0272,166.744,1.895)	59.7215	-70.3624
17.004964017577	2	(26.1874,117.404,1.895)	107.102	-75.4357
17.005159656343	8	(25.0635,237.818,1.895)	13.7694	-57.6181
17.010420700861	9	(28.1757,257.97,1.895)	33.4904	-65.3382
17.019172076066	1	(29.6039,104.949,1.895)	119.537	-76.3898
17.020336667087	5	(25.6248,177.679,1.895)	46.8898	-68.2614
17.025066219154	3	(29.2998,137.532,1.895)	86.9524	-73.6254
17.029642230819	0	(29.8606,77.4438,1.895)	147.044	-78.1887
17.030111458793	6	(28.7379,197.732,1.895)	26.7507	-63.3865
17.041651904734	4	(29.0457,164.755,1.895)	59.7288	-70.3635
17.104964017577	2	(26.206,115.403,1.895)	107.111	-75.4365
17.105159656343	8	(25.0822,235.816,1.895)	13.7588	-57.6114
17.110420700861	9	(28.1944,255.968,1.895)	33.4795	-65.3354
17.119172076066	1	(29.6225,102.959,1.895)	119.537	-76.3898
17.120336667087	5	(25.6434,175.679,1.895)	46.8982	-68.2629
17.125066219154	3	(29.3185,135.524,1.895)	86.9697	-73.6272
17.129642230819	0	(29.8794,75.4334,1.895)	147.063	-78.1899
17.130111458793	6	(28.7567,195.721,1.895)	26.7705	-63.3929
17.141651904734	4	(29.0643,162.762,1.895)	59.7308	-70.3638
17.204964017577	2	(26.2248,113.392,1.895)	107.137	-75.4386
17.205159656343	8	(25.1009,233.807,1.895)	13.736	-57.597
17.210420700861	9	(28.2132,253.958,1.895)	33.4552	-65.329
17.219172076066	1	(29.6412,100.955,1.895)	119.555	-76.3911
17.220336667087	5	(25.6622,173.668,1.895)	46.9245	-68.2678
17.225066219154	3	(29.3373,133.515,1.895)	86.993	-73.6295
17.229642230819	0	(29.8981,73.4232,1.895)	147.088	-78.1913
17.230111458793	6	(28.7754,193.72,1.895)	26.7858	-63.3979
17.241651904734	4	(29.0829,160.767,1.895)	59.7407	-70.3652
17.304964017577	2	(26.2435,111.393,1.895)	107.159	-75.4404
17.305159656343	8	(25.1197,231.797,1.895)	13.7042	-57.5769
17.310420700861	9	(28.2318,251.959,1.895)	33.433	-65.3233
17.319172076066	1	(29.6599,98.9477,1.895)	119.585	-76.3933
17.320336667087	5	(25.6809,171.661,1.895)	46.9531	-68.2731
17.325066219154	3	(29.356,131.511,1.895)	87.0198	-73.6322
17.329642230819	0	(29.9169,71.4155,1.895)	147.118	-78.1931
17.330111458793	6	(28.794,191.72,1.895)	26.8081	-63.4051
17.341651904734	4	(29.1016,158.772,1.895)	59.7578	-70.3677
17.404964017577	2	(26.2621,109.392,1.895)	107.178	-75.4419
17.405159656343	8	(25.1383,229.797,1.895)	13.687	-57.566
17.410420700861	9	(28.2506,249.95,1.895)	33.4058	-65.3162
17.419172076066	1	(29.6785,96.9536,1.895)	119.597	-76.3942
17.420336667087	5	(25.6997,169.65,1.895)	46.9822	-68.2785
17.425066219154	3	(29.3747,129.511,1.895)	87.0382	-73.634
17.429642230819	0	(29.9356,69.4113,1.895)	147.14	-78.1944
17.430111458793	6	(28.8127,189.718,1.895)	26.8278	-63.4115
17.441651904734	4	(29.1202,156.778,1.895)	59.7697	-70.3694
17.504964017577	2	(26.2809,107.382,1.895)	107.2	-75.4437
17.505159656343	8	(25.157,227.794,1.895)	13.6722	-57.5565
17.510420700861	9	(28.2693,247.939,1.895)	33.3828	-65.3102
17.519172076066	1	(29.6972,94.9579,1.895)	119.605	-76.3948
17.520336667087	5	(25.7184,167.648,1.895)	46.9965	-68.2811
17.525066219154	3	(29.3933,127.511,1.895)	87.0507	-73.6352
17.529642230819	0	(29.9543,67.4018,1.895)	147.162	-78.1957
17.530111458793	6	(28.8315,187.707,1.895)	26.852	-63.4193
17.541651904734	4	(29.1387,154.793,1.895)	59.7668	-70.369
17.604964017577	2	(26.2996,105.377,1.895)	107.219	-75.4452
17.605159656343	8	(25.1757,225.79,1.895)	13.6548	-57.5455
17.610420700861	9	(28.288,245.938,1.895)	33.3689	-65.3066
17.619172076066	1	(29.7159,92.9523,1.895)	119.624	-76.3961
17.620336667087	5	(25.7371,165.644,1.895)	47.0138	-68.2843
17.625066219154	3	(29.4121,125.5,1.895)	87.075	-73.6377
17.629642230819	0	(29.9731,65.3948,1.895)	147.183	-78.1969
17.630111458793	6	(28.8502,185.708,1.895)	26.8647	-63.4234
17.641651904734	4	(29.1573,152.799,1.895)	59.7743	-70.3701
17.704964017577	2	(26.3184,103.366,1.895)	107.255	-75.4482
17.705159656343	8	(25.1945,223.784,1.895)	13.6247	-57.5263
17.710420700861	9	(28.3067,243.939,1.895)	33.3443	-65.3002
17.719172076066	1	(29.7346,90.9471,1.895)	119.654	-76.3984
17.720336667087	5	(25.7558,163.636,1.895)	47.0474	-68.2905
17.725066219154	3	(29.4308,123.494,1.895)	87.1059	-73.6407
17.729642230819	0	(29.9918,63.389,1.895)	147.214	-78.1988
17.730111458793	6	(28.8689,183.702,1.895)	26.8952	-63.4333
17.741651904734	4	(29.176,150.8,1.895)	59.7986	-70.3736
17.804964017577	2	(26.3371,101.359,1.895)	107.274	-75.4497
17.805159656343	8	(25.2131,221.783,1.895)	13.6122	-57.5183
17.810420700861	9	(28.3254,241.93,1.895)	33.3232	-65.2947
17.819172076066	1	(29.7533,88.9428,1.895)	119.671	-76.3996
17.820336667087	5	(25.7746,161.625,1.895)	47.07	-68.2947
17.825066219154	3	(29.4495,121.488,1.895)	87.1237	-73.6425
17.829642230819	0	(30.0106,61.3776,1.895)	147.237	-78.2001
17.830111458793	6	(28.8876,181.696,1.895)	26.9134	-63.4392
17.841651904734	4	(29.1946,148.803,1.895)	59.8083	-70.375
17.904964017577	2	(26.3558,99.3524,1.895)	107.295	-75.4514
17.905159656343	8	(25.2318,219.78,1.895)	13.5952	-57.5075
17.910420700861	9	(28.3442,239.923,1.895)	33.3019	-65.2892
17.919172076066	1	(29.772,86.9368,1.895)	119.691	-76.401
17.920336667087	5	(25.7934,159.614,1.895)	47.0954	-68.2994
17.925066219154	3	(29.4682,119.488,1.895)	87.1389	-73.644
17.929642230819	0	(30.0293,59.3672,1.895)	147.262	-78.2016
17.930111458793	6	(28.9063,179.689,1.895)	26.9345	-63.446
17.941651904734	4	(29.2132,146.811,1.895)	59.8145	-70.3759
18.004964017577	2	(26.3746,97.3457,1.895)	107.317	-75.4532
18.005159656343	8	(25.2506,217.774,1.895)	13.5739	-57.4939
18.010420700861	9	(28.3628,237.923,1.895)	33.2862	-65.2851
18.019172076066	1	(29.7907,84.9351,1.895)	119.709	-76.4023
18.020336667087	5	(25.8122,157.603,1.895)	47.1227	-68.3044
18.025066219154	3	(29.4869,117.484,1.895)	87.1579	-73.6459
18.029642230819	0	(30.0481,57.3602,1.895)	147.285	-78.2029
18.030111458793	6	(28.925,177.686,1.895)	26.954	-63.4522
18.041651904734	4	(29.2318,144.814,1.895)	59.8266	-70.3777
18.104964017577	2	(26.3933,95.3423,1.895)	107.333	-75.4545
18.105159656343	8	(25.2692,215.771,1.895)	13.5596	-57.4847
18.110420700861	9	(28.3815,235.921,1.895)	33.272	-65.2814
18.119172076066	1	(29.8094,82.9349,1.895)	119.721	-76.4032
18.120336667087	5	(25.8309,155.6,1.895)	47.1381	-68.3072
18.125066219154	3	(29.5056,115.476,1.895)	87.1781	-73.6479
18.129642230819	0	(30.0668,55.3524,1.895)	147.305	-78.2041
18.130111458793	6	(28.9437,175.684,1.895)	26.9674	-63.4566
18.141651904734	4	(29.2505,142.816,1.895)	59.8371	-70.3792
18.204964017577	2	(26.412,93.3357,1.895)	107.35	-75.4558
18.205159656343	8	(25.288,213.763,1.895)	13.542	-57.4734
18.210420700861	9	(28.4002,233.916,1.895)	33.2565	-65.2773
18.219172076066	1	(29.8281,80.9275,1.895)	119.739	-76.4045
18.220336667087	5	(25.8496,153.591,1.895)	47.1567	-68.3107
18.225066219154	3	(29.5244,113.472,1.895)	87.1931	-73.6494
18.229642230819	0	(30.0855,53.3498,1.895)	147.318	-78.2049
18.230111458793	6	(28.9624,173.678,1.895)	26.9846	-63.4621
18.241651904734	4	(29.2691,140.822,1.895)	59.8413	-70.3798
18.304964017577	2	(26.4307,91.3317,1.895)	107.359	-75.4566
18.305159656343	8	(25.3067,211.761,1.895)	13.534	-57.4683
18.310420700861	9	(28.4189,231.913,1.895)	33.248	-65.2751
18.319172076066	1	(29.8467,78.9322,1.895)	119.74	-76.4045
18.320336667087	5	(25.8684,151.58,1.895)	47.1729	-68.3136
18.325066219154	3	(29.5431,111.46,1.895)	87.2101	-73.6511
18.329642230819	0	(30.1042,51.3465,1.895)	147.326	-78.2054
18.330111458793	6	(28.9811,171.677,1.895)	26.9904	-63.464
18.341651904734	4	(29.2876,138.834,1.895)	59.8353	-70.3789
18.404964017577	2	(26.4494,89.331,1.895)	107.376	-75.4579
18.405159656343	8	(25.3255,209.749,1.895)	13.5074	-57.4512
18.410420700861	9	(28.4376,229.912,1.895)	33.2305	-65.2705
18.419172076066	1	(29.8654,76.9348,1.895)	119.753	-76.4055
18.420336667087	5	(25.887,149.58,1.895)	47.1891	-68.3166
18.425066219154	3	(29.5618,109.46,1.895)	87.2259	-73.6527
18.429642230819	0	(30.123,49.3345,1.895)	147.354	-78.2071
18.430111458793	6	(28.9998,169.678,1.895)	27.0058	-63.4689
18.441651904734	4	(29.3063,136.832,1.895)	59.8531	-70.3815
18.504964017577	2	(26.4681,87.3239,1.895)	107.404	-75.4602
18.505159656343	8	(25.3442,207.74,1.895)	13.4783	-57.4325
18.510420700861	9	(28.4563,227.909,1.895)	33.2073	-65.2645
18.519172076066	1	(29.8841,74.9235,1.895)	119.785	-76.4078
18.520336667087	5	(25.9057,147.581,1.895)	47.2087	-68.3202
18.525066219154	3	(29.5805,107.46,1.895)	87.2473	-73.6548
18.529642230819	0	(30.1417,47.3272,1.895)	147.382	-78.2087
18.530111458793	6	(29.0185,167.676,1.895)	27.0283	-63.4762
18.541651904734	4	(29.3249,134.841,1.895)	59.8643	-70.3831
18.604964017577	2	(26.4868,85.3168,1.895)	107.421	-75.4616
18.605159656343	8	(25.363,205.731,1.895)	13.4598	-57.4206
18.610420700861	9	(28.4751,225.897,1.895)	33.1854	-65.2587
18.619172076066	1	(29.9029,72.9168,1.895)	119.802	-76.409
18.620336667087	5	(25.9244,145.577,1.895)	47.2224	-68.3227
18.625066219154	3	(29.5992,105.455,1.895)	87.2624	-73.6563
18.629642230819	0	(30.1604,45.3193,1.895)	147.4	-78.2098
18.630111458793	6	(29.0372,165.668,1.895)	27.0468	-63.4821
18.641651904734	4	(29.3436,132.844,1.895)	59.8718	-70.3842
18.704964017577	2	(26.5056,83.3062,1.895)	107.444	-75.4635
18.705159656343	8	(25.3817,203.722,1.895)	13.4393	-57.4073
18.710420700861	9	(28.4938,223.89,1.895)	33.1655	-65.2535
18.719172076066	1	(29.9216,70.9094,1.895)	119.822	-76.4105
18.720336667087	5	(25.9432,143.566,1.895)	47.2466	-68.3272
18.725066219154	3	(29.6179,103.449,1.895)	87.2804	-73.6581
18.729642230819	0	(30.1792,43.3092,1.895)	147.423	-78.2111
18.730111458793	6	(29.056,163.658,1.895)	27.0686	-63.4891
18.741651904734	4	(29.3622,130.843,1.895)	59.8857	-70.3862
18.804964017577	2	(26.5244,81.2964,1.895)	107.457	-75.4645
18.805159656343	8	(25.4004,201.718,1.895)	13.4322	-57.4027
18.810420700861	9	(28.5125,221.882,1.895)	33.1552	-65.2508
18.819172076066	1	(29.9403,68.9094,1.895)	119.824	-76.4107
18.820336667087	5	(25.9619,141.555,1.895)	47.2604	-68.3297
18.825066219154	3	(29.6366,101.449,1.895)	87.2835	-73.6584
18.829642230819	0	(30.1979,41.3091,1.895)	147.426	-78.2113
18.830111458793	6	(29.0746,161.658,1.895)	27.0715	-63.49
18.841651904734	4	(29.3809,128.846,1.895)	59.8847	-70.3861
18.904964017577	2	(26.5431,79.2871,1.895)	107.484	-75.4667
18.905159656343	8	(25.4191,199.711,1.895)	13.4088	-57.3876
18.910420700861	9	(28.5313,219.876,1.895)	33.1309	-65.2444
18.919172076066	1	(29.9589,66.9144,1.895)	119.837	-76.4116
18.920336667087	5	(25.9806,139.552,1.895)	47.2809	-68.3335
18.925066219154	3	(29.6553,99.4408,1.895)	87.3094	-73.661
18.929642230819	0	(30.2166,39.3027,1.895)	147.45	-78.2127
18.930111458793	6	(29.0934,159.647,1.895)	27.1004	-63.4993
18.941651904734	4	(29.3995,126.853,1.895)	59.8965	-70.3878
19.004964017577	2	(26.5618,77.285,1.895)	107.49	-75.4671
19.005159656343	8	(25.4378,197.712,1.895)	13.4055	-57.3855
19.010420700861	9	(28.5499,217.875,1.895)	33.1267	-65.2434
19.019172076066	1	(29.9776,64.9075,1.895)	119.848	-76.4124
19.020336667087	5	(25.9994,137.545,1.895)	47.2913	-68.3354
19.025066219154	3	(29.6741,97.4334,1.895)	87.3203	-73.6621
19.029642230819	0	(30.2354,37.2928,1.895)	147.464	-78.2135
19.030111458793	6	(29.1122,157.636,1.895)	27.1147	-63.5039
19.041651904734	4	(29.4181,124.859,1.895)	59.8933	-70.3874
19.104964017577	2	(26.5805,75.2845,1.895)	107.493	-75.4674
19.105159656343	8	(25.4565,195.709,1.895)	13.3996	-57.3816
19.110420700861	9	(28.5687,215.869,1.895)	33.1175	-65.2409
19.119172076066	1	(29.9963,62.9102,1.895)	119.848	-76.4124
19.120336667087	5	(26.0181,135.542,1.895)	47.2977	-68.3366
19.125066219154	3	(29.6927,95.4334,1.895)	87.3235	-73.6624
19.129642230819	0	(30.2541,35.2834,1.895)	147.476	-78.2142
19.130111458793	6	(29.1309,155.632,1.895)	27.1223	-63.5063
19.141651904734	4	(29.4367,122.865,1.895)	59.8912	-70.3871
19.204964017577	2	(26.5992,73.2791,1.895)	107.508	-75.4686
19.205159656343	8	(25.4752,193.702,1.895)	13.3832	-57.371
19.210420700861	9	(28.5874,213.86,1.895)	33.0983	-65.2359
19.219172076066	1	(30.015,60.9049,1.895)	119.863	-76.4135
19.220336667087	5	(26.0368,133.538,1.895)	47.3111	-68.339
19.225066219154	3	(29.7114,93.4286,1.895)	87.3382	-73.6639
19.229642230819	0	(30.2729,33.2747,1.895)	147.495	-78.2153
19.230111458793	6	(29.1496,153.622,1.895)	27.1424	-63.5128
19.241651904734	4	(29.4553,120.869,1.895)	59.8965	-70.3878
19.304964017577	2	(26.6179,71.2761,1.895)	107.512	-75.4689
19.305159656343	8	(25.494,191.693,1.895)	13.3748	-57.3655
19.310420700861	9	(28.6062,211.851,1.895)	33.089	-65.2335
19.319172076066	1	(30.0337,58.9023,1.895)	119.866	-76.4137
19.320336667087	5	(26.0555,131.533,1.895)	47.3167	-68.3401
19.325066219154	3	(29.7301,91.4278,1.895)	87.3395	-73.664
19.329642230819	0	(30.2916,31.264,1.895)	147.506	-78.216
19.330111458793	6	(29.1684,151.615,1.895)	27.1496	-63.5151
19.341651904734	4	(29.474,118.868,1.895)	59.8981	-70.3881
19.404964017577	2	(26.6367,69.2648,1.895)	107.532	-75.4706
19.405159656343	8	(25.5126,189.694,1.895)	13.3668	-57.3604
19.410420700861	9	(28.6249,209.841,1.895)	33.0703	-65.2285
19.419172076066	1	(30.0524,56.8911,1.895)	119.887	-76.4152
19.420336667087	5	(26.0742,129.529,1.895)	47.3299	-68.3425
19.425066219154	3	(29.7488,89.4237,1.895)	87.3525	-73.6653
19.429642230819	0	(30.3103,29.2618,1.895)	147.517	-78.2166
19.430111458793	6	(29.1871,149.611,1.895)	27.163	-63.5193
19.441651904734	4	(29.4926,116.871,1.895)	59.9043	-70.389
19.504964017577	2	(26.6554,67.254,1.895)	107.552	-75.4722
19.505159656343	8	(25.5313,187.694,1.895)	13.3574	-57.3542
19.510420700861	9	(28.6436,207.84,1.895)	33.0595	-65.2257
19.519172076066	1	(30.0711,54.8962,1.895)	119.891	-76.4155
19.520336667087	5	(26.0929,127.526,1.895)	47.3421	-68.3447
19.525066219154	3	(29.7675,87.4197,1.895)	87.3658	-73.6666
19.529642230819	0	(30.329,27.2625,1.895)	147.526	-78.2171
19.530111458793	6	(29.2058,147.603,1.895)	27.1799	-63.5248
19.541651904734	4	(29.5112,114.881,1.895)	59.9033	-70.3888
19.604964017577	2	(26.6742,65.246,1.895)	107.563	-75.4731
19.605159656343	8	(25.55,185.689,1.895)	13.3497	-57.3492
19.610420700861	9	(28.6623,205.837,1.895)	33.0537	-65.2242
19.619172076066	1	(30.0896,52.9065,1.895)	119.884	-76.415
19.620336667087	5	(26.1116,125.525,1.895)	47.3463	-68.3455
19.625066219154	3	(29.7862,85.4131,1.895)	87.3755	-73.6676
19.629642230819	0	(30.3477,25.256,1.895)	147.535	-78.2177
19.630111458793	6	(29.2245,145.603,1.895)	27.1829	-63.5257
19.641651904734	4	(29.5298,112.885,1.895)	59.9023	-70.3887
19.704964017577	2	(26.6928,63.2455,1.895)	107.574	-75.4739
19.705159656343	8	(25.5688,183.682,1.895)	13.333	-57.3383
19.710420700861	9	(28.681,203.833,1.895)	33.039	-65.2203
19.719172076066	1	(30.1084,50.8984,1.895)	119.902	-76.4163
19.720336667087	5	(26.1303,123.514,1.895)	47.3679	-68.3495
19.725066219154	3	(29.805,83.4024,1.895)	87.3965	-73.6697
19.730111458793	6	(29.2431,143.604,1.895)	27.1924	-63.5287
19.741651904734	4	(29.5485,110.884,1.895)	59.9141	-70.3904
19.804964017577	2	(26.7115,61.2448,1.895)	107.589	-75.4751
19.805159656343	8	(25.5875,181.676,1.895)	13.3139	-57.3259
19.810420700861	9	(28.6997,201.832,1.895)	33.0247	-65.2166
19.819172076066	1	(30.1271,48.8912,1.895)	119.923	-76.4178
19.820336667087	5	(26.149,121.51,1.895)	47.3852	-68.3526
19.825066219154	3	(29.8237,81.3962,1.895)	87.4164	-73.6717
19.830111458793	6	(29.2619,141.596,1.895)	27.2137	-63.5356
19.841651904734	4	(29.5672,108.884,1.895)	59.9276	-70.3923
19.904964017577	2	(26.7302,59.2429,1.895)	107.602	-75.4762
19.905159656343	8	(25.6061,179.676,1.895)	13.3023	-57.3183
19.910420700861	9	(28.7184,199.821,1.895)	33.0019	-65.2106
19.919172076066	1	(30.1458,46.8921,1.895)	119.934	-76.4186
19.920336667087	5	(26.1677,119.51,1.895)	47.3965	-68.3547
19.925066219154	3	(29.8425,79.3896,1.895)	87.4348	-73.6735
19.930111458793	6	(29.2805,139.596,1.895)	27.2258	-63.5394
19.941651904734	4	(29.5858,106.884,1.895)	59.9392	-70.394
20.004964017577	2	(26.7489,57.2413,1.895)	107.619	-75.4775
20.005159656343	8	(25.6248,177.673,1.895)	13.2848	-57.3069
20.010420700861	9	(28.7372,197.811,1.895)	32.9772	-65.2041
20.019172076066	1	(30.1645,44.8832,1.895)	119.958	-76.4203
20.020336667087	5	(26.1864,117.507,1.895)	47.4144	-68.358
20.025066219154	3	(29.8612,77.3808,1.895)	87.4585	-73.6758
20.030111458793	6	(29.2993,137.587,1.895)	27.2498	-63.5471
20.041651904734	4	(29.6045,104.886,1.895)	59.9525	-70.3959
20.104964017577	2	(26.7676,55.2391,1.895)	107.625	-75.478
20.105159656343	8	(25.6435,175.67,1.895)	13.2789	-57.303
20.110420700861	9	(28.7559,195.802,1.895)	32.9643	-65.2007
20.119172076066	1	(30.1833,42.875,1.895)	119.969	-76.4212
20.120336667087	5	(26.2051,115.507,1.895)	47.4179	-68.3586
20.125066219154	3	(29.8799,75.3751,1.895)	87.4678	-73.6768
20.130111458793	6	(29.318,135.577,1.895)	27.2629	-63.5512
20.141651904734	4	(29.6232,102.884,1.895)	59.9574	-70.3966
20.204964017577	2	(26.7863,53.2373,1.895)	107.627	-75.4782
20.205159656343	8	(25.6622,173.669,1.895)	13.2773	-57.302
20.210420700861	9	(28.7746,193.801,1.895)	32.9626	-65.2002
20.219172076066	1	(30.202,40.8688,1.895)	119.976	-76.4217
20.220336667087	5	(26.2238,113.503,1.895)	47.4235	-68.3597
20.225066219154	3	(29.8987,73.365,1.895)	87.4786	-73.6778
20.230111458793	6	(29.3368,133.571,1.895)	27.2699	-63.5535
20.241651904734	4	(29.6418,100.892,1.895)	59.9502	-70.3956
20.304964017577	2	(26.805,51.2265,1.895)	107.641	-75.4793
20.305159656343	8	(25.6809,171.667,1.895)	13.272	-57.2985
20.310420700861	9	(28.7934,191.792,1.895)	32.9509	-65.1971
20.319172076066	1	(30.2208,38.8582,1.895)	119.99	-76.4227
20.320336667087	5	(26.2425,111.501,1.895)	47.4278	-68.3604
20.325066219154	3	(29.9173,71.3657,1.895)	87.4809	-73.6781
20.330111458793	6	(29.3555,131.569,1.895)	27.2748	-63.555
20.341651904734	4	(29.6605,98.8855,1.895)	59.9599	-70.397
20.404964017577	2	(26.8238,49.2156,1.895)	107.66	-75.4809
20.405159656343	8	(25.6996,169.66,1.895)	13.2577	-57.2892
20.410420700861	9	(28.8121,189.784,1.895)	32.9337	-65.1926
20.419172076066	1	(30.2395,36.8515,1.895)	120.005	-76.4238
20.420336667087	5	(26.2612,109.49,1.895)	47.4475	-68.3641
20.425066219154	3	(29.9361,69.3552,1.895)	87.4999	-73.6799
20.430111458793	6	(29.3742,129.565,1.895)	27.2877	-63.5591
20.441651904734	4	(29.6791,96.8972,1.895)	59.9567	-70.3965
20.504964017577	2	(26.8425,47.2073,1.895)	107.681	-75.4825
20.505159656343	8	(25.7183,167.661,1.895)	13.246	-57.2815
20.510420700861	9	(28.8309,187.772,1.895)	32.9095	-65.1862
20.519172076066	1	(30.2582,34.8411,1.895)	120.028	-76.4254
20.520336667087	5	(26.2799,107.486,1.895)	47.464	-68.3671
20.525066219154	3	(29.9548,67.3532,1.895)	87.5142	-73.6814
20.530111458793	6	(29.3929,127.561,1.895)	27.3041	-63.5643
20.541651904734	4	(29.6977,94.9005,1.895)	59.9657	-70.3978
20.604964017577	2	(26.8613,45.2005,1.895)	107.688	-75.4832
20.605159656343	8	(25.737,165.652,1.895)	13.2368	-57.2755
20.610420700861	9	(28.8497,185.76,1.895)	32.8973	-65.183
20.619172076066	1	(30.2769,32.8379,1.895)	120.032	-76.4257
20.620336667087	5	(26.2986,105.486,1.895)	47.4645	-68.3672
20.625066219154	3	(29.9735,65.3446,1.895)	87.5236	-73.6823
20.630111458793	6	(29.4116,125.555,1.895)	27.3105	-63.5664
20.641651904734	4	(29.7164,92.901,1.895)	59.9659	-70.3979
20.704964017577	2	(26.88,43.1887,1.895)	107.709	-75.4849
20.705159656343	8	(25.7557,163.652,1.895)	13.2278	-57.2696
20.710420700861	9	(28.8684,183.756,1.895)	32.8836	-65.1794
20.719172076066	1	(30.2957,30.8312,1.895)	120.048	-76.4269
20.720336667087	5	(26.3173,103.482,1.895)	47.4775	-68.3696
20.725066219154	3	(29.9922,63.3416,1.895)	87.536	-73.6835
20.730111458793	6	(29.4303,123.552,1.895)	27.3227	-63.5703
20.741651904734	4	(29.735,90.8978,1.895)	59.9786	-70.3997
20.804964017577	2	(26.8987,41.1861,1.895)	107.722	-75.4859
20.805159656343	8	(25.7744,161.652,1.895)	13.2191	-57.2638
20.810420700861	9	(28.8871,181.754,1.895)	32.8722	-65.1764
20.819172076066	1	(30.3144,28.8252,1.895)	120.063	-76.428
20.820336667087	5	(26.336,101.477,1.895)	47.492	-68.3722
20.825066219154	3	(30.011,61.3342,1.895)	87.5529	-73.6852
20.830111458793	6	(29.4489,121.552,1.895)	27.3325	-63.5734
20.841651904734	4	(29.7537,88.9022,1.895)	59.9838	-70.4005
20.904964017577	2	(26.9175,39.179,1.895)	107.743	-75.4876
20.905159656343	8	(25.7931,159.649,1.895)	13.2021	-57.2527
20.910420700861	9	(28.9058,179.745,1.895)	32.849	-65.1702
20.919172076066	1	(30.3331,26.8213,1.895)	120.081	-76.4293
20.920336667087	5	(26.3547,99.4702,1.895)	47.5134	-68.3761
20.925066219154	3	(30.0297,59.3282,1.895)	87.5732	-73.6872
20.930111458793	6	(29.4677,119.541,1.895)	27.3577	-63.5814
20.941651904734	4	(29.7724,86.8987,1.895)	60.0015	-70.403
21.004964017577	2	(26.9362,37.1686,1.895)	107.752	-75.4883
21.005159656343	8	(25.8118,157.64,1.895)	13.1946	-57.2477
21.010420700861	9	(28.9245,177.743,1.895)	32.8481	-65.17
21.020336667087	5	(26.3735,97.4593,1.895)	47.5229	-68.3778
21.025066219154	3	(30.0485,57.3187,1.895)	87.5814	-73.688
21.030111458793	6	(29.4864,117.534,1.895)	27.363	-63.5831
21.041651904734	4	(29.791,84.9004,1.895)	59.9984	-70.4026
21.104964017577	2	(26.9549,35.1661,1.895)	107.754	-75.4884
21.105159656343	8	(25.8305,155.637,1.895)	13.1923	-57.2462
21.110420700861	9	(28.9432,175.736,1.895)	32.8424	-65.1685
21.120336667087	5	(26.3922,95.4543,1.895)	47.5272	-68.3786
21.125066219154	3	(30.0672,55.313,1.895)	87.5863	-73.6885
21.130111458793	6	(29.5052,115.522,1.895)	27.3742	-63.5866
21.141651904734	4	(29.8098,82.893,1.895)	60.0051	-70.4036
21.204964017577	2	(26.9737,33.1551,1.895)	107.759	-75.4888
21.205159656343	8	(25.8493,153.629,1.895)	13.1901	-57.2448
21.210420700861	9	(28.962,173.727,1.895)	32.8394	-65.1677
21.220336667087	5	(26.411,93.4432,1.895)	47.5321	-68.3795
21.225066219154	3	(30.0859,53.3038,1.895)	87.5893	-73.6888
21.230111458793	6	(29.5239,113.523,1.895)	27.3678	-63.5846
21.241651904734	4	(29.8284,80.8915,1.895)	60.0004	-70.4029
21.304964017577	2	(26.9924,31.151,1.895)	107.77	-75.4897
21.305159656343	8	(25.8679,151.626,1.895)	13.1808	-57.2386
21.310420700861	9	(28.9807,171.723,1.895)	32.8283	-65.1648
21.320336667087	5	(26.4297,91.4425,1.895)	47.5398	-68.3809
21.325066219154	3	(30.1046,51.3023,1.895)	87.5979	-73.6897
21.330111458793	6	(29.5426,111.513,1.895)	27.3848	-63.59
21.341651904734	4	(29.8472,78.8844,1.895)	60.0146	-70.4049
21.404964017577	2	(27.0111,29.1485,1.895)	107.774	-75.49
21.405159656343	8	(25.8866,149.623,1.895)	13.1763	-57.2357
21.410420700861	9	(28.9994,169.722,1.895)	32.8256	-65.164
21.420336667087	5	(26.4484,89.4321,1.895)	47.5515	-68.3831
21.425066219154	3	(30.1233,49.2998,1.895)	87.6017	-73.69
21.430111458793	6	(29.5613,109.509,1.895)	27.3898	-63.5916
21.441651904734	4	(29.8658,76.8928,1.895)	60.0075	-70.4039
21.504964017577	2	(27.0299,27.137,1.895)	107.791	-75.4914
21.505159656343	8	(25.9054,147.612,1.895)	13.1599	-57.2248
21.510420700861	9	(29.0181,167.714,1.895)	32.8116	-65.1603
21.520336667087	5	(26.4672,87.4264,1.895)	47.563	-68.3852
21.525066219154	3	(30.142,47.2998,1.895)	87.6076	-73.6906
21.530111458793	6	(29.5801,107.498,1.895)	27.4069	-63.597
21.541651904734	4	(29.8845,74.8901,1.895)	60.016	-70.4051
21.604964017577	2	(27.0486,25.1349,1.895)	107.796	-75.4919
21.605159656343	8	(25.9242,145.6,1.895)	13.1456	-57.2154
21.610420700861	9	(29.0369,165.703,1.895)	32.7978	-65.1567
21.620336667087	5	(26.4858,85.4238,1.895)	47.5689	-68.3862
21.625066219154	3	(30.1607,45.2932,1.895)	87.6174	-73.6916
21.630111458793	6	(29.5989,105.488,1.895)	27.4199	-63.6011
21.641651904734	4	(29.9031,72.8943,1.895)	60.0151	-70.405
21.705159656343	8	(25.9429,143.595,1.895)	13.1359	-57.209
21.710420700861	9	(29.0556,163.701,1.895)	32.7901	-65.1546
21.720336667087	5	(26.5045,83.4225,1.895)	47.5754	-68.3874
21.725066219154	3	(30.1794,43.2874,1.895)	87.6284	-73.6927
21.730111458793	6	(29.6175,103.488,1.895)	27.4256	-63.6029
21.741651904734	4	(29.9217,70.8948,1.895)	60.0198	-70.4057
21.805159656343	8	(25.9616,141.589,1.895)	13.122	-57.1998
21.810420700861	9	(29.0743,161.693,1.895)	32.7751	-65.1507
21.820336667087	5	(26.5232,81.4181,1.895)	47.5875	-68.3896
21.825066219154	3	(30.1981,41.281,1.895)	87.6426	-73.6941
21.830111458793	6	(29.6362,101.485,1.895)	27.4362	-63.6063
21.841651904734	4	(29.9404,68.893,1.895)	60.0294	-70.4071
21.905159656343	8	(25.9803,139.589,1.895)	13.1218	-57.1997
21.910420700861	9	(29.093,159.69,1.895)	32.7712	-65.1496
21.920336667087	5	(26.5419,79.4178,1.895)	47.5888	-68.3899
21.925066219154	3	(30.2168,39.2786,1.895)	87.6459	-73.6944
21.930111458793	6	(29.655,99.4729,1.895)	27.449	-63.6103
21.941651904734	4	(29.9591,66.897,1.895)	60.0264	-70.4066
22.005159656343	8	(25.999,137.589,1.895)	13.128	-57.2038
22.010420700861	9	(29.1117,157.69,1.895)	32.7766	-65.1511
22.020336667087	5	(26.5606,77.4148,1.895)	47.5854	-68.3893
22.025066219154	3	(30.2356,37.2671,1.895)	87.6511	-73.6949
22.030111458793	6	(29.6737,97.4725,1.895)	27.4431	-63.6084
22.041651904734	4	(29.9777,64.9021,1.895)	60.0148	-70.405
22.105159656343	8	(26.0177,135.584,1.895)	13.1144	-57.1948
22.110420700861	9	(29.1303,155.69,1.895)	32.768	-65.1488
22.120336667087	5	(26.5793,75.4091,1.895)	47.5998	-68.3919
22.125066219154	3	(30.2544,35.257,1.895)	87.67	-73.6968
22.130111458793	6	(29.6924,95.4652,1.895)	27.4591	-63.6135
22.141651904734	4	(29.9964,62.8919,1.895)	60.0339	-70.4077
22.205159656343	8	(26.0363,133.584,1.895)	13.1152	-57.1953
22.210420700861	9	(29.1491,153.679,1.895)	32.7582	-65.1462
22.220336667087	5	(26.5981,73.4004,1.895)	47.6079	-68.3934
22.225066219154	3	(30.2731,33.2532,1.895)	87.673	-73.6971
22.230111458793	6	(29.7111,93.4623,1.895)	27.4614	-63.6142
22.241651904734	4	(30.0152,60.8849,1.895)	60.0402	-70.4086
22.305159656343	8	(26.0551,131.579,1.895)	13.1081	-57.1906
22.310420700861	9	(29.1678,151.671,1.895)	32.7479	-65.1435
22.320336667087	5	(26.6168,71.3963,1.895)	47.6136	-68.3944
22.325066219154	3	(30.2917,31.2538,1.895)	87.6741	-73.6972
22.330111458793	6	(29.7299,91.4522,1.895)	27.473	-63.6179
22.341651904734	4	(30.0338,58.887,1.895)	60.0397	-70.4086
22.405159656343	8	(26.0737,129.578,1.895)	13.1037	-57.1876
22.410420700861	9	(29.1866,149.663,1.895)	32.7366	-65.1405
22.420336667087	5	(26.6355,69.387,1.895)	47.6269	-68.3968
22.425066219154	3	(30.3104,29.2501,1.895)	87.6818	-73.698
22.430111458793	6	(29.7486,89.4502,1.895)	27.4792	-63.6199
22.441651904734	4	(30.0524,56.8914,1.895)	60.0394	-70.4085
22.505159656343	8	(26.0924,127.575,1.895)	13.0921	-57.18
22.510420700861	9	(29.2053,147.655,1.895)	32.7195	-65.1359
22.520336667087	5	(26.6543,67.3775,1.895)	47.6456	-68.4002
22.525066219154	3	(30.3291,27.2451,1.895)	87.6961	-73.6994
22.530111458793	6	(29.7673,87.4425,1.895)	27.4961	-63.6252
22.541651904734	4	(30.0711,54.8935,1.895)	60.0466	-70.4096
22.605159656343	8	(26.1111,125.569,1.895)	13.0877	-57.177
22.610420700861	9	(29.2241,145.647,1.895)	32.7129	-65.1342
22.620336667087	5	(26.673,65.3682,1.895)	47.6533	-68.4017
22.625066219154	3	(30.3478,25.2435,1.895)	87.6962	-73.6994
22.630111458793	6	(29.786,85.434,1.895)	27.5031	-63.6274
22.641651904734	4	(30.0898,52.8923,1.895)	60.0462	-70.4095
22.705159656343	8	(26.1298,123.57,1.895)	13.0928	-57.1804
22.710420700861	9	(29.2428,143.639,1.895)	32.7092	-65.1332
22.720336667087	5	(26.6917,63.3682,1.895)	47.6489	-68.4008
22.730111458793	6	(29.8047,83.4315,1.895)	27.5011	-63.6268
22.741651904734	4	(30.1085,50.8888,1.895)	60.0452	-70.4094
22.805159656343	8	(26.1485,121.566,1.895)	13.0874	-57.1769
22.810420700861	9	(29.2615,141.638,1.895)	32.7065	-65.1325
22.820336667087	5	(26.7104,61.3631,1.895)	47.6551	-68.402
22.830111458793	6	(29.8234,81.4297,1.895)	27.5041	-63.6277
22.841651904734	4	(30.1272,48.8818,1.895)	60.0534	-70.4105
22.905159656343	8	(26.1673,119.558,1.895)	13.0696	-57.165
22.910420700861	9	(29.2802,139.635,1.895)	32.6931	-65.1289
22.920336667087	5	(26.7291,59.3601,1.895)	47.6691	-68.4045
22.930111458793	6	(29.8421,79.4277,1.895)	27.517	-63.6318
22.941651904734	4	(30.1459,46.8785,1.895)	60.0677	-70.4126
23.005159656343	8	(26.186,117.548,1.895)	13.0571	-57.1567
23.010420700861	9	(29.2989,137.629,1.895)	32.684	-65.1265
23.020336667087	5	(26.7478,57.3596,1.895)	47.6724	-68.4051
23.030111458793	6	(29.8608,77.4271,1.895)	27.5206	-63.6329
23.041651904734	4	(30.1646,44.8795,1.895)	60.0695	-70.4129
23.105159656343	8	(26.2047,115.543,1.895)	13.0463	-57.1496
23.110420700861	9	(29.3176,135.624,1.895)	32.6739	-65.1238
23.120336667087	5	(26.7666,55.3483,1.895)	47.6892	-68.4082
23.130111458793	6	(29.8795,75.4209,1.895)	27.5322	-63.6366
23.141651904734	4	(30.1833,42.8718,1.895)	60.0828	-70.4148
23.205159656343	8	(26.2234,113.539,1.895)	13.0423	-57.1469
23.210420700861	9	(29.3363,133.624,1.895)	32.6729	-65.1235
23.220336667087	5	(26.7853,53.3387,1.895)	47.6992	-68.41
23.230111458793	6	(29.8982,73.4155,1.895)	27.5381	-63.6385
23.241651904734	4	(30.2021,40.861,1.895)	60.094	-70.4164
23.305159656343	8	(26.2421,111.535,1.895)	13.0397	-57.1452
23.310420700861	9	(29.355,131.617,1.895)	32.6674	-65.1221
23.320336667087	5	(26.804,51.3389,1.895)	47.6979	-68.4098
23.330111458793	6	(29.9169,71.4087,1.895)	27.5437	-63.6402
23.341651904734	4	(30.2207,38.8589,1.895)	60.0949	-70.4165
23.405159656343	8	(26.2608,109.534,1.895)	13.0386	-57.1444
23.410420700861	9	(29.3738,129.608,1.895)	32.6584	-65.1197
23.420336667087	5	(26.8226,49.3385,1.895)	47.698	-68.4098
23.430111458793	6	(29.9357,69.4013,1.895)	27.5509	-63.6425
23.441651904734	4	(30.2394,36.856,1.895)	60.0976	-70.4169
23.505159656343	8	(26.2796,107.523,1.895)	13.0322	-57.1401
23.510420700861	9	(29.3924,127.608,1.895)	32.6628	-65.1209
23.520336667087	5	(26.8414,47.3301,1.895)	47.7021	-68.4105
23.530111458793	6	(29.9544,67.4007,1.895)	27.547	-63.6413
23.541651904734	4	(30.2581,34.8516,1.895)	60.0976	-70.4169
23.605159656343	8	(26.2983,105.512,1.895)	13.0151	-57.1287
23.610420700861	9	(29.4112,125.598,1.895)	32.6459	-65.1164
23.620336667087	5	(26.8601,45.3278,1.895)	47.7116	-68.4123
23.630111458793	6	(29.9731,65.3931,1.895)	27.5619	-63.646
23.641651904734	4	(30.2768,32.8518,1.895)	60.1047	-70.418
23.705159656343	8	(26.3171,103.502,1.895)	13.0027	-57.1205
23.710420700861	9	(29.43,123.587,1.895)	32.6323	-65.1127
23.720336667087	5	(26.8788,43.3253,1.895)	47.7165	-68.4132
23.730111458793	6	(29.9918,63.3929,1.895)	27.5646	-63.6468
23.741651904734	4	(30.2956,30.842,1.895)	60.1169	-70.4197
23.805159656343	8	(26.3358,101.503,1.895)	13	-57.1187
23.810420700861	9	(29.4486,121.586,1.895)	32.6279	-65.1116
23.820336667087	5	(26.8975,41.3199,1.895)	47.7255	-68.4148
23.830111458793	6	(30.0105,61.3822,1.895)	27.5789	-63.6513
23.841651904734	4	(30.3143,28.8312,1.895)	60.1314	-70.4218
23.905159656343	8	(26.3545,99.4982,1.895)	13.0016	-57.1197
23.910420700861	9	(29.4674,119.579,1.895)	32.6265	-65.1112
23.920336667087	5	(26.9162,39.3175,1.895)	47.7218	-68.4141
23.930111458793	6	(30.0293,59.375,1.895)	27.58	-63.6517
23.941651904734	4	(30.333,26.8268,1.895)	60.1297	-70.4216
24.005159656343	8	(26.3732,97.4961,1.895)	12.9947	-57.1151
24.010420700861	9	(29.4861,117.576,1.895)	32.6181	-65.109
24.020336667087	5	(26.9348,37.3184,1.895)	47.7258	-68.4149
24.030111458793	6	(30.048,57.3672,1.895)	27.5928	-63.6557
24.105159656343	8	(26.3919,95.491,1.895)	12.9915	-57.1129
24.110420700861	9	(29.5048,115.564,1.895)	32.6086	-65.1064
24.120336667087	5	(26.9535,35.3138,1.895)	47.7287	-68.4154
24.130111458793	6	(30.0667,55.3626,1.895)	27.5956	-63.6566
24.205159656343	8	(26.4106,93.4804,1.895)	12.9788	-57.1045
24.210420700861	9	(29.5235,113.563,1.895)	32.6049	-65.1055
24.220336667087	5	(26.9722,33.3136,1.895)	47.7314	-68.4159
24.230111458793	6	(30.0854,53.3578,1.895)	27.6029	-63.6589
24.305159656343	8	(26.4293,91.478,1.895)	12.9815	-57.1063
24.310420700861	9	(29.5422,111.564,1.895)	32.6107	-65.107
24.320336667087	5	(26.9909,31.3113,1.895)	47.7285	-68.4153
24.330111458793	6	(30.1042,51.349,1.895)	27.6064	-63.66
24.405159656343	8	(26.448,89.4757,1.895)	12.9851	-57.1087
24.410420700861	9	(29.5608,109.563,1.895)	32.6165	-65.1085
24.420336667087	5	(27.0096,29.3094,1.895)	47.7244	-68.4146
24.430111458793	6	(30.1229,49.3399,1.895)	27.6096	-63.661
24.505159656343	8	(26.4668,87.4644,1.895)	12.9791	-57.1047
24.510420700861	9	(29.5795,107.561,1.895)	32.6191	-65.1092
24.520336667087	5	(27.0283,27.3059,1.895)	47.7228	-68.4143
24.530111458793	6	(30.1417,47.3324,1.895)	27.612	-63.6617
24.605159656343	8	(26.4855,85.4601,1.895)	12.9733	-57.1008
24.610420700861	9	(29.5982,105.56,1.895)	32.6162	-65.1085
24.620336667087	5	(27.0471,25.2953,1.895)	47.7351	-68.4165
24.630111458793	6	(30.1604,45.3266,1.895)	27.6194	-63.6641
24.705159656343	8	(26.5042,83.452,1.895)	12.9703	-57.0988
24.710420700861	9	(29.6169,103.561,1.895)	32.6221	-65.11
24.730111458793	6	(30.179,43.3268,1.895)	27.6144	-63.6625
24.805159656343	8	(26.523,81.4444,1.895)	12.9546	-57.0883
24.810420700861	9	(29.6356,101.555,1.895)	32.6081	-65.1063
24.830111458793	6	(30.1978,41.317,1.895)	27.6328	-63.6683
24.905159656343	8	(26.5417,79.4344,1.895)	12.9521	-57.0866
24.910420700861	9	(29.6543,99.5479,1.895)	32.6082	-65.1063
24.930111458793	6	(30.2165,39.3163,1.895)	27.6261	-63.6662
25.005159656343	8	(26.5605,77.4234,1.895)	12.9354	-57.0754
25.010420700861	9	(29.673,97.5454,1.895)	32.5994	-65.104
25.030111458793	6	(30.2352,37.3075,1.895)	27.6411	-63.6709
25.105159656343	8	(26.5792,75.4166,1.895)	12.9343	-57.0747
25.110420700861	9	(29.6917,95.54,1.895)	32.5997	-65.1041
25.130111458793	6	(30.2539,35.3082,1.895)	27.6347	-63.6689
25.205159656343	8	(26.5979,73.414,1.895)	12.9294	-57.0714
25.210420700861	9	(29.7105,93.5332,1.895)	32.5903	-65.1016
25.230111458793	6	(30.2726,33.3014,1.895)	27.6441	-63.6718
25.305159656343	8	(26.6166,71.4116,1.895)	12.9247	-57.0682
25.310420700861	9	(29.7291,91.5304,1.895)	32.5852	-65.1002
25.330111458793	6	(30.2913,31.2997,1.895)	27.6481	-63.6731
25.405159656343	8	(26.6354,69.4025,1.895)	12.9076	-57.0567
25.410420700861	9	(29.7478,89.5311,1.895)	32.5773	-65.0981
25.430111458793	6	(30.31,29.2919,1.895)	27.6645	-63.6782
25.505159656343	8	(26.6541,67.3927,1.895)	12.9036	-57.054
25.510420700861	9	(29.7665,87.5283,1.895)	32.58	-65.0988
25.530111458793	6	(30.3287,27.2916,1.895)	27.6593	-63.6766
25.605159656343	8	(26.6729,65.3832,1.895)	12.8931	-57.0469
25.610420700861	9	(29.7853,85.519,1.895)	32.5695	-65.096
25.630111458793	6	(30.3474,25.2854,1.895)	27.6668	-63.679
25.705159656343	8	(26.6916,63.3775,1.895)	12.8889	-57.0441
25.710420700861	9	(29.8039,83.5169,1.895)	32.5687	-65.0958
25.805159656343	8	(26.7103,61.3767,1.895)	12.8921	-57.0463
25.810420700861	9	(29.8226,81.5165,1.895)	32.5724	-65.0968
25.905159656343	8	(26.729,59.3713,1.895)	12.8956	-57.0486
25.910420700861	9	(29.8414,79.5061,1.895)	32.571	-65.0964
26.005159656343	8	(26.7477,57.3675,1.895)	12.8936	-57.0473
26.010420700861	9	(29.8601,77.4956,1.895)	32.5623	-65.0941
26.105159656343	8	(26.7664,55.362,1.895)	12.8941	-57.0476
26.110420700861	9	(29.8788,75.4947,1.895)	32.5674	-65.0955
26.205159656343	8	(26.7852,53.3542,1.895)	12.8965	-57.0492
26.210420700861	9	(29.8976,73.4869,1.895)	32.5698	-65.0961
26.305159656343	8	(26.8038,51.3549,1.895)	12.9026	-57.0533
26.310420700861	9	(29.9163,71.4813,1.895)	32.5699	-65.0961
26.405159656343	8	(26.8225,49.3525,1.895)	12.9109	-57.0589
26.410420700861	9	(29.935,69.4703,1.895)	32.5699	-65.0961
26.505159656343	8	(26.8413,47.3442,1.895)	12.9034	-57.0539
26.510420700861	9	(29.9537,67.4701,1.895)	32.5702	-65.0962
26.605159656343	8	(26.86,45.3419,1.895)	12.9085	-57.0573
26.610420700861	9	(29.9725,65.4604,1.895)	32.5681	-65.0956
26.705159656343	8	(26.8786,43.3426,1.895)	12.9089	-57.0576
26.710420700861	9	(29.9912,63.4542,1.895)	32.5617	-65.0939
26.805159656343	8	(26.8973,41.3373,1.895)	12.9107	-57.0588
26.810420700861	9	(30.0098,61.4553,1.895)	32.5699	-65.0961
26.905159656343	8	(26.916,39.3356,1.895)	12.9182	-57.0639
26.910420700861	9	(30.0286,59.4494,1.895)	32.5734	-65.0971
