8.104964017577	2	(24.5208,295.963,1.895)	120.342	-76.4481
8.119172076066	1	(27.9539,281.74,1.895)	134.637	-77.4231
8.120336667087	5	(23.9591,356.142,1.895)	60.1611	-70.4261
8.125066219154	3	(27.6337,316.048,1.895)	100.341	-74.8694
8.129642230819	0	(28.1946,255.944,1.895)	160.428	-78.9454
8.130111458793	6	(27.0719,376.235,1.895)	40.2329	-66.9314
8.141651904734	4	(27.4073,340.305,1.895)	76.1011	-72.4676
8.149149505596	7	(26.8718,397.677,1.895)	18.9445	-60.3894
8.204964017577	2	(24.5395,293.955,1.895)	120.347	-76.4485
8.219172076066	1	(27.9722,279.78,1.895)	134.594	-77.4203
8.220336667087	5	(23.9778,354.138,1.895)	60.162	-70.4262
8.225066219154	3	(27.6524,314.044,1.895)	100.343	-74.8695
8.229642230819	0	(28.2133,253.939,1.895)	160.43	-78.9455
8.230111458793	6	(27.0906,374.233,1.895)	40.2323	-66.9313
8.241651904734	4	(27.4253,338.372,1.895)	76.0312	-72.4596
8.249149505596	7	(26.8893,395.797,1.895)	18.8234	-60.3337
8.304964017577	2	(24.5583,291.947,1.895)	120.349	-76.4486
8.319172076066	1	(27.9905,277.81,1.895)	134.558	-77.418
8.320336667087	5	(23.9965,352.133,1.895)	60.1599	-70.4259
8.325066219154	3	(27.6711,312.035,1.895)	100.345	-74.8697
8.329642230819	0	(28.2321,251.93,1.895)	160.432	-78.9456
8.330111458793	6	(27.1093,372.224,1.895)	40.2347	-66.9318
8.341651904734	4	(27.4434,336.43,1.895)	75.9661	-72.4522
8.349149505596	7	(26.9069,393.92,1.895)	18.6959	-60.2747
8.404964017577	2	(24.577,289.943,1.895)	120.347	-76.4485
8.419172076066	1	(28.0089,275.845,1.895)	134.517	-77.4153
8.420336667087	5	(24.0152,350.131,1.895)	60.1562	-70.4254
8.425066219154	3	(27.6899,310.026,1.895)	100.348	-74.87
8.429642230819	0	(28.2508,249.924,1.895)	160.432	-78.9456
8.430111458793	6	(27.1281,370.215,1.895)	40.2373	-66.9324
8.441651904734	4	(27.4615,334.49,1.895)	75.9006	-72.4447
8.449149505596	7	(26.9246,392.023,1.895)	18.5882	-60.2245
8.504964017577	2	(24.5957,287.932,1.895)	120.352	-76.4488
8.519172076066	1	(28.0273,273.874,1.895)	134.482	-77.4131
8.520336667087	5	(24.034,348.12,1.895)	60.1611	-70.4261
8.525066219154	3	(27.7085,308.025,1.895)	100.342	-74.8695
8.529642230819	0	(28.2695,247.919,1.895)	160.431	-78.9456
8.530111458793	6	(27.1468,368.216,1.895)	40.2304	-66.9309
8.541651904734	4	(27.4797,332.548,1.895)	75.8359	-72.4373
8.549149505596	7	(26.9422,390.129,1.895)	18.4783	-60.173
8.604964017577	2	(24.6144,285.928,1.895)	120.351	-76.4488
8.619172076066	1	(28.0456,271.909,1.895)	134.442	-77.4105
8.620336667087	5	(24.0527,346.11,1.895)	60.1658	-70.4268
8.625066219154	3	(27.7273,306.014,1.895)	100.348	-74.87
8.629642230819	0	(28.2883,245.907,1.895)	160.438	-78.9459
8.630111458793	6	(27.1655,366.213,1.895)	40.2286	-66.9305
8.641651904734	4	(27.4977,330.613,1.895)	75.7661	-72.4293
8.649149505596	7	(26.9599,388.241,1.895)	18.3627	-60.1185
8.704964017577	2	(24.6332,283.922,1.895)	120.352	-76.4489
8.719172076066	1	(28.064,269.939,1.895)	134.407	-77.4082
8.720336667087	5	(24.0714,344.107,1.895)	60.164	-70.4265
8.725066219154	3	(27.746,304.012,1.895)	100.346	-74.8698
8.729642230819	0	(28.307,243.903,1.895)	160.437	-78.9459
8.730111458793	6	(27.1842,364.207,1.895)	40.2295	-66.9307
8.741651904734	4	(27.5158,328.671,1.895)	75.7031	-72.4221
8.749149505596	7	(26.9776,386.345,1.895)	18.2557	-60.0678
8.804964017577	2	(24.6519,281.916,1.895)	120.358	-76.4493
8.819172076066	1	(28.0824,267.965,1.895)	134.381	-77.4065
8.820336667087	5	(24.0901,342.104,1.895)	60.1672	-70.427
8.825066219154	3	(27.7648,302,1.895)	100.358	-74.8708
8.829642230819	0	(28.3258,241.895,1.895)	160.445	-78.9463
8.830111458793	6	(27.2029,362.205,1.895)	40.2315	-66.9311
8.841651904734	4	(27.534,326.725,1.895)	75.6491	-72.4159
8.849149505596	7	(26.9952,384.453,1.895)	18.1494	-60.017
8.904964017577	2	(24.6706,279.908,1.895)	120.359	-76.4493
8.919172076066	1	(28.1008,265.992,1.895)	134.347	-77.4043
8.920336667087	5	(24.1088,340.104,1.895)	60.1604	-70.426
8.925066219154	3	(27.7835,299.992,1.895)	100.359	-74.8709
8.929642230819	0	(28.3445,239.891,1.895)	160.442	-78.9462
8.930111458793	6	(27.2216,360.2,1.895)	40.2298	-66.9307
8.941651904734	4	(27.5522,324.778,1.895)	75.5891	-72.409
8.949149505596	7	(27.0129,382.559,1.895)	18.0386	-59.9638
9.004964017577	2	(24.6894,277.896,1.895)	120.363	-76.4496
9.019172076066	1	(28.1192,264.02,1.895)	134.31	-77.402
9.020336667087	5	(24.1275,338.103,1.895)	60.1531	-70.4249
9.025066219154	3	(27.8022,297.991,1.895)	100.352	-74.8703
9.029642230819	0	(28.3632,237.883,1.895)	160.443	-78.9462
9.030111458793	6	(27.2403,358.19,1.895)	40.2315	-66.9311
9.041651904734	4	(27.5703,322.834,1.895)	75.5254	-72.4017
9.049149505596	7	(27.0306,380.661,1.895)	17.9309	-59.9118
9.104964017577	2	(24.7081,275.897,1.895)	120.359	-76.4494
9.110420700861	9	(26.6976,416.34,1.895)	20.3293	-61.0022
9.119172076066	1	(28.1377,262.042,1.895)	134.286	-77.4004
9.120336667087	5	(24.1462,336.097,1.895)	60.1561	-70.4254
9.125066219154	3	(27.8209,295.989,1.895)	100.351	-74.8702
9.129642230819	0	(28.3819,235.877,1.895)	160.445	-78.9463
9.130111458793	6	(27.2591,356.181,1.895)	40.2375	-66.9324
9.141651904734	4	(27.5884,320.895,1.895)	75.4617	-72.3943
9.149149505596	7	(27.0484,378.757,1.895)	17.8331	-59.8643
9.204964017577	2	(24.7268,273.888,1.895)	120.359	-76.4493
9.210420700861	9	(26.7164,414.33,1.895)	20.3285	-61.0019
9.219172076066	1	(28.1561,260.068,1.895)	134.25	-77.3981
9.220336667087	5	(24.1649,334.089,1.895)	60.1548	-70.4252
9.225066219154	3	(27.8396,293.983,1.895)	100.348	-74.8699
9.229642230819	0	(28.4006,233.878,1.895)	160.436	-78.9458
9.230111458793	6	(27.2778,354.179,1.895)	40.2311	-66.931
9.241651904734	4	(27.6066,318.943,1.895)	75.4052	-72.3878
9.249149505596	7	(27.0662,376.845,1.895)	17.7375	-59.8176
9.304964017577	2	(24.7455,271.882,1.895)	120.358	-76.4493
9.310420700861	9	(26.735,412.329,1.895)	20.334	-61.0042
9.319172076066	1	(28.1745,258.099,1.895)	134.212	-77.3956
9.320336667087	5	(24.1836,332.087,1.895)	60.1502	-70.4245
9.325066219154	3	(27.8583,291.974,1.895)	100.35	-74.8701
9.329642230819	0	(28.4193,231.874,1.895)	160.432	-78.9456
9.330111458793	6	(27.2965,352.169,1.895)	40.2335	-66.9316
9.341651904734	4	(27.6249,316.989,1.895)	75.3518	-72.3817
9.349149505596	7	(27.084,374.942,1.895)	17.6356	-59.7676
9.404964017577	2	(24.7642,269.881,1.895)	120.348	-76.4486
9.410420700861	9	(26.7537,410.326,1.895)	20.3415	-61.0074
9.419172076066	1	(28.1929,256.127,1.895)	134.175	-77.3932
9.420336667087	5	(24.2023,330.085,1.895)	60.142	-70.4233
9.425066219154	3	(27.8771,289.966,1.895)	100.348	-74.8699
9.429642230819	0	(28.438,229.871,1.895)	160.425	-78.9452
9.430111458793	6	(27.3153,350.159,1.895)	40.2329	-66.9314
9.441651904734	4	(27.6432,315.03,1.895)	75.3009	-72.3758
9.449149505596	7	(27.1018,373.032,1.895)	17.5365	-59.7186
9.504964017577	2	(24.7829,267.874,1.895)	120.351	-76.4488
9.510420700861	9	(26.7725,408.316,1.895)	20.3358	-61.005
9.519172076066	1	(28.2114,254.15,1.895)	134.147	-77.3914
9.520336667087	5	(24.221,328.079,1.895)	60.1433	-70.4235
9.525066219154	3	(27.8958,287.956,1.895)	100.353	-74.8704
9.529642230819	0	(28.4566,227.87,1.895)	160.421	-78.945
9.530111458793	6	(27.334,348.15,1.895)	40.2381	-66.9325
9.541651904734	4	(27.6614,313.07,1.895)	75.2558	-72.3706
9.549149505596	7	(27.1197,371.118,1.895)	17.448	-59.6747
9.604964017577	2	(24.8017,265.867,1.895)	120.358	-76.4493
9.610420700861	9	(26.7912,406.306,1.895)	20.3264	-61.001
9.619172076066	1	(28.2297,252.181,1.895)	134.116	-77.3894
9.620336667087	5	(24.2397,326.076,1.895)	60.1462	-70.4239
9.625066219154	3	(27.9145,285.954,1.895)	100.355	-74.8706
9.629642230819	0	(28.4754,225.858,1.895)	160.433	-78.9457
9.630111458793	6	(27.3528,346.139,1.895)	40.2491	-66.9349
9.641651904734	4	(27.6797,311.117,1.895)	75.2095	-72.3652
9.649149505596	7	(27.1375,369.207,1.895)	17.361	-59.6313
9.704964017577	2	(24.8204,263.856,1.895)	120.364	-76.4497
9.710420700861	9	(26.81,404.298,1.895)	20.323	-60.9995
9.719172076066	1	(28.2482,250.201,1.895)	134.091	-77.3878
9.720336667087	5	(24.2584,324.074,1.895)	60.1436	-70.4236
9.725066219154	3	(27.9333,283.943,1.895)	100.362	-74.8712
9.729642230819	0	(28.4941,223.856,1.895)	160.431	-78.9456
9.730111458793	6	(27.3716,344.13,1.895)	40.2536	-66.9359
9.741651904734	4	(27.6978,309.171,1.895)	75.1504	-72.3584
9.749149505596	7	(27.1554,367.285,1.895)	17.2795	-59.5904
9.804964017577	2	(24.8392,261.847,1.895)	120.362	-76.4496
9.810420700861	9	(26.8287,402.297,1.895)	20.3323	-61.0035
9.819172076066	1	(28.2667,248.221,1.895)	134.061	-77.3858
9.820336667087	5	(24.2771,322.071,1.895)	60.1361	-70.4225
9.825066219154	3	(27.952,281.938,1.895)	100.356	-74.8706
9.829642230819	0	(28.5129,221.845,1.895)	160.432	-78.9456
9.830111458793	6	(27.3903,342.118,1.895)	40.2549	-66.9362
9.841651904734	4	(27.7161,307.216,1.895)	75.0947	-72.352
9.849149505596	7	(27.1733,365.368,1.895)	17.1878	-59.5442
9.904964017577	2	(24.8579,259.846,1.895)	120.356	-76.4491
9.910420700861	9	(26.8474,400.293,1.895)	20.3361	-61.0051
9.919172076066	1	(28.2852,246.24,1.895)	134.033	-77.384
9.920336667087	5	(24.2957,320.072,1.895)	60.127	-70.4212
9.925066219154	3	(27.9708,279.929,1.895)	100.357	-74.8708
9.929642230819	0	(28.5316,219.842,1.895)	160.426	-78.9453
9.930111458793	6	(27.4091,340.112,1.895)	40.2519	-66.9355
9.941651904734	4	(27.7344,305.255,1.895)	75.0481	-72.3466
9.949149505596	7	(27.1913,363.444,1.895)	17.1047	-59.5021
10.004964017577	2	(24.8765,257.846,1.895)	120.355	-76.449
10.010420700861	9	(26.866,398.292,1.895)	20.3361	-61.0051
10.019172076066	1	(28.3036,244.263,1.895)	134.01	-77.3826
10.020336667087	5	(24.3144,318.07,1.895)	60.1281	-70.4213
10.025066219154	3	(27.9895,277.919,1.895)	100.366	-74.8715
10.029642230819	0	(28.5503,217.838,1.895)	160.43	-78.9455
10.030111458793	6	(27.4278,338.106,1.895)	40.2574	-66.9367
10.041651904734	4	(27.7526,303.3,1.895)	75.0024	-72.3413
10.049149505596	7	(27.2092,361.522,1.895)	17.0286	-59.4634
10.104964017577	2	(24.8952,255.847,1.895)	120.355	-76.449
10.110420700861	9	(26.8848,396.287,1.895)	20.3304	-61.0027
10.119172076066	1	(28.3221,242.29,1.895)	133.984	-77.3808
10.120336667087	5	(24.3331,316.065,1.895)	60.134	-70.4222
10.125066219154	3	(28.0082,275.914,1.895)	100.372	-74.872
10.129642230819	0	(28.569,215.835,1.895)	160.433	-78.9456
10.130111458793	6	(27.4465,336.104,1.895)	40.2605	-66.9374
10.141651904734	4	(27.7709,301.34,1.895)	74.9625	-72.3367
10.149149505596	7	(27.2271,359.605,1.895)	16.9473	-59.4218
10.204964017577	2	(24.9139,253.839,1.895)	120.362	-76.4496
10.210420700861	9	(26.9034,394.286,1.895)	20.3305	-61.0027
10.219172076066	1	(28.3405,240.315,1.895)	133.958	-77.3791
10.220336667087	5	(24.3518,314.064,1.895)	60.134	-70.4222
10.225066219154	3	(28.0269,273.912,1.895)	100.373	-74.8721
10.229642230819	0	(28.5877,213.826,1.895)	160.441	-78.9461
10.230111458793	6	(27.4651,334.104,1.895)	40.2589	-66.937
10.241651904734	4	(27.7893,299.375,1.895)	74.9275	-72.3326
10.249149505596	7	(27.2451,357.682,1.895)	16.8705	-59.3823
10.304964017577	2	(24.9327,251.829,1.895)	120.373	-76.4503
10.310420700861	9	(26.9222,392.278,1.895)	20.3213	-60.9988
10.319172076066	1	(28.359,238.332,1.895)	133.941	-77.3781
10.320336667087	5	(24.3705,312.062,1.895)	60.1366	-70.4226
10.325066219154	3	(28.0456,271.91,1.895)	100.376	-74.8724
10.329642230819	0	(28.6064,211.827,1.895)	160.441	-78.9461
10.330111458793	6	(27.4839,332.092,1.895)	40.2716	-66.9398
10.341651904734	4	(27.8075,297.418,1.895)	74.8854	-72.3277
10.349149505596	7	(27.263,355.765,1.895)	16.7902	-59.3409
10.404964017577	2	(24.9514,249.822,1.895)	120.37	-76.4501
10.410420700861	9	(26.9409,390.267,1.895)	20.321	-60.9987
10.419172076066	1	(28.3774,236.362,1.895)	133.901	-77.3755
10.420336667087	5	(24.3892,310.056,1.895)	60.1331	-70.4221
10.425066219154	3	(28.0644,269.902,1.895)	100.374	-74.8722
10.429642230819	0	(28.6251,209.82,1.895)	160.438	-78.9459
10.430111458793	6	(27.5026,330.086,1.895)	40.2683	-66.939
10.441651904734	4	(27.8259,295.455,1.895)	74.8374	-72.3222
10.449149505596	7	(27.281,353.834,1.895)	16.713	-59.3009
10.504964017577	2	(24.9702,247.813,1.895)	120.368	-76.45
10.510420700861	9	(26.9596,388.265,1.895)	20.3298	-61.0025
10.519172076066	1	(28.3958,234.386,1.895)	133.867	-77.3732
10.520336667087	5	(24.4079,308.056,1.895)	60.1216	-70.4204
10.525066219154	3	(28.0831,267.897,1.895)	100.368	-74.8717
10.529642230819	0	(28.6438,207.814,1.895)	160.434	-78.9457
10.530111458793	6	(27.5214,328.078,1.895)	40.2651	-66.9384
10.541651904734	4	(27.8441,293.498,1.895)	74.7845	-72.316
10.549149505596	7	(27.2989,351.911,1.895)	16.6268	-59.256
10.604964017577	2	(24.9889,245.813,1.895)	120.366	-76.4499
10.610420700861	9	(26.9783,386.264,1.895)	20.3298	-61.0025
10.619172076066	1	(28.4143,232.402,1.895)	133.849	-77.3721
10.620336667087	5	(24.4266,306.05,1.895)	60.1263	-70.4211
10.625066219154	3	(28.1018,265.89,1.895)	100.373	-74.8721
10.629642230819	0	(28.6626,205.806,1.895)	160.439	-78.946
10.630111458793	6	(27.5401,326.07,1.895)	40.2713	-66.9397
10.641651904734	4	(27.8625,291.531,1.895)	74.75	-72.312
10.649149505596	7	(27.317,349.979,1.895)	16.5584	-59.2202
10.704964017577	2	(25.0076,243.804,1.895)	120.365	-76.4498
10.710420700861	9	(26.997,384.259,1.895)	20.3349	-61.0046
10.719172076066	1	(28.4329,230.414,1.895)	133.827	-77.3707
10.720336667087	5	(24.4453,304.05,1.895)	60.116	-70.4196
10.725066219154	3	(28.1205,263.891,1.895)	100.362	-74.8712
10.729642230819	0	(28.6813,203.799,1.895)	160.437	-78.9459
10.730111458793	6	(27.5589,324.058,1.895)	40.2729	-66.94
10.741651904734	4	(27.8808,289.569,1.895)	74.7013	-72.3064
10.749149505596	7	(27.3351,348.04,1.895)	16.4888	-59.1836
10.804964017577	2	(25.0263,241.802,1.895)	120.357	-76.4492
10.810420700861	9	(27.0157,382.257,1.895)	20.3434	-61.0082
10.819172076066	1	(28.4515,228.425,1.895)	133.806	-77.3693
10.820336667087	5	(24.464,302.042,1.895)	60.1139	-70.4193
10.825066219154	3	(28.1392,261.882,1.895)	100.361	-74.8711
10.829642230819	0	(28.7,201.798,1.895)	160.427	-78.9453
10.830111458793	6	(27.5776,322.055,1.895)	40.2661	-66.9386
10.841651904734	4	(27.8991,287.605,1.895)	74.6558	-72.3011
10.849149505596	7	(27.3531,346.105,1.895)	16.4153	-59.1448
10.904964017577	2	(25.045,239.793,1.895)	120.359	-76.4494
10.910420700861	9	(27.0345,380.246,1.895)	20.3392	-61.0064
10.919172076066	1	(28.4699,226.448,1.895)	133.777	-77.3674
10.920336667087	5	(24.4828,300.036,1.895)	60.1138	-70.4193
10.925066219154	3	(28.1579,259.881,1.895)	100.355	-74.8706
10.929642230819	0	(28.7187,199.796,1.895)	160.423	-78.9451
10.930111458793	6	(27.5963,320.048,1.895)	40.2667	-66.9387
10.941651904734	4	(27.9174,285.642,1.895)	74.6123	-72.296
10.949149505596	7	(27.3711,344.176,1.895)	16.3389	-59.1043
11.004964017577	2	(25.0638,237.785,1.895)	120.357	-76.4492
11.010420700861	9	(27.0532,378.241,1.895)	20.3433	-61.0082
11.019172076066	1	(28.4885,224.462,1.895)	133.752	-77.3658
11.020336667087	5	(24.5015,298.027,1.895)	60.1122	-70.419
11.025066219154	3	(28.1766,257.875,1.895)	100.351	-74.8702
11.029642230819	0	(28.7374,197.792,1.895)	160.417	-78.9448
11.030111458793	6	(27.615,318.043,1.895)	40.2621	-66.9377
11.041651904734	4	(27.9358,283.677,1.895)	74.5667	-72.2907
11.049149505596	7	(27.3892,342.237,1.895)	16.2694	-59.0672
11.104964017577	2	(25.0825,235.779,1.895)	120.36	-76.4494
11.110420700861	9	(27.0719,376.239,1.895)	20.3451	-61.009
11.119172076066	1	(28.5069,222.483,1.895)	133.728	-77.3642
11.120336667087	5	(24.5202,296.022,1.895)	60.1142	-70.4193
11.125066219154	3	(28.1953,255.874,1.895)	100.349	-74.87
11.129642230819	0	(28.7561,195.785,1.895)	160.42	-78.945
11.130111458793	6	(27.6338,316.036,1.895)	40.2654	-66.9384
11.141651904734	4	(27.9542,281.708,1.895)	74.5331	-72.2868
11.149149505596	7	(27.4073,340.299,1.895)	16.2054	-59.033
11.204964017577	2	(25.1013,233.769,1.895)	120.368	-76.45
11.210420700861	9	(27.0905,374.238,1.895)	20.3458	-61.0093
11.219172076066	1	(28.5255,220.494,1.895)	133.716	-77.3634
11.220336667087	5	(24.5389,294.017,1.895)	60.1179	-70.4199
11.225066219154	3	(28.214,253.871,1.895)	100.351	-74.8702
11.229642230819	0	(28.7749,193.775,1.895)	160.429	-78.9455
11.230111458793	6	(27.6525,314.027,1.895)	40.273	-66.9401
11.241651904734	4	(27.9725,279.747,1.895)	74.4921	-72.282
11.249149505596	7	(27.4254,338.365,1.895)	16.1396	-58.9976
11.304964017577	2	(25.1199,231.767,1.895)	120.361	-76.4495
11.310420700861	9	(27.1092,372.238,1.895)	20.3539	-61.0127
11.319172076066	1	(28.5441,218.504,1.895)	133.697	-77.3622
11.320336667087	5	(24.5576,292.014,1.895)	60.1124	-70.4191
11.325066219154	3	(28.2327,251.86,1.895)	100.353	-74.8704
11.329642230819	0	(28.7936,191.765,1.895)	160.43	-78.9455
11.330111458793	6	(27.6713,312.015,1.895)	40.2762	-66.9408
11.341651904734	4	(27.9908,277.782,1.895)	74.4485	-72.2769
11.349149505596	7	(27.4435,336.42,1.895)	16.0772	-58.964
11.404964017577	2	(25.1387,229.76,1.895)	120.359	-76.4494
11.410420700861	9	(27.1279,370.232,1.895)	20.3576	-61.0143
11.419172076066	1	(28.5626,216.517,1.895)	133.675	-77.3608
11.420336667087	5	(24.5764,290.004,1.895)	60.1132	-70.4192
11.425066219154	3	(28.2514,249.86,1.895)	100.344	-74.8696
11.429642230819	0	(28.8123,189.763,1.895)	160.423	-78.9451
11.430111458793	6	(27.69,310.013,1.895)	40.2696	-66.9393
11.441651904734	4	(28.0093,275.803,1.895)	74.4184	-72.2734
11.449149505596	7	(27.4616,334.479,1.895)	16.0107	-58.928
11.504964017577	2	(25.1574,227.749,1.895)	120.365	-76.4498
11.510420700861	9	(27.1467,368.223,1.895)	20.3531	-61.0124
11.519172076066	1	(28.5811,214.533,1.895)	133.653	-77.3594
11.520336667087	5	(24.5951,287.998,1.895)	60.1138	-70.4193
11.525066219154	3	(28.2701,247.854,1.895)	100.344	-74.8696
11.529642230819	0	(28.831,187.763,1.895)	160.418	-78.9449
11.530111458793	6	(27.7087,308.006,1.895)	40.271	-66.9396
11.541651904734	4	(28.0276,273.84,1.895)	74.3767	-72.2685
11.549149505596	7	(27.4797,332.546,1.895)	15.94	-58.8896
11.604964017577	2	(25.1761,225.746,1.895)	120.357	-76.4492
11.610420700861	9	(27.1655,366.213,1.895)	20.3544	-61.013
11.619172076066	1	(28.5996,212.552,1.895)	133.623	-77.3574
11.620336667087	5	(24.6138,285.992,1.895)	60.1081	-70.4185
11.625066219154	3	(28.2888,245.85,1.895)	100.337	-74.869
11.629642230819	0	(28.8497,185.761,1.895)	160.408	-78.9443
11.630111458793	6	(27.7275,305.996,1.895)	40.2694	-66.9393
11.641651904734	4	(28.046,271.87,1.895)	74.3351	-72.2637
11.649149505596	7	(27.4978,330.603,1.895)	15.873	-58.853
11.704964017577	2	(25.1948,223.743,1.895)	120.352	-76.4488
11.710420700861	9	(27.1842,364.203,1.895)	20.3529	-61.0123
11.719172076066	1	(28.6182,210.565,1.895)	133.602	-77.356
11.720336667087	5	(24.6325,283.989,1.895)	60.1033	-70.4178
11.725066219154	3	(28.3076,243.842,1.895)	100.337	-74.869
11.729642230819	0	(28.8684,183.756,1.895)	160.405	-78.9442
11.730111458793	6	(27.7462,303.986,1.895)	40.2712	-66.9397
11.741651904734	4	(28.0644,269.899,1.895)	74.2981	-72.2593
11.749149505596	7	(27.5159,328.661,1.895)	15.8077	-58.8172
11.804964017577	2	(25.2136,221.733,1.895)	120.361	-76.4495
11.810420700861	9	(27.203,362.192,1.895)	20.3423	-61.0078
11.819172076066	1	(28.6367,208.581,1.895)	133.586	-77.355
11.820336667087	5	(24.6513,281.978,1.895)	60.1134	-70.4192
11.825066219154	3	(28.3263,241.831,1.895)	100.347	-74.8699
11.829642230819	0	(28.8871,181.752,1.895)	160.409	-78.9444
11.830111458793	6	(27.7649,301.986,1.895)	40.2711	-66.9397
11.841651904734	4	(28.0828,267.925,1.895)	74.2716	-72.2562
11.849149505596	7	(27.5341,326.717,1.895)	15.7528	-58.7869
11.904964017577	2	(25.2323,219.727,1.895)	120.364	-76.4498
11.910420700861	9	(27.2217,360.186,1.895)	20.339	-61.0064
11.919172076066	1	(28.6552,206.595,1.895)	133.569	-77.3539
11.920336667087	5	(24.67,279.977,1.895)	60.1124	-70.4191
11.925066219154	3	(28.3451,239.82,1.895)	100.356	-74.8706
11.929642230819	0	(28.9058,179.751,1.895)	160.407	-78.9443
11.930111458793	6	(27.7836,299.98,1.895)	40.275	-66.9405
11.941651904734	4	(28.1012,265.954,1.895)	74.2401	-72.2526
11.949149505596	7	(27.5522,324.778,1.895)	15.6909	-58.7528
12.004964017577	2	(25.251,217.725,1.895)	120.36	-76.4494
12.010420700861	9	(27.2404,358.184,1.895)	20.3446	-61.0088
12.019172076066	1	(28.6737,204.617,1.895)	133.54	-77.352
12.020336667087	5	(24.6887,277.973,1.895)	60.1091	-70.4186
12.025066219154	3	(28.3639,237.809,1.895)	100.36	-74.871
12.029642230819	0	(28.9244,177.748,1.895)	160.402	-78.944
12.030111458793	6	(27.8023,297.977,1.895)	40.2699	-66.9394
12.041651904734	4	(28.1196,263.979,1.895)	74.2076	-72.2488
12.049149505596	7	(27.5704,322.827,1.895)	15.6361	-58.7224
12.104964017577	2	(25.2698,215.715,1.895)	120.368	-76.45
12.110420700861	9	(27.259,356.185,1.895)	20.3466	-61.0096
12.119172076066	1	(28.6921,202.639,1.895)	133.516	-77.3505
12.120336667087	5	(24.7075,275.961,1.895)	60.1193	-70.4201
12.125066219154	3	(28.3826,235.8,1.895)	100.367	-74.8716
12.129642230819	0	(28.9432,175.74,1.895)	160.409	-78.9444
12.130111458793	6	(27.821,295.972,1.895)	40.2737	-66.9402
12.141651904734	4	(28.1381,262,1.895)	74.1849	-72.2461
12.149149505596	7	(27.5885,320.882,1.895)	15.5806	-58.6915
12.204964017577	2	(25.2884,213.714,1.895)	120.363	-76.4496
12.210420700861	9	(27.2778,354.175,1.895)	20.3427	-61.008
12.219172076066	1	(28.7106,200.656,1.895)	133.493	-77.349
12.220336667087	5	(24.7262,273.956,1.895)	60.118	-70.4199
12.225066219154	3	(28.4013,233.796,1.895)	100.365	-74.8714
12.229642230819	0	(28.962,173.73,1.895)	160.414	-78.9446
12.230111458793	6	(27.8397,293.971,1.895)	40.2685	-66.9391
12.241651904734	4	(28.1565,260.024,1.895)	74.1547	-72.2426
12.249149505596	7	(27.6067,318.937,1.895)	15.5213	-58.6584
12.304964017577	2	(25.3071,211.714,1.895)	120.361	-76.4495
12.310420700861	9	(27.2965,352.175,1.895)	20.3444	-61.0087
12.319172076066	1	(28.7293,198.66,1.895)	133.488	-77.3486
12.320336667087	5	(24.7448,271.957,1.895)	60.1157	-70.4195
12.325066219154	3	(28.4201,231.785,1.895)	100.374	-74.8722
12.329642230819	0	(28.9807,171.719,1.895)	160.423	-78.9451
12.330111458793	6	(27.8584,291.967,1.895)	40.2709	-66.9396
12.341651904734	4	(28.1749,258.053,1.895)	74.1248	-72.2391
12.349149505596	7	(27.6249,316.989,1.895)	15.4692	-58.6291
12.404964017577	2	(25.3259,209.703,1.895)	120.366	-76.4499
12.410420700861	9	(27.3152,350.167,1.895)	20.3428	-61.008
12.419172076066	1	(28.7479,196.665,1.895)	133.477	-77.3479
12.420336667087	5	(24.7635,269.957,1.895)	60.109	-70.4186
12.425066219154	3	(28.4388,229.783,1.895)	100.37	-74.8719
12.429642230819	0	(28.9994,169.713,1.895)	160.423	-78.9451
12.430111458793	6	(27.8771,289.965,1.895)	40.2668	-66.9387
12.441651904734	4	(28.1934,256.078,1.895)	74.0933	-72.2354
12.449149505596	7	(27.6431,315.032,1.895)	15.4202	-58.6016
12.504964017577	2	(25.3445,207.704,1.895)	120.358	-76.4493
12.510420700861	9	(27.3339,348.166,1.895)	20.349	-61.0107
12.519172076066	1	(28.7665,194.674,1.895)	133.46	-77.3468
12.520336667087	5	(24.7823,267.947,1.895)	60.1121	-70.419
12.525066219154	3	(28.4575,227.776,1.895)	100.37	-74.8719
12.529642230819	0	(29.0182,167.707,1.895)	160.422	-78.9451
12.530111458793	6	(27.8958,287.96,1.895)	40.2646	-66.9383
12.541651904734	4	(28.2118,254.099,1.895)	74.0656	-72.2321
12.549149505596	7	(27.6614,313.078,1.895)	15.3681	-58.5722
12.604964017577	2	(25.3633,205.697,1.895)	120.365	-76.4498
12.610420700861	9	(27.3527,346.155,1.895)	20.3383	-61.0061
12.619172076066	1	(28.7851,192.68,1.895)	133.454	-77.3464
12.620336667087	5	(24.801,265.942,1.895)	60.1172	-70.4198
12.625066219154	3	(28.4762,225.772,1.895)	100.374	-74.8722
12.629642230819	0	(29.0369,165.703,1.895)	160.425	-78.9452
12.630111458793	6	(27.9146,285.949,1.895)	40.2754	-66.9406
12.641651904734	4	(28.2302,252.127,1.895)	74.0373	-72.2288
12.649149505596	7	(27.6796,311.13,1.895)	15.3178	-58.5437
12.704964017577	2	(25.382,203.691,1.895)	120.364	-76.4497
12.710420700861	9	(27.3714,344.15,1.895)	20.3407	-61.0071
12.719172076066	1	(28.8037,190.691,1.895)	133.436	-77.3452
12.720336667087	5	(24.8197,263.931,1.895)	60.1207	-70.4203
12.725066219154	3	(28.495,223.763,1.895)	100.375	-74.8723
12.729642230819	0	(29.0556,163.693,1.895)	160.428	-78.9454
12.730111458793	6	(27.9333,283.948,1.895)	40.2688	-66.9392
12.741651904734	4	(28.2487,250.153,1.895)	74.0037	-72.2249
12.749149505596	7	(27.6979,309.165,1.895)	15.2762	-58.5201
12.804964017577	2	(25.4008,201.679,1.895)	120.369	-76.4501
12.810420700861	9	(27.3901,342.146,1.895)	20.3426	-61.0079
12.819172076066	1	(28.8223,188.692,1.895)	133.428	-77.3447
12.820336667087	5	(24.8385,261.926,1.895)	60.1196	-70.4201
12.825066219154	3	(28.5137,221.758,1.895)	100.374	-74.8722
12.829642230819	0	(29.0743,161.689,1.895)	160.425	-78.9453
12.830111458793	6	(27.952,281.937,1.895)	40.274	-66.9403
12.841651904734	4	(28.2672,248.17,1.895)	73.9808	-72.2222
12.849149505596	7	(27.7161,307.21,1.895)	15.2264	-58.4917
12.904964017577	2	(25.4195,199.671,1.895)	120.367	-76.45
12.910420700861	9	(27.4088,340.137,1.895)	20.344	-61.0085
12.919172076066	1	(28.8409,186.699,1.895)	133.411	-77.3437
12.920336667087	5	(24.8571,259.924,1.895)	60.1113	-70.4189
12.925066219154	3	(28.5324,219.753,1.895)	100.369	-74.8718
12.929642230819	0	(29.0931,159.682,1.895)	160.422	-78.9451
12.930111458793	6	(27.9707,279.938,1.895)	40.263	-66.9379
12.941651904734	4	(28.2857,246.187,1.895)	73.9529	-72.2189
12.949149505596	7	(27.7344,305.25,1.895)	15.1772	-58.4636
13.004964017577	2	(25.4382,197.671,1.895)	120.368	-76.45
13.010420700861	9	(27.4275,338.136,1.895)	20.3416	-61.0075
13.019172076066	1	(28.8595,184.707,1.895)	133.404	-77.3432
13.020336667087	5	(24.8759,257.917,1.895)	60.1193	-70.4201
13.025066219154	3	(28.5511,217.745,1.895)	100.378	-74.8726
13.029642230819	0	(29.1118,157.671,1.895)	160.435	-78.9458
13.030111458793	6	(27.9894,277.936,1.895)	40.2651	-66.9384
13.041651904734	4	(28.3042,244.205,1.895)	73.9366	-72.217
13.049149505596	7	(27.7526,303.3,1.895)	15.1295	-58.4363
13.104964017577	2	(25.4569,195.666,1.895)	120.374	-76.4504
13.110420700861	9	(27.4463,336.125,1.895)	20.3298	-61.0024
13.119172076066	1	(28.8782,182.707,1.895)	133.405	-77.3432
13.120336667087	5	(24.8946,255.913,1.895)	60.1239	-70.4207
13.125066219154	3	(28.5699,215.737,1.895)	100.387	-74.8733
13.129642230819	0	(29.1306,155.664,1.895)	160.443	-78.9462
13.130111458793	6	(28.008,275.935,1.895)	40.2676	-66.9389
13.141651904734	4	(28.3226,242.228,1.895)	73.9146	-72.2144
13.149149505596	7	(27.7709,301.343,1.895)	15.0887	-58.4128
13.204964017577	2	(25.4756,193.657,1.895)	120.379	-76.4508
13.210420700861	9	(27.4649,334.124,1.895)	20.3322	-61.0035
13.219172076066	1	(28.8968,180.713,1.895)	133.396	-77.3426
13.220336667087	5	(24.9133,253.91,1.895)	60.1236	-70.4207
13.225066219154	3	(28.5886,213.733,1.895)	100.388	-74.8734
13.229642230819	0	(29.1493,153.657,1.895)	160.446	-78.9464
13.230111458793	6	(28.0267,273.935,1.895)	40.2642	-66.9382
13.241651904734	4	(28.3411,240.249,1.895)	73.8904	-72.2115
13.249149505596	7	(27.7892,299.387,1.895)	15.042	-58.3859
13.304964017577	2	(25.4944,191.651,1.895)	120.381	-76.451
13.310420700861	9	(27.4837,332.118,1.895)	20.3308	-61.0029
13.319172076066	1	(28.9154,178.719,1.895)	133.385	-77.3419
13.320336667087	5	(24.932,251.905,1.895)	60.1243	-70.4208
13.325066219154	3	(28.6073,211.732,1.895)	100.384	-74.8731
13.329642230819	0	(29.168,151.65,1.895)	160.448	-78.9465
13.330111458793	6	(28.0454,271.933,1.895)	40.2619	-66.9377
13.341651904734	4	(28.3596,238.273,1.895)	73.8613	-72.2081
13.349149505596	7	(27.8074,297.431,1.895)	14.9948	-58.3586
13.404964017577	2	(25.5131,189.643,1.895)	120.387	-76.4514
13.410420700861	9	(27.5024,330.112,1.895)	20.3258	-61.0008
13.419172076066	1	(28.9339,176.734,1.895)	133.369	-77.3409
13.420336667087	5	(24.9506,249.906,1.895)	60.1225	-70.4205
13.425066219154	3	(28.626,209.725,1.895)	100.39	-74.8736
13.429642230819	0	(29.1868,149.643,1.895)	160.454	-78.9468
13.430111458793	6	(28.0641,269.93,1.895)	40.2631	-66.9379
13.441651904734	4	(28.3781,236.29,1.895)	73.8428	-72.206
13.449149505596	7	(27.8257,295.469,1.895)	14.9561	-58.3362
13.504964017577	2	(25.5318,187.636,1.895)	120.393	-76.4518
13.510420700861	9	(27.5211,328.111,1.895)	20.3268	-61.0012
13.519172076066	1	(28.9524,174.749,1.895)	133.353	-77.3398
13.520336667087	5	(24.9693,247.906,1.895)	60.1209	-70.4203
13.525066219154	3	(28.6447,207.718,1.895)	100.395	-74.8741
13.529642230819	0	(29.2055,147.634,1.895)	160.462	-78.9472
13.530111458793	6	(28.0828,267.927,1.895)	40.2647	-66.9383
13.541651904734	4	(28.3965,234.315,1.895)	73.8172	-72.2029
13.549149505596	7	(27.844,293.516,1.895)	14.9096	-58.3091
13.604964017577	2	(25.5506,185.628,1.895)	120.402	-76.4525
13.610420700861	9	(27.5397,326.111,1.895)	20.3255	-61.0006
13.619172076066	1	(28.9711,172.752,1.895)	133.351	-77.3397
13.620336667087	5	(24.9881,245.896,1.895)	60.1322	-70.4219
13.625066219154	3	(28.6635,205.709,1.895)	100.405	-74.8749
13.629642230819	0	(29.2243,145.626,1.895)	160.471	-78.9477
13.630111458793	6	(28.1015,265.922,1.895)	40.2713	-66.9397
13.641651904734	4	(28.415,232.327,1.895)	73.8057	-72.2016
13.649149505596	7	(27.8622,291.562,1.895)	14.866	-58.2837
13.704964017577	2	(25.5693,183.619,1.895)	120.408	-76.4529
13.710420700861	9	(27.5584,324.107,1.895)	20.3247	-61.0003
13.719172076066	1	(28.9897,170.753,1.895)	133.347	-77.3395
13.720336667087	5	(25.0068,243.888,1.895)	60.1366	-70.4226
13.725066219154	3	(28.6821,203.709,1.895)	100.402	-74.8747
13.729642230819	0	(29.243,143.619,1.895)	160.475	-78.948
13.730111458793	6	(28.1203,263.911,1.895)	40.2788	-66.9413
13.741651904734	4	(28.4335,230.346,1.895)	73.7843	-72.1991
13.749149505596	7	(27.8805,289.603,1.895)	14.8226	-58.2583
13.804964017577	2	(25.5881,181.611,1.895)	120.41	-76.453
13.810420700861	9	(27.5771,322.106,1.895)	20.33	-61.0025
13.819172076066	1	(29.0084,168.759,1.895)	133.334	-77.3386
13.820336667087	5	(25.0256,241.878,1.895)	60.1398	-70.423
13.825066219154	3	(28.7009,201.701,1.895)	100.403	-74.8747
13.829642230819	0	(29.2617,141.612,1.895)	160.475	-78.948
13.830111458793	6	(28.139,261.908,1.895)	40.2749	-66.9405
13.841651904734	4	(28.452,228.371,1.895)	73.7517	-72.1952
13.849149505596	7	(27.8989,287.631,1.895)	14.7884	-58.2382
13.904964017577	2	(25.6068,179.601,1.895)	120.413	-76.4533
13.910420700861	9	(27.5958,320.103,1.895)	20.3336	-61.0041
13.919172076066	1	(29.027,166.763,1.895)	133.323	-77.3379
13.920336667087	5	(25.0443,239.873,1.895)	60.139	-70.4229
13.925066219154	3	(28.7196,199.701,1.895)	100.398	-74.8743
13.929642230819	0	(29.2805,139.603,1.895)	160.478	-78.9481
13.930111458793	6	(28.1577,259.901,1.895)	40.2762	-66.9408
13.941651904734	4	(28.4704,226.391,1.895)	73.7256	-72.1922
13.949149505596	7	(27.9172,285.665,1.895)	14.7496	-58.2154
14.004964017577	2	(25.6256,177.596,1.895)	120.419	-76.4537
14.010420700861	9	(27.6145,318.096,1.895)	20.326	-61.0008
14.019172076066	1	(29.0456,164.771,1.895)	133.316	-77.3374
14.020336667087	5	(25.063,237.868,1.895)	60.1441	-70.4236
14.025066219154	3	(28.7383,197.696,1.895)	100.403	-74.8747
14.029642230819	0	(29.2992,137.594,1.895)	160.487	-78.9486
14.030111458793	6	(28.1764,257.896,1.895)	40.2818	-66.942
14.041651904734	4	(28.4889,224.417,1.895)	73.7001	-72.1891
14.049149505596	7	(27.9355,283.703,1.895)	14.7125	-58.1935
14.104964017577	2	(25.6442,175.594,1.895)	120.418	-76.4536
14.110420700861	9	(27.6332,316.093,1.895)	20.3261	-61.0008
14.119172076066	1	(29.0641,162.782,1.895)	133.302	-77.3365
14.120336667087	5	(25.0818,235.857,1.895)	60.1529	-70.4249
14.125066219154	3	(28.757,195.686,1.895)	100.41	-74.8753
14.129642230819	0	(29.318,135.584,1.895)	160.494	-78.949
14.130111458793	6	(28.1951,255.893,1.895)	40.2817	-66.9419
14.141651904734	4	(28.5073,222.441,1.895)	73.6739	-72.1861
14.149149505596	7	(27.9539,281.737,1.895)	14.6774	-58.1728
14.204964017577	2	(25.663,173.583,1.895)	120.421	-76.4539
14.210420700861	9	(27.652,314.086,1.895)	20.3271	-61.0013
14.219172076066	1	(29.0828,160.782,1.895)	133.294	-77.336
14.220336667087	5	(25.1005,233.853,1.895)	60.1487	-70.4243
14.225066219154	3	(28.7758,193.68,1.895)	100.408	-74.8752
14.229642230819	0	(29.3367,133.581,1.895)	160.49	-78.9487
14.230111458793	6	(28.2138,253.89,1.895)	40.2765	-66.9408
14.241651904734	4	(28.5259,220.452,1.895)	73.6549	-72.1838
14.249149505596	7	(27.9723,279.767,1.895)	14.64	-58.1506
14.304964017577	2	(25.6817,171.579,1.895)	120.418	-76.4536
14.310420700861	9	(27.6706,312.087,1.895)	20.3347	-61.0045
14.319172076066	1	(29.1013,158.796,1.895)	133.273	-77.3346
14.320336667087	5	(25.1192,231.842,1.895)	60.1524	-70.4248
14.325066219154	3	(28.7945,191.669,1.895)	100.412	-74.8755
14.329642230819	0	(29.3553,131.581,1.895)	160.482	-78.9483
14.330111458793	6	(28.2326,251.878,1.895)	40.2813	-66.9419
14.341651904734	4	(28.5444,218.473,1.895)	73.6269	-72.1805
14.349149505596	7	(27.9906,277.802,1.895)	14.5992	-58.1264
14.404964017577	2	(25.7005,169.57,1.895)	120.422	-76.4539
14.410420700861	9	(27.6893,310.087,1.895)	20.3396	-61.0066
14.419172076066	1	(29.1198,156.814,1.895)	133.251	-77.3332
14.420336667087	5	(25.138,229.832,1.895)	60.1582	-70.4257
14.425066219154	3	(28.8133,189.66,1.895)	100.417	-74.876
14.429642230819	0	(29.3741,129.573,1.895)	160.486	-78.9486
14.430111458793	6	(28.2513,249.874,1.895)	40.2815	-66.9419
14.441651904734	4	(28.5629,216.482,1.895)	73.6135	-72.1789
14.449149505596	7	(28.009,275.829,1.895)	14.569	-58.1084
14.504964017577	2	(25.7192,167.562,1.895)	120.425	-76.4541
14.510420700861	9	(27.708,308.085,1.895)	20.3428	-61.008
14.519172076066	1	(29.1385,154.817,1.895)	133.242	-77.3326
14.520336667087	5	(25.1568,227.824,1.895)	60.1605	-70.426
14.525066219154	3	(28.8321,187.648,1.895)	100.423	-74.8764
14.529642230819	0	(29.3927,127.573,1.895)	160.48	-78.9482
14.530111458793	6	(28.2699,247.874,1.895)	40.276	-66.9407
14.541651904734	4	(28.5815,214.49,1.895)	73.5992	-72.1773
14.549149505596	7	(28.0274,273.86,1.895)	14.5323	-58.0864
14.604964017577	2	(25.7379,165.554,1.895)	120.426	-76.4542
14.610420700861	9	(27.7267,306.077,1.895)	20.3422	-61.0077
14.619172076066	1	(29.157,152.829,1.895)	133.223	-77.3314
14.620336667087	5	(25.1755,225.815,1.895)	60.1618	-70.4262
14.625066219154	3	(28.8508,185.636,1.895)	100.427	-74.8768
14.629642230819	0	(29.4114,125.573,1.895)	160.473	-78.9478
14.630111458793	6	(28.2886,245.87,1.895)	40.2727	-66.94
14.641651904734	4	(28.6001,212.503,1.895)	73.5797	-72.1749
14.649149505596	7	(28.0458,271.893,1.895)	14.494	-58.0636
14.704964017577	2	(25.7566,163.554,1.895)	120.425	-76.4541
14.710420700861	9	(27.7454,304.077,1.895)	20.3425	-61.0079
14.719172076066	1	(29.1756,150.834,1.895)	133.218	-77.331
14.720336667087	5	(25.1942,223.816,1.895)	60.1604	-70.426
14.725066219154	3	(28.8695,183.636,1.895)	100.427	-74.8768
14.729642230819	0	(29.4302,123.563,1.895)	160.482	-78.9483
14.730111458793	6	(28.3074,243.862,1.895)	40.2797	-66.9415
14.741651904734	4	(28.6187,210.508,1.895)	73.5734	-72.1742
14.749149505596	7	(28.0642,269.923,1.895)	14.464	-58.0456
14.804964017577	2	(25.7754,161.544,1.895)	120.428	-76.4543
14.810420700861	9	(27.7641,302.077,1.895)	20.3501	-61.0111
14.819172076066	1	(29.1943,148.84,1.895)	133.204	-77.3302
14.820336667087	5	(25.2129,221.811,1.895)	60.1583	-70.4257
14.825066219154	3	(28.8882,181.629,1.895)	100.427	-74.8768
14.829642230819	0	(29.4489,121.558,1.895)	160.48	-78.9482
14.830111458793	6	(28.3261,241.857,1.895)	40.2774	-66.941
14.841651904734	4	(28.6372,208.529,1.895)	73.5458	-72.1709
14.849149505596	7	(28.0826,267.951,1.895)	14.4291	-58.0246
14.904964017577	2	(25.7941,159.541,1.895)	120.421	-76.4539
14.910420700861	9	(27.7828,300.069,1.895)	20.3509	-61.0115
14.919172076066	1	(29.2129,146.844,1.895)	133.191	-77.3293
14.920336667087	5	(25.2315,219.81,1.895)	60.1493	-70.4244
14.925066219154	3	(28.9069,179.626,1.895)	100.421	-74.8763
14.929642230819	0	(29.4676,119.555,1.895)	160.474	-78.9479
14.930111458793	6	(28.3448,239.852,1.895)	40.273	-66.9401
14.941651904734	4	(28.6557,206.543,1.895)	73.5223	-72.1682
14.949149505596	7	(28.1009,265.985,1.895)	14.3876	-57.9995
15.004964017577	2	(25.8128,157.536,1.895)	120.418	-76.4536
15.010420700861	9	(27.8015,298.063,1.895)	20.3531	-61.0124
15.019172076066	1	(29.2315,144.846,1.895)	133.181	-77.3286
15.020336667087	5	(25.2503,217.801,1.895)	60.1511	-70.4247
15.025066219154	3	(28.9256,177.622,1.895)	100.416	-74.8759
15.029642230819	0	(29.4863,117.554,1.895)	160.467	-78.9475
15.030111458793	6	(28.3636,237.844,1.895)	40.2728	-66.94
15.041651904734	4	(28.6742,204.56,1.895)	73.497	-72.1652
15.049149505596	7	(28.1194,264.006,1.895)	14.3586	-57.982
15.104964017577	2	(25.8315,155.529,1.895)	120.42	-76.4538
15.110420700861	9	(27.8203,296.053,1.895)	20.3482	-61.0103
15.119172076066	1	(29.2501,142.861,1.895)	133.161	-77.3273
15.120336667087	5	(25.2691,215.789,1.895)	60.1577	-70.4256
15.125066219154	3	(28.9444,175.615,1.895)	100.419	-74.8761
15.129642230819	0	(29.505,115.549,1.895)	160.466	-78.9475
15.130111458793	6	(28.3823,235.839,1.895)	40.2732	-66.9401
15.141651904734	4	(28.6928,202.569,1.895)	73.4834	-72.1636
15.149149505596	7	(28.1378,262.03,1.895)	14.3309	-57.9652
15.204964017577	2	(25.8503,153.517,1.895)	120.424	-76.4541
15.210420700861	9	(27.839,294.05,1.895)	20.3526	-61.0122
15.219172076066	1	(29.2687,140.869,1.895)	133.145	-77.3263
15.220336667087	5	(25.2878,213.783,1.895)	60.1566	-70.4255
15.225066219154	3	(28.9631,173.603,1.895)	100.423	-74.8765
15.229642230819	0	(29.5236,113.549,1.895)	160.459	-78.9471
15.230111458793	6	(28.4009,233.839,1.895)	40.2652	-66.9384
15.241651904734	4	(28.7114,200.577,1.895)	73.4682	-72.1618
15.249149505596	7	(28.1563,260.052,1.895)	14.3017	-57.9475
15.304964017577	2	(25.8691,151.507,1.895)	120.43	-76.4545
15.310420700861	9	(27.8577,292.043,1.895)	20.3502	-61.0112
15.319172076066	1	(29.2872,138.881,1.895)	133.129	-77.3252
15.320336667087	5	(25.3066,211.772,1.895)	60.1628	-70.4263
15.325066219154	3	(28.9819,171.598,1.895)	100.424	-74.8765
15.329642230819	0	(29.5424,111.541,1.895)	160.463	-78.9473
15.330111458793	6	(28.4196,231.837,1.895)	40.2633	-66.938
15.341651904734	4	(28.73,198.585,1.895)	73.4549	-72.1602
15.349149505596	7	(28.1746,258.089,1.895)	14.2616	-57.9231
15.404964017577	2	(25.8878,149.495,1.895)	120.439	-76.4551
15.410420700861	9	(27.8764,290.043,1.895)	20.3536	-61.0126
15.419172076066	1	(29.3058,136.885,1.895)	133.121	-77.3247
15.420336667087	5	(25.3253,209.763,1.895)	60.1682	-70.4271
15.425066219154	3	(29.0005,169.599,1.895)	100.419	-74.8761
15.429642230819	0	(29.5611,109.535,1.895)	160.465	-78.9474
15.430111458793	6	(28.4383,229.836,1.895)	40.2609	-66.9375
15.441651904734	4	(28.7485,196.599,1.895)	73.4383	-72.1582
15.449149505596	7	(28.193,256.123,1.895)	14.2255	-57.9011
15.504964017577	2	(25.9066,147.484,1.895)	120.447	-76.4557
15.510420700861	9	(27.8951,288.031,1.895)	20.3449	-61.0089
15.519172076066	1	(29.3244,134.893,1.895)	133.11	-77.324
15.520336667087	5	(25.344,207.76,1.895)	60.1686	-70.4272
15.525066219154	3	(29.0192,167.596,1.895)	100.42	-74.8762
15.529642230819	0	(29.5798,107.529,1.895)	160.469	-78.9476
15.530111458793	6	(28.457,227.832,1.895)	40.2616	-66.9376
15.541651904734	4	(28.767,194.615,1.895)	73.419	-72.156
15.549149505596	7	(28.2114,254.149,1.895)	14.1975	-57.884
15.604964017577	2	(25.9253,145.482,1.895)	120.438	-76.4551
15.610420700861	9	(27.9138,286.03,1.895)	20.354	-61.0128
15.619172076066	1	(29.3431,132.897,1.895)	133.096	-77.3231
15.620336667087	5	(25.3627,205.76,1.895)	60.1579	-70.4256
15.625066219154	3	(29.0379,165.596,1.895)	100.408	-74.8752
15.629642230819	0	(29.5985,105.524,1.895)	160.463	-78.9473
15.630111458793	6	(28.4757,225.825,1.895)	40.258	-66.9368
15.641651904734	4	(28.7856,192.628,1.895)	73.3952	-72.1531
15.649149505596	7	(28.2298,252.177,1.895)	14.1598	-57.861
15.704964017577	2	(25.9441,143.471,1.895)	120.44	-76.4552
15.710420700861	9	(27.9325,284.029,1.895)	20.3623	-61.0163
15.719172076066	1	(29.3617,130.9,1.895)	133.083	-77.3223
15.720336667087	5	(25.3814,203.754,1.895)	60.1549	-70.4252
15.725066219154	3	(29.0566,163.592,1.895)	100.404	-74.8748
15.729642230819	0	(29.6172,103.523,1.895)	160.455	-78.9469
15.730111458793	6	(28.4944,223.825,1.895)	40.2495	-66.935
15.741651904734	4	(28.8041,190.646,1.895)	73.3688	-72.15
15.749149505596	7	(28.2482,250.204,1.895)	14.1248	-57.8394
15.804964017577	2	(25.9628,141.467,1.895)	120.434	-76.4548
15.810420700861	9	(27.9512,282.022,1.895)	20.3654	-61.0177
15.819172076066	1	(29.3802,128.914,1.895)	133.059	-77.3207
15.820336667087	5	(25.4001,201.746,1.895)	60.1524	-70.4248
15.825066219154	3	(29.0753,161.587,1.895)	100.399	-74.8744
15.829642230819	0	(29.6359,101.516,1.895)	160.452	-78.9467
15.830111458793	6	(28.5131,221.821,1.895)	40.2432	-66.9336
15.841651904734	4	(28.8226,188.661,1.895)	73.3431	-72.147
15.849149505596	7	(28.2666,248.231,1.895)	14.0887	-57.8172
15.904964017577	2	(25.9814,139.467,1.895)	120.429	-76.4544
15.910420700861	9	(27.97,280.011,1.895)	20.359	-61.0149
15.919172076066	1	(29.3988,126.923,1.895)	133.046	-77.3198
15.920336667087	5	(25.4189,199.741,1.895)	60.1524	-70.4248
15.925066219154	3	(29.094,159.584,1.895)	100.397	-74.8742
15.929642230819	0	(29.6547,99.5056,1.895)	160.457	-78.947
15.930111458793	6	(28.5318,219.813,1.895)	40.2465	-66.9344
15.941651904734	4	(28.8411,186.676,1.895)	73.3235	-72.1447
15.949149505596	7	(28.285,246.26,1.895)	14.0551	-57.7965
16.004964017577	2	(26.0001,137.468,1.895)	120.418	-76.4536
16.010420700861	9	(27.9887,278.006,1.895)	20.3657	-61.0178
16.019172076066	1	(29.4175,124.918,1.895)	133.039	-77.3194
16.020336667087	5	(25.4376,197.731,1.895)	60.1513	-70.4247
16.025066219154	3	(29.1127,157.576,1.895)	100.393	-74.8739
16.029642230819	0	(29.6735,97.4951,1.895)	160.456	-78.9469
16.030111458793	6	(28.5506,217.804,1.895)	40.2439	-66.9338
16.041651904734	4	(28.8597,184.686,1.895)	73.302	-72.1421
16.049149505596	7	(28.3034,244.286,1.895)	14.0195	-57.7745
16.104964017577	2	(26.0188,135.46,1.895)	120.416	-76.4535
16.110420700861	9	(28.0074,276.002,1.895)	20.371	-61.02
16.119172076066	1	(29.4362,122.923,1.895)	133.025	-77.3185
16.120336667087	5	(25.4563,195.731,1.895)	60.1416	-70.4233
16.125066219154	3	(29.1314,155.572,1.895)	100.388	-74.8734
16.129642230819	0	(29.6922,95.4907,1.895)	160.451	-78.9466
16.130111458793	6	(28.5693,215.795,1.895)	40.2429	-66.9336
16.141651904734	4	(28.8783,182.693,1.895)	73.2856	-72.1402
16.149149505596	7	(28.3219,242.309,1.895)	13.9871	-57.7543
16.204964017577	2	(26.0376,133.45,1.895)	120.422	-76.4539
16.210420700861	9	(28.0261,274.002,1.895)	20.3742	-61.0214
16.219172076066	1	(29.4548,120.926,1.895)	133.018	-77.318
16.220336667087	5	(25.4751,193.721,1.895)	60.1483	-70.4243
16.225066219154	3	(29.1501,153.568,1.895)	100.388	-74.8735
16.229642230819	0	(29.7109,93.4831,1.895)	160.455	-78.9469
16.230111458793	6	(28.5881,213.788,1.895)	40.2468	-66.9344
16.241651904734	4	(28.8969,180.697,1.895)	73.2776	-72.1392
16.249149505596	7	(28.3404,240.329,1.895)	13.9643	-57.7402
16.304964017577	2	(26.0563,131.441,1.895)	120.419	-76.4537
16.310420700861	9	(28.0448,271.992,1.895)	20.376	-61.0222
16.319172076066	1	(29.4735,118.922,1.895)	133.011	-77.3176
16.320336667087	5	(25.4937,191.72,1.895)	60.1374	-70.4227
16.325066219154	3	(29.1688,151.563,1.895)	100.382	-74.8729
16.329642230819	0	(29.7296,91.4768,1.895)	160.45	-78.9466
16.330111458793	6	(28.6068,211.782,1.895)	40.2413	-66.9332
16.341651904734	4	(28.9155,178.702,1.895)	73.2617	-72.1373
16.349149505596	7	(28.3588,238.353,1.895)	13.9303	-57.719
16.404964017577	2	(26.075,129.439,1.895)	120.422	-76.4539
16.410420700861	9	(28.0636,269.984,1.895)	20.3685	-61.019
16.419172076066	1	(29.4921,116.926,1.895)	133.006	-77.3172
16.420336667087	5	(25.5124,189.714,1.895)	60.1434	-70.4236
16.425066219154	3	(29.1875,149.56,1.895)	100.385	-74.8731
16.429642230819	0	(29.7484,89.4673,1.895)	160.46	-78.9471
16.430111458793	6	(28.6255,209.777,1.895)	40.2462	-66.9343
16.441651904734	4	(28.9341,176.711,1.895)	73.2522	-72.1362
16.449149505596	7	(28.3773,236.369,1.895)	13.9141	-57.7089
16.504964017577	2	(26.0937,127.44,1.895)	120.413	-76.4533
16.510420700861	9	(28.0822,267.985,1.895)	20.3763	-61.0223
16.519172076066	1	(29.5108,114.925,1.895)	133	-77.3168
16.520336667087	5	(25.5312,187.702,1.895)	60.1481	-70.4242
16.525066219154	3	(29.2062,147.556,1.895)	100.381	-74.8728
16.529642230819	0	(29.7671,87.4631,1.895)	160.457	-78.9469
16.530111458793	6	(28.6443,207.765,1.895)	40.2508	-66.9353
16.541651904734	4	(28.9527,174.72,1.895)	73.2358	-72.1343
16.549149505596	7	(28.3957,234.395,1.895)	13.8825	-57.6891
16.604964017577	2	(26.1124,125.43,1.895)	120.415	-76.4534
16.610420700861	9	(28.101,265.977,1.895)	20.376	-61.0222
16.619172076066	1	(29.5294,112.932,1.895)	132.986	-77.3159
16.620336667087	5	(25.5499,185.699,1.895)	60.1437	-70.4236
16.625066219154	3	(29.225,145.547,1.895)	100.383	-74.873
16.629642230819	0	(29.7858,85.4549,1.895)	160.457	-78.947
16.630111458793	6	(28.663,205.765,1.895)	40.2431	-66.9336
16.641651904734	4	(28.9713,172.725,1.895)	73.224	-72.1329
16.649149505596	7	(28.4143,232.409,1.895)	13.8611	-57.6757
16.704964017577	2	(26.1312,123.425,1.895)	120.413	-76.4532
16.710420700861	9	(28.1196,263.977,1.895)	20.3842	-61.0257
16.719172076066	1	(29.5481,110.928,1.895)	132.981	-77.3156
16.720336667087	5	(25.5687,183.692,1.895)	60.1422	-70.4234
16.725066219154	3	(29.2437,143.547,1.895)	100.375	-74.8723
16.729642230819	0	(29.8046,83.4512,1.895)	160.453	-78.9467
16.730111458793	6	(28.6817,203.759,1.895)	40.2413	-66.9332
16.741651904734	4	(28.99,170.73,1.895)	73.2107	-72.1313
16.749149505596	7	(28.4328,230.43,1.895)	13.833	-57.6581
16.804964017577	2	(26.1499,121.419,1.895)	120.411	-76.4531
16.810420700861	9	(28.1383,261.974,1.895)	20.3882	-61.0274
16.819172076066	1	(29.5667,108.938,1.895)	132.964	-77.3144
16.820336667087	5	(25.5874,181.688,1.895)	60.1389	-70.4229
16.825066219154	3	(29.2624,141.542,1.895)	100.372	-74.872
16.829642230819	0	(29.8233,81.4449,1.895)	160.451	-78.9467
16.830111458793	6	(28.7004,201.752,1.895)	40.2411	-66.9332
16.841651904734	4	(29.0086,168.737,1.895)	73.1959	-72.1295
16.849149505596	7	(28.4513,228.441,1.895)	13.8146	-57.6465
16.904964017577	2	(26.1686,119.411,1.895)	120.414	-76.4534
16.910420700861	9	(28.157,259.975,1.895)	20.3932	-61.0295
16.919172076066	1	(29.5853,106.942,1.895)	132.956	-77.3139
16.920336667087	5	(25.6061,179.685,1.895)	60.1381	-70.4228
16.925066219154	3	(29.2811,139.536,1.895)	100.374	-74.8722
16.929642230819	0	(29.842,79.4436,1.895)	160.448	-78.9465
16.930111458793	6	(28.7192,199.74,1.895)	40.2483	-66.9347
16.941651904734	4	(29.0272,166.744,1.895)	73.1843	-72.1281
16.949149505596	7	(28.4698,226.463,1.895)	13.7891	-57.6305
17.004964017577	2	(26.1874,117.404,1.895)	120.419	-76.4537
17.010420700861	9	(28.1757,257.97,1.895)	20.3912	-61.0286
17.019172076066	1	(29.6039,104.949,1.895)	132.946	-77.3133
17.020336667087	5	(25.6248,177.679,1.895)	60.1416	-70.4233
17.025066219154	3	(29.2998,137.532,1.895)	100.375	-74.8723
17.029642230819	0	(29.8606,77.4438,1.895)	160.446	-78.9463
17.030111458793	6	(28.7379,197.732,1.895)	40.2543	-66.936
17.041651904734	4	(29.0457,164.755,1.895)	73.1713	-72.1266
17.049149505596	7	(28.4883,224.481,1.895)	13.7694	-57.6181
17.104964017577	2	(26.206,115.403,1.895)	120.418	-76.4536
17.110420700861	9	(28.1944,255.968,1.895)	20.3911	-61.0286
17.119172076066	1	(29.6225,102.959,1.895)	132.935	-77.3126
17.120336667087	5	(25.6434,175.679,1.895)	60.1391	-70.4229
17.125066219154	3	(29.3185,135.524,1.895)	100.381	-74.8728
17.129642230819	0	(29.8794,75.4334,1.895)	160.454	-78.9468
17.130111458793	6	(28.7567,195.721,1.895)	40.2632	-66.9379
17.141651904734	4	(29.0643,162.762,1.895)	73.1624	-72.1256
17.149149505596	7	(28.5069,222.49,1.895)	13.7588	-57.6114
17.204964017577	2	(26.2248,113.392,1.895)	120.42	-76.4538
17.210420700861	9	(28.2132,253.958,1.895)	20.3903	-61.0283
17.219172076066	1	(29.6412,100.955,1.895)	132.929	-77.3122
17.220336667087	5	(25.6622,173.668,1.895)	60.142	-70.4233
17.225066219154	3	(29.3373,133.515,1.895)	100.381	-74.8728
17.229642230819	0	(29.8981,73.4232,1.895)	160.456	-78.9469
17.230111458793	6	(28.7754,193.72,1.895)	40.2551	-66.9362
17.241651904734	4	(29.0829,160.767,1.895)	73.1489	-72.1239
17.249149505596	7	(28.5254,220.505,1.895)	13.736	-57.597
17.304964017577	2	(26.2435,111.393,1.895)	120.409	-76.453
17.310420700861	9	(28.2318,251.959,1.895)	20.4008	-61.0327
17.319172076066	1	(29.6599,98.9477,1.895)	132.927	-77.312
17.320336667087	5	(25.6809,171.661,1.895)	60.1379	-70.4228
17.325066219154	3	(29.356,131.511,1.895)	100.375	-74.8723
17.329642230819	0	(29.9169,71.4155,1.895)	160.453	-78.9467
17.330111458793	6	(28.794,191.72,1.895)	40.2445	-66.9339
17.341651904734	4	(29.1016,158.772,1.895)	73.1332	-72.1221
17.349149505596	7	(28.5438,218.527,1.895)	13.7042	-57.5769
17.404964017577	2	(26.2621,109.392,1.895)	120.41	-76.4531
17.410420700861	9	(28.2506,249.95,1.895)	20.3915	-61.0288
17.419172076066	1	(29.6785,96.9536,1.895)	132.921	-77.3117
17.420336667087	5	(25.6997,169.65,1.895)	60.1494	-70.4244
17.425066219154	3	(29.3747,129.511,1.895)	100.376	-74.8724
17.429642230819	0	(29.9356,69.4113,1.895)	160.457	-78.947
17.430111458793	6	(28.8127,189.718,1.895)	40.2465	-66.9344
17.441651904734	4	(29.1202,156.778,1.895)	73.1274	-72.1214
17.449149505596	7	(28.5623,216.545,1.895)	13.687	-57.566
17.504964017577	2	(26.2809,107.382,1.895)	120.417	-76.4536
17.510420700861	9	(28.2693,247.939,1.895)	20.3838	-61.0255
17.519172076066	1	(29.6972,94.9579,1.895)	132.914	-77.3112
17.520336667087	5	(25.7184,167.648,1.895)	60.1483	-70.4243
17.525066219154	3	(29.3933,127.511,1.895)	100.373	-74.8721
17.529642230819	0	(29.9543,67.4018,1.895)	160.464	-78.9473
17.530111458793	6	(28.8315,187.707,1.895)	40.2554	-66.9363
17.541651904734	4	(29.1387,154.793,1.895)	73.1092	-72.1192
17.549149505596	7	(28.5809,214.557,1.895)	13.6722	-57.5565
17.604964017577	2	(26.2996,105.377,1.895)	120.418	-76.4536
17.610420700861	9	(28.288,245.938,1.895)	20.3878	-61.0272
17.619172076066	1	(29.7159,92.9523,1.895)	132.915	-77.3113
17.620336667087	5	(25.7371,165.644,1.895)	60.1478	-70.4242
17.625066219154	3	(29.4121,125.5,1.895)	100.379	-74.8727
17.629642230819	0	(29.9731,65.3948,1.895)	160.467	-78.9475
17.630111458793	6	(28.8502,185.708,1.895)	40.2502	-66.9351
17.641651904734	4	(29.1573,152.799,1.895)	73.0988	-72.118
17.649149505596	7	(28.5994,212.571,1.895)	13.6548	-57.5455
17.704964017577	2	(26.3184,103.366,1.895)	120.424	-76.454
17.710420700861	9	(28.3067,243.939,1.895)	20.3941	-61.0299
17.719172076066	1	(29.7346,90.9471,1.895)	132.914	-77.3112
17.720336667087	5	(25.7558,163.636,1.895)	60.1504	-70.4246
17.725066219154	3	(29.4308,123.494,1.895)	100.379	-74.8727
17.729642230819	0	(29.9918,63.389,1.895)	160.467	-78.9475
17.730111458793	6	(28.8689,183.702,1.895)	40.2497	-66.935
17.741651904734	4	(29.176,150.8,1.895)	73.0921	-72.1172
17.749149505596	7	(28.6179,210.596,1.895)	13.6247	-57.5263
17.804964017577	2	(26.3371,101.359,1.895)	120.429	-76.4544
17.810420700861	9	(28.3254,241.93,1.895)	20.3861	-61.0265
17.819172076066	1	(29.7533,88.9428,1.895)	132.918	-77.3115
17.820336667087	5	(25.7746,161.625,1.895)	60.1603	-70.426
17.825066219154	3	(29.4495,121.488,1.895)	100.384	-74.8731
17.829642230819	0	(30.0106,61.3776,1.895)	160.477	-78.9481
17.830111458793	6	(28.8876,181.696,1.895)	40.255	-66.9362
17.841651904734	4	(29.1946,148.803,1.895)	73.0889	-72.1168
17.849149505596	7	(28.6364,208.608,1.895)	13.6122	-57.5183
17.904964017577	2	(26.3558,99.3524,1.895)	120.433	-76.4547
17.910420700861	9	(28.3442,239.923,1.895)	20.3823	-61.0249
17.919172076066	1	(29.772,86.9368,1.895)	132.921	-77.3116
17.920336667087	5	(25.7934,159.614,1.895)	60.1682	-70.4271
17.925066219154	3	(29.4682,119.488,1.895)	100.382	-74.8729
17.929642230819	0	(30.0293,59.3672,1.895)	160.484	-78.9484
17.930111458793	6	(28.9063,179.689,1.895)	40.2585	-66.9369
17.941651904734	4	(29.2132,146.811,1.895)	73.0776	-72.1155
17.949149505596	7	(28.655,206.623,1.895)	13.5952	-57.5075
18.004964017577	2	(26.3746,97.3457,1.895)	120.433	-76.4547
18.010420700861	9	(28.3628,237.923,1.895)	20.3884	-61.0275
18.019172076066	1	(29.7907,84.9351,1.895)	132.916	-77.3113
18.020336667087	5	(25.8122,157.603,1.895)	60.1736	-70.4279
18.025066219154	3	(29.4869,117.484,1.895)	100.379	-74.8726
18.029642230819	0	(30.0481,57.3602,1.895)	160.485	-78.9485
18.030111458793	6	(28.925,177.686,1.895)	40.2561	-66.9364
18.041651904734	4	(29.2318,144.814,1.895)	73.0678	-72.1143
18.049149505596	7	(28.6735,204.638,1.895)	13.5739	-57.4939
18.104964017577	2	(26.3933,95.3423,1.895)	120.434	-76.4548
18.110420700861	9	(28.3815,235.921,1.895)	20.389	-61.0277
18.119172076066	1	(29.8094,82.9349,1.895)	132.914	-77.3112
18.120336667087	5	(25.8309,155.6,1.895)	60.1743	-70.428
18.125066219154	3	(29.5056,115.476,1.895)	100.384	-74.8731
18.129642230819	0	(30.0668,55.3524,1.895)	160.49	-78.9488
18.130111458793	6	(28.9437,175.684,1.895)	40.2547	-66.9361
18.141651904734	4	(29.2505,142.816,1.895)	73.0635	-72.1138
18.149149505596	7	(28.692,202.651,1.895)	13.5596	-57.4847
18.204964017577	2	(26.412,93.3357,1.895)	120.433	-76.4547
18.210420700861	9	(28.4002,233.916,1.895)	20.3917	-61.0288
18.219172076066	1	(29.8281,80.9275,1.895)	132.914	-77.3112
18.220336667087	5	(25.8496,153.591,1.895)	60.1748	-70.4281
18.225066219154	3	(29.5244,113.472,1.895)	100.381	-74.8728
18.229642230819	0	(30.0855,53.3498,1.895)	160.485	-78.9485
18.230111458793	6	(28.9624,173.678,1.895)	40.2538	-66.9359
18.241651904734	4	(29.2691,140.822,1.895)	73.0496	-72.1121
18.249149505596	7	(28.7106,200.661,1.895)	13.542	-57.4734
18.304964017577	2	(26.4307,91.3317,1.895)	120.434	-76.4548
18.310420700861	9	(28.4189,231.913,1.895)	20.3913	-61.0287
18.319172076066	1	(29.8467,78.9322,1.895)	132.906	-77.3107
18.320336667087	5	(25.8684,151.58,1.895)	60.1828	-70.4292
18.325066219154	3	(29.5431,111.46,1.895)	100.39	-74.8736
18.329642230819	0	(30.1042,51.3465,1.895)	160.486	-78.9485
18.330111458793	6	(28.9811,171.677,1.895)	40.2514	-66.9354
18.341651904734	4	(29.2876,138.834,1.895)	73.0354	-72.1105
18.349149505596	7	(28.7292,198.667,1.895)	13.534	-57.4683
18.404964017577	2	(26.4494,89.331,1.895)	120.423	-76.454
18.410420700861	9	(28.4376,229.912,1.895)	20.4011	-61.0329
18.419172076066	1	(29.8654,76.9348,1.895)	132.892	-77.3098
18.420336667087	5	(25.887,149.58,1.895)	60.1716	-70.4276
18.425066219154	3	(29.5618,109.46,1.895)	100.378	-74.8726
18.429642230819	0	(30.123,49.3345,1.895)	160.486	-78.9486
18.430111458793	6	(28.9998,169.678,1.895)	40.2394	-66.9328
18.441651904734	4	(29.3063,136.832,1.895)	73.0257	-72.1093
18.449149505596	7	(28.7477,196.683,1.895)	13.5074	-57.4512
18.504964017577	2	(26.4681,87.3239,1.895)	120.421	-76.4538
18.510420700861	9	(28.4563,227.909,1.895)	20.4079	-61.0357
18.519172076066	1	(29.8841,74.9235,1.895)	132.894	-77.3099
18.520336667087	5	(25.9057,147.581,1.895)	60.1612	-70.4261
18.525066219154	3	(29.5805,107.46,1.895)	100.37	-74.8718
18.529642230819	0	(30.1417,47.3272,1.895)	160.484	-78.9484
18.530111458793	6	(29.0185,167.676,1.895)	40.2319	-66.9312
18.541651904734	4	(29.3249,134.841,1.895)	73.007	-72.1071
18.549149505596	7	(28.7662,194.703,1.895)	13.4783	-57.4325
18.604964017577	2	(26.4868,85.3168,1.895)	120.419	-76.4537
18.610420700861	9	(28.4751,225.897,1.895)	20.4051	-61.0346
18.619172076066	1	(29.9029,72.9168,1.895)	132.891	-77.3097
18.620336667087	5	(25.9244,145.577,1.895)	60.1559	-70.4253
18.625066219154	3	(29.5992,105.455,1.895)	100.366	-74.8715
18.629642230819	0	(30.1604,45.3193,1.895)	160.483	-78.9484
18.630111458793	6	(29.0372,165.668,1.895)	40.2313	-66.9311
18.641651904734	4	(29.3436,132.844,1.895)	72.9954	-72.1057
18.649149505596	7	(28.7848,192.713,1.895)	13.4598	-57.4206
18.704964017577	2	(26.5056,83.3062,1.895)	120.421	-76.4539
18.710420700861	9	(28.4938,223.89,1.895)	20.4064	-61.0351
18.719172076066	1	(29.9216,70.9094,1.895)	132.89	-77.3097
18.720336667087	5	(25.9432,143.566,1.895)	60.159	-70.4258
18.725066219154	3	(29.6179,103.449,1.895)	100.362	-74.8712
18.729642230819	0	(30.1792,43.3092,1.895)	160.485	-78.9485
18.730111458793	6	(29.056,163.658,1.895)	40.2319	-66.9312
18.741651904734	4	(29.3622,130.843,1.895)	72.9881	-72.1048
18.749149505596	7	(28.8033,190.726,1.895)	13.4393	-57.4073
18.804964017577	2	(26.5244,81.2964,1.895)	120.426	-76.4542
18.810420700861	9	(28.5125,221.882,1.895)	20.4034	-61.0338
18.819172076066	1	(29.9403,68.9094,1.895)	132.886	-77.3094
18.820336667087	5	(25.9619,141.555,1.895)	60.1655	-70.4267
18.825066219154	3	(29.6366,101.449,1.895)	100.358	-74.8709
18.829642230819	0	(30.1979,41.3091,1.895)	160.48	-78.9482
18.830111458793	6	(29.0746,161.658,1.895)	40.2276	-66.9303
18.841651904734	4	(29.3809,128.846,1.895)	72.9798	-72.1038
18.849149505596	7	(28.822,188.729,1.895)	13.4322	-57.4027
18.904964017577	2	(26.5431,79.2871,1.895)	120.429	-76.4544
18.910420700861	9	(28.5313,219.876,1.895)	20.4032	-61.0338
18.919172076066	1	(29.9589,66.9144,1.895)	132.875	-77.3086
18.920336667087	5	(25.9806,139.552,1.895)	60.1619	-70.4262
18.925066219154	3	(29.6553,99.4408,1.895)	100.36	-74.871
18.929642230819	0	(30.2166,39.3027,1.895)	160.48	-78.9482
18.930111458793	6	(29.0934,159.647,1.895)	40.2324	-66.9313
18.941651904734	4	(29.3995,126.853,1.895)	72.9675	-72.1024
18.949149505596	7	(28.8405,186.746,1.895)	13.4088	-57.3876
19.004964017577	2	(26.5618,77.285,1.895)	120.432	-76.4546
19.010420700861	9	(28.5499,217.875,1.895)	20.4024	-61.0334
19.019172076066	1	(29.9776,64.9075,1.895)	132.882	-77.3091
19.020336667087	5	(25.9994,137.545,1.895)	60.1689	-70.4272
19.025066219154	3	(29.6741,97.4334,1.895)	100.368	-74.8717
19.029642230819	0	(30.2354,37.2928,1.895)	160.49	-78.9488
19.030111458793	6	(29.1122,157.636,1.895)	40.2432	-66.9336
19.041651904734	4	(29.4181,124.859,1.895)	72.9609	-72.1016
19.049149505596	7	(28.8591,184.75,1.895)	13.4055	-57.3855
19.104964017577	2	(26.5805,75.2845,1.895)	120.429	-76.4544
19.110420700861	9	(28.5687,215.869,1.895)	20.3994	-61.0321
19.119172076066	1	(29.9963,62.9102,1.895)	132.876	-77.3087
19.120336667087	5	(26.0181,135.542,1.895)	60.1692	-70.4273
19.125066219154	3	(29.6927,95.4334,1.895)	100.365	-74.8714
19.129642230819	0	(30.2541,35.2834,1.895)	160.497	-78.9491
19.130111458793	6	(29.1309,155.632,1.895)	40.2447	-66.934
19.141651904734	4	(29.4367,122.865,1.895)	72.9528	-72.1006
19.149149505596	7	(28.8777,182.753,1.895)	13.3996	-57.3816
19.204964017577	2	(26.5992,73.2791,1.895)	120.428	-76.4543
19.210420700861	9	(28.5874,213.86,1.895)	20.3971	-61.0311
19.219172076066	1	(30.015,60.9049,1.895)	132.874	-77.3086
19.220336667087	5	(26.0368,133.538,1.895)	60.1658	-70.4268
19.225066219154	3	(29.7114,93.4286,1.895)	100.362	-74.8712
19.229642230819	0	(30.2729,33.2747,1.895)	160.499	-78.9492
19.230111458793	6	(29.1496,153.622,1.895)	40.2479	-66.9347
19.241651904734	4	(29.4553,120.869,1.895)	72.9411	-72.0992
19.249149505596	7	(28.8963,180.763,1.895)	13.3832	-57.371
19.304964017577	2	(26.6179,71.2761,1.895)	120.422	-76.4539
19.310420700861	9	(28.6062,211.851,1.895)	20.3965	-61.0309
19.319172076066	1	(30.0337,58.9023,1.895)	132.869	-77.3082
19.320336667087	5	(26.0555,131.533,1.895)	60.1627	-70.4263
19.325066219154	3	(29.7301,91.4278,1.895)	100.355	-74.8706
19.329642230819	0	(30.2916,31.264,1.895)	160.501	-78.9493
19.330111458793	6	(29.1684,151.615,1.895)	40.2464	-66.9343
19.341651904734	4	(29.474,118.868,1.895)	72.9341	-72.0984
19.349149505596	7	(28.915,178.763,1.895)	13.3748	-57.3655
19.404964017577	2	(26.6367,69.2648,1.895)	120.434	-76.4548
19.410420700861	9	(28.6249,209.841,1.895)	20.3861	-61.0265
19.419172076066	1	(30.0524,56.8911,1.895)	132.881	-77.309
19.420336667087	5	(26.0742,129.529,1.895)	60.1677	-70.4271
19.425066219154	3	(29.7488,89.4237,1.895)	100.36	-74.871
19.429642230819	0	(30.3103,29.2618,1.895)	160.504	-78.9495
19.430111458793	6	(29.1871,149.611,1.895)	40.2515	-66.9354
19.441651904734	4	(29.4926,116.871,1.895)	72.9321	-72.0982
19.449149505596	7	(28.9336,176.772,1.895)	13.3668	-57.3604
19.504964017577	2	(26.6554,67.254,1.895)	120.445	-76.4556
19.510420700861	9	(28.6436,207.84,1.895)	20.3851	-61.026
19.519172076066	1	(30.0711,54.8962,1.895)	132.875	-77.3087
19.520336667087	5	(26.0929,127.526,1.895)	60.1702	-70.4274
19.525066219154	3	(29.7675,87.4197,1.895)	100.363	-74.8713
19.529642230819	0	(30.329,27.2625,1.895)	160.503	-78.9494
19.530111458793	6	(29.2058,147.603,1.895)	40.2588	-66.937
19.541651904734	4	(29.5112,114.881,1.895)	72.9214	-72.0969
19.549149505596	7	(28.9521,174.782,1.895)	13.3574	-57.3542
19.604964017577	2	(26.6742,65.246,1.895)	120.448	-76.4558
19.610420700861	9	(28.6623,205.837,1.895)	20.3872	-61.027
19.619172076066	1	(30.0896,52.9065,1.895)	132.86	-77.3077
19.620336667087	5	(26.1116,125.525,1.895)	60.1665	-70.4269
19.625066219154	3	(29.7862,85.4131,1.895)	100.365	-74.8714
19.629642230819	0	(30.3477,25.256,1.895)	160.505	-78.9495
19.630111458793	6	(29.2245,145.603,1.895)	40.2538	-66.9359
19.641651904734	4	(29.5298,112.885,1.895)	72.9124	-72.0958
19.649149505596	7	(28.9708,172.785,1.895)	13.3497	-57.3492
19.704964017577	2	(26.6928,63.2455,1.895)	120.442	-76.4553
19.710420700861	9	(28.681,203.833,1.895)	20.3898	-61.028
19.719172076066	1	(30.1084,50.8984,1.895)	132.861	-77.3077
19.720336667087	5	(26.1303,123.514,1.895)	60.1709	-70.4275
19.725066219154	3	(29.805,83.4024,1.895)	100.369	-74.8718
19.730111458793	6	(29.2431,143.604,1.895)	40.246	-66.9342
19.741651904734	4	(29.5485,110.884,1.895)	72.9069	-72.0952
19.749149505596	7	(28.9893,170.795,1.895)	13.333	-57.3383
19.804964017577	2	(26.7115,61.2448,1.895)	120.436	-76.4549
19.810420700861	9	(28.6997,201.832,1.895)	20.3952	-61.0303
19.819172076066	1	(30.1271,48.8912,1.895)	132.862	-77.3078
19.820336667087	5	(26.149,121.51,1.895)	60.1685	-70.4272
19.825066219154	3	(29.8237,81.3962,1.895)	100.369	-74.8718
19.830111458793	6	(29.2619,141.596,1.895)	40.2476	-66.9346
19.841651904734	4	(29.5672,108.884,1.895)	72.9007	-72.0944
19.849149505596	7	(29.0079,168.809,1.895)	13.3139	-57.3259
19.904964017577	2	(26.7302,59.2429,1.895)	120.438	-76.4551
19.910420700861	9	(28.7184,199.821,1.895)	20.3844	-61.0257
19.919172076066	1	(30.1458,46.8921,1.895)	132.861	-77.3077
19.920336667087	5	(26.1677,119.51,1.895)	60.1679	-70.4271
19.925066219154	3	(29.8425,79.3896,1.895)	100.376	-74.8723
19.930111458793	6	(29.2805,139.596,1.895)	40.2477	-66.9346
19.941651904734	4	(29.5858,106.884,1.895)	72.9004	-72.0944
19.949149505596	7	(29.0264,166.821,1.895)	13.3023	-57.3183
20.004964017577	2	(26.7489,57.2413,1.895)	120.436	-76.4549
20.010420700861	9	(28.7372,197.811,1.895)	20.3778	-61.0229
20.019172076066	1	(30.1645,44.8832,1.895)	132.867	-77.3081
20.020336667087	5	(26.1864,117.507,1.895)	60.1678	-70.4271
20.025066219154	3	(29.8612,77.3808,1.895)	100.381	-74.8728
20.030111458793	6	(29.2993,137.587,1.895)	40.2537	-66.9359
20.041651904734	4	(29.6045,104.886,1.895)	72.8956	-72.0938
20.049149505596	7	(29.045,164.836,1.895)	13.2848	-57.3069
20.104964017577	2	(26.7676,55.2391,1.895)	120.436	-76.4549
20.110420700861	9	(28.7559,195.802,1.895)	20.3711	-61.0201
20.119172076066	1	(30.1833,42.875,1.895)	132.873	-77.3085
20.120336667087	5	(26.2051,115.507,1.895)	60.1652	-70.4267
20.125066219154	3	(29.8799,75.3751,1.895)	100.384	-74.8731
20.130111458793	6	(29.318,135.577,1.895)	40.2606	-66.9374
20.141651904734	4	(29.6232,102.884,1.895)	72.8944	-72.0937
20.149149505596	7	(29.0636,162.839,1.895)	13.2789	-57.303
20.204964017577	2	(26.7863,53.2373,1.895)	120.437	-76.455
20.210420700861	9	(28.7746,193.801,1.895)	20.3711	-61.0201
20.219172076066	1	(30.202,40.8688,1.895)	132.878	-77.3088
20.220336667087	5	(26.2238,113.503,1.895)	60.1692	-70.4273
20.225066219154	3	(29.8987,73.365,1.895)	100.394	-74.8739
20.230111458793	6	(29.3368,133.571,1.895)	40.2661	-66.9386
20.241651904734	4	(29.6418,100.892,1.895)	72.8856	-72.0926
20.249149505596	7	(29.0823,160.84,1.895)	13.2773	-57.302
20.304964017577	2	(26.805,51.2265,1.895)	120.445	-76.4556
20.310420700861	9	(28.7934,191.792,1.895)	20.3649	-61.0174
20.319172076066	1	(30.2208,38.8582,1.895)	132.886	-77.3094
20.320336667087	5	(26.2425,111.501,1.895)	60.168	-70.4271
20.325066219154	3	(29.9173,71.3657,1.895)	100.39	-74.8736
20.330111458793	6	(29.3555,131.569,1.895)	40.2654	-66.9384
20.341651904734	4	(29.6605,98.8855,1.895)	72.8899	-72.0931
20.349149505596	7	(29.1009,158.843,1.895)	13.272	-57.2985
20.404964017577	2	(26.8238,49.2156,1.895)	120.45	-76.4559
20.410420700861	9	(28.8121,189.784,1.895)	20.3625	-61.0164
20.419172076066	1	(30.2395,36.8515,1.895)	132.886	-77.3094
20.420336667087	5	(26.2612,109.49,1.895)	60.173	-70.4278
20.425066219154	3	(29.9361,69.3552,1.895)	100.395	-74.874
20.430111458793	6	(29.3742,129.565,1.895)	40.2636	-66.938
20.441651904734	4	(29.6791,96.8972,1.895)	72.8718	-72.091
20.449149505596	7	(29.1195,156.851,1.895)	13.2577	-57.2892
20.504964017577	2	(26.8425,47.2073,1.895)	120.458	-76.4565
20.510420700861	9	(28.8309,187.772,1.895)	20.3505	-61.0113
20.519172076066	1	(30.2582,34.8411,1.895)	132.897	-77.3101
20.520336667087	5	(26.2799,107.486,1.895)	60.1775	-70.4285
20.525066219154	3	(29.9548,67.3532,1.895)	100.397	-74.8742
20.530111458793	6	(29.3929,127.561,1.895)	40.2678	-66.939
20.541651904734	4	(29.6977,94.9005,1.895)	72.8688	-72.0906
20.549149505596	7	(29.138,154.864,1.895)	13.246	-57.2815
20.604964017577	2	(26.8613,45.2005,1.895)	120.456	-76.4564
20.610420700861	9	(28.8497,185.76,1.895)	20.3479	-61.0102
20.619172076066	1	(30.2769,32.8379,1.895)	132.891	-77.3097
20.620336667087	5	(26.2986,105.486,1.895)	60.1685	-70.4272
20.625066219154	3	(29.9735,65.3446,1.895)	100.397	-74.8742
20.630111458793	6	(29.4116,125.555,1.895)	40.2648	-66.9383
20.641651904734	4	(29.7164,92.901,1.895)	72.8595	-72.0895
20.649149505596	7	(29.1567,152.864,1.895)	13.2368	-57.2755
20.704964017577	2	(26.88,43.1887,1.895)	120.468	-76.4573
20.710420700861	9	(28.8684,183.756,1.895)	20.3436	-61.0083
20.719172076066	1	(30.2957,30.8312,1.895)	132.898	-77.3102
20.720336667087	5	(26.3173,103.482,1.895)	60.1722	-70.4277
20.725066219154	3	(29.9922,63.3416,1.895)	100.4	-74.8744
20.730111458793	6	(29.4303,123.552,1.895)	40.2677	-66.9389
20.741651904734	4	(29.735,90.8978,1.895)	72.8629	-72.0899
20.749149505596	7	(29.1753,150.874,1.895)	13.2278	-57.2696
20.804964017577	2	(26.8987,41.1861,1.895)	120.472	-76.4575
20.810420700861	9	(28.8871,181.754,1.895)	20.3412	-61.0073
20.819172076066	1	(30.3144,28.8252,1.895)	132.905	-77.3106
20.820336667087	5	(26.336,101.477,1.895)	60.1777	-70.4285
20.825066219154	3	(30.011,61.3342,1.895)	100.408	-74.8751
20.830111458793	6	(29.4489,121.552,1.895)	40.2685	-66.9391
20.841651904734	4	(29.7537,88.9022,1.895)	72.859	-72.0895
20.849149505596	7	(29.1939,148.883,1.895)	13.2191	-57.2638
20.904964017577	2	(26.9175,39.179,1.895)	120.475	-76.4578
20.910420700861	9	(28.9058,179.745,1.895)	20.3355	-61.0049
20.919172076066	1	(30.3331,26.8213,1.895)	132.905	-77.3106
20.920336667087	5	(26.3547,99.4702,1.895)	60.1817	-70.4291
20.925066219154	3	(30.0297,59.3282,1.895)	100.41	-74.8754
20.930111458793	6	(29.4677,119.541,1.895)	40.2761	-66.9407
20.941651904734	4	(29.7724,86.8987,1.895)	72.8593	-72.0895
20.949149505596	7	(29.2124,146.898,1.895)	13.2021	-57.2527
21.004964017577	2	(26.9362,37.1686,1.895)	120.477	-76.4579
21.010420700861	9	(28.9245,177.743,1.895)	20.3423	-61.0078
21.020336667087	5	(26.3735,97.4593,1.895)	60.1834	-70.4293
21.025066219154	3	(30.0485,57.3187,1.895)	100.411	-74.8754
21.030111458793	6	(29.4864,117.534,1.895)	40.2737	-66.9402
21.041651904734	4	(29.791,84.9004,1.895)	72.8484	-72.0882
21.049149505596	7	(29.2311,144.896,1.895)	13.1946	-57.2477
21.104964017577	2	(26.9549,35.1661,1.895)	120.476	-76.4578
21.110420700861	9	(28.9432,175.736,1.895)	20.339	-61.0064
21.120336667087	5	(26.3922,95.4543,1.895)	60.1854	-70.4296
21.125066219154	3	(30.0672,55.313,1.895)	100.413	-74.8756
21.130111458793	6	(29.5052,115.522,1.895)	40.2825	-66.9421
21.141651904734	4	(29.8098,82.893,1.895)	72.8528	-72.0887
21.149149505596	7	(29.2497,142.896,1.895)	13.1923	-57.2462
21.204964017577	2	(26.9737,33.1551,1.895)	120.479	-76.458
21.210420700861	9	(28.962,173.727,1.895)	20.3383	-61.0061
21.220336667087	5	(26.411,93.4432,1.895)	60.188	-70.43
21.225066219154	3	(30.0859,53.3038,1.895)	100.414	-74.8757
21.230111458793	6	(29.5239,113.523,1.895)	40.2739	-66.9403
21.241651904734	4	(29.8284,80.8915,1.895)	72.8458	-72.0879
21.249149505596	7	(29.2685,140.889,1.895)	13.1901	-57.2448
21.304964017577	2	(26.9924,31.151,1.895)	120.48	-76.4581
21.310420700861	9	(28.9807,171.723,1.895)	20.3369	-61.0055
21.320336667087	5	(26.4297,91.4425,1.895)	60.1861	-70.4297
21.325066219154	3	(30.1046,51.3023,1.895)	100.413	-74.8756
21.330111458793	6	(29.5426,111.513,1.895)	40.2811	-66.9418
21.341651904734	4	(29.8472,78.8844,1.895)	72.8503	-72.0884
21.349149505596	7	(29.2871,138.896,1.895)	13.1808	-57.2386
21.404964017577	2	(27.0111,29.1485,1.895)	120.479	-76.458
21.410420700861	9	(28.9994,169.722,1.895)	20.3388	-61.0063
21.420336667087	5	(26.4484,89.4321,1.895)	60.1932	-70.4307
21.425066219154	3	(30.1233,49.2998,1.895)	100.412	-74.8755
21.430111458793	6	(29.5613,109.509,1.895)	40.2815	-66.9419
21.441651904734	4	(29.8658,76.8928,1.895)	72.8387	-72.087
21.449149505596	7	(29.3057,136.898,1.895)	13.1763	-57.2357
21.504964017577	2	(27.0299,27.137,1.895)	120.48	-76.4581
21.510420700861	9	(29.0181,167.714,1.895)	20.3417	-61.0075
21.520336667087	5	(26.4672,87.4264,1.895)	60.1877	-70.4299
21.525066219154	3	(30.142,47.2998,1.895)	100.401	-74.8746
21.530111458793	6	(29.5801,107.498,1.895)	40.2817	-66.9419
21.541651904734	4	(29.8845,74.8901,1.895)	72.8302	-72.086
21.549149505596	7	(29.3243,134.904,1.895)	13.1599	-57.2248
21.604964017577	2	(27.0486,25.1349,1.895)	120.47	-76.4574
21.610420700861	9	(29.0369,165.703,1.895)	20.3426	-61.0079
21.620336667087	5	(26.4858,85.4238,1.895)	60.1789	-70.4287
21.625066219154	3	(30.1607,45.2932,1.895)	100.396	-74.8741
21.630111458793	6	(29.5989,105.488,1.895)	40.2799	-66.9416
21.641651904734	4	(29.9031,72.8943,1.895)	72.8145	-72.0841
21.649149505596	7	(29.343,132.907,1.895)	13.1456	-57.2154
21.710420700861	9	(29.0556,163.701,1.895)	20.345	-61.0089
21.720336667087	5	(26.5045,83.4225,1.895)	60.1753	-70.4282
21.725066219154	3	(30.1794,43.2874,1.895)	100.397	-74.8742
21.730111458793	6	(29.6175,103.488,1.895)	40.2756	-66.9406
21.741651904734	4	(29.9217,70.8948,1.895)	72.8092	-72.0835
21.749149505596	7	(29.3616,130.912,1.895)	13.1359	-57.209
21.810420700861	9	(29.0743,161.693,1.895)	20.3443	-61.0086
21.820336667087	5	(26.5232,81.4181,1.895)	60.1732	-70.4278
21.825066219154	3	(30.1981,41.281,1.895)	100.397	-74.8742
21.830111458793	6	(29.6362,101.485,1.895)	40.2719	-66.9398
21.841651904734	4	(29.9404,68.893,1.895)	72.8045	-72.083
21.849149505596	7	(29.3802,128.92,1.895)	13.122	-57.1998
21.910420700861	9	(29.093,159.69,1.895)	20.3406	-61.0071
21.920336667087	5	(26.5419,79.4178,1.895)	60.1743	-70.428
21.925066219154	3	(30.2168,39.2786,1.895)	100.4	-74.8745
21.930111458793	6	(29.655,99.4729,1.895)	40.2844	-66.9425
21.941651904734	4	(29.9591,66.897,1.895)	72.8012	-72.0826
21.949149505596	7	(29.3988,126.921,1.895)	13.1218	-57.1997
22.010420700861	9	(29.1117,157.69,1.895)	20.3396	-61.0067
22.020336667087	5	(26.5606,77.4148,1.895)	60.1773	-70.4284
22.025066219154	3	(30.2356,37.2671,1.895)	100.412	-74.8755
22.030111458793	6	(29.6737,97.4725,1.895)	40.2849	-66.9426
22.041651904734	4	(29.9777,64.9021,1.895)	72.7962	-72.082
22.049149505596	7	(29.4176,124.914,1.895)	13.128	-57.2038
22.110420700861	9	(29.1303,155.69,1.895)	20.3451	-61.009
22.120336667087	5	(26.5793,75.4091,1.895)	60.1777	-70.4285
22.125066219154	3	(30.2544,35.257,1.895)	100.417	-74.8759
22.130111458793	6	(29.6924,95.4652,1.895)	40.2869	-66.9431
22.141651904734	4	(29.9964,62.8919,1.895)	72.8011	-72.0825
22.149149505596	7	(29.4361,122.923,1.895)	13.1144	-57.1948
22.210420700861	9	(29.1491,153.679,1.895)	20.3345	-61.0045
22.220336667087	5	(26.5981,73.4004,1.895)	60.1866	-70.4298
22.225066219154	3	(30.2731,33.2532,1.895)	100.42	-74.8762
22.230111458793	6	(29.7111,93.4623,1.895)	40.29	-66.9437
22.241651904734	4	(30.0152,60.8849,1.895)	72.8082	-72.0834
22.249149505596	7	(29.4548,120.922,1.895)	13.1152	-57.1953
22.310420700861	9	(29.1678,151.671,1.895)	20.3317	-61.0032
22.320336667087	5	(26.6168,71.3963,1.895)	60.185	-70.4295
22.325066219154	3	(30.2917,31.2538,1.895)	100.414	-74.8757
22.330111458793	6	(29.7299,91.4522,1.895)	40.2943	-66.9447
22.341651904734	4	(30.0338,58.887,1.895)	72.8004	-72.0825
22.349149505596	7	(29.4735,118.924,1.895)	13.1081	-57.1906
22.410420700861	9	(29.1866,149.663,1.895)	20.325	-61.0004
22.420336667087	5	(26.6355,69.387,1.895)	60.1937	-70.4308
22.425066219154	3	(30.3104,29.2501,1.895)	100.417	-74.876
22.430111458793	6	(29.7486,89.4502,1.895)	40.2958	-66.945
22.441651904734	4	(30.0524,56.8914,1.895)	72.7955	-72.0819
22.449149505596	7	(29.4921,116.928,1.895)	13.1037	-57.1876
22.510420700861	9	(29.2053,147.655,1.895)	20.3199	-60.9982
22.520336667087	5	(26.6543,67.3775,1.895)	60.2005	-70.4318
22.525066219154	3	(30.3291,27.2451,1.895)	100.42	-74.8762
22.530111458793	6	(29.7673,87.4425,1.895)	40.3008	-66.9461
22.541651904734	4	(30.0711,54.8935,1.895)	72.7907	-72.0813
22.549149505596	7	(29.5107,114.937,1.895)	13.0921	-57.18
22.610420700861	9	(29.2241,145.647,1.895)	20.318	-60.9974
22.620336667087	5	(26.673,65.3682,1.895)	60.2037	-70.4322
22.625066219154	3	(30.3478,25.2435,1.895)	100.415	-74.8758
22.630111458793	6	(29.786,85.434,1.895)	40.3032	-66.9466
22.641651904734	4	(30.0898,52.8923,1.895)	72.7858	-72.0807
22.649149505596	7	(29.5294,112.936,1.895)	13.0877	-57.177
22.710420700861	9	(29.2428,143.639,1.895)	20.3091	-60.9936
22.720336667087	5	(26.6917,63.3682,1.895)	60.2045	-70.4324
22.730111458793	6	(29.8047,83.4315,1.895)	40.3065	-66.9473
22.741651904734	4	(30.1085,50.8888,1.895)	72.7901	-72.0812
22.749149505596	7	(29.5481,110.931,1.895)	13.0928	-57.1804
22.810420700861	9	(29.2615,141.638,1.895)	20.3118	-60.9948
22.820336667087	5	(26.7104,61.3631,1.895)	60.2052	-70.4325
22.830111458793	6	(29.8234,81.4297,1.895)	40.3039	-66.9467
22.841651904734	4	(30.1272,48.8818,1.895)	72.7928	-72.0816
22.849149505596	7	(29.5667,108.933,1.895)	13.0874	-57.1769
22.910420700861	9	(29.2802,139.635,1.895)	20.3168	-60.9969
22.920336667087	5	(26.7291,59.3601,1.895)	60.2008	-70.4318
22.930111458793	6	(29.8421,79.4277,1.895)	40.2985	-66.9456
22.941651904734	4	(30.1459,46.8785,1.895)	72.7886	-72.0811
22.949149505596	7	(29.5853,106.944,1.895)	13.0696	-57.165
23.010420700861	9	(29.2989,137.629,1.895)	20.3206	-60.9985
23.020336667087	5	(26.7478,57.3596,1.895)	60.1912	-70.4305
23.030111458793	6	(29.8608,77.4271,1.895)	40.2891	-66.9435
23.041651904734	4	(30.1646,44.8795,1.895)	72.7775	-72.0797
23.049149505596	7	(29.6039,104.946,1.895)	13.0571	-57.1567
23.110420700861	9	(29.3176,135.624,1.895)	20.3216	-60.9989
23.120336667087	5	(26.7666,55.3483,1.895)	60.197	-70.4313
23.130111458793	6	(29.8795,75.4209,1.895)	40.2897	-66.9437
23.141651904734	4	(30.1833,42.8718,1.895)	72.7797	-72.08
23.149149505596	7	(29.6225,102.952,1.895)	13.0463	-57.1496
23.210420700861	9	(29.3363,133.624,1.895)	20.3247	-61.0003
23.220336667087	5	(26.7853,53.3387,1.895)	60.2028	-70.4321
23.230111458793	6	(29.8982,73.4155,1.895)	40.2913	-66.944
23.241651904734	4	(30.2021,40.861,1.895)	72.7867	-72.0808
23.249149505596	7	(29.6412,100.952,1.895)	13.0423	-57.1469
23.310420700861	9	(29.355,131.617,1.895)	20.3219	-60.9991
23.320336667087	5	(26.804,51.3389,1.895)	60.1988	-70.4316
23.330111458793	6	(29.9169,71.4087,1.895)	40.2943	-66.9447
23.341651904734	4	(30.2207,38.8589,1.895)	72.785	-72.0806
23.349149505596	7	(29.6599,98.9512,1.895)	13.0397	-57.1452
23.410420700861	9	(29.3738,129.608,1.895)	20.3142	-60.9958
23.420336667087	5	(26.8226,49.3385,1.895)	60.1978	-70.4314
23.430111458793	6	(29.9357,69.4013,1.895)	40.3003	-66.946
23.441651904734	4	(30.2394,36.856,1.895)	72.7865	-72.0808
23.449149505596	7	(29.6786,96.951,1.895)	13.0386	-57.1444
23.510420700861	9	(29.3924,127.608,1.895)	20.3252	-61.0005
23.520336667087	5	(26.8414,47.3301,1.895)	60.1952	-70.431
23.530111458793	6	(29.9544,67.4007,1.895)	40.2898	-66.9437
23.541651904734	4	(30.2581,34.8516,1.895)	72.7799	-72.08
23.549149505596	7	(29.6973,94.9466,1.895)	13.0322	-57.1401
23.610420700861	9	(29.4112,125.598,1.895)	20.3258	-61.0008
23.620336667087	5	(26.8601,45.3278,1.895)	60.1871	-70.4299
23.630111458793	6	(29.9731,65.3931,1.895)	40.2871	-66.9431
23.641651904734	4	(30.2768,32.8518,1.895)	72.7693	-72.0788
23.649149505596	7	(29.7159,92.9539,1.895)	13.0151	-57.1287
23.710420700861	9	(29.43,123.587,1.895)	20.325	-61.0004
23.720336667087	5	(26.8788,43.3253,1.895)	60.1792	-70.4287
23.730111458793	6	(29.9918,63.3929,1.895)	40.277	-66.9409
23.741651904734	4	(30.2956,30.842,1.895)	72.7687	-72.0787
23.749149505596	7	(29.7345,90.9563,1.895)	13.0027	-57.1205
23.810420700861	9	(29.4486,121.586,1.895)	20.3235	-60.9997
23.820336667087	5	(26.8975,41.3199,1.895)	60.1854	-70.4296
23.830111458793	6	(30.0105,61.3822,1.895)	40.2885	-66.9434
23.841651904734	4	(30.3143,28.8312,1.895)	72.7804	-72.0801
23.849149505596	7	(29.7531,88.9599,1.895)	13	-57.1187
23.910420700861	9	(29.4674,119.579,1.895)	20.3206	-60.9985
23.920336667087	5	(26.9162,39.3175,1.895)	60.1833	-70.4293
23.930111458793	6	(30.0293,59.375,1.895)	40.2911	-66.944
23.941651904734	4	(30.333,26.8268,1.895)	72.7803	-72.0801
23.949149505596	7	(29.7719,86.9538,1.895)	13.0016	-57.1197
24.010420700861	9	(29.4861,117.576,1.895)	20.3192	-60.9979
24.020336667087	5	(26.9348,37.3184,1.895)	60.1803	-70.4289
24.030111458793	6	(30.048,57.3672,1.895)	40.2969	-66.9452
24.049149505596	7	(29.7905,84.9588,1.895)	12.9947	-57.1151
24.110420700861	9	(29.5048,115.564,1.895)	20.3132	-60.9954
24.120336667087	5	(26.9535,35.3138,1.895)	60.1798	-70.4288
24.130111458793	6	(30.0667,55.3626,1.895)	40.2963	-66.9451
24.149149505596	7	(29.8092,82.957,1.895)	12.9915	-57.1129
24.210420700861	9	(29.5235,113.563,1.895)	20.3224	-60.9993
24.220336667087	5	(26.9722,33.3136,1.895)	60.1694	-70.4273
24.230111458793	6	(30.0854,53.3578,1.895)	40.2905	-66.9438
24.249149505596	7	(29.8278,80.9595,1.895)	12.9788	-57.1045
24.310420700861	9	(29.5422,111.564,1.895)	20.3254	-61.0006
24.320336667087	5	(26.9909,31.3113,1.895)	60.1693	-70.4273
24.330111458793	6	(30.1042,51.349,1.895)	40.2968	-66.9452
24.349149505596	7	(29.8465,78.9543,1.895)	12.9815	-57.1063
24.410420700861	9	(29.5608,109.563,1.895)	20.3274	-61.0014
24.420336667087	5	(27.0096,29.3094,1.895)	60.1689	-70.4272
24.430111458793	6	(30.1229,49.3399,1.895)	40.3037	-66.9467
24.449149505596	7	(29.8652,76.9483,1.895)	12.9851	-57.1087
24.510420700861	9	(29.5795,107.561,1.895)	20.3362	-61.0052
24.520336667087	5	(27.0283,27.3059,1.895)	60.1611	-70.4261
24.530111458793	6	(30.1417,47.3324,1.895)	40.2999	-66.9459
24.549149505596	7	(29.884,74.9432,1.895)	12.9791	-57.1047
24.610420700861	9	(29.5982,105.56,1.895)	20.3391	-61.0064
24.620336667087	5	(27.0471,25.2953,1.895)	60.1674	-70.427
24.630111458793	6	(30.1604,45.3266,1.895)	40.3013	-66.9462
24.649149505596	7	(29.9026,72.9448,1.895)	12.9733	-57.1008
24.710420700861	9	(29.6169,103.561,1.895)	20.348	-61.0102
24.730111458793	6	(30.179,43.3268,1.895)	40.2932	-66.9444
24.749149505596	7	(29.9213,70.9399,1.895)	12.9703	-57.0988
24.810420700861	9	(29.6356,101.555,1.895)	20.3503	-61.0112
24.830111458793	6	(30.1978,41.317,1.895)	40.2954	-66.9449
24.849149505596	7	(29.9399,68.9486,1.895)	12.9546	-57.0883
24.910420700861	9	(29.6543,99.5479,1.895)	20.3529	-61.0123
24.930111458793	6	(30.2165,39.3163,1.895)	40.286	-66.9429
24.949149505596	7	(29.9586,66.9411,1.895)	12.9521	-57.0866
25.010420700861	9	(29.673,97.5454,1.895)	20.3614	-61.0159
25.030111458793	6	(30.2352,37.3075,1.895)	40.2838	-66.9424
25.049149505596	7	(29.9773,64.9474,1.895)	12.9354	-57.0754
25.110420700861	9	(29.6917,95.54,1.895)	20.3627	-61.0165
25.130111458793	6	(30.2539,35.3082,1.895)	40.2764	-66.9408
25.149149505596	7	(29.996,62.9417,1.895)	12.9343	-57.0747
25.210420700861	9	(29.7105,93.5332,1.895)	20.3585	-61.0147
25.230111458793	6	(30.2726,33.3014,1.895)	40.2806	-66.9417
25.249149505596	7	(30.0146,60.9442,1.895)	12.9294	-57.0714
25.310420700861	9	(29.7291,91.5304,1.895)	20.3581	-61.0145
25.330111458793	6	(30.2913,31.2997,1.895)	40.2798	-66.9415
25.349149505596	7	(30.0333,58.9466,1.895)	12.9247	-57.0682
25.410420700861	9	(29.7478,89.5311,1.895)	20.3678	-61.0187
25.430111458793	6	(30.31,29.2919,1.895)	40.2786	-66.9413
25.449149505596	7	(30.0518,56.9552,1.895)	12.9076	-57.0567
25.510420700861	9	(29.7665,87.5283,1.895)	20.3746	-61.0216
25.530111458793	6	(30.3287,27.2916,1.895)	40.2692	-66.9392
25.549149505596	7	(30.0706,54.9497,1.895)	12.9036	-57.054
25.610420700861	9	(29.7853,85.519,1.895)	20.375	-61.0217
25.630111458793	6	(30.3474,25.2854,1.895)	40.2658	-66.9385
25.649149505596	7	(30.0892,52.9509,1.895)	12.8931	-57.0469
25.710420700861	9	(29.8039,83.5169,1.895)	20.3784	-61.0232
25.749149505596	7	(30.1079,50.9496,1.895)	12.8889	-57.0441
25.810420700861	9	(29.8226,81.5165,1.895)	20.3788	-61.0234
25.849149505596	7	(30.1266,48.9455,1.895)	12.8921	-57.0463
25.910420700861	9	(29.8414,79.5061,1.895)	20.3739	-61.0213
25.949149505596	7	(30.1454,46.9364,1.895)	12.8956	-57.0486
26.010420700861	9	(29.8601,77.4956,1.895)	20.3673	-61.0185
26.049149505596	7	(30.164,44.9347,1.895)	12.8936	-57.0473
26.110420700861	9	(29.8788,75.4947,1.895)	20.3719	-61.0204
26.149149505596	7	(30.1828,42.9287,1.895)	12.8941	-57.0476
26.210420700861	9	(29.8976,73.4869,1.895)	20.3718	-61.0204
26.249149505596	7	(30.2015,40.9185,1.895)	12.8965	-57.0492
26.310420700861	9	(29.9163,71.4813,1.895)	20.3657	-61.0178
26.349149505596	7	(30.2202,38.9128,1.895)	12.9026	-57.0533
26.410420700861	9	(29.935,69.4703,1.895)	20.3571	-61.0141
26.449149505596	7	(30.239,36.9018,1.895)	12.9109	-57.0589
26.510420700861	9	(29.9537,67.4701,1.895)	20.3651	-61.0175
26.549149505596	7	(30.2577,34.9013,1.895)	12.9034	-57.0539
26.610420700861	9	(29.9725,65.4604,1.895)	20.3579	-61.0144
26.649149505596	7	(30.2764,32.8937,1.895)	12.9085	-57.0573
26.710420700861	9	(29.9912,63.4542,1.895)	20.3511	-61.0115
26.749149505596	7	(30.2951,30.894,1.895)	12.9089	-57.0576
26.810420700861	9	(30.0098,61.4553,1.895)	20.3573	-61.0142
26.849149505596	7	(30.3138,28.8868,1.895)	12.9107	-57.0588
26.910420700861	9	(30.0286,59.4494,1.895)	20.3532	-61.0124
26.949149505596	7	(30.3326,26.8774,1.895)	12.9182	-57.0639
27.010420700861	9	(30.0473,57.4412,1.895)	20.35	-61.0111
27.110420700861	9	(30.0661,55.4332,1.895)	20.3432	-61.0082
27.210420700861	9	(30.0848,53.429,1.895)	20.3406	-61.0071
27.310420700861	9	(30.1034,51.429,1.895)	20.3458	-61.0093
27.410420700861	9	(30.1221,49.4275,1.895)	20.3559	-61.0136
27.510420700861	9	(30.1408,47.425,1.895)	20.3634	-61.0168
27.610420700861	9	(30.1595,45.4203,1.895)	20.3614	-61.0159
