9.104964017577	2	(24.7081,275.897,1.895)	140.458	-77.7907
9.105159656343	8	(23.5847,396.251,1.895)	20.3293	-61.0022
9.119172076066	1	(28.1377,262.042,1.895)	154.305	-78.6074
9.120336667087	5	(24.1462,336.097,1.895)	80.2836	-72.9323
9.125066219154	3	(27.8209,295.989,1.895)	120.356	-76.4492
9.129642230819	0	(28.3819,235.877,1.895)	180.471	-79.9679
9.130111458793	6	(27.2591,356.181,1.895)	60.1615	-70.4262
9.141651904734	4	(27.5884,320.895,1.895)	95.4491	-74.4352
9.149149505596	7	(27.0484,378.757,1.895)	37.5847	-66.34
9.204964017577	2	(24.7268,273.888,1.895)	140.456	-77.7906
9.205159656343	8	(23.6035,394.241,1.895)	20.3285	-61.0019
9.219172076066	1	(28.1561,260.068,1.895)	154.268	-78.6053
9.220336667087	5	(24.1649,334.089,1.895)	80.2815	-72.9321
9.225066219154	3	(27.8396,293.983,1.895)	120.352	-76.4489
9.229642230819	0	(28.4006,233.878,1.895)	180.461	-79.9674
9.230111458793	6	(27.2778,354.179,1.895)	60.1543	-70.4251
9.241651904734	4	(27.6066,318.943,1.895)	95.3917	-74.43
9.249149505596	7	(27.0662,376.845,1.895)	37.4866	-66.3173
9.304964017577	2	(24.7455,271.882,1.895)	140.461	-77.7909
9.305159656343	8	(23.6222,392.234,1.895)	20.334	-61.0042
9.319172076066	1	(28.1745,258.099,1.895)	154.236	-78.6035
9.320336667087	5	(24.1836,332.087,1.895)	80.2824	-72.9322
9.325066219154	3	(27.8583,291.974,1.895)	120.36	-76.4494
9.329642230819	0	(28.4193,231.874,1.895)	180.463	-79.9675
9.330111458793	6	(27.2965,352.169,1.895)	60.1623	-70.4263
9.341651904734	4	(27.6249,316.989,1.895)	95.3439	-74.4256
9.349149505596	7	(27.084,374.942,1.895)	37.3884	-66.2945
9.404964017577	2	(24.7642,269.881,1.895)	140.459	-77.7908
9.405159656343	8	(23.641,390.224,1.895)	20.3415	-61.0074
9.419172076066	1	(28.1929,256.127,1.895)	154.206	-78.6018
9.420336667087	5	(24.2023,330.085,1.895)	80.2818	-72.9321
9.425066219154	3	(27.8771,289.966,1.895)	120.365	-76.4498
9.429642230819	0	(28.438,229.871,1.895)	180.463	-79.9676
9.430111458793	6	(27.3153,350.159,1.895)	60.1692	-70.4273
9.441651904734	4	(27.6432,315.03,1.895)	95.3004	-74.4217
9.449149505596	7	(27.1018,373.032,1.895)	37.2951	-66.2728
9.504964017577	2	(24.7829,267.874,1.895)	140.456	-77.7906
9.505159656343	8	(23.6597,388.22,1.895)	20.3358	-61.005
9.519172076066	1	(28.2114,254.15,1.895)	154.173	-78.5999
9.520336667087	5	(24.221,328.079,1.895)	80.2774	-72.9317
9.525066219154	3	(27.8958,287.956,1.895)	120.364	-76.4498
9.529642230819	0	(28.4566,227.87,1.895)	180.454	-79.9671
9.530111458793	6	(27.334,348.15,1.895)	60.1687	-70.4272
9.541651904734	4	(27.6614,313.07,1.895)	95.2496	-74.417
9.549149505596	7	(27.1197,371.118,1.895)	37.1993	-66.2505
9.604964017577	2	(24.8017,265.867,1.895)	140.454	-77.7905
9.605159656343	8	(23.6784,386.22,1.895)	20.3264	-61.001
9.619172076066	1	(28.2297,252.181,1.895)	154.132	-78.5976
9.620336667087	5	(24.2397,326.076,1.895)	80.2708	-72.9309
9.625066219154	3	(27.9145,285.954,1.895)	120.358	-76.4493
9.629642230819	0	(28.4754,225.858,1.895)	180.456	-79.9672
9.630111458793	6	(27.3528,346.139,1.895)	60.1703	-70.4274
9.641651904734	4	(27.6797,311.117,1.895)	95.1938	-74.412
9.649149505596	7	(27.1375,369.207,1.895)	37.1012	-66.2275
9.704964017577	2	(24.8204,263.856,1.895)	140.456	-77.7906
9.705159656343	8	(23.6971,384.215,1.895)	20.323	-60.9995
9.719172076066	1	(28.2482,250.201,1.895)	154.104	-78.5961
9.720336667087	5	(24.2584,324.074,1.895)	80.2647	-72.9303
9.725066219154	3	(27.9333,283.943,1.895)	120.361	-76.4495
9.729642230819	0	(28.4941,223.856,1.895)	180.45	-79.9669
9.730111458793	6	(27.3716,344.13,1.895)	60.1713	-70.4276
9.741651904734	4	(27.6978,309.171,1.895)	95.1312	-74.4062
9.749149505596	7	(27.1554,367.285,1.895)	37.0146	-66.2073
9.804964017577	2	(24.8392,261.847,1.895)	140.464	-77.7911
9.805159656343	8	(23.7158,382.205,1.895)	20.3323	-61.0035
9.819172076066	1	(28.2667,248.221,1.895)	154.083	-78.5949
9.820336667087	5	(24.2771,322.071,1.895)	80.2667	-72.9305
9.825066219154	3	(27.952,281.938,1.895)	120.364	-76.4497
9.829642230819	0	(28.5129,221.845,1.895)	180.46	-79.9674
9.830111458793	6	(27.3903,342.118,1.895)	60.182	-70.4291
9.841651904734	4	(27.7161,307.216,1.895)	95.0849	-74.402
9.849149505596	7	(27.1733,365.368,1.895)	36.9307	-66.1875
9.904964017577	2	(24.8579,259.846,1.895)	140.461	-77.7909
9.905159656343	8	(23.7346,380.196,1.895)	20.3361	-61.0051
9.919172076066	1	(28.2852,246.24,1.895)	154.059	-78.5935
9.920336667087	5	(24.2957,320.072,1.895)	80.2614	-72.9299
9.925066219154	3	(27.9708,279.929,1.895)	120.369	-76.4501
9.929642230819	0	(28.5316,219.842,1.895)	180.459	-79.9673
9.930111458793	6	(27.4091,340.112,1.895)	60.1829	-70.4293
9.941651904734	4	(27.7344,305.255,1.895)	95.042	-74.3981
9.949149505596	7	(27.1913,363.444,1.895)	36.8499	-66.1685
10.004964017577	2	(24.8765,257.846,1.895)	140.46	-77.7908
10.005159656343	8	(23.7532,378.196,1.895)	20.3361	-61.0051
10.019172076066	1	(28.3036,244.263,1.895)	154.036	-78.5922
10.020336667087	5	(24.3144,318.07,1.895)	80.2625	-72.93
10.025066219154	3	(27.9895,277.919,1.895)	120.378	-76.4507
10.029642230819	0	(28.5503,217.838,1.895)	180.462	-79.9675
10.030111458793	6	(27.4278,338.106,1.895)	60.1884	-70.4301
10.041651904734	4	(27.7526,303.3,1.895)	94.9963	-74.3939
10.049149505596	7	(27.2092,361.522,1.895)	36.7723	-66.1502
10.104964017577	2	(24.8952,255.847,1.895)	140.454	-77.7905
10.105159656343	8	(23.7719,376.196,1.895)	20.3304	-61.0027
10.119172076066	1	(28.3221,242.29,1.895)	154.004	-78.5904
10.120336667087	5	(24.3331,316.065,1.895)	80.2625	-72.93
10.125066219154	3	(28.0082,275.914,1.895)	120.378	-76.4507
10.129642230819	0	(28.569,215.835,1.895)	180.459	-79.9674
10.130111458793	6	(27.4465,336.104,1.895)	60.1857	-70.4297
10.141651904734	4	(27.7709,301.34,1.895)	94.9506	-74.3897
10.149149505596	7	(27.2271,359.605,1.895)	36.6836	-66.1292
10.204964017577	2	(24.9139,253.839,1.895)	140.461	-77.7909
10.205159656343	8	(23.7906,374.195,1.895)	20.3305	-61.0027
10.219172076066	1	(28.3405,240.315,1.895)	153.978	-78.5889
10.220336667087	5	(24.3518,314.064,1.895)	80.2627	-72.9301
10.225066219154	3	(28.0269,273.912,1.895)	120.379	-76.4508
10.229642230819	0	(28.5877,213.826,1.895)	180.468	-79.9678
10.230111458793	6	(27.4651,334.104,1.895)	60.1842	-70.4294
10.241651904734	4	(27.7893,299.375,1.895)	94.9156	-74.3865
10.249149505596	7	(27.2451,357.682,1.895)	36.6054	-66.1107
10.304964017577	2	(24.9327,251.829,1.895)	140.463	-77.791
10.305159656343	8	(23.8092,372.196,1.895)	20.3213	-60.9988
10.319172076066	1	(28.359,238.332,1.895)	153.952	-78.5875
10.320336667087	5	(24.3705,312.062,1.895)	80.256	-72.9293
10.325066219154	3	(28.0456,271.91,1.895)	120.373	-76.4504
10.329642230819	0	(28.6064,211.827,1.895)	180.459	-79.9674
10.330111458793	6	(27.4839,332.092,1.895)	60.1877	-70.4299
10.341651904734	4	(27.8075,297.418,1.895)	94.8641	-74.3818
10.349149505596	7	(27.263,355.765,1.895)	36.5142	-66.089
10.404964017577	2	(24.9514,249.822,1.895)	140.46	-77.7908
10.405159656343	8	(23.828,370.186,1.895)	20.321	-60.9987
10.419172076066	1	(28.3774,236.362,1.895)	153.912	-78.5852
10.420336667087	5	(24.3892,310.056,1.895)	80.2522	-72.9289
10.425066219154	3	(28.0644,269.902,1.895)	120.371	-76.4502
10.429642230819	0	(28.6251,209.82,1.895)	180.455	-79.9672
10.430111458793	6	(27.5026,330.086,1.895)	60.1841	-70.4294
10.441651904734	4	(27.8259,295.455,1.895)	94.8159	-74.3774
10.449149505596	7	(27.281,353.834,1.895)	36.4352	-66.0702
10.504964017577	2	(24.9702,247.813,1.895)	140.467	-77.7913
10.505159656343	8	(23.8468,368.175,1.895)	20.3298	-61.0025
10.519172076066	1	(28.3958,234.386,1.895)	153.886	-78.5838
10.520336667087	5	(24.4079,308.056,1.895)	80.2497	-72.9287
10.525066219154	3	(28.0831,267.897,1.895)	120.374	-76.4504
10.529642230819	0	(28.6438,207.814,1.895)	180.46	-79.9674
10.530111458793	6	(27.5214,328.078,1.895)	60.1898	-70.4303
10.541651904734	4	(27.8441,293.498,1.895)	94.7719	-74.3734
10.549149505596	7	(27.2989,351.911,1.895)	36.3562	-66.0513
10.604964017577	2	(24.9889,245.813,1.895)	140.465	-77.7912
10.605159656343	8	(23.8655,366.174,1.895)	20.3298	-61.0025
10.619172076066	1	(28.4143,232.402,1.895)	153.868	-78.5828
10.620336667087	5	(24.4266,306.05,1.895)	80.2543	-72.9292
10.625066219154	3	(28.1018,265.89,1.895)	120.378	-76.4508
10.629642230819	0	(28.6626,205.806,1.895)	180.465	-79.9677
10.630111458793	6	(27.5401,326.07,1.895)	60.196	-70.4311
10.641651904734	4	(27.8625,291.531,1.895)	94.7372	-74.3702
10.649149505596	7	(27.317,349.979,1.895)	36.2864	-66.0347
10.704964017577	2	(25.0076,243.804,1.895)	140.469	-77.7914
10.705159656343	8	(23.8842,364.163,1.895)	20.3349	-61.0046
10.719172076066	1	(28.4329,230.414,1.895)	153.852	-78.5818
10.720336667087	5	(24.4453,304.05,1.895)	80.2492	-72.9286
10.725066219154	3	(28.1205,263.891,1.895)	120.373	-76.4504
10.729642230819	0	(28.6813,203.799,1.895)	180.468	-79.9678
10.730111458793	6	(27.5589,324.058,1.895)	60.2027	-70.4321
10.741651904734	4	(27.8808,289.569,1.895)	94.6937	-74.3662
10.749149505596	7	(27.3351,348.04,1.895)	36.2205	-66.0189
10.804964017577	2	(25.0263,241.802,1.895)	140.469	-77.7914
10.805159656343	8	(23.903,362.153,1.895)	20.3434	-61.0082
10.819172076066	1	(28.4515,228.425,1.895)	153.839	-78.5811
10.820336667087	5	(24.464,302.042,1.895)	80.2557	-72.9293
10.825066219154	3	(28.1392,261.882,1.895)	120.38	-76.4509
10.829642230819	0	(28.7,201.798,1.895)	180.467	-79.9677
10.830111458793	6	(27.5776,322.055,1.895)	60.2045	-70.4324
10.841651904734	4	(27.8991,287.605,1.895)	94.6567	-74.3628
10.849149505596	7	(27.3531,346.105,1.895)	36.1541	-66.0029
10.904964017577	2	(25.045,239.793,1.895)	140.467	-77.7913
10.905159656343	8	(23.9217,360.147,1.895)	20.3392	-61.0064
10.919172076066	1	(28.4699,226.448,1.895)	153.805	-78.5792
10.920336667087	5	(24.4828,300.036,1.895)	80.2513	-72.9288
10.925066219154	3	(28.1579,259.881,1.895)	120.371	-76.4502
10.929642230819	0	(28.7187,199.796,1.895)	180.458	-79.9673
10.930111458793	6	(27.5963,320.048,1.895)	60.2008	-70.4318
10.941651904734	4	(27.9174,285.642,1.895)	94.6089	-74.3584
10.949149505596	7	(27.3711,344.176,1.895)	36.0718	-65.9831
11.004964017577	2	(25.0638,237.785,1.895)	140.47	-77.7915
11.005159656343	8	(23.9405,358.137,1.895)	20.3433	-61.0082
11.019172076066	1	(28.4885,224.462,1.895)	153.785	-78.5781
11.020336667087	5	(24.5015,298.027,1.895)	80.2539	-72.9291
11.025066219154	3	(28.1766,257.875,1.895)	120.371	-76.4502
11.029642230819	0	(28.7374,197.792,1.895)	180.457	-79.9673
11.030111458793	6	(27.615,318.043,1.895)	60.2004	-70.4318
11.041651904734	4	(27.9358,283.677,1.895)	94.5675	-74.3546
11.049149505596	7	(27.3892,342.237,1.895)	36.0049	-65.967
11.104964017577	2	(25.0825,235.779,1.895)	140.475	-77.7917
11.105159656343	8	(23.9592,356.134,1.895)	20.3451	-61.009
11.119172076066	1	(28.5069,222.483,1.895)	153.763	-78.5768
11.120336667087	5	(24.5202,296.022,1.895)	80.2578	-72.9295
11.125066219154	3	(28.1953,255.874,1.895)	120.37	-76.4502
11.129642230819	0	(28.7561,195.785,1.895)	180.462	-79.9675
11.130111458793	6	(27.6338,316.036,1.895)	60.2055	-70.4325
11.141651904734	4	(27.9542,281.708,1.895)	94.5357	-74.3517
11.149149505596	7	(27.4073,340.299,1.895)	35.9414	-65.9517
11.204964017577	2	(25.1013,233.769,1.895)	140.483	-77.7923
11.205159656343	8	(23.9778,354.132,1.895)	20.3458	-61.0093
11.219172076066	1	(28.5255,220.494,1.895)	153.751	-78.5762
11.220336667087	5	(24.5389,294.017,1.895)	80.2621	-72.93
11.225066219154	3	(28.214,253.871,1.895)	120.373	-76.4503
11.229642230819	0	(28.7749,193.775,1.895)	180.472	-79.968
11.230111458793	6	(27.6525,314.027,1.895)	60.2139	-70.4337
11.241651904734	4	(27.9725,279.747,1.895)	94.4953	-74.348
11.249149505596	7	(27.4254,338.365,1.895)	35.8749	-65.9356
11.304964017577	2	(25.1199,231.767,1.895)	140.485	-77.7924
11.305159656343	8	(23.9966,352.124,1.895)	20.3539	-61.0127
11.319172076066	1	(28.5441,218.504,1.895)	153.74	-78.5755
11.320336667087	5	(24.5576,292.014,1.895)	80.2648	-72.9303
11.325066219154	3	(28.2327,251.86,1.895)	120.383	-76.4511
11.329642230819	0	(28.7936,191.765,1.895)	180.481	-79.9684
11.330111458793	6	(27.6713,312.015,1.895)	60.2253	-70.4354
11.341651904734	4	(27.9908,277.782,1.895)	94.4599	-74.3447
11.349149505596	7	(27.4435,336.42,1.895)	35.8194	-65.9222
11.404964017577	2	(25.1387,229.76,1.895)	140.486	-77.7925
11.405159656343	8	(24.0153,350.114,1.895)	20.3576	-61.0143
11.419172076066	1	(28.5626,216.517,1.895)	153.723	-78.5745
11.420336667087	5	(24.5764,290.004,1.895)	80.2694	-72.9308
11.425066219154	3	(28.2514,249.86,1.895)	120.378	-76.4507
11.429642230819	0	(28.8123,189.763,1.895)	180.477	-79.9682
11.430111458793	6	(27.69,310.013,1.895)	60.2224	-70.435
11.441651904734	4	(28.0093,275.803,1.895)	94.4335	-74.3423
11.449149505596	7	(27.4616,334.479,1.895)	35.7552	-65.9066
11.504964017577	2	(25.1574,227.749,1.895)	140.487	-77.7925
11.505159656343	8	(24.0341,348.109,1.895)	20.3531	-61.0124
11.519172076066	1	(28.5811,214.533,1.895)	153.696	-78.5731
11.520336667087	5	(24.5951,287.998,1.895)	80.2655	-72.9304
11.525066219154	3	(28.2701,247.854,1.895)	120.374	-76.4504
11.529642230819	0	(28.831,187.763,1.895)	180.468	-79.9678
11.530111458793	6	(27.7087,308.006,1.895)	60.2193	-70.4345
11.541651904734	4	(28.0276,273.84,1.895)	94.3872	-74.3381
11.549149505596	7	(27.4797,332.546,1.895)	35.6784	-65.8879
11.604964017577	2	(25.1761,225.746,1.895)	140.481	-77.7921
11.605159656343	8	(24.0528,346.098,1.895)	20.3544	-61.013
11.619172076066	1	(28.5996,212.552,1.895)	153.668	-78.5714
11.620336667087	5	(24.6138,285.992,1.895)	80.2611	-72.9299
11.625066219154	3	(28.2888,245.85,1.895)	120.368	-76.45
11.629642230819	0	(28.8497,185.761,1.895)	180.46	-79.9674
11.630111458793	6	(27.7275,305.996,1.895)	60.2191	-70.4345
11.641651904734	4	(28.046,271.87,1.895)	94.3469	-74.3343
11.649149505596	7	(27.4978,330.603,1.895)	35.6113	-65.8715
11.704964017577	2	(25.1948,223.743,1.895)	140.474	-77.7917
11.705159656343	8	(24.0716,344.089,1.895)	20.3529	-61.0123
11.719172076066	1	(28.6182,210.565,1.895)	153.644	-78.5701
11.720336667087	5	(24.6325,283.989,1.895)	80.2547	-72.9292
11.725066219154	3	(28.3076,243.842,1.895)	120.366	-76.4499
11.729642230819	0	(28.8684,183.756,1.895)	180.455	-79.9672
11.730111458793	6	(27.7462,303.986,1.895)	60.2193	-70.4345
11.741651904734	4	(28.0644,269.899,1.895)	94.3083	-74.3308
11.749149505596	7	(27.5159,328.661,1.895)	35.5429	-65.8549
11.804964017577	2	(25.2136,221.733,1.895)	140.473	-77.7916
11.805159656343	8	(24.0903,342.089,1.895)	20.3423	-61.0078
11.819172076066	1	(28.6367,208.581,1.895)	153.618	-78.5686
11.820336667087	5	(24.6513,281.978,1.895)	80.2541	-72.9291
11.825066219154	3	(28.3263,241.831,1.895)	120.366	-76.4499
11.829642230819	0	(28.8871,181.752,1.895)	180.448	-79.9668
11.830111458793	6	(27.7649,301.986,1.895)	60.2085	-70.4329
11.841651904734	4	(28.0828,267.925,1.895)	94.271	-74.3274
11.849149505596	7	(27.5341,326.717,1.895)	35.476	-65.8385
11.904964017577	2	(25.2323,219.727,1.895)	140.473	-77.7916
11.905159656343	8	(24.1089,340.087,1.895)	20.339	-61.0064
11.919172076066	1	(28.6552,206.595,1.895)	153.598	-78.5675
11.920336667087	5	(24.67,279.977,1.895)	80.2498	-72.9287
11.925066219154	3	(28.3451,239.82,1.895)	120.371	-76.4502
11.929642230819	0	(28.9058,179.751,1.895)	180.443	-79.9666
11.930111458793	6	(27.7836,299.98,1.895)	60.2091	-70.433
11.941651904734	4	(28.1012,265.954,1.895)	94.2362	-74.3241
11.949149505596	7	(27.5522,324.778,1.895)	35.4095	-65.8222
12.004964017577	2	(25.251,217.725,1.895)	140.474	-77.7917
12.005159656343	8	(24.1277,338.079,1.895)	20.3446	-61.0088
12.019172076066	1	(28.6737,204.617,1.895)	153.574	-78.5662
12.020336667087	5	(24.6887,277.973,1.895)	80.2521	-72.9289
12.025066219154	3	(28.3639,237.809,1.895)	120.381	-76.4509
12.029642230819	0	(28.9244,177.748,1.895)	180.444	-79.9666
12.030111458793	6	(27.8023,297.977,1.895)	60.2096	-70.4331
12.041651904734	4	(28.1196,263.979,1.895)	94.2094	-74.3217
12.049149505596	7	(27.5704,322.827,1.895)	35.3591	-65.8098
12.104964017577	2	(25.2698,215.715,1.895)	140.484	-77.7923
12.105159656343	8	(24.1464,336.078,1.895)	20.3466	-61.0096
12.119172076066	1	(28.6921,202.639,1.895)	153.553	-78.5649
12.120336667087	5	(24.7075,275.961,1.895)	80.2644	-72.9302
12.125066219154	3	(28.3826,235.8,1.895)	120.39	-76.4516
12.129642230819	0	(28.9432,175.74,1.895)	180.452	-79.967
12.130111458793	6	(27.821,295.972,1.895)	60.2154	-70.4339
12.141651904734	4	(28.1381,262,1.895)	94.1886	-74.3198
12.149149505596	7	(27.5885,320.882,1.895)	35.3042	-65.7963
12.204964017577	2	(25.2884,213.714,1.895)	140.475	-77.7917
12.205159656343	8	(24.1651,334.072,1.895)	20.3427	-61.008
12.219172076066	1	(28.7106,200.656,1.895)	153.526	-78.5634
12.220336667087	5	(24.7262,273.956,1.895)	80.2591	-72.9297
12.225066219154	3	(28.4013,233.796,1.895)	120.384	-76.4512
12.229642230819	0	(28.962,173.73,1.895)	180.453	-79.9671
12.230111458793	6	(27.8397,293.971,1.895)	60.2063	-70.4326
12.241651904734	4	(28.1565,260.024,1.895)	94.1544	-74.3166
12.249149505596	7	(27.6067,318.937,1.895)	35.2396	-65.7804
12.304964017577	2	(25.3071,211.714,1.895)	140.475	-77.7918
12.305159656343	8	(24.1838,332.07,1.895)	20.3444	-61.0087
12.319172076066	1	(28.7293,198.66,1.895)	153.522	-78.5632
12.320336667087	5	(24.7448,271.957,1.895)	80.2585	-72.9296
12.325066219154	3	(28.4201,231.785,1.895)	120.395	-76.452
12.329642230819	0	(28.9807,171.719,1.895)	180.464	-79.9676
12.330111458793	6	(27.8584,291.967,1.895)	60.2104	-70.4332
12.341651904734	4	(28.1749,258.053,1.895)	94.1262	-74.314
12.349149505596	7	(27.6249,316.989,1.895)	35.188	-65.7677
12.404964017577	2	(25.3259,209.703,1.895)	140.478	-77.792
12.405159656343	8	(24.2025,330.064,1.895)	20.3428	-61.008
12.419172076066	1	(28.7479,196.665,1.895)	153.509	-78.5625
12.420336667087	5	(24.7635,269.957,1.895)	80.2503	-72.9287
12.425066219154	3	(28.4388,229.783,1.895)	120.39	-76.4516
12.429642230819	0	(28.9994,169.713,1.895)	180.462	-79.9675
12.430111458793	6	(27.8771,289.965,1.895)	60.2047	-70.4324
12.441651904734	4	(28.1934,256.078,1.895)	94.0931	-74.3109
12.449149505596	7	(27.6431,315.032,1.895)	35.1363	-65.7549
12.504964017577	2	(25.3445,207.704,1.895)	140.477	-77.7919
12.505159656343	8	(24.2212,328.057,1.895)	20.349	-61.0107
12.519172076066	1	(28.7665,194.674,1.895)	153.499	-78.5619
12.520336667087	5	(24.7823,267.947,1.895)	80.2596	-72.9297
12.525066219154	3	(28.4575,227.776,1.895)	120.395	-76.452
12.529642230819	0	(29.0182,167.707,1.895)	180.467	-79.9678
12.530111458793	6	(27.8958,287.96,1.895)	60.2088	-70.433
12.541651904734	4	(28.2118,254.099,1.895)	94.0717	-74.309
12.549149505596	7	(27.6614,313.078,1.895)	35.0893	-65.7433
12.604964017577	2	(25.3633,205.697,1.895)	140.473	-77.7916
12.605159656343	8	(24.2399,326.057,1.895)	20.3383	-61.0061
12.619172076066	1	(28.7851,192.68,1.895)	153.482	-78.5609
12.620336667087	5	(24.801,265.942,1.895)	80.2538	-72.9291
12.625066219154	3	(28.4762,225.772,1.895)	120.389	-76.4515
12.629642230819	0	(29.0369,165.703,1.895)	180.46	-79.9674
12.630111458793	6	(27.9146,285.949,1.895)	60.2087	-70.433
12.641651904734	4	(28.2302,252.127,1.895)	94.0324	-74.3053
12.649149505596	7	(27.6796,311.13,1.895)	35.0268	-65.7278
12.704964017577	2	(25.382,203.691,1.895)	140.474	-77.7917
12.705159656343	8	(24.2586,324.049,1.895)	20.3407	-61.0071
12.719172076066	1	(28.8037,190.691,1.895)	153.466	-78.56
12.720336667087	5	(24.8197,263.931,1.895)	80.2598	-72.9298
12.725066219154	3	(28.495,223.763,1.895)	120.392	-76.4518
12.729642230819	0	(29.0556,163.693,1.895)	180.465	-79.9677
12.730111458793	6	(27.9333,283.948,1.895)	60.2046	-70.4324
12.741651904734	4	(28.2487,250.153,1.895)	94.0013	-74.3025
12.749149505596	7	(27.6979,309.165,1.895)	34.9867	-65.7178
12.804964017577	2	(25.4008,201.679,1.895)	140.481	-77.7921
12.805159656343	8	(24.2774,322.043,1.895)	20.3426	-61.0079
12.819172076066	1	(28.8223,188.692,1.895)	153.461	-78.5597
12.820336667087	5	(24.8385,261.926,1.895)	80.2606	-72.9298
12.825066219154	3	(28.5137,221.758,1.895)	120.393	-76.4518
12.829642230819	0	(29.0743,161.689,1.895)	180.465	-79.9676
12.830111458793	6	(27.952,281.937,1.895)	60.2117	-70.4334
12.841651904734	4	(28.2672,248.17,1.895)	93.9803	-74.3005
12.849149505596	7	(27.7161,307.21,1.895)	34.9375	-65.7056
12.904964017577	2	(25.4195,199.671,1.895)	140.481	-77.7921
12.905159656343	8	(24.2961,320.033,1.895)	20.344	-61.0085
12.919172076066	1	(28.8409,186.699,1.895)	153.445	-78.5589
12.920336667087	5	(24.8571,259.924,1.895)	80.2538	-72.9291
12.925066219154	3	(28.5324,219.753,1.895)	120.39	-76.4516
12.929642230819	0	(29.0931,159.682,1.895)	180.463	-79.9675
12.930111458793	6	(27.9707,279.938,1.895)	60.2021	-70.432
12.941651904734	4	(28.2857,246.187,1.895)	93.9538	-74.2981
12.949149505596	7	(27.7344,305.25,1.895)	34.8886	-65.6935
13.004964017577	2	(25.4382,197.671,1.895)	140.478	-77.792
13.005159656343	8	(24.3148,318.034,1.895)	20.3416	-61.0075
13.019172076066	1	(28.8595,184.707,1.895)	153.435	-78.5583
13.020336667087	5	(24.8759,257.917,1.895)	80.2593	-72.9297
13.025066219154	3	(28.5511,217.745,1.895)	120.396	-76.452
13.029642230819	0	(29.1118,157.671,1.895)	180.473	-79.968
13.030111458793	6	(27.9894,277.936,1.895)	60.2018	-70.432
13.041651904734	4	(28.3042,244.205,1.895)	93.935	-74.2963
13.049149505596	7	(27.7526,303.3,1.895)	34.8373	-65.6807
13.104964017577	2	(25.4569,195.666,1.895)	140.473	-77.7916
13.105159656343	8	(24.3334,316.035,1.895)	20.3298	-61.0024
13.119172076066	1	(28.8782,182.707,1.895)	153.424	-78.5577
13.120336667087	5	(24.8946,255.913,1.895)	80.2519	-72.9289
13.125066219154	3	(28.5699,215.737,1.895)	120.393	-76.4518
13.129642230819	0	(29.1306,155.664,1.895)	180.469	-79.9678
13.130111458793	6	(28.008,275.935,1.895)	60.1923	-70.4306
13.141651904734	4	(28.3226,242.228,1.895)	93.901	-74.2932
13.149149505596	7	(27.7709,301.343,1.895)	34.7835	-65.6673
13.204964017577	2	(25.4756,193.657,1.895)	140.481	-77.7921
13.205159656343	8	(24.3521,314.031,1.895)	20.3322	-61.0035
13.219172076066	1	(28.8968,180.713,1.895)	153.417	-78.5573
13.220336667087	5	(24.9133,253.91,1.895)	80.254	-72.9291
13.225066219154	3	(28.5886,213.733,1.895)	120.396	-76.452
13.229642230819	0	(29.1493,153.657,1.895)	180.475	-79.9681
13.230111458793	6	(28.0267,273.935,1.895)	60.1913	-70.4305
13.241651904734	4	(28.3411,240.249,1.895)	93.8792	-74.2912
13.249149505596	7	(27.7892,299.387,1.895)	34.7381	-65.6559
13.304964017577	2	(25.4944,191.651,1.895)	140.481	-77.7921
13.305159656343	8	(24.3708,312.027,1.895)	20.3308	-61.0029
13.319172076066	1	(28.9154,178.719,1.895)	153.405	-78.5566
13.320336667087	5	(24.932,251.905,1.895)	80.2533	-72.9291
13.325066219154	3	(28.6073,211.732,1.895)	120.391	-76.4517
13.329642230819	0	(29.168,151.65,1.895)	180.475	-79.9681
13.330111458793	6	(28.0454,271.933,1.895)	60.1875	-70.4299
13.341651904734	4	(28.3596,238.273,1.895)	93.8486	-74.2883
13.349149505596	7	(27.8074,297.431,1.895)	34.6882	-65.6434
13.404964017577	2	(25.5131,189.643,1.895)	140.482	-77.7922
13.405159656343	8	(24.3895,310.025,1.895)	20.3258	-61.0008
13.419172076066	1	(28.9339,176.734,1.895)	153.384	-78.5554
13.420336667087	5	(24.9506,249.906,1.895)	80.2465	-72.9283
13.425066219154	3	(28.626,209.725,1.895)	120.392	-76.4517
13.429642230819	0	(29.1868,149.643,1.895)	180.476	-79.9682
13.430111458793	6	(28.0641,269.93,1.895)	60.1838	-70.4294
13.441651904734	4	(28.3781,236.29,1.895)	93.8252	-74.2862
13.449149505596	7	(27.8257,295.469,1.895)	34.6436	-65.6322
13.504964017577	2	(25.5318,187.636,1.895)	140.489	-77.7927
13.505159656343	8	(24.4082,308.024,1.895)	20.3268	-61.0012
13.519172076066	1	(28.9524,174.749,1.895)	153.369	-78.5546
13.520336667087	5	(24.9693,247.906,1.895)	80.246	-72.9283
13.525066219154	3	(28.6447,207.718,1.895)	120.398	-76.4522
13.529642230819	0	(29.2055,147.634,1.895)	180.485	-79.9686
13.530111458793	6	(28.0828,267.927,1.895)	60.1864	-70.4298
13.541651904734	4	(28.3965,234.315,1.895)	93.8005	-74.2839
13.549149505596	7	(27.844,293.516,1.895)	34.5969	-65.6205
13.604964017577	2	(25.5506,185.628,1.895)	140.497	-77.7931
13.605159656343	8	(24.4269,306.025,1.895)	20.3255	-61.0006
13.619172076066	1	(28.9711,172.752,1.895)	153.365	-78.5543
13.620336667087	5	(24.9881,245.896,1.895)	80.2559	-72.9293
13.625066219154	3	(28.6635,205.709,1.895)	120.407	-76.4528
13.629642230819	0	(29.2243,145.626,1.895)	180.493	-79.969
13.630111458793	6	(28.1015,265.922,1.895)	60.1916	-70.4305
13.641651904734	4	(28.415,232.327,1.895)	93.7877	-74.2827
13.649149505596	7	(27.8622,291.562,1.895)	34.5508	-65.609
13.704964017577	2	(25.5693,183.619,1.895)	140.502	-77.7934
13.705159656343	8	(24.4455,304.022,1.895)	20.3247	-61.0003
13.719172076066	1	(28.9897,170.753,1.895)	153.361	-78.5541
13.720336667087	5	(25.0068,243.888,1.895)	80.2594	-72.9297
13.725066219154	3	(28.6821,203.709,1.895)	120.403	-76.4526
13.729642230819	0	(29.243,143.619,1.895)	180.496	-79.9692
13.730111458793	6	(28.1203,263.911,1.895)	60.1983	-70.4315
13.741651904734	4	(28.4335,230.346,1.895)	93.7654	-74.2806
13.749149505596	7	(27.8805,289.603,1.895)	34.5055	-65.5976
13.804964017577	2	(25.5881,181.611,1.895)	140.509	-77.7939
13.805159656343	8	(24.4643,302.015,1.895)	20.33	-61.0025
13.819172076066	1	(29.0084,168.759,1.895)	153.354	-78.5537
13.820336667087	5	(25.0256,241.878,1.895)	80.268	-72.9306
13.825066219154	3	(28.7009,201.701,1.895)	120.409	-76.453
13.829642230819	0	(29.2617,141.612,1.895)	180.502	-79.9694
13.830111458793	6	(28.139,261.908,1.895)	60.1998	-70.4317
13.841651904734	4	(28.452,228.371,1.895)	93.7381	-74.2781
13.849149505596	7	(27.8989,287.631,1.895)	34.4758	-65.5901
13.904964017577	2	(25.6068,179.601,1.895)	140.516	-77.7943
13.905159656343	8	(24.483,300.009,1.895)	20.3336	-61.0041
13.919172076066	1	(29.027,166.763,1.895)	153.347	-78.5533
13.920336667087	5	(25.0443,239.873,1.895)	80.271	-72.931
13.925066219154	3	(28.7196,199.701,1.895)	120.407	-76.4529
13.929642230819	0	(29.2805,139.603,1.895)	180.508	-79.9697
13.930111458793	6	(28.1577,259.901,1.895)	60.2049	-70.4324
13.941651904734	4	(28.4704,226.391,1.895)	93.7158	-74.276
13.949149505596	7	(27.9172,285.665,1.895)	34.4397	-65.581
14.004964017577	2	(25.6256,177.596,1.895)	140.514	-77.7942
14.005159656343	8	(24.5017,298.01,1.895)	20.326	-61.0008
14.019172076066	1	(29.0456,164.771,1.895)	153.331	-78.5524
14.020336667087	5	(25.063,237.868,1.895)	80.2682	-72.9307
14.025066219154	3	(28.7383,197.696,1.895)	120.405	-76.4527
14.029642230819	0	(29.2992,137.594,1.895)	180.51	-79.9698
14.030111458793	6	(28.1764,257.896,1.895)	60.2026	-70.4321
14.041651904734	4	(28.4889,224.417,1.895)	93.6824	-74.273
14.049149505596	7	(27.9355,283.703,1.895)	34.3938	-65.5694
14.104964017577	2	(25.6442,175.594,1.895)	140.513	-77.7941
14.105159656343	8	(24.5204,296.007,1.895)	20.3261	-61.0008
14.119172076066	1	(29.0641,162.782,1.895)	153.317	-78.5516
14.120336667087	5	(25.0818,235.857,1.895)	80.2771	-72.9316
14.125066219154	3	(28.757,195.686,1.895)	120.412	-76.4532
14.129642230819	0	(29.318,135.584,1.895)	180.517	-79.9701
14.130111458793	6	(28.1951,255.893,1.895)	60.2027	-70.4321
14.141651904734	4	(28.5073,222.441,1.895)	93.6563	-74.2705
14.149149505596	7	(27.9539,281.737,1.895)	34.358	-65.5603
14.204964017577	2	(25.663,173.583,1.895)	140.517	-77.7944
14.205159656343	8	(24.5391,293.999,1.895)	20.3271	-61.0013
14.219172076066	1	(29.0828,160.782,1.895)	153.311	-78.5513
14.220336667087	5	(25.1005,233.853,1.895)	80.274	-72.9313
14.225066219154	3	(28.7758,193.68,1.895)	120.411	-76.4531
14.229642230819	0	(29.3367,133.581,1.895)	180.513	-79.97
14.230111458793	6	(28.2138,253.89,1.895)	60.1985	-70.4315
14.241651904734	4	(28.5259,220.452,1.895)	93.6383	-74.2689
14.249149505596	7	(27.9723,279.767,1.895)	34.3206	-65.5509
14.304964017577	2	(25.6817,171.579,1.895)	140.522	-77.7947
14.305159656343	8	(24.5578,291.992,1.895)	20.3347	-61.0045
14.319172076066	1	(29.1013,158.796,1.895)	153.297	-78.5505
14.320336667087	5	(25.1192,231.842,1.895)	80.2854	-72.9325
14.325066219154	3	(28.7945,191.669,1.895)	120.423	-76.454
14.329642230819	0	(29.3553,131.581,1.895)	180.513	-79.97
14.330111458793	6	(28.2326,251.878,1.895)	60.211	-70.4333
14.341651904734	4	(28.5444,218.473,1.895)	93.618	-74.267
14.349149505596	7	(27.9906,277.802,1.895)	34.2864	-65.5422
14.404964017577	2	(25.7005,169.57,1.895)	140.531	-77.7952
14.405159656343	8	(24.5765,289.988,1.895)	20.3396	-61.0066
14.419172076066	1	(29.1198,156.814,1.895)	153.281	-78.5495
14.420336667087	5	(25.138,229.832,1.895)	80.2961	-72.9337
14.425066219154	3	(28.8133,189.66,1.895)	120.433	-76.4547
14.429642230819	0	(29.3741,129.573,1.895)	180.523	-79.9704
14.430111458793	6	(28.2513,249.874,1.895)	60.2161	-70.434
14.441651904734	4	(28.5629,216.482,1.895)	93.6095	-74.2662
14.449149505596	7	(28.009,275.829,1.895)	34.2603	-65.5356
14.504964017577	2	(25.7192,167.562,1.895)	140.537	-77.7956
14.505159656343	8	(24.5953,287.982,1.895)	20.3428	-61.008
14.519172076066	1	(29.1385,154.817,1.895)	153.275	-78.5492
14.520336667087	5	(25.1568,227.824,1.895)	80.3017	-72.9343
14.525066219154	3	(28.8321,187.648,1.895)	120.442	-76.4553
14.529642230819	0	(29.3927,127.573,1.895)	180.519	-79.9703
14.530111458793	6	(28.2699,247.874,1.895)	60.2138	-70.4337
14.541651904734	4	(28.5815,214.49,1.895)	93.5985	-74.2652
14.549149505596	7	(28.0274,273.86,1.895)	34.2259	-65.5269
14.604964017577	2	(25.7379,165.554,1.895)	140.537	-77.7956
14.605159656343	8	(24.614,285.974,1.895)	20.3422	-61.0077
14.619172076066	1	(29.157,152.829,1.895)	153.255	-78.5481
14.620336667087	5	(25.1755,225.815,1.895)	80.3023	-72.9343
14.625066219154	3	(28.8508,185.636,1.895)	120.446	-76.4556
14.629642230819	0	(29.4114,125.573,1.895)	180.512	-79.9699
14.630111458793	6	(28.2886,245.87,1.895)	60.21	-70.4332
14.641651904734	4	(28.6001,212.503,1.895)	93.5783	-74.2633
14.649149505596	7	(28.0458,271.893,1.895)	34.186	-65.5168
14.704964017577	2	(25.7566,163.554,1.895)	140.537	-77.7956
14.705159656343	8	(24.6327,283.974,1.895)	20.3425	-61.0079
14.719172076066	1	(29.1756,150.834,1.895)	153.25	-78.5478
14.720336667087	5	(25.1942,223.816,1.895)	80.3012	-72.9342
14.725066219154	3	(28.8695,183.636,1.895)	120.446	-76.4556
14.729642230819	0	(29.4302,123.563,1.895)	180.521	-79.9704
14.730111458793	6	(28.3074,243.862,1.895)	60.2172	-70.4342
14.741651904734	4	(28.6187,210.508,1.895)	93.5723	-74.2627
14.749149505596	7	(28.0642,269.923,1.895)	34.1555	-65.509
14.804964017577	2	(25.7754,161.544,1.895)	140.547	-77.7963
14.805159656343	8	(24.6514,281.966,1.895)	20.3501	-61.0111
14.819172076066	1	(29.1943,148.84,1.895)	153.244	-78.5475
14.820336667087	5	(25.2129,221.811,1.895)	80.3068	-72.9348
14.825066219154	3	(28.8882,181.629,1.895)	120.453	-76.4561
14.829642230819	0	(29.4489,121.558,1.895)	180.527	-79.9706
14.830111458793	6	(28.3261,241.857,1.895)	60.2226	-70.435
14.841651904734	4	(28.6372,208.529,1.895)	93.5524	-74.2609
14.849149505596	7	(28.0826,267.951,1.895)	34.1273	-65.5018
14.904964017577	2	(25.7941,159.541,1.895)	140.542	-77.7959
14.905159656343	8	(24.6702,279.957,1.895)	20.3509	-61.0115
14.919172076066	1	(29.2129,146.844,1.895)	153.231	-78.5467
14.920336667087	5	(25.2315,219.81,1.895)	80.2987	-72.934
14.925066219154	3	(28.9069,179.626,1.895)	120.448	-76.4558
14.929642230819	0	(29.4676,119.555,1.895)	180.522	-79.9704
14.930111458793	6	(28.3448,239.852,1.895)	60.219	-70.4345
14.941651904734	4	(28.6557,206.543,1.895)	93.5297	-74.2588
14.949149505596	7	(28.1009,265.985,1.895)	34.0855	-65.4912
15.004964017577	2	(25.8128,157.536,1.895)	140.541	-77.7958
15.005159656343	8	(24.6889,277.949,1.895)	20.3531	-61.0124
15.019172076066	1	(29.2315,144.846,1.895)	153.224	-78.5463
15.020336667087	5	(25.2503,217.801,1.895)	80.3027	-72.9344
15.025066219154	3	(28.9256,177.622,1.895)	120.446	-76.4556
15.029642230819	0	(29.4863,117.554,1.895)	180.516	-79.9701
15.030111458793	6	(28.3636,237.844,1.895)	60.2211	-70.4348
15.041651904734	4	(28.6742,204.56,1.895)	93.5066	-74.2566
15.049149505596	7	(28.1194,264.006,1.895)	34.058	-65.4842
15.104964017577	2	(25.8315,155.529,1.895)	140.538	-77.7956
15.105159656343	8	(24.7076,275.944,1.895)	20.3482	-61.0103
15.119172076066	1	(29.2501,142.861,1.895)	153.199	-78.5449
15.120336667087	5	(25.2691,215.789,1.895)	80.3043	-72.9346
15.125066219154	3	(28.9444,175.615,1.895)	120.443	-76.4554
15.129642230819	0	(29.505,115.549,1.895)	180.511	-79.9699
15.130111458793	6	(28.3823,235.839,1.895)	60.2166	-70.4341
15.141651904734	4	(28.6928,202.569,1.895)	93.4881	-74.2549
15.149149505596	7	(28.1378,262.03,1.895)	34.0245	-65.4756
15.204964017577	2	(25.8503,153.517,1.895)	140.546	-77.7962
15.205159656343	8	(24.7264,273.937,1.895)	20.3526	-61.0122
15.219172076066	1	(29.2687,140.869,1.895)	153.188	-78.5443
15.220336667087	5	(25.2878,213.783,1.895)	80.3077	-72.9349
15.225066219154	3	(28.9631,173.603,1.895)	120.452	-76.4561
15.229642230819	0	(29.5236,113.549,1.895)	180.508	-79.9697
15.230111458793	6	(28.4009,233.839,1.895)	60.213	-70.4336
15.241651904734	4	(28.7114,200.577,1.895)	93.4773	-74.2539
15.249149505596	7	(28.1563,260.052,1.895)	33.999	-65.4691
15.304964017577	2	(25.8691,151.507,1.895)	140.55	-77.7964
15.305159656343	8	(24.7451,271.932,1.895)	20.3502	-61.0112
15.319172076066	1	(29.2872,138.881,1.895)	153.169	-78.5432
15.320336667087	5	(25.3066,211.772,1.895)	80.3114	-72.9353
15.325066219154	3	(28.9819,171.598,1.895)	120.45	-76.4559
15.329642230819	0	(29.5424,111.541,1.895)	180.51	-79.9698
15.330111458793	6	(28.4196,231.837,1.895)	60.2086	-70.433
15.341651904734	4	(28.73,198.585,1.895)	93.4616	-74.2524
15.349149505596	7	(28.1746,258.089,1.895)	33.9553	-65.4579
15.404964017577	2	(25.8878,149.495,1.895)	140.562	-77.7971
15.405159656343	8	(24.7638,269.929,1.895)	20.3536	-61.0126
15.419172076066	1	(29.3058,136.885,1.895)	153.165	-78.543
15.420336667087	5	(25.3253,209.763,1.895)	80.3203	-72.9363
15.425066219154	3	(29.0005,169.599,1.895)	120.449	-76.4559
15.429642230819	0	(29.5611,109.535,1.895)	180.516	-79.9701
15.430111458793	6	(28.4383,229.836,1.895)	60.2097	-70.4331
15.441651904734	4	(28.7485,196.599,1.895)	93.4484	-74.2512
15.449149505596	7	(28.193,256.123,1.895)	33.9216	-65.4493
15.504964017577	2	(25.9066,147.484,1.895)	140.562	-77.7971
15.505159656343	8	(24.7825,267.926,1.895)	20.3449	-61.0089
15.519172076066	1	(29.3244,134.893,1.895)	153.144	-78.5418
15.520336667087	5	(25.344,207.76,1.895)	80.312	-72.9354
15.525066219154	3	(29.0192,167.596,1.895)	120.441	-76.4553
15.529642230819	0	(29.5798,107.529,1.895)	180.51	-79.9698
15.530111458793	6	(28.457,227.832,1.895)	60.2016	-70.432
15.541651904734	4	(28.767,194.615,1.895)	93.4203	-74.2486
15.549149505596	7	(28.2114,254.149,1.895)	33.8841	-65.4397
15.604964017577	2	(25.9253,145.482,1.895)	140.562	-77.7971
15.605159656343	8	(24.8012,265.915,1.895)	20.354	-61.0128
15.619172076066	1	(29.3431,132.897,1.895)	153.14	-78.5416
15.620336667087	5	(25.3627,205.76,1.895)	80.3104	-72.9352
15.625066219154	3	(29.0379,165.596,1.895)	120.439	-76.4551
15.629642230819	0	(29.5985,105.524,1.895)	180.514	-79.97
15.630111458793	6	(28.4757,225.825,1.895)	60.2071	-70.4327
15.641651904734	4	(28.7856,192.628,1.895)	93.4057	-74.2473
15.649149505596	7	(28.2298,252.177,1.895)	33.8546	-65.4321
15.704964017577	2	(25.9441,143.471,1.895)	140.572	-77.7978
15.705159656343	8	(24.82,263.906,1.895)	20.3623	-61.0163
15.719172076066	1	(29.3617,130.9,1.895)	153.136	-78.5413
15.720336667087	5	(25.3814,203.754,1.895)	80.3158	-72.9358
15.725066219154	3	(29.0566,163.592,1.895)	120.443	-76.4554
15.729642230819	0	(29.6172,103.523,1.895)	180.514	-79.97
15.730111458793	6	(28.4944,223.825,1.895)	60.207	-70.4327
15.741651904734	4	(28.8041,190.646,1.895)	93.3876	-74.2456
15.749149505596	7	(28.2482,250.204,1.895)	33.8269	-65.425
15.804964017577	2	(25.9628,141.467,1.895)	140.569	-77.7976
15.805159656343	8	(24.8387,261.896,1.895)	20.3654	-61.0177
15.819172076066	1	(29.3802,128.914,1.895)	153.115	-78.5401
15.820336667087	5	(25.4001,201.746,1.895)	80.3164	-72.9359
15.825066219154	3	(29.0753,161.587,1.895)	120.441	-76.4553
15.829642230819	0	(29.6359,101.516,1.895)	180.514	-79.97
15.830111458793	6	(28.5131,221.821,1.895)	60.2039	-70.4323
15.841651904734	4	(28.8226,188.661,1.895)	93.365	-74.2435
15.849149505596	7	(28.2666,248.231,1.895)	33.7929	-65.4163
15.904964017577	2	(25.9814,139.467,1.895)	140.557	-77.7969
15.905159656343	8	(24.8574,259.891,1.895)	20.359	-61.0149
15.919172076066	1	(29.3988,126.923,1.895)	153.095	-78.539
15.920336667087	5	(25.4189,199.741,1.895)	80.3099	-72.9352
15.925066219154	3	(29.094,159.584,1.895)	120.433	-76.4547
15.929642230819	0	(29.6547,99.5056,1.895)	180.513	-79.97
15.930111458793	6	(28.5318,219.813,1.895)	60.2007	-70.4318
15.941651904734	4	(28.8411,186.676,1.895)	93.3389	-74.241
15.949149505596	7	(28.285,246.26,1.895)	33.7519	-65.4057
16.004964017577	2	(26.0001,137.468,1.895)	140.553	-77.7966
16.005159656343	8	(24.8762,257.88,1.895)	20.3657	-61.0178
16.019172076066	1	(29.4175,124.918,1.895)	153.095	-78.539
16.020336667087	5	(25.4376,197.731,1.895)	80.3157	-72.9358
16.025066219154	3	(29.1127,157.576,1.895)	120.436	-76.4549
16.029642230819	0	(29.6735,97.4951,1.895)	180.519	-79.9702
16.030111458793	6	(28.5506,217.804,1.895)	60.2048	-70.4324
16.041651904734	4	(28.8597,184.686,1.895)	93.3242	-74.2397
16.049149505596	7	(28.3034,244.286,1.895)	33.7221	-65.3981
16.104964017577	2	(26.0188,135.46,1.895)	140.556	-77.7968
16.105159656343	8	(24.895,255.87,1.895)	20.371	-61.02
16.119172076066	1	(29.4362,122.923,1.895)	153.086	-78.5385
16.120336667087	5	(25.4563,195.731,1.895)	80.3114	-72.9353
16.125066219154	3	(29.1314,155.572,1.895)	120.436	-76.4549
16.129642230819	0	(29.6922,95.4907,1.895)	180.519	-79.9702
16.130111458793	6	(28.5693,215.795,1.895)	60.2093	-70.4331
16.141651904734	4	(28.8783,182.693,1.895)	93.3131	-74.2386
16.149149505596	7	(28.3219,242.309,1.895)	33.6941	-65.3909
16.204964017577	2	(26.0376,133.45,1.895)	140.566	-77.7974
16.205159656343	8	(24.9137,253.867,1.895)	20.3742	-61.0214
16.219172076066	1	(29.4548,120.926,1.895)	153.082	-78.5383
16.220336667087	5	(25.4751,193.721,1.895)	80.3213	-72.9364
16.225066219154	3	(29.1501,153.568,1.895)	120.439	-76.4551
16.229642230819	0	(29.7109,93.4831,1.895)	180.526	-79.9706
16.230111458793	6	(28.5881,213.788,1.895)	60.2164	-70.4341
16.241651904734	4	(28.8969,180.697,1.895)	93.3084	-74.2382
16.249149505596	7	(28.3404,240.329,1.895)	33.6739	-65.3857
16.304964017577	2	(26.0563,131.441,1.895)	140.565	-77.7973
16.305159656343	8	(24.9325,251.855,1.895)	20.376	-61.0222
16.319172076066	1	(29.4735,118.922,1.895)	153.077	-78.538
16.320336667087	5	(25.4937,191.72,1.895)	80.3122	-72.9354
16.325066219154	3	(29.1688,151.563,1.895)	120.435	-76.4548
16.329642230819	0	(29.7296,91.4768,1.895)	180.523	-79.9705
16.330111458793	6	(28.6068,211.782,1.895)	60.2127	-70.4335
16.341651904734	4	(28.9155,178.702,1.895)	93.2943	-74.2369
16.349149505596	7	(28.3588,238.353,1.895)	33.6407	-65.3771
16.404964017577	2	(26.075,129.439,1.895)	140.56	-77.797
16.405159656343	8	(24.9511,249.855,1.895)	20.3685	-61.019
16.419172076066	1	(29.4921,116.926,1.895)	153.065	-78.5373
16.420336667087	5	(25.5124,189.714,1.895)	80.3107	-72.9353
16.425066219154	3	(29.1875,149.56,1.895)	120.43	-76.4545
16.429642230819	0	(29.7484,89.4673,1.895)	180.525	-79.9705
16.430111458793	6	(28.6255,209.777,1.895)	60.21	-70.4332
16.441651904734	4	(28.9341,176.711,1.895)	93.2772	-74.2353
16.449149505596	7	(28.3773,236.369,1.895)	33.6164	-65.3708
16.504964017577	2	(26.0937,127.44,1.895)	140.559	-77.797
16.505159656343	8	(24.9699,247.848,1.895)	20.3763	-61.0223
16.519172076066	1	(29.5108,114.925,1.895)	153.066	-78.5374
16.520336667087	5	(25.5312,187.702,1.895)	80.3232	-72.9366
16.525066219154	3	(29.2062,147.556,1.895)	120.434	-76.4548
16.529642230819	0	(29.7671,87.4631,1.895)	180.53	-79.9708
16.530111458793	6	(28.6443,207.765,1.895)	60.2226	-70.435
16.541651904734	4	(28.9527,174.72,1.895)	93.2686	-74.2345
16.549149505596	7	(28.3957,234.395,1.895)	33.5917	-65.3644
16.604964017577	2	(26.1124,125.43,1.895)	140.561	-77.7971
16.605159656343	8	(24.9886,245.84,1.895)	20.376	-61.0222
16.619172076066	1	(29.5294,112.932,1.895)	153.052	-78.5366
16.620336667087	5	(25.5499,185.699,1.895)	80.3185	-72.9361
16.625066219154	3	(29.225,145.547,1.895)	120.435	-76.4549
16.629642230819	0	(29.7858,85.4549,1.895)	180.53	-79.9708
16.630111458793	6	(28.663,205.765,1.895)	60.2145	-70.4338
16.641651904734	4	(28.9713,172.725,1.895)	93.2565	-74.2334
16.649149505596	7	(28.4143,232.409,1.895)	33.5695	-65.3587
16.704964017577	2	(26.1312,123.425,1.895)	140.567	-77.7974
16.705159656343	8	(25.0073,243.832,1.895)	20.3842	-61.0257
16.719172076066	1	(29.5481,110.928,1.895)	153.055	-78.5368
16.720336667087	5	(25.5687,183.692,1.895)	80.3253	-72.9368
16.725066219154	3	(29.2437,143.547,1.895)	120.436	-76.4549
16.729642230819	0	(29.8046,83.4512,1.895)	180.534	-79.971
16.730111458793	6	(28.6817,203.759,1.895)	60.221	-70.4347
16.741651904734	4	(28.99,170.73,1.895)	93.2516	-74.2329
16.749149505596	7	(28.4328,230.43,1.895)	33.5488	-65.3533
16.804964017577	2	(26.1499,121.419,1.895)	140.569	-77.7976
16.805159656343	8	(25.0261,241.825,1.895)	20.3882	-61.0274
16.819172076066	1	(29.5667,108.938,1.895)	153.042	-78.536
16.820336667087	5	(25.5874,181.688,1.895)	80.3261	-72.9369
16.825066219154	3	(29.2624,141.542,1.895)	120.437	-76.455
16.829642230819	0	(29.8233,81.4449,1.895)	180.537	-79.9711
16.830111458793	6	(28.7004,201.752,1.895)	60.2249	-70.4353
16.841651904734	4	(29.0086,168.737,1.895)	93.2408	-74.2319
16.849149505596	7	(28.4513,228.441,1.895)	33.534	-65.3495
16.904964017577	2	(26.1686,119.411,1.895)	140.578	-77.7981
16.905159656343	8	(25.0448,239.82,1.895)	20.3932	-61.0295
16.919172076066	1	(29.5853,106.942,1.895)	153.039	-78.5358
16.920336667087	5	(25.6061,179.685,1.895)	80.3304	-72.9374
16.925066219154	3	(29.2811,139.536,1.895)	120.444	-76.4555
16.929642230819	0	(29.842,79.4436,1.895)	180.539	-79.9712
16.930111458793	6	(28.7192,199.74,1.895)	60.2372	-70.4371
16.941651904734	4	(29.0272,166.744,1.895)	93.2343	-74.2313
16.949149505596	7	(28.4698,226.463,1.895)	33.5128	-65.344
17.004964017577	2	(26.1874,117.404,1.895)	140.58	-77.7983
17.005159656343	8	(25.0635,237.818,1.895)	20.3912	-61.0286
17.019172076066	1	(29.6039,104.949,1.895)	153.027	-78.5352
17.020336667087	5	(25.6248,177.679,1.895)	80.3318	-72.9375
17.025066219154	3	(29.2998,137.532,1.895)	120.443	-76.4554
17.029642230819	0	(29.8606,77.4438,1.895)	180.534	-79.971
17.030111458793	6	(28.7379,197.732,1.895)	60.2411	-70.4376
17.041651904734	4	(29.0457,164.755,1.895)	93.2192	-74.2299
17.049149505596	7	(28.4883,224.481,1.895)	33.4904	-65.3382
17.104964017577	2	(26.206,115.403,1.895)	140.579	-77.7982
17.105159656343	8	(25.0822,235.816,1.895)	20.3911	-61.0286
17.119172076066	1	(29.6225,102.959,1.895)	153.016	-78.5345
17.120336667087	5	(25.6434,175.679,1.895)	80.3293	-72.9373
17.125066219154	3	(29.3185,135.524,1.895)	120.449	-76.4559
17.129642230819	0	(29.8794,75.4334,1.895)	180.543	-79.9714
17.130111458793	6	(28.7567,195.721,1.895)	60.25	-70.4389
17.141651904734	4	(29.0643,162.762,1.895)	93.2103	-74.2291
17.149149505596	7	(28.5069,222.49,1.895)	33.4795	-65.3354
17.204964017577	2	(26.2248,113.392,1.895)	140.58	-77.7983
17.205159656343	8	(25.1009,233.807,1.895)	20.3903	-61.0283
17.219172076066	1	(29.6412,100.955,1.895)	153.01	-78.5342
17.220336667087	5	(25.6622,173.668,1.895)	80.3313	-72.9375
17.225066219154	3	(29.3373,133.515,1.895)	120.448	-76.4558
17.229642230819	0	(29.8981,73.4232,1.895)	180.543	-79.9714
17.230111458793	6	(28.7754,193.72,1.895)	60.241	-70.4376
17.241651904734	4	(29.0829,160.767,1.895)	93.1959	-74.2277
17.249149505596	7	(28.5254,220.505,1.895)	33.4552	-65.329
17.304964017577	2	(26.2435,111.393,1.895)	140.58	-77.7983
17.305159656343	8	(25.1197,231.797,1.895)	20.4008	-61.0327
17.319172076066	1	(29.6599,98.9477,1.895)	153.018	-78.5346
17.320336667087	5	(25.6809,171.661,1.895)	80.3378	-72.9382
17.325066219154	3	(29.356,131.511,1.895)	120.453	-76.4561
17.329642230819	0	(29.9169,71.4155,1.895)	180.551	-79.9718
17.330111458793	6	(28.794,191.72,1.895)	60.241	-70.4376
17.341651904734	4	(29.1016,158.772,1.895)	93.1908	-74.2273
17.349149505596	7	(28.5438,218.527,1.895)	33.433	-65.3233
17.404964017577	2	(26.2621,109.392,1.895)	140.572	-77.7977
17.405159656343	8	(25.1383,229.797,1.895)	20.3915	-61.0288
17.419172076066	1	(29.6785,96.9536,1.895)	153.003	-78.5338
17.420336667087	5	(25.6997,169.65,1.895)	80.3398	-72.9384
17.425066219154	3	(29.3747,129.511,1.895)	120.444	-76.4555
17.429642230819	0	(29.9356,69.4113,1.895)	180.546	-79.9716
17.430111458793	6	(28.8127,189.718,1.895)	60.2336	-70.4366
17.441651904734	4	(29.1202,156.778,1.895)	93.1755	-74.2258
17.449149505596	7	(28.5623,216.545,1.895)	33.4058	-65.3162
17.504964017577	2	(26.2809,107.382,1.895)	140.571	-77.7977
17.505159656343	8	(25.157,227.794,1.895)	20.3838	-61.0255
17.519172076066	1	(29.6972,94.9579,1.895)	152.987	-78.5329
17.520336667087	5	(25.7184,167.648,1.895)	80.331	-72.9375
17.525066219154	3	(29.3933,127.511,1.895)	120.433	-76.4547
17.529642230819	0	(29.9543,67.4018,1.895)	180.545	-79.9715
17.530111458793	6	(28.8315,187.707,1.895)	60.2347	-70.4367
17.541651904734	4	(29.1387,154.793,1.895)	93.1495	-74.2234
17.549149505596	7	(28.5809,214.557,1.895)	33.3828	-65.3102
17.604964017577	2	(26.2996,105.377,1.895)	140.576	-77.798
17.605159656343	8	(25.1757,225.79,1.895)	20.3878	-61.0272
17.619172076066	1	(29.7159,92.9523,1.895)	152.993	-78.5332
17.620336667087	5	(25.7371,165.644,1.895)	80.3346	-72.9378
17.625066219154	3	(29.4121,125.5,1.895)	120.444	-76.4555
17.629642230819	0	(29.9731,65.3948,1.895)	180.551	-79.9718
17.630111458793	6	(28.8502,185.708,1.895)	60.2336	-70.4366
17.641651904734	4	(29.1573,152.799,1.895)	93.1432	-74.2228
17.649149505596	7	(28.5994,212.571,1.895)	33.3689	-65.3066
17.704964017577	2	(26.3184,103.366,1.895)	140.588	-77.7987
17.705159656343	8	(25.1945,223.784,1.895)	20.3941	-61.0299
17.719172076066	1	(29.7346,90.9471,1.895)	152.999	-78.5335
17.720336667087	5	(25.7558,163.636,1.895)	80.3436	-72.9388
17.725066219154	3	(29.4308,123.494,1.895)	120.45	-76.4559
17.729642230819	0	(29.9918,63.389,1.895)	180.558	-79.9721
17.730111458793	6	(28.8689,183.702,1.895)	60.2395	-70.4374
17.741651904734	4	(29.176,150.8,1.895)	93.1429	-74.2228
17.749149505596	7	(28.6179,210.596,1.895)	33.3443	-65.3002
17.804964017577	2	(26.3371,101.359,1.895)	140.585	-77.7986
17.805159656343	8	(25.2131,221.783,1.895)	20.3861	-61.0265
17.819172076066	1	(29.7533,88.9428,1.895)	152.994	-78.5333
17.820336667087	5	(25.7746,161.625,1.895)	80.3453	-72.939
17.825066219154	3	(29.4495,121.488,1.895)	120.447	-76.4557
17.829642230819	0	(30.0106,61.3776,1.895)	180.56	-79.9722
17.830111458793	6	(28.8876,181.696,1.895)	60.2366	-70.437
17.841651904734	4	(29.1946,148.803,1.895)	93.1315	-74.2217
17.849149505596	7	(28.6364,208.608,1.895)	33.3232	-65.2947
17.904964017577	2	(26.3558,99.3524,1.895)	140.585	-77.7986
17.905159656343	8	(25.2318,219.78,1.895)	20.3823	-61.0249
17.919172076066	1	(29.772,86.9368,1.895)	152.993	-78.5332
17.920336667087	5	(25.7934,159.614,1.895)	80.3494	-72.9394
17.925066219154	3	(29.4682,119.488,1.895)	120.441	-76.4553
17.929642230819	0	(30.0293,59.3672,1.895)	180.564	-79.9724
17.930111458793	6	(28.9063,179.689,1.895)	60.2364	-70.437
17.941651904734	4	(29.2132,146.811,1.895)	93.1164	-74.2203
17.949149505596	7	(28.655,206.623,1.895)	33.3019	-65.2892
18.004964017577	2	(26.3746,97.3457,1.895)	140.591	-77.799
18.005159656343	8	(25.2506,217.774,1.895)	20.3884	-61.0275
18.019172076066	1	(29.7907,84.9351,1.895)	152.995	-78.5333
18.020336667087	5	(25.8122,157.603,1.895)	80.3609	-72.9407
18.025066219154	3	(29.4869,117.484,1.895)	120.444	-76.4555
18.029642230819	0	(30.0481,57.3602,1.895)	180.571	-79.9727
18.030111458793	6	(28.925,177.686,1.895)	60.2401	-70.4375
18.041651904734	4	(29.2318,144.814,1.895)	93.1128	-74.22
18.049149505596	7	(28.6735,204.638,1.895)	33.2862	-65.2851
18.104964017577	2	(26.3933,95.3423,1.895)	140.593	-77.7991
18.105159656343	8	(25.2692,215.771,1.895)	20.389	-61.0277
18.119172076066	1	(29.8094,82.9349,1.895)	152.993	-78.5332
18.120336667087	5	(25.8309,155.6,1.895)	80.3622	-72.9408
18.125066219154	3	(29.5056,115.476,1.895)	120.45	-76.4559
18.129642230819	0	(30.0668,55.3524,1.895)	180.577	-79.973
18.130111458793	6	(28.9437,175.684,1.895)	60.2394	-70.4374
18.141651904734	4	(29.2505,142.816,1.895)	93.1091	-74.2196
18.149149505596	7	(28.692,202.651,1.895)	33.272	-65.2814
18.204964017577	2	(26.412,93.3357,1.895)	140.595	-77.7992
18.205159656343	8	(25.288,213.763,1.895)	20.3917	-61.0288
18.219172076066	1	(29.8281,80.9275,1.895)	152.995	-78.5334
18.220336667087	5	(25.8496,153.591,1.895)	80.3654	-72.9412
18.225066219154	3	(29.5244,113.472,1.895)	120.45	-76.4559
18.229642230819	0	(30.0855,53.3498,1.895)	180.574	-79.9729
18.230111458793	6	(28.9624,173.678,1.895)	60.2411	-70.4376
18.241651904734	4	(29.2691,140.822,1.895)	93.0978	-74.2186
18.249149505596	7	(28.7106,200.661,1.895)	33.2565	-65.2773
18.304964017577	2	(26.4307,91.3317,1.895)	140.596	-77.7992
18.305159656343	8	(25.3067,211.761,1.895)	20.3913	-61.0287
18.319172076066	1	(29.8467,78.9322,1.895)	152.988	-78.5329
18.320336667087	5	(25.8684,151.58,1.895)	80.3731	-72.942
18.325066219154	3	(29.5431,111.46,1.895)	120.458	-76.4565
18.329642230819	0	(30.1042,51.3465,1.895)	180.575	-79.9729
18.330111458793	6	(28.9811,171.677,1.895)	60.2384	-70.4373
18.341651904734	4	(29.2876,138.834,1.895)	93.0833	-74.2172
18.349149505596	7	(28.7292,198.667,1.895)	33.248	-65.2751
18.404964017577	2	(26.4494,89.331,1.895)	140.595	-77.7992
18.405159656343	8	(25.3255,209.749,1.895)	20.4011	-61.0329
18.419172076066	1	(29.8654,76.9348,1.895)	152.983	-78.5327
18.420336667087	5	(25.887,149.58,1.895)	80.3718	-72.9419
18.425066219154	3	(29.5618,109.46,1.895)	120.456	-76.4564
18.429642230819	0	(30.123,49.3345,1.895)	180.585	-79.9734
18.430111458793	6	(28.9998,169.678,1.895)	60.2363	-70.437
18.441651904734	4	(29.3063,136.832,1.895)	93.0835	-74.2172
18.449149505596	7	(28.7477,196.683,1.895)	33.2305	-65.2705
18.504964017577	2	(26.4681,87.3239,1.895)	140.599	-77.7994
18.505159656343	8	(25.3442,207.74,1.895)	20.4079	-61.0357
18.519172076066	1	(29.8841,74.9235,1.895)	152.992	-78.5332
18.520336667087	5	(25.9057,147.581,1.895)	80.3683	-72.9415
18.525066219154	3	(29.5805,107.46,1.895)	120.455	-76.4563
18.529642230819	0	(30.1417,47.3272,1.895)	180.59	-79.9736
18.530111458793	6	(29.0185,167.676,1.895)	60.2356	-70.4369
18.541651904734	4	(29.3249,134.841,1.895)	93.0716	-74.2161
18.549149505596	7	(28.7662,194.703,1.895)	33.2073	-65.2645
18.604964017577	2	(26.4868,85.3168,1.895)	140.594	-77.7991
18.605159656343	8	(25.363,205.731,1.895)	20.4051	-61.0346
18.619172076066	1	(29.9029,72.9168,1.895)	152.987	-78.5329
18.620336667087	5	(25.9244,145.577,1.895)	80.3601	-72.9406
18.625066219154	3	(29.5992,105.455,1.895)	120.448	-76.4558
18.629642230819	0	(30.1604,45.3193,1.895)	180.586	-79.9735
18.630111458793	6	(29.0372,165.668,1.895)	60.2322	-70.4364
18.641651904734	4	(29.3436,132.844,1.895)	93.0572	-74.2148
18.649149505596	7	(28.7848,192.713,1.895)	33.1854	-65.2587
18.704964017577	2	(26.5056,83.3062,1.895)	140.598	-77.7994
18.705159656343	8	(25.3817,203.722,1.895)	20.4064	-61.0351
18.719172076066	1	(29.9216,70.9094,1.895)	152.987	-78.5329
18.720336667087	5	(25.9432,143.566,1.895)	80.3645	-72.9411
18.725066219154	3	(29.6179,103.449,1.895)	120.446	-76.4556
18.729642230819	0	(30.1792,43.3092,1.895)	180.589	-79.9736
18.730111458793	6	(29.056,163.658,1.895)	60.2341	-70.4366
18.741651904734	4	(29.3622,130.843,1.895)	93.0512	-74.2142
18.749149505596	7	(28.8033,190.726,1.895)	33.1655	-65.2535
18.804964017577	2	(26.5244,81.2964,1.895)	140.6	-77.7995
18.805159656343	8	(25.4004,201.718,1.895)	20.4034	-61.0338
18.819172076066	1	(29.9403,68.9094,1.895)	152.98	-78.5325
18.820336667087	5	(25.9619,141.555,1.895)	80.3681	-72.9415
18.825066219154	3	(29.6366,101.449,1.895)	120.439	-76.4551
18.829642230819	0	(30.1979,41.3091,1.895)	180.581	-79.9732
18.830111458793	6	(29.0746,161.658,1.895)	60.2268	-70.4356
18.841651904734	4	(29.3809,128.846,1.895)	93.0399	-74.2132
18.849149505596	7	(28.822,188.729,1.895)	33.1552	-65.2508
18.904964017577	2	(26.5431,79.2871,1.895)	140.603	-77.7997
18.905159656343	8	(25.4191,199.711,1.895)	20.4032	-61.0338
18.919172076066	1	(29.9589,66.9144,1.895)	152.968	-78.5318
18.920336667087	5	(25.9806,139.552,1.895)	80.3642	-72.941
18.925066219154	3	(29.6553,99.4408,1.895)	120.44	-76.4552
18.929642230819	0	(30.2166,39.3027,1.895)	180.581	-79.9732
18.930111458793	6	(29.0934,159.647,1.895)	60.2313	-70.4362
18.941651904734	4	(29.3995,126.853,1.895)	93.0274	-74.212
18.949149505596	7	(28.8405,186.746,1.895)	33.1309	-65.2444
19.004964017577	2	(26.5618,77.285,1.895)	140.604	-77.7998
19.005159656343	8	(25.4378,197.712,1.895)	20.4024	-61.0334
19.019172076066	1	(29.9776,64.9075,1.895)	152.974	-78.5322
19.020336667087	5	(25.9994,137.545,1.895)	80.3705	-72.9417
19.025066219154	3	(29.6741,97.4334,1.895)	120.447	-76.4557
19.029642230819	0	(30.2354,37.2928,1.895)	180.59	-79.9737
19.030111458793	6	(29.1122,157.636,1.895)	60.2414	-70.4377
19.041651904734	4	(29.4181,124.859,1.895)	93.02	-74.2113
19.049149505596	7	(28.8591,184.75,1.895)	33.1267	-65.2434
19.104964017577	2	(26.5805,75.2845,1.895)	140.599	-77.7994
19.105159656343	8	(25.4565,195.709,1.895)	20.3994	-61.0321
19.119172076066	1	(29.9963,62.9102,1.895)	152.966	-78.5317
19.120336667087	5	(26.0181,135.542,1.895)	80.3677	-72.9414
19.125066219154	3	(29.6927,95.4334,1.895)	120.441	-76.4553
19.129642230819	0	(30.2541,35.2834,1.895)	180.594	-79.9738
19.130111458793	6	(29.1309,155.632,1.895)	60.2398	-70.4375
19.141651904734	4	(29.4367,122.865,1.895)	93.0087	-74.2103
19.149149505596	7	(28.8777,182.753,1.895)	33.1175	-65.2409
19.204964017577	2	(26.5992,73.2791,1.895)	140.595	-77.7992
19.205159656343	8	(25.4752,193.702,1.895)	20.3971	-61.0311
19.219172076066	1	(30.015,60.9049,1.895)	152.962	-78.5314
19.220336667087	5	(26.0368,133.538,1.895)	80.3619	-72.9408
19.225066219154	3	(29.7114,93.4286,1.895)	120.436	-76.455
19.229642230819	0	(30.2729,33.2747,1.895)	180.593	-79.9738
19.230111458793	6	(29.1496,153.622,1.895)	60.2407	-70.4376
19.241651904734	4	(29.4553,120.869,1.895)	92.9947	-74.209
19.249149505596	7	(28.8963,180.763,1.895)	33.0983	-65.2359
19.304964017577	2	(26.6179,71.2761,1.895)	140.589	-77.7988
19.305159656343	8	(25.494,191.693,1.895)	20.3965	-61.0309
19.319172076066	1	(30.0337,58.9023,1.895)	152.955	-78.5311
19.320336667087	5	(26.0555,131.533,1.895)	80.3582	-72.9404
19.325066219154	3	(29.7301,91.4278,1.895)	120.428	-76.4544
19.329642230819	0	(30.2916,31.264,1.895)	180.595	-79.9739
19.330111458793	6	(29.1684,151.615,1.895)	60.2386	-70.4373
19.341651904734	4	(29.474,118.868,1.895)	92.9871	-74.2082
19.349149505596	7	(28.915,178.763,1.895)	33.089	-65.2335
19.404964017577	2	(26.6367,69.2648,1.895)	140.59	-77.7989
19.405159656343	8	(25.5126,189.694,1.895)	20.3861	-61.0265
19.419172076066	1	(30.0524,56.8911,1.895)	152.957	-78.5312
19.420336667087	5	(26.0742,129.529,1.895)	80.3527	-72.9398
19.425066219154	3	(29.7488,89.4237,1.895)	120.423	-76.454
19.429642230819	0	(30.3103,29.2618,1.895)	180.587	-79.9735
19.430111458793	6	(29.1871,149.611,1.895)	60.2333	-70.4365
19.441651904734	4	(29.4926,116.871,1.895)	92.9746	-74.2071
19.449149505596	7	(28.9336,176.772,1.895)	33.0703	-65.2285
19.504964017577	2	(26.6554,67.254,1.895)	140.6	-77.7995
19.505159656343	8	(25.5313,187.694,1.895)	20.3851	-61.026
19.519172076066	1	(30.0711,54.8962,1.895)	152.95	-78.5308
19.520336667087	5	(26.0929,127.526,1.895)	80.3542	-72.94
19.525066219154	3	(29.7675,87.4197,1.895)	120.425	-76.4541
19.529642230819	0	(30.329,27.2625,1.895)	180.585	-79.9734
19.530111458793	6	(29.2058,147.603,1.895)	60.2394	-70.4374
19.541651904734	4	(29.5112,114.881,1.895)	92.9628	-74.206
19.549149505596	7	(28.9521,174.782,1.895)	33.0595	-65.2257
19.604964017577	2	(26.6742,65.246,1.895)	140.605	-77.7998
19.605159656343	8	(25.55,185.689,1.895)	20.3872	-61.027
19.619172076066	1	(30.0896,52.9065,1.895)	152.937	-78.5301
19.620336667087	5	(26.1116,125.525,1.895)	80.3527	-72.9398
19.625066219154	3	(29.7862,85.4131,1.895)	120.429	-76.4544
19.629642230819	0	(30.3477,25.256,1.895)	180.589	-79.9736
19.630111458793	6	(29.2245,145.603,1.895)	60.2366	-70.437
19.641651904734	4	(29.5298,112.885,1.895)	92.956	-74.2053
19.649149505596	7	(28.9708,172.785,1.895)	33.0537	-65.2242
19.704964017577	2	(26.6928,63.2455,1.895)	140.601	-77.7996
19.705159656343	8	(25.5688,183.682,1.895)	20.3898	-61.028
19.719172076066	1	(30.1084,50.8984,1.895)	152.941	-78.5303
19.720336667087	5	(26.1303,123.514,1.895)	80.3596	-72.9405
19.725066219154	3	(29.805,83.4024,1.895)	120.435	-76.4549
19.730111458793	6	(29.2431,143.604,1.895)	60.2314	-70.4362
19.741651904734	4	(29.5485,110.884,1.895)	92.9531	-74.2051
19.749149505596	7	(28.9893,170.795,1.895)	33.039	-65.2203
19.804964017577	2	(26.7115,61.2448,1.895)	140.601	-77.7996
19.805159656343	8	(25.5875,181.676,1.895)	20.3952	-61.0303
19.819172076066	1	(30.1271,48.8912,1.895)	152.948	-78.5306
19.820336667087	5	(26.149,121.51,1.895)	80.3627	-72.9409
19.825066219154	3	(29.8237,81.3962,1.895)	120.441	-76.4553
19.830111458793	6	(29.2619,141.596,1.895)	60.2385	-70.4373
19.841651904734	4	(29.5672,108.884,1.895)	92.9523	-74.205
19.849149505596	7	(29.0079,168.809,1.895)	33.0247	-65.2166
19.904964017577	2	(26.7302,59.2429,1.895)	140.592	-77.799
19.905159656343	8	(25.6061,179.676,1.895)	20.3844	-61.0257
19.919172076066	1	(30.1458,46.8921,1.895)	152.936	-78.53
19.920336667087	5	(26.1677,119.51,1.895)	80.3512	-72.9396
19.925066219154	3	(29.8425,79.3896,1.895)	120.437	-76.455
19.930111458793	6	(29.2805,139.596,1.895)	60.2277	-70.4357
19.941651904734	4	(29.5858,106.884,1.895)	92.9411	-74.2039
19.949149505596	7	(29.0264,166.821,1.895)	33.0019	-65.2106
20.004964017577	2	(26.7489,57.2413,1.895)	140.584	-77.7985
20.005159656343	8	(25.6248,177.673,1.895)	20.3778	-61.0229
20.019172076066	1	(30.1645,44.8832,1.895)	152.935	-78.5299
20.020336667087	5	(26.1864,117.507,1.895)	80.3444	-72.9389
20.025066219154	3	(29.8612,77.3808,1.895)	120.436	-76.4549
20.030111458793	6	(29.2993,137.587,1.895)	60.227	-70.4356
20.041651904734	4	(29.6045,104.886,1.895)	92.9297	-74.2029
20.049149505596	7	(29.045,164.836,1.895)	32.9772	-65.2041
20.104964017577	2	(26.7676,55.2391,1.895)	140.577	-77.7981
20.105159656343	8	(25.6435,175.67,1.895)	20.3711	-61.0201
20.119172076066	1	(30.1833,42.875,1.895)	152.934	-78.5298
20.120336667087	5	(26.2051,115.507,1.895)	80.335	-72.9379
20.125066219154	3	(29.8799,75.3751,1.895)	120.432	-76.4546
20.130111458793	6	(29.318,135.577,1.895)	60.2272	-70.4356
20.141651904734	4	(29.6232,102.884,1.895)	92.9217	-74.2021
20.149149505596	7	(29.0636,162.839,1.895)	32.9643	-65.2007
20.204964017577	2	(26.7863,53.2373,1.895)	140.578	-77.7981
20.205159656343	8	(25.6622,173.669,1.895)	20.3711	-61.0201
20.219172076066	1	(30.202,40.8688,1.895)	152.939	-78.5301
20.220336667087	5	(26.2238,113.503,1.895)	80.339	-72.9383
20.225066219154	3	(29.8987,73.365,1.895)	120.441	-76.4553
20.230111458793	6	(29.3368,133.571,1.895)	60.2326	-70.4364
20.241651904734	4	(29.6418,100.892,1.895)	92.9128	-74.2013
20.249149505596	7	(29.0823,160.84,1.895)	32.9626	-65.2002
20.304964017577	2	(26.805,51.2265,1.895)	140.58	-77.7983
20.305159656343	8	(25.6809,171.667,1.895)	20.3649	-61.0174
20.319172076066	1	(30.2208,38.8582,1.895)	152.941	-78.5303
20.320336667087	5	(26.2425,111.501,1.895)	80.3315	-72.9375
20.325066219154	3	(29.9173,71.3657,1.895)	120.432	-76.4546
20.330111458793	6	(29.3555,131.569,1.895)	60.2256	-70.4354
20.341651904734	4	(29.6605,98.8855,1.895)	92.9108	-74.2011
20.349149505596	7	(29.1009,158.843,1.895)	32.9509	-65.1971
20.404964017577	2	(26.8238,49.2156,1.895)	140.582	-77.7984
20.405159656343	8	(25.6996,169.66,1.895)	20.3625	-61.0164
20.419172076066	1	(30.2395,36.8515,1.895)	152.939	-78.5301
20.420336667087	5	(26.2612,109.49,1.895)	80.3342	-72.9378
20.425066219154	3	(29.9361,69.3552,1.895)	120.434	-76.4547
20.430111458793	6	(29.3742,129.565,1.895)	60.2214	-70.4348
20.441651904734	4	(29.6791,96.8972,1.895)	92.8904	-74.1992
20.449149505596	7	(29.1195,156.851,1.895)	32.9337	-65.1926
20.504964017577	2	(26.8425,47.2073,1.895)	140.578	-77.7982
20.505159656343	8	(25.7183,167.661,1.895)	20.3505	-61.0113
20.519172076066	1	(30.2582,34.8411,1.895)	152.937	-78.5301
20.520336667087	5	(26.2799,107.486,1.895)	80.3264	-72.937
20.525066219154	3	(29.9548,67.3532,1.895)	120.424	-76.454
20.530111458793	6	(29.3929,127.561,1.895)	60.2135	-70.4337
20.541651904734	4	(29.6977,94.9005,1.895)	92.8752	-74.1978
20.549149505596	7	(29.138,154.864,1.895)	32.9095	-65.1862
20.604964017577	2	(26.8613,45.2005,1.895)	140.574	-77.7979
20.605159656343	8	(25.737,165.652,1.895)	20.3479	-61.0102
20.619172076066	1	(30.2769,32.8379,1.895)	152.929	-78.5296
20.620336667087	5	(26.2986,105.486,1.895)	80.3148	-72.9357
20.625066219154	3	(29.9735,65.3446,1.895)	120.421	-76.4538
20.630111458793	6	(29.4116,125.555,1.895)	60.2078	-70.4328
20.641651904734	4	(29.7164,92.901,1.895)	92.8632	-74.1967
20.649149505596	7	(29.1567,152.864,1.895)	32.8973	-65.183
20.704964017577	2	(26.88,43.1887,1.895)	140.581	-77.7983
20.705159656343	8	(25.7557,163.652,1.895)	20.3436	-61.0083
20.719172076066	1	(30.2957,30.8312,1.895)	152.931	-78.5297
20.720336667087	5	(26.3173,103.482,1.895)	80.3142	-72.9356
20.725066219154	3	(29.9922,63.3416,1.895)	120.42	-76.4537
20.730111458793	6	(29.4303,123.552,1.895)	60.2064	-70.4326
20.741651904734	4	(29.735,90.8978,1.895)	92.8622	-74.1966
20.749149505596	7	(29.1753,150.874,1.895)	32.8836	-65.1794
20.804964017577	2	(26.8987,41.1861,1.895)	140.582	-77.7984
20.805159656343	8	(25.7744,161.652,1.895)	20.3412	-61.0073
20.819172076066	1	(30.3144,28.8252,1.895)	152.935	-78.53
20.820336667087	5	(26.336,101.477,1.895)	80.3171	-72.936
20.825066219154	3	(30.011,61.3342,1.895)	120.425	-76.4541
20.830111458793	6	(29.4489,121.552,1.895)	60.2047	-70.4324
20.841651904734	4	(29.7537,88.9022,1.895)	92.8559	-74.196
20.849149505596	7	(29.1939,148.883,1.895)	32.8722	-65.1764
20.904964017577	2	(26.9175,39.179,1.895)	140.58	-77.7983
20.905159656343	8	(25.7931,159.649,1.895)	20.3355	-61.0049
20.919172076066	1	(30.3331,26.8213,1.895)	152.93	-78.5297
20.920336667087	5	(26.3547,99.4702,1.895)	80.3155	-72.9358
20.925066219154	3	(30.0297,59.3282,1.895)	120.422	-76.4539
20.930111458793	6	(29.4677,119.541,1.895)	60.2066	-70.4327
20.941651904734	4	(29.7724,86.8987,1.895)	92.8505	-74.1955
20.949149505596	7	(29.2124,146.898,1.895)	32.849	-65.1702
21.004964017577	2	(26.9362,37.1686,1.895)	140.588	-77.7988
21.005159656343	8	(25.8118,157.64,1.895)	20.3423	-61.0078
21.020336667087	5	(26.3735,97.4593,1.895)	80.3241	-72.9367
21.025066219154	3	(30.0485,57.3187,1.895)	120.429	-76.4544
21.030111458793	6	(29.4864,117.534,1.895)	60.2111	-70.4333
21.041651904734	4	(29.791,84.9004,1.895)	92.8465	-74.1951
21.049149505596	7	(29.2311,144.896,1.895)	32.8481	-65.17
21.104964017577	2	(26.9549,35.1661,1.895)	140.584	-77.7985
21.105159656343	8	(25.8305,155.637,1.895)	20.339	-61.0064
21.120336667087	5	(26.3922,95.4543,1.895)	80.3227	-72.9366
21.125066219154	3	(30.0672,55.313,1.895)	120.429	-76.4544
21.130111458793	6	(29.5052,115.522,1.895)	60.2166	-70.4341
21.141651904734	4	(29.8098,82.893,1.895)	92.8475	-74.1952
21.149149505596	7	(29.2497,142.896,1.895)	32.8424	-65.1685
21.204964017577	2	(26.9737,33.1551,1.895)	140.586	-77.7986
21.205159656343	8	(25.8493,153.629,1.895)	20.3383	-61.0061
21.220336667087	5	(26.411,93.4432,1.895)	80.3246	-72.9368
21.225066219154	3	(30.0859,53.3038,1.895)	120.429	-76.4544
21.230111458793	6	(29.5239,113.523,1.895)	60.2073	-70.4328
21.241651904734	4	(29.8284,80.8915,1.895)	92.8398	-74.1945
21.249149505596	7	(29.2685,140.889,1.895)	32.8394	-65.1677
21.304964017577	2	(26.9924,31.151,1.895)	140.586	-77.7986
21.305159656343	8	(25.8679,151.626,1.895)	20.3369	-61.0055
21.320336667087	5	(26.4297,91.4425,1.895)	80.3213	-72.9364
21.325066219154	3	(30.1046,51.3023,1.895)	120.426	-76.4542
21.330111458793	6	(29.5426,111.513,1.895)	60.2131	-70.4336
21.341651904734	4	(29.8472,78.8844,1.895)	92.8429	-74.1948
21.349149505596	7	(29.2871,138.896,1.895)	32.8283	-65.1648
21.404964017577	2	(27.0111,29.1485,1.895)	140.587	-77.7987
21.405159656343	8	(25.8866,149.623,1.895)	20.3388	-61.0063
21.420336667087	5	(26.4484,89.4321,1.895)	80.3303	-72.9374
21.425066219154	3	(30.1233,49.2998,1.895)	120.427	-76.4543
21.430111458793	6	(29.5613,109.509,1.895)	60.2153	-70.4339
21.441651904734	4	(29.8658,76.8928,1.895)	92.8331	-74.1938
21.449149505596	7	(29.3057,136.898,1.895)	32.8256	-65.164
21.504964017577	2	(27.0299,27.137,1.895)	140.591	-77.7989
21.505159656343	8	(25.9054,147.612,1.895)	20.3417	-61.0075
21.520336667087	5	(26.4672,87.4264,1.895)	80.3278	-72.9371
21.525066219154	3	(30.142,47.2998,1.895)	120.419	-76.4537
21.530111458793	6	(29.5801,107.498,1.895)	60.2185	-70.4344
21.541651904734	4	(29.8845,74.8901,1.895)	92.8276	-74.1933
21.549149505596	7	(29.3243,134.904,1.895)	32.8116	-65.1603
21.604964017577	2	(27.0486,25.1349,1.895)	140.582	-77.7984
21.605159656343	8	(25.9242,145.6,1.895)	20.3426	-61.0079
21.620336667087	5	(26.4858,85.4238,1.895)	80.3198	-72.9362
21.625066219154	3	(30.1607,45.2932,1.895)	120.415	-76.4534
21.630111458793	6	(29.5989,105.488,1.895)	60.2177	-70.4343
21.641651904734	4	(29.9031,72.8943,1.895)	92.8128	-74.192
21.649149505596	7	(29.343,132.907,1.895)	32.7978	-65.1567
21.705159656343	8	(25.9429,143.595,1.895)	20.345	-61.0089
21.720336667087	5	(26.5045,83.4225,1.895)	80.3187	-72.9361
21.725066219154	3	(30.1794,43.2874,1.895)	120.419	-76.4537
21.730111458793	6	(29.6175,103.488,1.895)	60.2157	-70.434
21.741651904734	4	(29.9217,70.8948,1.895)	92.8099	-74.1917
21.749149505596	7	(29.3616,130.912,1.895)	32.7901	-65.1546
21.805159656343	8	(25.9616,141.589,1.895)	20.3443	-61.0086
21.820336667087	5	(26.5232,81.4181,1.895)	80.3158	-72.9358
21.825066219154	3	(30.1981,41.281,1.895)	120.418	-76.4536
21.830111458793	6	(29.6362,101.485,1.895)	60.2112	-70.4333
21.841651904734	4	(29.9404,68.893,1.895)	92.8045	-74.1912
21.849149505596	7	(29.3802,128.92,1.895)	32.7751	-65.1507
21.905159656343	8	(25.9803,139.589,1.895)	20.3406	-61.0071
21.920336667087	5	(26.5419,79.4178,1.895)	80.3132	-72.9355
21.925066219154	3	(30.2168,39.2786,1.895)	120.417	-76.4536
21.930111458793	6	(29.655,99.4729,1.895)	60.2202	-70.4346
21.941651904734	4	(29.9591,66.897,1.895)	92.7975	-74.1905
21.949149505596	7	(29.3988,126.921,1.895)	32.7712	-65.1496
22.005159656343	8	(25.999,137.589,1.895)	20.3396	-61.0067
22.020336667087	5	(26.5606,77.4148,1.895)	80.3153	-72.9358
22.025066219154	3	(30.2356,37.2671,1.895)	120.428	-76.4543
22.030111458793	6	(29.6737,97.4725,1.895)	60.2197	-70.4346
22.041651904734	4	(29.9777,64.9021,1.895)	92.7914	-74.1899
22.049149505596	7	(29.4176,124.914,1.895)	32.7766	-65.1511
22.105159656343	8	(26.0177,135.584,1.895)	20.3451	-61.009
22.120336667087	5	(26.5793,75.4091,1.895)	80.3211	-72.9364
22.125066219154	3	(30.2544,35.257,1.895)	120.438	-76.4551
22.130111458793	6	(29.6924,95.4652,1.895)	60.2272	-70.4356
22.141651904734	4	(29.9964,62.8919,1.895)	92.8019	-74.1909
22.149149505596	7	(29.4361,122.923,1.895)	32.768	-65.1488
22.205159656343	8	(26.0363,133.584,1.895)	20.3345	-61.0045
22.220336667087	5	(26.5981,73.4004,1.895)	80.3193	-72.9362
22.225066219154	3	(30.2731,33.2532,1.895)	120.431	-76.4546
22.230111458793	6	(29.7111,93.4623,1.895)	60.2195	-70.4345
22.241651904734	4	(30.0152,60.8849,1.895)	92.7984	-74.1906
22.249149505596	7	(29.4548,120.922,1.895)	32.7582	-65.1462
22.305159656343	8	(26.0551,131.579,1.895)	20.3317	-61.0032
22.320336667087	5	(26.6168,71.3963,1.895)	80.3148	-72.9357
22.325066219154	3	(30.2917,31.2538,1.895)	120.422	-76.4539
22.330111458793	6	(29.7299,91.4522,1.895)	60.221	-70.4347
22.341651904734	4	(30.0338,58.887,1.895)	92.7876	-74.1896
22.349149505596	7	(29.4735,118.924,1.895)	32.7479	-65.1435
22.405159656343	8	(26.0737,129.578,1.895)	20.325	-61.0004
22.420336667087	5	(26.6355,69.387,1.895)	80.3168	-72.9359
22.425066219154	3	(30.3104,29.2501,1.895)	120.418	-76.4536
22.430111458793	6	(29.7486,89.4502,1.895)	60.2157	-70.434
22.441651904734	4	(30.0524,56.8914,1.895)	92.7759	-74.1885
22.449149505596	7	(29.4921,116.928,1.895)	32.7366	-65.1405
22.505159656343	8	(26.0924,127.575,1.895)	20.3199	-60.9982
22.520336667087	5	(26.6543,67.3775,1.895)	80.3185	-72.9361
22.525066219154	3	(30.3291,27.2451,1.895)	120.416	-76.4534
22.530111458793	6	(29.7673,87.4425,1.895)	60.2156	-70.434
22.541651904734	4	(30.0711,54.8935,1.895)	92.766	-74.1876
22.549149505596	7	(29.5107,114.937,1.895)	32.7195	-65.1359
22.605159656343	8	(26.1111,125.569,1.895)	20.318	-60.9974
22.620336667087	5	(26.673,65.3682,1.895)	80.3197	-72.9362
22.625066219154	3	(30.3478,25.2435,1.895)	120.409	-76.453
22.630111458793	6	(29.786,85.434,1.895)	60.216	-70.434
22.641651904734	4	(30.0898,52.8923,1.895)	92.7592	-74.1869
22.649149505596	7	(29.5294,112.936,1.895)	32.7129	-65.1342
22.705159656343	8	(26.1298,123.57,1.895)	20.3091	-60.9936
22.720336667087	5	(26.6917,63.3682,1.895)	80.3115	-72.9353
22.730111458793	6	(29.8047,83.4315,1.895)	60.2103	-70.4332
22.741651904734	4	(30.1085,50.8888,1.895)	92.7544	-74.1865
22.749149505596	7	(29.5481,110.931,1.895)	32.7092	-65.1332
22.805159656343	8	(26.1485,121.566,1.895)	20.3118	-60.9948
22.820336667087	5	(26.7104,61.3631,1.895)	80.315	-72.9357
22.830111458793	6	(29.8234,81.4297,1.895)	60.2105	-70.4332
22.841651904734	4	(30.1272,48.8818,1.895)	92.7599	-74.187
22.849149505596	7	(29.5667,108.933,1.895)	32.7065	-65.1325
22.905159656343	8	(26.1673,119.558,1.895)	20.3168	-60.9969
22.920336667087	5	(26.7291,59.3601,1.895)	80.3156	-72.9358
22.930111458793	6	(29.8421,79.4277,1.895)	60.2101	-70.4332
22.941651904734	4	(30.1459,46.8785,1.895)	92.7607	-74.1871
22.949149505596	7	(29.5853,106.944,1.895)	32.6931	-65.1289
23.005159656343	8	(26.186,117.548,1.895)	20.3206	-60.9985
23.020336667087	5	(26.7478,57.3596,1.895)	80.3099	-72.9352
23.030111458793	6	(29.8608,77.4271,1.895)	60.2046	-70.4324
23.041651904734	4	(30.1646,44.8795,1.895)	92.7535	-74.1864
23.049149505596	7	(29.6039,104.946,1.895)	32.684	-65.1265
23.105159656343	8	(26.2047,115.543,1.895)	20.3216	-60.9989
23.120336667087	5	(26.7666,55.3483,1.895)	80.3166	-72.9359
23.130111458793	6	(29.8795,75.4209,1.895)	60.2061	-70.4326
23.141651904734	4	(30.1833,42.8718,1.895)	92.7567	-74.1867
23.149149505596	7	(29.6225,102.952,1.895)	32.6739	-65.1238
23.205159656343	8	(26.2234,113.539,1.895)	20.3247	-61.0003
23.220336667087	5	(26.7853,53.3387,1.895)	80.3256	-72.9369
23.230111458793	6	(29.8982,73.4155,1.895)	60.2109	-70.4333
23.241651904734	4	(30.2021,40.861,1.895)	92.7668	-74.1876
23.249149505596	7	(29.6412,100.952,1.895)	32.6729	-65.1235
23.305159656343	8	(26.2421,111.535,1.895)	20.3219	-60.9991
23.320336667087	5	(26.804,51.3389,1.895)	80.3189	-72.9361
23.330111458793	6	(29.9169,71.4087,1.895)	60.2111	-70.4333
23.341651904734	4	(30.2207,38.8589,1.895)	92.7623	-74.1872
23.349149505596	7	(29.6599,98.9512,1.895)	32.6674	-65.1221
23.405159656343	8	(26.2608,109.534,1.895)	20.3142	-60.9958
23.420336667087	5	(26.8226,49.3385,1.895)	80.31	-72.9352
23.430111458793	6	(29.9357,69.4013,1.895)	60.2093	-70.4331
23.441651904734	4	(30.2394,36.856,1.895)	92.756	-74.1866
23.449149505596	7	(29.6786,96.951,1.895)	32.6584	-65.1197
23.505159656343	8	(26.2796,107.523,1.895)	20.3252	-61.0005
23.520336667087	5	(26.8414,47.3301,1.895)	80.3184	-72.9361
23.530111458793	6	(29.9544,67.4007,1.895)	60.2099	-70.4331
23.541651904734	4	(30.2581,34.8516,1.895)	92.7605	-74.187
23.549149505596	7	(29.6973,94.9466,1.895)	32.6628	-65.1209
23.605159656343	8	(26.2983,105.512,1.895)	20.3258	-61.0008
23.620336667087	5	(26.8601,45.3278,1.895)	80.311	-72.9353
23.630111458793	6	(29.9731,65.3931,1.895)	60.2078	-70.4328
23.641651904734	4	(30.2768,32.8518,1.895)	92.7506	-74.1861
23.649149505596	7	(29.7159,92.9539,1.895)	32.6459	-65.1164
23.705159656343	8	(26.3171,103.502,1.895)	20.325	-61.0004
23.720336667087	5	(26.8788,43.3253,1.895)	80.3023	-72.9344
23.730111458793	6	(29.9918,63.3929,1.895)	60.1969	-70.4313
23.741651904734	4	(30.2956,30.842,1.895)	92.7492	-74.186
23.749149505596	7	(29.7345,90.9563,1.895)	32.6323	-65.1127
23.805159656343	8	(26.3358,101.503,1.895)	20.3235	-60.9997
23.820336667087	5	(26.8975,41.3199,1.895)	80.307	-72.9349
23.830111458793	6	(30.0105,61.3822,1.895)	60.2068	-70.4327
23.841651904734	4	(30.3143,28.8312,1.895)	92.7593	-74.1869
23.849149505596	7	(29.7531,88.9599,1.895)	32.6279	-65.1116
23.905159656343	8	(26.3545,99.4982,1.895)	20.3206	-60.9985
23.920336667087	5	(26.9162,39.3175,1.895)	80.3019	-72.9343
23.930111458793	6	(30.0293,59.375,1.895)	60.2065	-70.4327
23.941651904734	4	(30.333,26.8268,1.895)	92.7562	-74.1866
23.949149505596	7	(29.7719,86.9538,1.895)	32.6265	-65.1112
24.005159656343	8	(26.3732,97.4961,1.895)	20.3192	-60.9979
24.020336667087	5	(26.9348,37.3184,1.895)	80.2976	-72.9338
24.030111458793	6	(30.048,57.3672,1.895)	60.211	-70.4333
24.049149505596	7	(29.7905,84.9588,1.895)	32.6181	-65.109
24.105159656343	8	(26.3919,95.491,1.895)	20.3132	-60.9954
24.120336667087	5	(26.9535,35.3138,1.895)	80.2909	-72.9331
24.130111458793	6	(30.0667,55.3626,1.895)	60.2043	-70.4323
24.149149505596	7	(29.8092,82.957,1.895)	32.6086	-65.1064
24.205159656343	8	(26.4106,93.4804,1.895)	20.3224	-60.9993
24.220336667087	5	(26.9722,33.3136,1.895)	80.2899	-72.933
24.230111458793	6	(30.0854,53.3578,1.895)	60.2078	-70.4328
24.249149505596	7	(29.8278,80.9595,1.895)	32.6049	-65.1055
24.305159656343	8	(26.4293,91.478,1.895)	20.3254	-61.0006
24.320336667087	5	(26.9909,31.3113,1.895)	80.2929	-72.9333
24.330111458793	6	(30.1042,51.349,1.895)	60.2172	-70.4342
24.349149505596	7	(29.8465,78.9543,1.895)	32.6107	-65.107
24.405159656343	8	(26.448,89.4757,1.895)	20.3274	-61.0014
24.420336667087	5	(27.0096,29.3094,1.895)	80.2945	-72.9335
24.430111458793	6	(30.1229,49.3399,1.895)	60.2261	-70.4355
24.449149505596	7	(29.8652,76.9483,1.895)	32.6165	-65.1085
24.505159656343	8	(26.4668,87.4644,1.895)	20.3362	-61.0052
24.520336667087	5	(27.0283,27.3059,1.895)	80.2956	-72.9336
24.530111458793	6	(30.1417,47.3324,1.895)	60.2311	-70.4362
24.549149505596	7	(29.884,74.9432,1.895)	32.6191	-65.1092
24.605159656343	8	(26.4855,85.4601,1.895)	20.3391	-61.0064
24.620336667087	5	(27.0471,25.2953,1.895)	80.3049	-72.9346
24.630111458793	6	(30.1604,45.3266,1.895)	60.2356	-70.4369
24.649149505596	7	(29.9026,72.9448,1.895)	32.6162	-65.1085
24.705159656343	8	(26.5042,83.452,1.895)	20.348	-61.0102
24.730111458793	6	(30.179,43.3268,1.895)	60.2364	-70.437
24.749149505596	7	(29.9213,70.9399,1.895)	32.6221	-65.11
24.805159656343	8	(26.523,81.4444,1.895)	20.3503	-61.0112
24.830111458793	6	(30.1978,41.317,1.895)	60.2409	-70.4376
24.849149505596	7	(29.9399,68.9486,1.895)	32.6081	-65.1063
24.905159656343	8	(26.5417,79.4344,1.895)	20.3529	-61.0123
24.930111458793	6	(30.2165,39.3163,1.895)	60.2342	-70.4367
24.949149505596	7	(29.9586,66.9411,1.895)	32.6082	-65.1063
25.005159656343	8	(26.5605,77.4234,1.895)	20.3614	-61.0159
25.030111458793	6	(30.2352,37.3075,1.895)	60.2406	-70.4376
25.049149505596	7	(29.9773,64.9474,1.895)	32.5994	-65.104
25.105159656343	8	(26.5792,75.4166,1.895)	20.3627	-61.0165
25.130111458793	6	(30.2539,35.3082,1.895)	60.2344	-70.4367
25.149149505596	7	(29.996,62.9417,1.895)	32.5997	-65.1041
25.205159656343	8	(26.5979,73.414,1.895)	20.3585	-61.0147
25.230111458793	6	(30.2726,33.3014,1.895)	60.2344	-70.4367
25.249149505596	7	(30.0146,60.9442,1.895)	32.5903	-65.1016
25.305159656343	8	(26.6166,71.4116,1.895)	20.3581	-61.0145
25.330111458793	6	(30.2913,31.2997,1.895)	60.2333	-70.4365
25.349149505596	7	(30.0333,58.9466,1.895)	32.5852	-65.1002
25.405159656343	8	(26.6354,69.4025,1.895)	20.3678	-61.0187
25.430111458793	6	(30.31,29.2919,1.895)	60.2418	-70.4377
25.449149505596	7	(30.0518,56.9552,1.895)	32.5773	-65.0981
25.505159656343	8	(26.6541,67.3927,1.895)	20.3746	-61.0216
25.530111458793	6	(30.3287,27.2916,1.895)	60.2393	-70.4374
25.549149505596	7	(30.0706,54.9497,1.895)	32.58	-65.0988
25.605159656343	8	(26.6729,65.3832,1.895)	20.375	-61.0217
25.630111458793	6	(30.3474,25.2854,1.895)	60.2363	-70.437
25.649149505596	7	(30.0892,52.9509,1.895)	32.5695	-65.096
25.705159656343	8	(26.6916,63.3775,1.895)	20.3784	-61.0232
25.749149505596	7	(30.1079,50.9496,1.895)	32.5687	-65.0958
25.805159656343	8	(26.7103,61.3767,1.895)	20.3788	-61.0234
25.849149505596	7	(30.1266,48.9455,1.895)	32.5724	-65.0968
25.905159656343	8	(26.729,59.3713,1.895)	20.3739	-61.0213
25.949149505596	7	(30.1454,46.9364,1.895)	32.571	-65.0964
26.005159656343	8	(26.7477,57.3675,1.895)	20.3673	-61.0185
26.049149505596	7	(30.164,44.9347,1.895)	32.5623	-65.0941
26.105159656343	8	(26.7664,55.362,1.895)	20.3719	-61.0204
26.149149505596	7	(30.1828,42.9287,1.895)	32.5674	-65.0955
26.205159656343	8	(26.7852,53.3542,1.895)	20.3718	-61.0204
26.249149505596	7	(30.2015,40.9185,1.895)	32.5698	-65.0961
26.305159656343	8	(26.8038,51.3549,1.895)	20.3657	-61.0178
26.349149505596	7	(30.2202,38.9128,1.895)	32.5699	-65.0961
26.405159656343	8	(26.8225,49.3525,1.895)	20.3571	-61.0141
26.449149505596	7	(30.239,36.9018,1.895)	32.5699	-65.0961
26.505159656343	8	(26.8413,47.3442,1.895)	20.3651	-61.0175
26.549149505596	7	(30.2577,34.9013,1.895)	32.5702	-65.0962
26.605159656343	8	(26.86,45.3419,1.895)	20.3579	-61.0144
26.649149505596	7	(30.2764,32.8937,1.895)	32.5681	-65.0956
26.705159656343	8	(26.8786,43.3426,1.895)	20.3511	-61.0115
26.749149505596	7	(30.2951,30.894,1.895)	32.5617	-65.0939
26.805159656343	8	(26.8973,41.3373,1.895)	20.3573	-61.0142
26.849149505596	7	(30.3138,28.8868,1.895)	32.5699	-65.0961
26.905159656343	8	(26.916,39.3356,1.895)	20.3532	-61.0124
26.949149505596	7	(30.3326,26.8774,1.895)	32.5734	-65.0971
27.005159656343	8	(26.9347,37.3307,1.895)	20.35	-61.0111
27.105159656343	8	(26.9534,35.3296,1.895)	20.3432	-61.0082
27.205159656343	8	(26.9721,33.3279,1.895)	20.3406	-61.0071
27.305159656343	8	(26.9908,31.3227,1.895)	20.3458	-61.0093
27.405159656343	8	(27.0096,29.311,1.895)	20.3559	-61.0136
27.505159656343	8	(27.0283,27.3008,1.895)	20.3634	-61.0168
27.605159656343	8	(27.047,25.2982,1.895)	20.3614	-61.0159
