2	1.147857757716	104.3257815	25.23395401	0	-546344.8951	-4182237.76	0	0	0	120.2223712	2141.902347	1.895	-546344.8951	-4182237.76	0	442.5926396	442.5926396	-87.74257755	436.8214264	-83.72671594	0	0	0	0	0	0	0	0	0	0	0	0
2	1.247857757716	104.5924971	27.20812554	0	-546344.8951	-4182237.76	0	0	1	123.7311278	2140.321437	1.895	-546344.8951	-4182237.76	0	409.1482982	409.1482982	-87.06010878	403.8131844	-82.66926633	0	0	0	0	0	0	0	0	0	0	0	0
2	1.347857757716	104.8695191	29.1832597	0	-546344.8951	-4182237.76	0	0	1	123.9659116	2138.327476	1.895	-546344.8951	-4182237.76	0	408.9166231	408.9166231	-87.05518912	403.5845303	-82.66182416	0	0	0	0	0	0	0	0	0	0	0	0
2	1.447857757716	105.1742768	31.15033184	0	-546344.8951	-4182237.76	0	0	0	124.2006485	2136.333913	1.895	-546344.8951	-4182237.76	0	408.7242799	408.7242799	-87.05110255	403.3946952	-82.65564434	0	0	0	0	0	0	0	0	0	0	0	0
2	1.547857757716	105.4792069	33.11851748	0	-546344.8951	-4182237.76	0	0	0	124.458553	2134.340295	1.895	-546344.8951	-4182237.76	0	408.3065491	408.3065491	-87.04222072	402.9824114	-82.64221954	0	0	0	0	0	0	0	0	0	0	0	0
2	1.647857757716	105.7842742	35.0875878	0	-546344.8951	-4182237.76	0	0	0	124.7275049	2132.352441	1.895	-546344.8951	-4182237.76	0	408.0184734	408.0184734	-87.03609033	402.6980921	-82.63295875	0	0	0	0	0	0	0	0	0	0	0	0
2	1.747857757716	106.0895832	37.05821875	0	-546344.8951	-4182237.76	0	0	0	124.9963752	2130.365192	1.895	-546344.8951	-4182237.76	0	407.8209962	407.8209962	-87.03188543	402.5031899	-82.62660913	0	0	0	0	0	0	0	0	0	0	0	0
2	1.847857757716	106.3950841	39.03008843	0	-546344.8951	-4182237.76	0	0	0	125.2648965	2128.380521	1.895	-546344.8951	-4182237.76	0	407.7802408	407.7802408	-87.03101736	402.462966	-82.62529856	0	0	0	0	0	0	0	0	0	0	0	0
2	1.947857757716	106.7002352	40.99969965	0	-546344.8951	-4182237.76	0	0	0	125.5337372	2126.393489	1.895	-546344.8951	-4182237.76	0	407.5566701	407.5566701	-87.02625391	402.2423105	-82.61810841	0	0	0	0	0	0	0	0	0	0	0	0
2	2.047857757716	107.0089844	42.97243992	0	-546344.8951	-4182237.76	0	0	0	125.8033301	2124.400898	1.895	-546344.8951	-4182237.76	0	407.2783365	407.2783365	-87.02032001	401.9676063	-82.60915517	0	0	0	0	0	0	0	0	0	0	0	0
4	2.143255128199	107.3722195	44.93245654	0	-546344.8951	-4182237.76	0	0	0	126.7714498	2142.717566	1.895	-546344.8951	-4182237.76	0	1590.040838	1590.040838	-98.85065938	1569.307406	-104.1841049	0	0	0	0	0	0	0	0	0	0	0	0
2	2.147857757716	107.3722195	44.93245654	0	-546344.8951	-4182237.76	0	0	0	126.0727827	2122.409344	1.895	-546344.8951	-4182237.76	0	407.2408228	407.2408228	-87.01951993	401.9305817	-82.6079483	0	0	0	0	0	0	0	0	0	0	0	0
4	2.243255128199	107.7357359	46.89399101	0	-546344.8951	-4182237.76	0	0	1	127.0045569	2140.730201	1.895	-546344.8951	-4182237.76	0	1589.479665	1589.479665	-98.84759333	1568.75355	-104.1781038	0	0	0	0	0	0	0	0	0	0	0	0
2	2.247857757716	107.7357359	46.89399101	0	-546344.8951	-4182237.76	0	0	0	126.3423245	2120.41713	1.895	-546344.8951	-4182237.76	0	407.2582418	407.2582418	-87.01989144	401.9477736	-82.6085087	0	0	0	0	0	0	0	0	0	0	0	0
4	2.343255128199	108.0984833	48.85137578	0	-546344.8951	-4182237.76	0	0	1	127.2365289	2138.752513	1.895	-546344.8951	-4182237.76	0	1589.394069	1589.394069	-98.84712556	1568.66907	-104.1771882	0	0	0	0	0	0	0	0	0	0	0	0
2	2.347857757716	108.0984833	48.85137578	0	-546344.8951	-4182237.76	0	0	0	126.623212	2118.427707	1.895	-546344.8951	-4182237.76	0	407.0861809	407.0861809	-87.016221	401.7779563	-82.60297283	0	0	0	0	0	0	0	0	0	0	0	0
4	2.443255128199	108.4624256	50.81520837	0	-546344.8951	-4182237.76	0	0	0	127.4685013	2136.774821	1.895	-546344.8951	-4182237.76	0	1589.865872	1589.865872	-98.84970354	1569.134721	-104.1822341	0	0	0	0	0	0	0	0	0	0	0	0
2	2.447857757716	108.4624256	50.81520837	0	-546344.8951	-4182237.76	0	0	0	126.9300537	2116.445037	1.895	-546344.8951	-4182237.76	0	407.1093643	407.1093643	-87.01671564	401.8008373	-82.60371877	0	0	0	0	0	0	0	0	0	0	0	0
4	2.543255128199	108.8258261	52.77611766	0	-546344.8951	-4182237.76	0	0	0	127.7233678	2134.796768	1.895	-546344.8951	-4182237.76	0	1589.82743	1589.82743	-98.84949352	1569.09678	-104.181823	0	0	0	0	0	0	0	0	0	0	0	0
2	2.547857757716	108.8258261	52.77611766	0	-546344.8951	-4182237.76	0	0	0	127.2375927	2114.457862	1.895	-546344.8951	-4182237.76	0	406.8401562	406.8401562	-87.01097005	401.5351396	-82.59505587	0	0	0	0	0	0	0	0	0	0	0	0
4	2.643255128199	109.190495	54.7438708	0	-546344.8951	-4182237.76	0	0	0	127.9902314	2132.821502	1.895	-546344.8951	-4182237.76	0	1590.438649	1590.438649	-98.85283222	1569.700029	-104.1883578	0	0	0	0	0	0	0	0	0	0	0	0
2	2.647857757716	109.190495	54.7438708	0	-546344.8951	-4182237.76	0	0	0	127.5449893	2112.471608	1.895	-546344.8951	-4182237.76	0	406.8930006	406.8930006	-87.01209819	401.587295	-82.59675651	0	0	0	0	0	0	0	0	0	0	0	0
4	2.743255128199	109.5581935	56.70522977	0	-546344.8951	-4182237.76	0	0	0	128.258329	2130.8371	1.895	-546344.8951	-4182237.76	0	1589.86868	1589.86868	-98.84971888	1569.137492	-104.1822641	0	0	0	0	0	0	0	0	0	0	0	0
2	2.747857757716	109.5581935	56.70522977	0	-546344.8951	-4182237.76	0	0	0	127.8515171	2110.490967	1.895	-546344.8951	-4182237.76	0	406.9756587	406.9756587	-87.0138625	401.6688753	-82.59941648	0	0	0	0	0	0	0	0	0	0	0	0
4	2.843255128199	109.9460777	58.66889325	0	-546344.8951	-4182237.76	0	0	0	128.5253622	2128.860578	1.895	-546344.8951	-4182237.76	0	1590.393585	1590.393585	-98.85258611	1569.655553	-104.1878761	0	0	0	0	0	0	0	0	0	0	0	0
2	2.847857757716	109.9460777	58.66889325	0	-546344.8951	-4182237.76	0	0	0	128.1579923	2108.510665	1.895	-546344.8951	-4182237.76	0	407.4414161	407.4414161	-87.02379725	402.1285593	-82.61440125	0	0	0	0	0	0	0	0	0	0	0	0
4	2.943255128199	110.3325798	60.62556039	0	-546344.8951	-4182237.76	0	0	0	128.7925182	2126.883146	1.895	-546344.8951	-4182237.76	0	1590.306249	1590.306249	-98.85210911	1569.569355	-104.1869425	0	0	0	0	0	0	0	0	0	0	0	0
2	2.947857757716	110.3325798	60.62556039	0	-546344.8951	-4182237.76	0	0	0	128.4644659	2106.530374	1.895	-546344.8951	-4182237.76	0	407.6366882	407.6366882	-87.02795909	402.3212852	-82.62068199	0	0	0	0	0	0	0	0	0	0	0	0
4	3.043255128199	110.7201069	62.58741619	0	-546344.8951	-4182237.76	0	0	0	129.0596021	2124.906249	1.895	-546344.8951	-4182237.76	0	1590.712936	1590.712936	-98.85433006	1569.970739	-104.1912896	0	0	0	0	0	0	0	0	0	0	0	0
2	3.047857757716	110.7201069	62.58741619	0	-546344.8951	-4182237.76	0	0	0	128.7773426	2104.54826	1.895	-546344.8951	-4182237.76	0	407.8988654	407.8988654	-87.03354375	402.5800437	-82.62911303	0	0	0	0	0	0	0	0	0	0	0	0
6	3.133742367255	111.106601	64.54404244	0	-546344.8951	-4182237.76	0	0	0	123.4964282	2142.314683	1.895	-546344.8951	-4182237.76	0	3603.3829	3603.3829	-105.9567021	3556.396373	-118.2241955	0	0	0	0	0	0	0	0	0	0	0	0
4	3.143255128199	111.106601	64.54404244	0	-546344.8951	-4182237.76	0	0	0	129.3272167	2122.925423	1.895	-546344.8951	-4182237.76	0	1590.407998	1590.407998	-98.85266482	1569.669777	-104.1880302	0	0	0	0	0	0	0	0	0	0	0	0
2	3.147857757716	111.106601	64.54404244	0	-546344.8951	-4182237.76	0	0	0	129.142772	2102.574069	1.895	-546344.8951	-4182237.76	0	407.5258237	407.5258237	-87.02559648	402.2118663	-82.61711627	0	0	0	0	0	0	0	0	0	0	0	0
6	3.233742367255	111.494707	66.50882917	0	-546344.8951	-4182237.76	0	0	1	123.7311643	2140.321126	1.895	-546344.8951	-4182237.76	0	3603.898362	3603.898362	-105.9579445	3556.905113	-118.2266649	0	0	0	0	0	0	0	0	0	0	0	0
4	3.243255128199	111.494707	66.50882917	0	-546344.8951	-4182237.76	0	0	0	129.5952127	2120.941774	1.895	-546344.8951	-4182237.76	0	1590.568785	1590.568785	-98.8535429	1569.828468	-104.1897489	0	0	0	0	0	0	0	0	0	0	0	0
2	3.247857757716	111.494707	66.50882917	0	-546344.8951	-4182237.76	0	0	0	129.5067542	2100.607695	1.895	-546344.8951	-4182237.76	0	407.8022491	407.8022491	-87.03148614	402.4846873	-82.62600628	0	0	0	0	0	0	0	0	0	0	0	0
6	3.333742367255	111.8806447	68.46263862	0	-546344.8951	-4182237.76	0	0	1	123.966315	2138.324049	1.895	-546344.8951	-4182237.76	0	3602.696024	3602.696024	-105.9550462	3555.718454	-118.2209044	0	0	0	0	0	0	0	0	0	0	0	0
4	3.343255128199	111.8806447	68.46263862	0	-546344.8951	-4182237.76	0	0	0	129.8729802	2118.9644	1.895	-546344.8951	-4182237.76	0	1590.222459	1590.222459	-98.85165146	1569.486658	-104.1860467	0	0	0	0	0	0	0	0	0	0	0	0
2	3.347857757716	111.8806447	68.46263862	0	-546344.8951	-4182237.76	0	0	0	129.8713892	2098.637794	1.895	-546344.8951	-4182237.76	0	407.490925	407.490925	-87.02485263	402.1774227	-82.61599376	0	0	0	0	0	0	0	0	0	0	0	0
6	3.433742367255	112.2687346	70.4273439	0	-546344.8951	-4182237.76	0	0	0	124.2006922	2136.333542	1.895	-546344.8951	-4182237.76	0	3603.665586	3603.665586	-105.9573835	3556.675373	-118.2255498	0	0	0	0	0	0	0	0	0	0	0	0
4	3.443255128199	112.2687346	70.4273439	0	-546344.8951	-4182237.76	0	0	0	130.1795567	2116.985588	1.895	-546344.8951	-4182237.76	0	1590.264177	1590.264177	-98.85187932	1569.527832	-104.1864927	0	0	0	0	0	0	0	0	0	0	0	0
2	3.447857757716	112.2687346	70.4273439	0	-546344.8951	-4182237.76	0	0	0	130.2374866	2096.659993	1.895	-546344.8951	-4182237.76	0	407.3040825	407.3040825	-87.02086907	401.9930166	-82.60998344	0	0	0	0	0	0	0	0	0	0	0	0
6	3.533742367255	112.705628	72.37542593	0	-546344.8951	-4182237.76	0	0	0	124.4586383	2134.339665	1.895	-546344.8951	-4182237.76	0	3603.010363	3603.010363	-105.955804	3556.028693	-118.2224106	0	0	0	0	0	0	0	0	0	0	0	0
4	3.543255128199	112.705628	72.37542593	0	-546344.8951	-4182237.76	0	0	0	130.4859756	2115.007794	1.895	-546344.8951	-4182237.76	0	1589.799978	1589.799978	-98.84934354	1569.069686	-104.1815294	0	0	0	0	0	0	0	0	0	0	0	0
2	3.547857757716	112.705628	72.37542593	0	-546344.8951	-4182237.76	0	0	0	130.6013977	2094.694003	1.895	-546344.8951	-4182237.76	0	407.6584926	407.6584926	-87.02842369	402.3428053	-82.62138324	0	0	0	0	0	0	0	0	0	0	0	0
6	3.633742367255	113.1610093	74.32301729	0	-546344.8951	-4182237.76	0	0	0	124.7276936	2132.351047	1.895	-546344.8951	-4182237.76	0	3603.179462	3603.179462	-105.9562117	3556.195588	-118.2232208	0	0	0	0	0	0	0	0	0	0	0	0
4	3.643255128199	113.1610093	74.32301729	0	-546344.8951	-4182237.76	0	0	0	130.7912577	2113.037337	1.895	-546344.8951	-4182237.76	0	1590.19708	1590.19708	-98.85151283	1569.46161	-104.1857754	0	0	0	0	0	0	0	0	0	0	0	0
2	3.647857757716	113.1610093	74.32301729	0	-546344.8951	-4182237.76	0	0	0	130.9655434	2092.726746	1.895	-546344.8951	-4182237.76	0	408.2201757	408.2201757	-87.04038311	402.8971643	-82.63944312	0	0	0	0	0	0	0	0	0	0	0	0
6	3.733742367255	113.6143284	76.26178886	0	-546344.8951	-4182237.76	0	0	0	124.9970085	2130.360511	1.895	-546344.8951	-4182237.76	0	3602.102713	3602.102713	-105.9536157	3555.132879	-118.2180611	0	0	0	0	0	0	0	0	0	0	0	0
4	3.743255128199	113.6143284	76.26178886	0	-546344.8951	-4182237.76	0	0	0	131.0977257	2111.059225	1.895	-546344.8951	-4182237.76	0	1589.301204	1589.301204	-98.84661805	1568.577416	-104.1761949	0	0	0	0	0	0	0	0	0	0	0	0
2	3.747857757716	113.6143284	76.26178886	0	-546344.8951	-4182237.76	0	0	0	131.3347752	2090.760257	1.895	-546344.8951	-4182237.76	0	408.3915386	408.3915386	-87.04402851	403.0662926	-82.64495127	0	0	0	0	0	0	0	0	0	0	0	0
6	3.833742367255	114.0703211	78.2119946	0	-546344.8951	-4182237.76	0	0	0	125.2651661	2128.378528	1.895	-546344.8951	-4182237.76	0	3603.539758	3603.539758	-105.9570802	3556.551186	-118.224947	0	0	0	0	0	0	0	0	0	0	0	0
4	3.843255128199	114.0703211	78.2119946	0	-546344.8951	-4182237.76	0	0	0	131.4030574	2109.088447	1.895	-546344.8951	-4182237.76	0	1589.978421	1589.978421	-98.8503184	1569.245802	-104.1834375	0	0	0	0	0	0	0	0	0	0	0	0
2	3.847857757716	114.0703211	78.2119946	0	-546344.8951	-4182237.76	0	0	0	131.7239917	2088.787239	1.895	-546344.8951	-4182237.76	0	408.5086	408.5086	-87.04651788	403.1818276	-82.64871354	0	0	0	0	0	0	0	0	0	0	0	0
6	3.933742367255	114.5255612	80.15898225	0	-546344.8951	-4182237.76	0	0	0	125.5336949	2126.393802	1.895	-546344.8951	-4182237.76	0	3604.321767	3604.321767	-105.9589649	3557.322998	-118.228693	0	0	0	0	0	0	0	0	0	0	0	0
4	3.943255128199	114.5255612	80.15898225	0	-546344.8951	-4182237.76	0	0	0	131.7093486	2107.111477	1.895	-546344.8951	-4182237.76	0	1589.939107	1589.939107	-98.85010363	1569.207001	-104.1830172	0	0	0	0	0	0	0	0	0	0	0	0
2	3.947857757716	114.5255612	80.15898225	0	-546344.8951	-4182237.76	0	0	0	132.111789	2086.821416	1.895	-546344.8951	-4182237.76	0	408.7950908	408.7950908	-87.05260724	403.4645827	-82.65791955	0	0	0	0	0	0	0	0	0	0	0	0
6	4.033742367255	114.9804918	82.10464576	0	-546344.8951	-4182237.76	0	0	0	125.8034373	2124.400105	1.895	-546344.8951	-4182237.76	0	3603.932075	3603.932075	-105.9580257	3556.938387	-118.2268264	0	0	0	0	0	0	0	0	0	0	0	0
4	4.043255128199	114.9804918	82.10464576	0	-546344.8951	-4182237.76	0	0	0	132.0209368	2105.133065	1.895	-546344.8951	-4182237.76	0	1589.640541	1589.640541	-98.84847241	1568.912328	-104.1798244	0	0	0	0	0	0	0	0	0	0	0	0
2	4.047857757716	114.9804918	82.10464576	0	-546344.8951	-4182237.76	0	0	0	132.4998236	2084.854389	1.895	-546344.8951	-4182237.76	0	408.988215	408.988215	-87.05670968	403.6551887	-82.66412409	0	0	0	0	0	0	0	0	0	0	0	0
8	4.125135477225	114.9804918	82.10464576	0	-546344.8951	-4182237.76	0	0	0	126.7714498	2142.717566	1.895	-546344.8951	-4182237.76	0	6364.497877	6364.497877	-110.8977767	6281.507626	-128.063536	0	0	0	0	0	0	0	0	0	0	0	0
6	4.133742367255	115.435662	84.05133417	0	-546344.8951	-4182237.76	0	0	0	126.0727441	2122.409629	1.895	-546344.8951	-4182237.76	0	3604.129793	3604.129793	-105.9585023	3557.133527	-118.2277735	0	0	0	0	0	0	0	0	0	0	0	0
4	4.143255128199	115.435662	84.05133417	0	-546344.8951	-4182237.76	0	0	0	132.3836407	2103.175915	1.895	-546344.8951	-4182237.76	0	1590.303752	1590.303752	-98.85209547	1569.566891	-104.1869158	0	0	0	0	0	0	0	0	0	0	0	0
2	4.147857757716	115.435662	84.05133417	0	-546344.8951	-4182237.76	0	0	0	132.887816	2082.887576	1.895	-546344.8951	-4182237.76	0	409.2419709	409.2419709	-87.06209715	403.9056357	-82.67227498	0	0	0	0	0	0	0	0	0	0	0	0
8	4.225135477225	115.435662	84.05133417	0	-546344.8951	-4182237.76	0	0	1	127.0034385	2140.739736	1.895	-546344.8951	-4182237.76	0	6365.029867	6365.029867	-110.8985027	6282.032679	-128.0649838	3158007.196	-11010085.55	1.895	3158007.196	-11010085.55	1.895	3158007.196	-11010085.55	1.895	3076181.764	-10724759	1.895
6	4.233742367255	115.8897997	85.99360646	0	-546344.8951	-4182237.76	0	0	0	126.3414896	2120.423301	1.895	-546344.8951	-4182237.76	0	3604.355594	3604.355594	-105.9590464	3557.356383	-118.228855	3158007.196	-11010085.55	1.895	3158007.196	-11010085.55	1.895	3158007.196	-11010085.55	1.895	3076181.764	-10724759	1.895
4	4.243255128199	115.8897997	85.99360646	0	-546344.8951	-4182237.76	0	0	0	132.7480875	2101.20936	1.895	-546344.8951	-4182237.76	0	1589.859935	1589.859935	-98.84967111	1569.128862	-104.1821706	3158007.196	-11010085.55	1.895	3158007.196	-11010085.55	1.895	3158007.196	-11010085.55	1.895	3076181.764	-10724759	1.895
2	4.247857757716	115.8897997	85.99360646	0	-546344.8951	-4182237.76	0	0	0	133.2762451	2080.91855	1.895	-546344.8951	-4182237.76	0	409.2346476	409.2346476	-87.06194172	403.8984079	-82.67203978	3158007.196	-11010085.55	1.895	3158007.196	-11010085.55	1.895	3158007.196	-11010085.55	1.895	3076181.764	-10724759	1.895
8	4.325135477225	115.8897997	85.99360646	0	-546344.8951	-4182237.76	0	0	1	127.2356148	2138.760306	1.895	-546344.8951	-4182237.76	0	6365.787488	6365.787488	-110.8995365	6282.780421	-128.0670454	3076181.764	-10724759	1.895	3076181.764	-10724759	1.895	3076181.764	-10724759	1.895	3076181.764	-10724759	1.895
6	4.333742367255	116.4075756	87.92684542	0	-546344.8951	-4182237.76	0	0	0	126.6210187	2118.441879	1.895	-546344.8951	-4182237.76	0	3605.733779	3605.733779	-105.962367	3558.716598	-118.2354549	3076181.764	-10724759	1.895	3076181.764	-10724759	1.895	3076181.764	-10724759	1.895	3076181.764	-10724759	1.895
4	4.343255128199	116.4075756	87.92684542	0	-546344.8951	-4182237.76	0	0	0	133.112359	2099.243751	1.895	-546344.8951	-4182237.76	0	1589.857135	1589.857135	-98.84965581	1569.126098	-104.1821406	3076181.764	-10724759	1.895	3076181.764	-10724759	1.895	3076181.764	-10724759	1.895	3076181.764	-10724759	1.895
2	4.347857757716	116.4075756	87.92684542	0	-546344.8951	-4182237.76	0	0	0	133.6645405	2078.950201	1.895	-546344.8951	-4182237.76	0	409.9081962	409.9081962	-87.07622585	404.5631737	-82.69366637	3076181.764	-10724759	1.895	3076181.764	-10724759	1.895	3076181.764	-10724759	1.895	3076181.764	-10724759	1.895
8	4.425135477225	116.4075756	87.92684542	0	-546344.8951	-4182237.76	0	0	0	127.4674921	2136.783425	1.895	-546344.8951	-4182237.76	0	6366.685389	6366.685389	-110.9007616	6283.666614	-128.0694884	3076181.764	-10724759	1.895	3076181.764	-10724759	1.895	3076181.764	-10724759	1.895	3076181.764	-10724759	1.895
6	4.433742367255	116.9275687	89.85689792	0	-546344.8951	-4182237.76	0	0	0	126.9270032	2116.464749	1.895	-546344.8951	-4182237.76	0	3606.630976	3606.630976	-105.964528	3559.602095	-118.23975	3076181.764	-10724759	1.895	3076181.764	-10724759	1.895	3076181.764	-10724759	1.895	3076181.764	-10724759	1.895
4	4.443255128199	116.9275687	89.85689792	0	-546344.8951	-4182237.76	0	0	0	133.4752526	2097.285577	1.895	-546344.8951	-4182237.76	0	1590.295455	1590.295455	-98.85205016	1569.558703	-104.1868271	3076181.764	-10724759	1.895	3076181.764	-10724759	1.895	3076181.764	-10724759	1.895	3076181.764	-10724759	1.895
2	4.447857757716	116.9275687	89.85689792	0	-546344.8951	-4182237.76	0	0	0	134.0522666	2076.984739	1.895	-546344.8951	-4182237.76	0	410.6503908	410.6503908	-87.09193861	405.2956904	-82.71748252	3076181.764	-10724759	1.895	3076181.764	-10724759	1.895	3076181.764	-10724759	1.895	3076181.764	-10724759	1.895
8	4.525135477225	116.9275687	89.85689792	0	-546344.8951	-4182237.76	0	0	0	127.7226555	2134.802041	1.895	-546344.8951	-4182237.76	0	6366.531293	6366.531293	-110.9005514	6283.514527	-128.0690691	3076181.764	-10724759	1.895	3076181.764	-10724759	1.895	3076181.764	-10724759	1.895	3076181.764	-10724759	1.895
6	4.533742367255	117.4478402	91.78798364	0	-546344.8951	-4182237.76	0	0	0	127.2337427	2114.482739	1.895	-546344.8951	-4182237.76	0	3607.162758	3607.162758	-105.9658086	3560.126943	-118.2422953	3076181.764	-10724759	1.895	3076181.764	-10724759	1.895	3076181.764	-10724759	1.895	3076181.764	-10724759	1.895
4	4.543255128199	117.4478402	91.78798364	0	-546344.8951	-4182237.76	0	0	0	133.8387068	2095.324378	1.895	-546344.8951	-4182237.76	0	1590.624706	1590.624706	-98.85384828	1569.88366	-104.1903466	3076181.764	-10724759	1.895	3076181.764	-10724759	1.895	3076181.764	-10724759	1.895	3076181.764	-10724759	1.895
2	4.547857757716	117.4478402	91.78798364	0	-546344.8951	-4182237.76	0	0	0	134.4931352	2075.03052	1.895	-546344.8951	-4182237.76	0	411.0440231	411.0440231	-87.10026055	405.6841899	-82.73010749	3076181.764	-10724759	1.895	3076181.764	-10724759	1.895	3076181.764	-10724759	1.895	3076181.764	-10724759	1.895
8	4.625135477225	117.4478402	91.78798364	0	-546344.8951	-4182237.76	0	0	0	127.9903208	2132.82084	1.895	-546344.8951	-4182237.76	0	6365.177026	6365.177026	-110.8987035	6282.177919	-128.0653842	3076181.764	-10724759	1.895	3076181.764	-10724759	1.895	3076181.764	-10724759	1.895	3076181.764	-10724759	1.895
6	4.633742367255	117.9664771	93.71300213	0	-546344.8951	-4182237.76	0	0	0	127.541441	2112.494535	1.895	-546344.8951	-4182237.76	0	3606.287495	3606.287495	-105.9637007	3559.263093	-118.2381058	3076181.764	-10724759	1.895	3076181.764	-10724759	1.895	3076181.764	-10724759	1.895	3076181.764	-10724759	1.895
4	4.643255128199	117.9664771	93.71300213	0	-546344.8951	-4182237.76	0	0	0	134.2021229	2093.363385	1.895	-546344.8951	-4182237.76	0	1590.520848	1590.520848	-98.85328112	1569.781156	-104.1892365	3076181.764	-10724759	1.895	3076181.764	-10724759	1.895	3076181.764	-10724759	1.895	3076181.764	-10724759	1.895
2	4.647857757716	117.9664771	93.71300213	0	-546344.8951	-4182237.76	0	0	0	134.9500791	2073.077309	1.895	-546344.8951	-4182237.76	0	410.9786286	410.9786286	-87.09887857	405.6196482	-82.72801039	3076181.764	-10724759	1.895	3076181.764	-10724759	1.895	3076181.764	-10724759	1.895	3076181.764	-10724759	1.895
8	4.725135477225	117.9664771	93.71300213	0	-546344.8951	-4182237.76	0	0	0	128.2583249	2130.837131	1.895	-546344.8951	-4182237.76	0	6364.81479	6364.81479	-110.8982092	6281.820406	-128.0643984	3076181.764	-10724759	1.895	3076181.764	-10724759	1.895	3076181.764	-10724759	1.895	3076181.764	-10724759	1.895
6	4.733742367255	118.4871785	95.64568319	0	-546344.8951	-4182237.76	0	0	0	127.8483248	2110.511594	1.895	-546344.8951	-4182237.76	0	3607.098014	3607.098014	-105.9656527	3560.063043	-118.2419854	3076181.764	-10724759	1.895	3076181.764	-10724759	1.895	3076181.764	-10724759	1.895	3076181.764	-10724759	1.895
4	4.743255128199	118.4871785	95.64568319	0	-546344.8951	-4182237.76	0	0	0	134.5712415	2091.398715	1.895	-546344.8951	-4182237.76	0	1590.712756	1590.712756	-98.85432907	1569.970561	-104.1912877	3076181.764	-10724759	1.895	3076181.764	-10724759	1.895	3076181.764	-10724759	1.895	3076181.764	-10724759	1.895
2	4.747857757716	118.4871785	95.64568319	0	-546344.8951	-4182237.76	0	0	0	135.4062106	2071.127571	1.895	-546344.8951	-4182237.76	0	411.3830911	411.3830911	-87.10742254	406.0188366	-82.74097893	3076181.764	-10724759	1.895	3076181.764	-10724759	1.895	3076181.764	-10724759	1.895	3076181.764	-10724759	1.895
8	4.825135477225	118.4871785	95.64568319	0	-546344.8951	-4182237.76	0	0	0	128.525933	2128.856353	1.895	-546344.8951	-4182237.76	0	6363.272469	6363.272469	-110.8961042	6280.298197	-128.0602007	3076181.764	-10724759	1.895	3076181.764	-10724759	1.895	3076181.764	-10724759	1.895	3076181.764	-10724759	1.895
6	4.833742367255	119.004964	97.56754164	0	-546344.8951	-4182237.76	0	0	0	128.1549192	2108.530522	1.895	-546344.8951	-4182237.76	0	3606.884474	3606.884474	-105.9651384	3559.852288	-118.2409633	3076181.764	-10724759	1.895	3076181.764	-10724759	1.895	3076181.764	-10724759	1.895	3076181.764	-10724759	1.895
4	4.843255128199	119.004964	97.56754164	0	-546344.8951	-4182237.76	0	0	0	134.9577462	2089.442035	1.895	-546344.8951	-4182237.76	0	1590.364861	1590.364861	-98.85242923	1569.627203	-104.1875691	3076181.764	-10724759	1.895	3076181.764	-10724759	1.895	3076181.764	-10724759	1.895	3076181.764	-10724759	1.895
2	4.847857757716	119.004964	97.56754164	0	-546344.8951	-4182237.76	0	0	0	135.8629265	2069.175334	1.895	-546344.8951	-4182237.76	0	411.2444708	411.2444708	-87.10449524	405.8820239	-82.73653478	3076181.764	-10724759	1.895	3076181.764	-10724759	1.895	3076181.764	-10724759	1.895	3076181.764	-10724759	1.895
8	4.925135477225	119.004964	97.56754164	0	-546344.8951	-4182237.76	0	0	0	128.7936461	2126.874798	1.895	-546344.8951	-4182237.76	0	6361.706239	6361.706239	-110.893966	6278.752389	-128.0559368	3076181.764	-10724759	1.895	3076181.764	-10724759	1.895	3076181.764	-10724759	1.895	3076181.764	-10724759	1.895
6	4.933742367255	119.5226987	99.48921166	0	-546344.8951	-4182237.76	0	0	0	128.4619248	2106.546794	1.895	-546344.8951	-4182237.76	0	3606.423058	3606.423058	-105.9640272	3559.396889	-118.2387547	3076181.764	-10724759	1.895	3076181.764	-10724759	1.895	3076181.764	-10724759	1.895	3076181.764	-10724759	1.895
4	4.943255128199	119.5226987	99.48921166	0	-546344.8951	-4182237.76	0	0	0	135.3436494	2087.4884	1.895	-546344.8951	-4182237.76	0	1590.285656	1590.285656	-98.85199664	1569.549031	-104.1867223	3076181.764	-10724759	1.895	3076181.764	-10724759	1.895	3076181.764	-10724759	1.895	3076181.764	-10724759	1.895
2	4.947857757716	119.5226987	99.48921166	0	-546344.8951	-4182237.76	0	0	0	136.3208584	2067.2179	1.895	-546344.8951	-4182237.76	0	410.8946795	410.8946795	-87.09710416	405.5367937	-82.7253181	3076181.764	-10724759	1.895	3076181.764	-10724759	1.895	3076181.764	-10724759	1.895	3076181.764	-10724759	1.895
8	5.025135477225	119.5226987	99.48921166	0	-546344.8951	-4182237.76	0	0	0	129.0609973	2124.895922	1.895	-546344.8951	-4182237.76	0	6361.847801	6361.847801	-110.8941593	6278.892106	-128.0563222	3076181.764	-10724759	1.895	3076181.764	-10724759	1.895	3076181.764	-10724759	1.895	3076181.764	-10724759	1.895
6	5.033742367255	120.0564617	101.4149312	0	-546344.8951	-4182237.76	0	0	0	128.7750618	2104.560583	1.895	-546344.8951	-4182237.76	0	3606.561395	3606.561395	-105.9643604	3559.533422	-118.2394169	3076181.764	-10724759	1.895	3076181.764	-10724759	1.895	3076181.764	-10724759	1.895	3076181.764	-10724759	1.895
4	5.043255128199	120.0564617	101.4149312	0	-546344.8951	-4182237.76	0	0	0	135.7299983	2085.532509	1.895	-546344.8951	-4182237.76	0	1590.672774	1590.672774	-98.85411076	1569.931101	-104.1908604	3076181.764	-10724759	1.895	3076181.764	-10724759	1.895	3076181.764	-10724759	1.895	3076181.764	-10724759	1.895
2	5.047857757716	120.0564617	101.4149312	0	-546344.8951	-4182237.76	0	0	0	136.777882	2065.264348	1.895	-546344.8951	-4182237.76	0	411.1282818	411.1282818	-87.10204087	405.7673499	-82.73280935	3076181.764	-10724759	1.895	3076181.764	-10724759	1.895	3076181.764	-10724759	1.895	3076181.764	-10724759	1.895
10	5.118046723364	120.0564617	101.4149312	0	-546344.8951	-4182237.76	0	0	0	120.2223712	2141.902347	1.895	-546344.8951	-4182237.76	0	10066.2554	10066.2554	-114.8798527	9934.995863	-136.0100535	3076181.764	-10724759	1.895	3076181.764	-10724759	1.895	3076181.764	-10724759	1.895	3076181.764	-10724759	1.895
8	5.125135477225	120.0564617	101.4149312	0	-546344.8951	-4182237.76	0	0	0	129.3288724	2122.913168	1.895	-546344.8951	-4182237.76	0	6361.068641	6361.068641	-110.8930954	6278.123105	-128.0542007	3076181.764	-10724759	1.895	3076181.764	-10724759	1.895	3076181.764	-10724759	1.895	3076181.764	-10724759	1.895
6	5.133742367255	120.6013483	103.3354797	0	-546344.8951	-4182237.76	0	0	0	129.1392367	2102.593167	1.895	-546344.8951	-4182237.76	0	3607.062446	3607.062446	-105.965567	3560.027939	-118.2418152	3076181.764	-10724759	1.895	3076181.764	-10724759	1.895	3076181.764	-10724759	1.895	3076181.764	-10724759	1.895
4	5.143255128199	120.6013483	103.3354797	0	-546344.8951	-4182237.76	0	0	0	136.1165946	2083.575365	1.895	-546344.8951	-4182237.76	0	1590.813604	1590.813604	-98.85487973	1570.070095	-104.1923655	3076181.764	-10724759	1.895	3076181.764	-10724759	1.895	3076181.764	-10724759	1.895	3076181.764	-10724759	1.895
2	5.147857757716	120.6013483	103.3354797	0	-546344.8951	-4182237.76	0	0	0	137.233553	2063.316577	1.895	-546344.8951	-4182237.76	0	411.6064271	411.6064271	-87.11213675	406.2392604	-82.74813793	3076181.764	-10724759	1.895	3076181.764	-10724759	1.895	3076181.764	-10724759	1.895	3076181.764	-10724759	1.895
10	5.218046723364	120.6013483	103.3354797	0	-546344.8951	-4182237.76	0	0	1	123.7310995	2140.321677	1.895	-546344.8951	-4182237.76	0	9989.473993	9989.473993	-114.8133462	9859.215649	-135.8772612	-962926.7224	-26857113.21	1.895	-962926.7224	-26857113.21	1.895	-962926.7224	-26857113.21	1.895	-937970.7827	-26161205.91	1.895
8	5.225135477225	120.6013483	103.3354797	0	-546344.8951	-4182237.76	0	0	0	129.5963898	2120.933061	1.895	-546344.8951	-4182237.76	0	6359.898907	6359.898907	-110.8914981	6276.968624	-128.0510152	-962926.7224	-26857113.21	1.895	-962926.7224	-26857113.21	1.895	-962926.7224	-26857113.21	1.895	-937970.7827	-26161205.91	1.895
6	5.233742367255	121.1445598	105.2501238	0	-546344.8951	-4182237.76	0	0	0	129.5051346	2100.616444	1.895	-546344.8951	-4182237.76	0	3605.764398	3605.764398	-105.9624407	3558.746817	-118.2356014	-962926.7224	-26857113.21	1.895	-962926.7224	-26857113.21	1.895	-962926.7224	-26857113.21	1.895	-937970.7827	-26161205.91	1.895
4	5.243255128199	121.1445598	105.2501238	0	-546344.8951	-4182237.76	0	0	0	136.5029856	2081.619261	1.895	-546344.8951	-4182237.76	0	1590.6023	1590.6023	-98.85372593	1569.861546	-104.1901071	-962926.7224	-26857113.21	1.895	-962926.7224	-26857113.21	1.895	-962926.7224	-26857113.21	1.895	-937970.7827	-26161205.91	1.895
2	5.247857757716	121.1445598	105.2501238	0	-546344.8951	-4182237.76	0	0	0	137.6902178	2061.364559	1.895	-546344.8951	-4182237.76	0	411.6822262	411.6822262	-87.11373615	406.3140712	-82.75056734	-962926.7224	-26857113.21	1.895	-962926.7224	-26857113.21	1.895	-962926.7224	-26857113.21	1.895	-937970.7827	-26161205.91	1.895
10	5.318046723364	121.1445598	105.2501238	0	-546344.8951	-4182237.76	0	0	1	123.9658406	2138.328079	1.895	-546344.8951	-4182237.76	0	9989.965316	9989.965316	-114.8137734	9859.700565	-135.8781142	-937970.7827	-26161205.91	1.895	-937970.7827	-26161205.91	1.895	-937970.7827	-26161205.91	1.895	-937970.7827	-26161205.91	1.895
8	5.325135477225	121.1445598	105.2501238	0	-546344.8951	-4182237.76	0	0	0	129.8737393	2118.959501	1.895	-546344.8951	-4182237.76	0	6361.128401	6361.128401	-110.893177	6278.182086	-128.0543634	-937970.7827	-26161205.91	1.895	-937970.7827	-26161205.91	1.895	-937970.7827	-26161205.91	1.895	-937970.7827	-26161205.91	1.895
6	5.333742367255	121.6904269	107.1741281	0	-546344.8951	-4182237.76	0	0	0	129.8693137	2098.649007	1.895	-546344.8951	-4182237.76	0	3606.833796	3606.833796	-105.9650164	3559.80227	-118.2407208	-937970.7827	-26161205.91	1.895	-937970.7827	-26161205.91	1.895	-937970.7827	-26161205.91	1.895	-937970.7827	-26161205.91	1.895
4	5.343255128199	121.6904269	107.1741281	0	-546344.8951	-4182237.76	0	0	0	136.8910963	2079.65445	1.895	-546344.8951	-4182237.76	0	1590.512562	1590.512562	-98.85323587	1569.772978	-104.1891479	-937970.7827	-26161205.91	1.895	-937970.7827	-26161205.91	1.895	-937970.7827	-26161205.91	1.895	-937970.7827	-26161205.91	1.895
2	5.347857757716	121.6904269	107.1741281	0	-546344.8951	-4182237.76	0	0	0	138.2108149	2059.421679	1.895	-546344.8951	-4182237.76	0	411.4141949	411.4141949	-87.10807924	406.0495349	-82.74197605	-937970.7827	-26161205.91	1.895	-937970.7827	-26161205.91	1.895	-937970.7827	-26161205.91	1.895	-937970.7827	-26161205.91	1.895
10	5.418046723364	121.6904269	107.1741281	0	-546344.8951	-4182237.76	0	0	0	124.2006213	2136.334144	1.895	-546344.8951	-4182237.76	0	9990.312805	9990.312805	-114.8140755	9860.043523	-135.8787174	-937970.7827	-26161205.91	1.895	-937970.7827	-26161205.91	1.895	-937970.7827	-26161205.91	1.895	-937970.7827	-26161205.91	1.895
8	5.425135477225	121.6904269	107.1741281	0	-546344.8951	-4182237.76	0	0	0	130.1800378	2116.982483	1.895	-546344.8951	-4182237.76	0	6360.756876	6360.756876	-110.8926697	6277.815406	-128.0533517	-937970.7827	-26161205.91	1.895	-937970.7827	-26161205.91	1.895	-937970.7827	-26161205.91	1.895	-937970.7827	-26161205.91	1.895
6	5.433742367255	122.2359117	109.0967849	0	-546344.8951	-4182237.76	0	0	0	130.2351367	2096.672688	1.895	-546344.8951	-4182237.76	0	3606.725601	3606.725601	-105.9647559	3559.695486	-118.2402029	-937970.7827	-26161205.91	1.895	-937970.7827	-26161205.91	1.895	-937970.7827	-26161205.91	1.895	-937970.7827	-26161205.91	1.895
4	5.443255128199	122.2359117	109.0967849	0	-546344.8951	-4182237.76	0	0	0	137.2787347	2077.69203	1.895	-546344.8951	-4182237.76	0	1590.558262	1590.558262	-98.85348544	1569.818082	-104.1896364	-937970.7827	-26161205.91	1.895	-937970.7827	-26161205.91	1.895	-937970.7827	-26161205.91	1.895	-937970.7827	-26161205.91	1.895
2	5.447857757716	122.2359117	109.0967849	0	-546344.8951	-4182237.76	0	0	0	138.7318613	2057.488287	1.895	-546344.8951	-4182237.76	0	411.4337581	411.4337581	-87.10849225	406.0688429	-82.74260318	-937970.7827	-26161205.91	1.895	-937970.7827	-26161205.91	1.895	-937970.7827	-26161205.91	1.895	-937970.7827	-26161205.91	1.895
10	5.518046723364	122.2359117	109.0967849	0	-546344.8951	-4182237.76	0	0	0	124.4572421	2134.349984	1.895	-546344.8951	-4182237.76	0	9991.048518	9991.048518	-114.8147152	9860.769643	-135.8799946	-937970.7827	-26161205.91	1.895	-937970.7827	-26161205.91	1.895	-937970.7827	-26161205.91	1.895	-937970.7827	-26161205.91	1.895
8	5.525135477225	122.2359117	109.0967849	0	-546344.8951	-4182237.76	0	0	0	130.4855098	2115.010801	1.895	-546344.8951	-4182237.76	0	6360.810097	6360.810097	-110.8927424	6277.867933	-128.0534966	-937970.7827	-26161205.91	1.895	-937970.7827	-26161205.91	1.895	-937970.7827	-26161205.91	1.895	-937970.7827	-26161205.91	1.895
6	5.533742367255	122.7804454	111.0160892	0	-546344.8951	-4182237.76	0	0	0	130.600836	2094.697037	1.895	-546344.8951	-4182237.76	0	3606.35041	3606.35041	-105.9638523	3559.325188	-118.2384069	-937970.7827	-26161205.91	1.895	-937970.7827	-26161205.91	1.895	-937970.7827	-26161205.91	1.895	-937970.7827	-26161205.91	1.895
4	5.543255128199	122.7804454	111.0160892	0	-546344.8951	-4182237.76	0	0	0	137.7167184	2075.747142	1.895	-546344.8951	-4182237.76	0	1590.716103	1590.716103	-98.85434735	1569.973865	-104.1913234	-937970.7827	-26161205.91	1.895	-937970.7827	-26161205.91	1.895	-937970.7827	-26161205.91	1.895	-937970.7827	-26161205.91	1.895
2	5.547857757716	122.7804454	111.0160892	0	-546344.8951	-4182237.76	0	0	0	139.2538771	2055.551298	1.895	-546344.8951	-4182237.76	0	411.1662417	411.1662417	-87.10284281	405.8048149	-82.73402652	-937970.7827	-26161205.91	1.895	-937970.7827	-26161205.91	1.895	-937970.7827	-26161205.91	1.895	-937970.7827	-26161205.91	1.895
10	5.618046723364	122.7804454	111.0160892	0	-546344.8951	-4182237.76	0	0	0	124.7269317	2132.356678	1.895	-546344.8951	-4182237.76	0	9988.571637	9988.571637	-114.8125616	9858.325059	-135.8756946	-937970.7827	-26161205.91	1.895	-937970.7827	-26161205.91	1.895	-937970.7827	-26161205.91	1.895	-937970.7827	-26161205.91	1.895
8	5.625135477225	122.7804454	111.0160892	0	-546344.8951	-4182237.76	0	0	0	130.7916343	2113.034906	1.895	-546344.8951	-4182237.76	0	6359.512997	6359.512997	-110.890971	6276.587747	-128.0499641	-937970.7827	-26161205.91	1.895	-937970.7827	-26161205.91	1.895	-937970.7827	-26161205.91	1.895	-937970.7827	-26161205.91	1.895
6	5.633742367255	123.3236221	112.930611	0	-546344.8951	-4182237.76	0	0	0	130.9655945	2092.726469	1.895	-546344.8951	-4182237.76	0	3606.065531	3606.065531	-105.9631661	3559.044023	-118.2370432	-937970.7827	-26161205.91	1.895	-937970.7827	-26161205.91	1.895	-937970.7827	-26161205.91	1.895	-937970.7827	-26161205.91	1.895
4	5.643255128199	123.3236221	112.930611	0	-546344.8951	-4182237.76	0	0	0	138.169986	2073.808591	1.895	-546344.8951	-4182237.76	0	1590.679663	1590.679663	-98.85414838	1569.937901	-104.190934	-937970.7827	-26161205.91	1.895	-937970.7827	-26161205.91	1.895	-937970.7827	-26161205.91	1.895	-937970.7827	-26161205.91	1.895
2	5.647857757716	123.3236221	112.930611	0	-546344.8951	-4182237.76	0	0	0	139.7757691	2053.614769	1.895	-546344.8951	-4182237.76	0	410.7203727	410.7203727	-87.09341871	405.3647598	-82.71972737	-937970.7827	-26161205.91	1.895	-937970.7827	-26161205.91	1.895	-937970.7827	-26161205.91	1.895	-937970.7827	-26161205.91	1.895
10	5.718046723364	123.3236221	112.930611	0	-546344.8951	-4182237.76	0	0	0	124.9954004	2130.372396	1.895	-546344.8951	-4182237.76	0	9969.363646	9969.363646	-114.7958426	9839.367532	-135.8423124	-937970.7827	-26161205.91	1.895	-937970.7827	-26161205.91	1.895	-937970.7827	-26161205.91	1.895	-937970.7827	-26161205.91	1.895
8	5.725135477225	123.3236221	112.930611	0	-546344.8951	-4182237.76	0	0	0	131.0978677	2111.058309	1.895	-546344.8951	-4182237.76	0	6344.552977	6344.552977	-110.8705144	6261.822799	-128.0091701	-937970.7827	-26161205.91	1.895	-937970.7827	-26161205.91	1.895	-937970.7827	-26161205.91	1.895	-937970.7827	-26161205.91	1.895
6	5.733742367255	123.3980883	114.8629313	0	-546344.8951	-4182237.76	0	0	0	131.335522	2090.756472	1.895	-546344.8951	-4182237.76	0	3591.565066	3591.565066	-105.9281686	3544.732638	-118.1674846	-937970.7827	-26161205.91	1.895	-937970.7827	-26161205.91	1.895	-937970.7827	-26161205.91	1.895	-937970.7827	-26161205.91	1.895
4	5.743255128199	123.3980883	114.8629313	0	-546344.8951	-4182237.76	0	0	0	138.6248329	2071.863285	1.895	-546344.8951	-4182237.76	0	1582.098375	1582.098375	-98.80716349	1561.468508	-104.0989778	-937970.7827	-26161205.91	1.895	-937970.7827	-26161205.91	1.895	-937970.7827	-26161205.91	1.895	-937970.7827	-26161205.91	1.895
2	5.747857757716	123.3980883	114.8629313	0	-546344.8951	-4182237.76	0	0	0	140.2964289	2051.682812	1.895	-546344.8951	-4182237.76	0	403.3048102	403.3048102	-86.93516184	398.0458929	-82.48111273	-937970.7827	-26161205.91	1.895	-937970.7827	-26161205.91	1.895	-937970.7827	-26161205.91	1.895	-937970.7827	-26161205.91	1.895
10	5.818046723364	123.3980883	114.8629313	0	-546344.8951	-4182237.76	0	0	0	125.2638887	2128.387969	1.895	-546344.8951	-4182237.76	0	9929.714841	9929.714841	-114.7612293	9800.235729	-135.7732019	-937970.7827	-26161205.91	1.895	-937970.7827	-26161205.91	1.895	-937970.7827	-26161205.91	1.895	-937970.7827	-26161205.91	1.895
8	5.825135477225	123.3980883	114.8629313	0	-546344.8951	-4182237.76	0	0	0	131.4031734	2109.087699	1.895	-546344.8951	-4182237.76	0	6315.895109	6315.895109	-110.831192	6233.538616	-127.9307557	-937970.7827	-26161205.91	1.895	-937970.7827	-26161205.91	1.895	-937970.7827	-26161205.91	1.895	-937970.7827	-26161205.91	1.895
6	5.833742367255	122.9502998	116.8131681	0	-546344.8951	-4182237.76	0	0	0	131.7235145	2088.789658	1.895	-546344.8951	-4182237.76	0	3561.838107	3561.838107	-105.8559773	3515.393306	-118.0240102	-937970.7827	-26161205.91	1.895	-937970.7827	-26161205.91	1.895	-937970.7827	-26161205.91	1.895	-937970.7827	-26161205.91	1.895
4	5.843255128199	122.9502998	116.8131681	0	-546344.8951	-4182237.76	0	0	0	139.080183	2069.915828	1.895	-546344.8951	-4182237.76	0	1565.475116	1565.475116	-98.71541718	1545.06201	-103.9194681	-937970.7827	-26161205.91	1.895	-937970.7827	-26161205.91	1.895	-937970.7827	-26161205.91	1.895	-937970.7827	-26161205.91	1.895
2	5.847857757716	122.9502998	116.8131681	0	-546344.8951	-4182237.76	0	0	0	140.8168178	2049.75186	1.895	-546344.8951	-4182237.76	0	389.2636105	389.2636105	-86.62736993	384.1877843	-82.02553553	-937970.7827	-26161205.91	1.895	-937970.7827	-26161205.91	1.895	-937970.7827	-26161205.91	1.895	-937970.7827	-26161205.91	1.895
10	5.918046723364	122.9502998	116.8131681	0	-546344.8951	-4182237.76	0	0	0	125.5331227	2126.398031	1.895	-546344.8951	-4182237.76	0	9921.545724	9921.545724	-114.7540806	9792.173135	-135.7589284	-937970.7827	-26161205.91	1.895	-937970.7827	-26161205.91	1.895	-937970.7827	-26161205.91	1.895	-937970.7827	-26161205.91	1.895
8	5.925135477225	122.9502998	116.8131681	0	-546344.8951	-4182237.76	0	0	0	131.7086037	2107.116285	1.895	-546344.8951	-4182237.76	0	6310.801217	6310.801217	-110.8241838	6228.511147	-127.9167805	-937970.7827	-26161205.91	1.895	-937970.7827	-26161205.91	1.895	-937970.7827	-26161205.91	1.895	-937970.7827	-26161205.91	1.895
6	5.933742367255	123.2895101	118.7446072	0	-546344.8951	-4182237.76	0	0	0	132.1117127	2086.821803	1.895	-546344.8951	-4182237.76	0	3556.068971	3556.068971	-105.8418973	3509.699397	-117.9960286	-937970.7827	-26161205.91	1.895	-937970.7827	-26161205.91	1.895	-937970.7827	-26161205.91	1.895	-937970.7827	-26161205.91	1.895
4	5.943255128199	123.2895101	118.7446072	0	-546344.8951	-4182237.76	0	0	0	139.5350902	2067.970264	1.895	-546344.8951	-4182237.76	0	1562.346973	1562.346973	-98.69804361	1541.974656	-103.8854829	-937970.7827	-26161205.91	1.895	-937970.7827	-26161205.91	1.895	-937970.7827	-26161205.91	1.895	-937970.7827	-26161205.91	1.895
2	5.947857757716	123.2895101	118.7446072	0	-546344.8951	-4182237.76	0	0	0	141.3389318	2047.814506	1.895	-546344.8951	-4182237.76	0	386.470034	386.470034	-86.56481031	381.4306348	-81.93437677	-937970.7827	-26161205.91	1.895	-937970.7827	-26161205.91	1.895	-937970.7827	-26161205.91	1.895	-937970.7827	-26161205.91	1.895
10	6.018046723364	123.2895101	118.7446072	0	-546344.8951	-4182237.76	0	0	0	125.8017159	2124.412829	1.895	-546344.8951	-4182237.76	0	9921.530266	9921.530266	-114.754067	9792.157877	-135.7589014	-937970.7827	-26161205.91	1.895	-937970.7827	-26161205.91	1.895	-937970.7827	-26161205.91	1.895	-937970.7827	-26161205.91	1.895
8	6.025135477225	123.2895101	118.7446072	0	-546344.8951	-4182237.76	0	0	0	132.0186298	2105.145514	1.895	-546344.8951	-4182237.76	0	6310.677984	6310.677984	-110.8240142	6228.38952	-127.9164423	-937970.7827	-26161205.91	1.895	-937970.7827	-26161205.91	1.895	-937970.7827	-26161205.91	1.895	-937970.7827	-26161205.91	1.895
6	6.033742367255	123.8527885	120.6601037	0	-546344.8951	-4182237.76	0	0	0	132.4992667	2084.857212	1.895	-546344.8951	-4182237.76	0	3556.15228	3556.15228	-105.8421008	3509.78162	-117.996433	-937970.7827	-26161205.91	1.895	-937970.7827	-26161205.91	1.895	-937970.7827	-26161205.91	1.895	-937970.7827	-26161205.91	1.895
4	6.043255128199	123.8527885	120.6601037	0	-546344.8951	-4182237.76	0	0	0	139.9895293	2066.026702	1.895	-546344.8951	-4182237.76	0	1562.101697	1562.101697	-98.69667989	1541.732579	-103.8828154	-937970.7827	-26161205.91	1.895	-937970.7827	-26161205.91	1.895	-937970.7827	-26161205.91	1.895	-937970.7827	-26161205.91	1.895
2	6.047857757716	123.8527885	120.6601037	0	-546344.8951	-4182237.76	0	0	0	141.876402	2045.87645	1.895	-546344.8951	-4182237.76	0	386.0002662	386.0002662	-86.55424589	380.9669927	-81.91903243	-937970.7827	-26161205.91	1.895	-937970.7827	-26161205.91	1.895	-937970.7827	-26161205.91	1.895	-937970.7827	-26161205.91	1.895
10	6.118046723364	123.8527885	120.6601037	0	-546344.8951	-4182237.76	0	0	0	126.0703375	2122.427416	1.895	-546344.8951	-4182237.76	0	9922.650213	9922.650213	-114.7550474	9793.263221	-135.7608589	-937970.7827	-26161205.91	1.895	-937970.7827	-26161205.91	1.895	-937970.7827	-26161205.91	1.895	-937970.7827	-26161205.91	1.895
8	6.125135477225	123.8527885	120.6601037	0	-546344.8951	-4182237.76	0	0	0	132.3830621	2103.179037	1.895	-546344.8951	-4182237.76	0	6310.290879	6310.290879	-110.8234814	6228.007463	-127.9153798	-937970.7827	-26161205.91	1.895	-937970.7827	-26161205.91	1.895	-937970.7827	-26161205.91	1.895	-937970.7827	-26161205.91	1.895
6	6.133742367255	124.4174763	122.580393	0	-546344.8951	-4182237.76	0	0	0	132.887545	2082.88895	1.895	-546344.8951	-4182237.76	0	3556.453365	3556.453365	-105.8428362	3510.078779	-117.9978944	-937970.7827	-26161205.91	1.895	-937970.7827	-26161205.91	1.895	-937970.7827	-26161205.91	1.895	-937970.7827	-26161205.91	1.895
12	6.137873542123	124.4174763	122.580393	0	-546344.8951	-4182237.76	0	0	0	126.7714498	2142.717566	1.895	-546344.8951	-4182237.76	0	14231.80141	14231.80141	-117.8876913	14046.22498	-142.0175698	-937970.7827	-26161205.91	1.895	-937970.7827	-26161205.91	1.895	-937970.7827	-26161205.91	1.895	-937970.7827	-26161205.91	1.895
4	6.143255128199	124.4174763	122.580393	0	-546344.8951	-4182237.76	0	0	0	140.4454887	2064.076639	1.895	-546344.8951	-4182237.76	0	1561.748179	1561.748179	-98.69471397	1541.38367	-103.8789699	-937970.7827	-26161205.91	1.895	-937970.7827	-26161205.91	1.895	-937970.7827	-26161205.91	1.895	-937970.7827	-26161205.91	1.895
2	6.147857757716	124.4174763	122.580393	0	-546344.8951	-4182237.76	0	0	0	142.4253937	2043.943601	1.895	-546344.8951	-4182237.76	0	385.7583191	385.7583191	-86.54879982	380.7282004	-81.9111279	-937970.7827	-26161205.91	1.895	-937970.7827	-26161205.91	1.895	-937970.7827	-26161205.91	1.895	-937970.7827	-26161205.91	1.895
10	6.218046723364	124.4174763	122.580393	0	-546344.8951	-4182237.76	0	0	0	126.3392091	2120.440157	1.895	-546344.8951	-4182237.76	0	9923.277893	9923.277893	-114.7555969	9793.882717	-135.7619559	-937970.7827	-26161205.91	1.895	-937970.7827	-26161205.91	1.895	-937970.7827	-26161205.91	1.895	-937970.7827	-26161205.91	1.895
8	6.225135477225	124.4174763	122.580393	0	-546344.8951	-4182237.76	0	0	0	132.7470317	2101.215057	1.895	-546344.8951	-4182237.76	0	6310.147126	6310.147126	-110.8232835	6227.865585	-127.9149852	-937970.7827	-26161205.91	1.895	-937970.7827	-26161205.91	1.895	-937970.7827	-26161205.91	1.895	-937970.7827	-26161205.91	1.895
6	6.233742367255	124.9817293	124.4992036	0	-546344.8951	-4182237.76	0	0	0	133.2748796	2080.925472	1.895	-546344.8951	-4182237.76	0	3557.216715	3557.216715	-105.8447003	3510.832175	-118.001599	-937970.7827	-26161205.91	1.895	-937970.7827	-26161205.91	1.895	-937970.7827	-26161205.91	1.895	-937970.7827	-26161205.91	1.895
12	6.237873542123	124.9817293	124.4992036	0	-546344.8951	-4182237.76	0	0	1	127.0035794	2140.738535	1.895	-546344.8951	-4182237.76	0	14232.85068	14232.85068	-117.8883317	14047.26057	-142.0188491	11190326.91	-48328871.76	1.895	11190326.91	-48328871.76	1.895	11190326.91	-48328871.76	1.895	10900395.61	-47076654.81	1.895
4	6.243255128199	124.9817293	124.4992036	0	-546344.8951	-4182237.76	0	0	0	140.9007029	2062.129762	1.895	-546344.8951	-4182237.76	0	1561.557092	1561.557092	-98.69365114	1541.195074	-103.876891	11190326.91	-48328871.76	1.895	11190326.91	-48328871.76	1.895	11190326.91	-48328871.76	1.895	10900395.61	-47076654.81	1.895
2	6.247857757716	124.9817293	124.4992036	0	-546344.8951	-4182237.76	0	0	0	142.9740025	2042.0121	1.895	-546344.8951	-4182237.76	0	385.5116555	385.5116555	-86.54324406	380.4847531	-81.90306813	11190326.91	-48328871.76	1.895	11190326.91	-48328871.76	1.895	11190326.91	-48328871.76	1.895	10900395.61	-47076654.81	1.895
10	6.318046723364	124.9817293	124.4992036	0	-546344.8951	-4182237.76	0	0	0	126.6191391	2118.454024	1.895	-546344.8951	-4182237.76	0	9922.836976	9922.836976	-114.7552109	9793.447549	-135.7611853	11190326.91	-48328871.76	1.895	11190326.91	-48328871.76	1.895	11190326.91	-48328871.76	1.895	10900395.61	-47076654.81	1.895
8	6.325135477225	124.9817293	124.4992036	0	-546344.8951	-4182237.76	0	0	0	133.1099287	2099.256865	1.895	-546344.8951	-4182237.76	0	6310.272604	6310.272604	-110.8234562	6227.989427	-127.9153296	11190326.91	-48328871.76	1.895	11190326.91	-48328871.76	1.895	11190326.91	-48328871.76	1.895	10900395.61	-47076654.81	1.895
6	6.333742367255	125.5446484	126.4134783	0	-546344.8951	-4182237.76	0	0	0	133.6625754	2078.960163	1.895	-546344.8951	-4182237.76	0	3557.260941	3557.260941	-105.8448083	3510.875824	-118.0018136	11190326.91	-48328871.76	1.895	11190326.91	-48328871.76	1.895	11190326.91	-48328871.76	1.895	10900395.61	-47076654.81	1.895
12	6.337873542123	125.5446484	126.4134783	0	-546344.8951	-4182237.76	0	0	1	127.2365293	2138.752509	1.895	-546344.8951	-4182237.76	0	14231.32946	14231.32946	-117.8874033	14045.75919	-142.0169944	10900395.61	-47076654.81	1.895	10900395.61	-47076654.81	1.895	10900395.61	-47076654.81	1.895	10900395.61	-47076654.81	1.895
4	6.343255128199	125.5446484	126.4134783	0	-546344.8951	-4182237.76	0	0	0	141.4179643	2060.204595	1.895	-546344.8951	-4182237.76	0	1561.550696	1561.550696	-98.69361557	1541.188762	-103.8768214	10900395.61	-47076654.81	1.895	10900395.61	-47076654.81	1.895	10900395.61	-47076654.81	1.895	10900395.61	-47076654.81	1.895
2	6.347857757716	125.5446484	126.4134783	0	-546344.8951	-4182237.76	0	0	0	143.5221444	2040.082243	1.895	-546344.8951	-4182237.76	0	385.1476197	385.1476197	-86.53503816	380.1254642	-81.89117112	10900395.61	-47076654.81	1.895	10900395.61	-47076654.81	1.895	10900395.61	-47076654.81	1.895	10900395.61	-47076654.81	1.895
10	6.418046723364	125.5446484	126.4134783	0	-546344.8951	-4182237.76	0	0	0	126.9254606	2116.474716	1.895	-546344.8951	-4182237.76	0	9923.726452	9923.726452	-114.7559895	9794.325427	-135.7627398	10900395.61	-47076654.81	1.895	10900395.61	-47076654.81	1.895	10900395.61	-47076654.81	1.895	10900395.61	-47076654.81	1.895
8	6.425135477225	125.5446484	126.4134783	0	-546344.8951	-4182237.76	0	0	0	133.4733776	2097.295694	1.895	-546344.8951	-4182237.76	0	6310.890165	6310.890165	-110.8243062	6228.598935	-127.9170246	10900395.61	-47076654.81	1.895	10900395.61	-47076654.81	1.895	10900395.61	-47076654.81	1.895	10900395.61	-47076654.81	1.895
6	6.433742367255	126.1096263	128.3330229	0	-546344.8951	-4182237.76	0	0	0	134.0519365	2076.986412	1.895	-546344.8951	-4182237.76	0	3557.022685	3557.022685	-105.8442265	3510.640675	-118.0006574	10900395.61	-47076654.81	1.895	10900395.61	-47076654.81	1.895	10900395.61	-47076654.81	1.895	10900395.61	-47076654.81	1.895
12	6.437873542123	126.1096263	128.3330229	0	-546344.8951	-4182237.76	0	0	0	127.4691632	2136.769178	1.895	-546344.8951	-4182237.76	0	14232.01111	14232.01111	-117.8878193	14046.43194	-142.0178255	10900395.61	-47076654.81	1.895	10900395.61	-47076654.81	1.895	10900395.61	-47076654.81	1.895	10900395.61	-47076654.81	1.895
4	6.443255128199	126.1096263	128.3330229	0	-546344.8951	-4182237.76	0	0	0	141.9377522	2058.275304	1.895	-546344.8951	-4182237.76	0	1561.628253	1561.628253	-98.69404695	1541.265308	-103.8776652	10900395.61	-47076654.81	1.895	10900395.61	-47076654.81	1.895	10900395.61	-47076654.81	1.895	10900395.61	-47076654.81	1.895
2	6.447857757716	126.1096263	128.3330229	0	-546344.8951	-4182237.76	0	0	0	144.0702308	2038.152581	1.895	-546344.8951	-4182237.76	0	385.0144397	385.0144397	-86.53203416	379.9940209	-81.88681806	10900395.61	-47076654.81	1.895	10900395.61	-47076654.81	1.895	10900395.61	-47076654.81	1.895	10900395.61	-47076654.81	1.895
10	6.518046723364	126.1096263	128.3330229	0	-546344.8951	-4182237.76	0	0	0	127.2317115	2114.495864	1.895	-546344.8951	-4182237.76	0	9924.619297	9924.619297	-114.7567709	9795.20663	-135.7643	10900395.61	-47076654.81	1.895	10900395.61	-47076654.81	1.895	10900395.61	-47076654.81	1.895	10900395.61	-47076654.81	1.895
8	6.525135477225	126.1096263	128.3330229	0	-546344.8951	-4182237.76	0	0	0	133.837938	2095.328526	1.895	-546344.8951	-4182237.76	0	6310.419324	6310.419324	-110.8236582	6228.134233	-127.9157323	10900395.61	-47076654.81	1.895	10900395.61	-47076654.81	1.895	10900395.61	-47076654.81	1.895	10900395.61	-47076654.81	1.895
6	6.533742367255	126.6806335	130.2498552	0	-546344.8951	-4182237.76	0	0	0	134.492142	2075.034766	1.895	-546344.8951	-4182237.76	0	3557.524159	3557.524159	-105.845451	3511.13561	-118.0030908	10900395.61	-47076654.81	1.895	10900395.61	-47076654.81	1.895	10900395.61	-47076654.81	1.895	10900395.61	-47076654.81	1.895
12	6.537873542123	126.6806335	130.2498552	0	-546344.8951	-4182237.76	0	0	0	127.7240182	2134.791955	1.895	-546344.8951	-4182237.76	0	14232.93937	14232.93937	-117.8883858	14047.34811	-142.0189573	10900395.61	-47076654.81	1.895	10900395.61	-47076654.81	1.895	10900395.61	-47076654.81	1.895	10900395.61	-47076654.81	1.895
4	6.543255128199	126.6806335	130.2498552	0	-546344.8951	-4182237.76	0	0	0	142.4583552	2056.342988	1.895	-546344.8951	-4182237.76	0	1561.365288	1561.365288	-98.6925842	1541.005771	-103.874804	10900395.61	-47076654.81	1.895	10900395.61	-47076654.81	1.895	10900395.61	-47076654.81	1.895	10900395.61	-47076654.81	1.895
2	6.547857757716	126.6806335	130.2498552	0	-546344.8951	-4182237.76	0	0	0	144.6171243	2036.227119	1.895	-546344.8951	-4182237.76	0	385.0384741	385.0384741	-86.53257635	380.0177419	-81.88760366	10900395.61	-47076654.81	1.895	10900395.61	-47076654.81	1.895	10900395.61	-47076654.81	1.895	10900395.61	-47076654.81	1.895
10	6.618046723364	126.6806335	130.2498552	0	-546344.8951	-4182237.76	0	0	0	127.5390406	2112.510046	1.895	-546344.8951	-4182237.76	0	9924.317279	9924.317279	-114.7565066	9794.90855	-135.7637723	10900395.61	-47076654.81	1.895	10900395.61	-47076654.81	1.895	10900395.61	-47076654.81	1.895	10900395.61	-47076654.81	1.895
8	6.625135477225	126.6806335	130.2498552	0	-546344.8951	-4182237.76	0	0	0	134.2012081	2093.368321	1.895	-546344.8951	-4182237.76	0	6311.206597	6311.206597	-110.8247417	6228.91124	-127.9178931	10900395.61	-47076654.81	1.895	10900395.61	-47076654.81	1.895	10900395.61	-47076654.81	1.895	10900395.61	-47076654.81	1.895
6	6.633742367255	127.2517197	132.166953	0	-546344.8951	-4182237.76	0	0	0	134.9499494	2073.077864	1.895	-546344.8951	-4182237.76	0	3556.885945	3556.885945	-105.8438926	3510.505718	-117.9999938	10900395.61	-47076654.81	1.895	10900395.61	-47076654.81	1.895	10900395.61	-47076654.81	1.895	10900395.61	-47076654.81	1.895
12	6.637873542123	127.2517197	132.166953	0	-546344.8951	-4182237.76	0	0	0	127.9905529	2132.819122	1.895	-546344.8951	-4182237.76	0	14234.5995	14234.5995	-117.8893988	14048.98658	-142.0209811	10900395.61	-47076654.81	1.895	10900395.61	-47076654.81	1.895	10900395.61	-47076654.81	1.895	10900395.61	-47076654.81	1.895
