3	1.139957928192	145.180909	1959.601447	0	-546344.8951	-4182237.76	0	0	0	157.0367638	179.4410342	1.895	-546344.9226	-4182238.498	0	256.0801558	256.0801558	-82.99001231	252.7409833	-77.9353309	0	0	0	0	0	0	0	0	0	0	0	0
3	1.239957928192	146.3113443	1958.513821	0	-546344.8951	-4182237.76	0	0	0	158.0984952	180.5680116	1.895	-546344.9226	-4182238.498	0	257.1741655	257.1741655	-83.02704059	253.8207276	-77.95918511	0	0	0	0	0	0	0	0	0	0	0	0
3	1.339957928192	147.4442951	1957.427758	0	-546344.8951	-4182237.76	0	0	0	159.1676787	181.7028992	1.895	-546344.9226	-4182238.498	0	257.9782687	257.9782687	-83.05415628	254.6143456	-77.97698591	0	0	0	0	0	0	0	0	0	0	0	0
3	1.439957928192	148.5701117	1956.348533	0	-546344.8951	-4182237.76	0	0	0	160.2302364	182.8307537	1.895	-546344.9226	-4182238.498	0	258.785195	258.785195	-83.08128234	255.4107499	-77.99507164	0	0	0	0	0	0	0	0	0	0	0	0
3	1.539957928192	149.6940414	1955.271117	0	-546344.8951	-4182237.76	0	0	0	161.2924618	183.9582556	1.895	-546344.9226	-4182238.498	0	259.5371475	259.5371475	-83.10648434	256.1528973	-78.01212143	0	0	0	0	0	0	0	0	0	0	0	0
3	1.639957928192	150.8228388	1954.189035	0	-546344.8951	-4182237.76	0	0	0	162.3553169	185.0864258	1.895	-546344.9226	-4182238.498	0	260.4869637	260.4869637	-83.13821367	257.0903283	-78.03392188	0	0	0	0	0	0	0	0	0	0	0	0
3	1.739957928192	151.9548666	1953.103857	0	-546344.8951	-4182237.76	0	0	0	163.4183376	186.2147718	1.895	-546344.9226	-4182238.498	0	261.5843935	261.5843935	-83.1747304	258.1734481	-78.05946832	0	0	0	0	0	0	0	0	0	0	0	0
3	1.839957928192	153.0866584	1952.018904	0	-546344.8951	-4182237.76	0	0	0	164.4826081	187.3444443	1.895	-546344.9226	-4182238.498	0	262.6272951	262.6272951	-83.20929102	259.2027507	-78.08409096	0	0	0	0	0	0	0	0	0	0	0	0
3	1.939957928192	154.2148876	1950.937367	0	-546344.8951	-4182237.76	0	0	0	165.5441699	188.4712418	1.895	-546344.9226	-4182238.498	0	263.6504952	263.6504952	-83.24306563	260.2126087	-78.10856621	0	0	0	0	0	0	0	0	0	0	0	0
3	2.039957928192	155.3455385	1949.853508	0	-546344.8951	-4182237.76	0	0	0	166.6104424	189.6030394	1.895	-546344.9226	-4182238.498	0	264.5771171	264.5771171	-83.2735394	261.1271479	-78.13099537	0	0	0	0	0	0	0	0	0	0	0	0
5	2.128797324758	156.474386	1948.771378	0	-546344.8951	-4182237.76	0	0	0	157.0367638	179.4410342	1.895	-546344.8951	-4182237.76	0	995.5026806	995.5026806	-94.78334248	982.5217638	-96.31168126	0	0	0	0	0	0	0	0	0	0	0	0
3	2.139957928192	156.474386	1948.771378	0	-546344.8951	-4182237.76	0	0	0	167.673519	190.7314448	1.895	-546344.9226	-4182238.498	0	265.5838865	265.5838865	-83.30652824	262.1207895	-78.15564135	0	0	0	0	0	0	0	0	0	0	0	0
5	2.228797324758	157.6275364	1947.718949	0	-546344.8951	-4182237.76	0	0	0	157.9752219	180.4371629	1.895	-546344.8951	-4182237.76	0	1008.292337	1008.292337	-94.89422314	995.1446491	-96.52320273	0	0	0	0	0	0	0	0	0	0	0	0
3	2.239957928192	157.6275364	1947.718949	0	-546344.8951	-4182237.76	0	0	0	168.7899276	191.8207326	1.895	-546344.9226	-4182238.498	0	265.9618192	265.9618192	-83.3188797	262.4937941	-78.16496607	0	0	0	0	0	0	0	0	0	0	0	0
5	2.328797324758	158.8078559	1946.697697	0	-546344.8951	-4182237.76	0	0	0	158.9221163	181.4422464	1.895	-546344.8951	-4182237.76	0	1020.503182	1020.503182	-94.99878107	1007.19627	-96.7228673	0	0	0	0	0	0	0	0	0	0	0	0
3	2.339957928192	158.8078559	1946.697697	0	-546344.8951	-4182237.76	0	0	0	169.9112243	192.8942549	1.895	-546344.9226	-4182238.498	0	266.6992706	266.6992706	-83.34293036	263.2216295	-78.18327343	0	0	0	0	0	0	0	0	0	0	0	0
5	2.428797324758	159.9880194	1945.676581	0	-546344.8951	-4182237.76	0	0	0	159.8654177	182.443516	1.895	-546344.8951	-4182237.76	0	1033.143721	1033.143721	-95.10570862	1019.671982	-96.92725767	0	0	0	0	0	0	0	0	0	0	0	0
3	2.439957928192	159.9880194	1945.676581	0	-546344.8951	-4182237.76	0	0	0	171.0349312	193.9700845	1.895	-546344.9226	-4182238.498	0	267.3359012	267.3359012	-83.36363951	263.8499587	-78.19919533	0	0	0	0	0	0	0	0	0	0	0	0
5	2.528797324758	161.1684491	1944.655234	0	-546344.8951	-4182237.76	0	0	0	160.8105785	183.4467593	1.895	-546344.8951	-4182237.76	0	1045.746476	1045.746476	-95.211022	1032.110402	-97.12875653	0	0	0	0	0	0	0	0	0	0	0	0
3	2.539957928192	161.1684491	1944.655234	0	-546344.8951	-4182237.76	0	0	0	172.16144	195.0485967	1.895	-546344.9226	-4182238.498	0	267.8723204	267.8723204	-83.3810506	264.3793833	-78.21269397	0	0	0	0	0	0	0	0	0	0	0	0
5	2.628797324758	162.3523813	1943.630857	0	-546344.8951	-4182237.76	0	0	0	161.7664122	184.4613314	1.895	-546344.8951	-4182237.76	0	1057.760322	1057.760322	-95.31023924	1043.967593	-97.31876371	0	0	0	0	0	0	0	0	0	0	0	0
3	2.639957928192	162.3523813	1943.630857	0	-546344.8951	-4182237.76	0	0	0	173.286543	196.1257629	1.895	-546344.9226	-4182238.498	0	268.6327672	268.6327672	-83.40567352	265.1299141	-78.23195785	0	0	0	0	0	0	0	0	0	0	0	0
5	2.728797324758	163.5350989	1942.607531	0	-546344.8951	-4182237.76	0	0	0	162.7241713	185.4779472	1.895	-546344.8951	-4182237.76	0	1069.592001	1069.592001	-95.40685673	1055.644992	-97.50394934	0	0	0	0	0	0	0	0	0	0	0	0
3	2.739957928192	163.5350989	1942.607531	0	-546344.8951	-4182237.76	0	0	0	174.4102105	197.2015549	1.895	-546344.9226	-4182238.498	0	269.4173602	269.4173602	-83.43100533	265.9042764	-78.25198741	0	0	0	0	0	0	0	0	0	0	0	0
5	2.828797324758	164.7200818	1941.582245	0	-546344.8951	-4182237.76	0	0	0	163.6778241	186.4902043	1.895	-546344.8951	-4182237.76	0	1082.110741	1082.110741	-95.50792796	1068.000493	-97.69783386	0	0	0	0	0	0	0	0	0	0	0	0
3	2.839957928192	164.7200818	1941.582245	0	-546344.8951	-4182237.76	0	0	0	175.5280297	198.2717478	1.895	-546344.9226	-4182238.498	0	270.5703235	270.5703235	-83.46809702	267.0422056	-78.28169767	0	0	0	0	0	0	0	0	0	0	0	0
5	2.928797324758	165.9046267	1940.557337	0	-546344.8951	-4182237.76	0	0	0	164.6291722	187.5000152	1.895	-546344.8951	-4182237.76	0	1094.918095	1094.918095	-95.61012647	1080.640845	-97.89404618	0	0	0	0	0	0	0	0	0	0	0	0
3	2.939957928192	165.9046267	1940.557337	0	-546344.8951	-4182237.76	0	0	0	176.6535922	199.3493539	1.895	-546344.9226	-4182238.498	0	271.3742558	271.3742558	-83.49386671	267.835655	-78.30260386	0	0	0	0	0	0	0	0	0	0	0	0
5	3.028797324758	167.0901016	1939.531625	0	-546344.8951	-4182237.76	0	0	0	165.5940769	188.5242157	1.895	-546344.8951	-4182237.76	0	1106.618713	1106.618713	-95.702454	1092.188892	-98.07144703	0	0	0	0	0	0	0	0	0	0	0	0
3	3.039957928192	167.0901016	1939.531625	0	-546344.8951	-4182237.76	0	0	0	177.7762991	200.4242262	1.895	-546344.9226	-4182238.498	0	272.3571773	272.3571773	-83.52527029	268.8057596	-78.32837096	0	0	0	0	0	0	0	0	0	0	0	0
7	3.119802985189	168.2757815	1938.505736	0	-546344.8951	-4182237.76	0	0	0	159.4597544	177.2012743	1.895	-546344.9226	-4182238.498	0	2197.369392	2197.369392	-101.6605552	2168.716662	-109.7100315	0	0	0	0	0	0	0	0	0	0	0	0
5	3.128797324758	168.2757815	1938.505736	0	-546344.8951	-4182237.76	0	0	0	166.557441	189.5467809	1.895	-546344.8951	-4182237.76	0	1118.582849	1118.582849	-95.79585692	1103.997021	-98.25104663	0	0	0	0	0	0	0	0	0	0	0	0
3	3.139957928192	168.2757815	1938.505736	0	-546344.8951	-4182237.76	0	0	0	178.9023384	201.5022889	1.895	-546344.9226	-4182238.498	0	273.2137054	273.2137054	-83.55254343	269.6511189	-78.35100524	0	0	0	0	0	0	0	0	0	0	0	0
7	3.219802985189	169.4566825	1937.483982	0	-546344.8951	-4182237.76	0	0	0	160.5292707	178.3352463	1.895	-546344.9226	-4182238.498	0	2197.641728	2197.641728	-101.6616317	2168.985447	-109.7121567	0	0	0	0	0	0	0	0	0	0	0	0
5	3.228797324758	169.4566825	1937.483982	0	-546344.8951	-4182237.76	0	0	0	167.5247045	190.5734853	1.895	-546344.8951	-4182237.76	0	1129.845425	1129.845425	-95.88287443	1115.112738	-98.41848562	0	0	0	0	0	0	0	0	0	0	0	0
3	3.239957928192	169.4566825	1937.483982	0	-546344.8951	-4182237.76	0	0	0	180.031841	202.5659166	1.895	-546344.9226	-4182238.498	0	274.0121041	274.0121041	-83.57788875	270.4391069	-78.37225113	0	0	0	0	0	0	0	0	0	0	0	0
7	3.319802985189	170.6386998	1936.461261	0	-546344.8951	-4182237.76	0	0	0	161.597545	179.4679016	1.895	-546344.9226	-4182238.498	0	2198.271805	2198.271805	-101.6641216	2169.607308	-109.7170727	0	0	0	0	0	0	0	0	0	0	0	0
5	3.328797324758	170.6386998	1936.461261	0	-546344.8951	-4182237.76	0	0	0	168.5219138	191.564138	1.895	-546344.8951	-4182237.76	0	1141.125022	1141.125022	-95.96915837	1126.245254	-98.58462294	0	0	0	0	0	0	0	0	0	0	0	0
3	3.339957928192	170.6386998	1936.461261	0	-546344.8951	-4182237.76	0	0	0	181.2024928	203.5783721	1.895	-546344.9226	-4182238.498	0	274.5069361	274.5069361	-83.59356025	270.9274864	-78.38548904	0	0	0	0	0	0	0	0	0	0	0	0
7	3.419802985189	171.8453563	1935.46666	0	-546344.8951	-4182237.76	0	0	0	162.6720278	180.6071394	1.895	-546344.9226	-4182238.498	0	2197.982466	2197.982466	-101.6629783	2169.321742	-109.7148154	0	0	0	0	0	0	0	0	0	0	0	0
5	3.428797324758	171.8453563	1935.46666	0	-546344.8951	-4182237.76	0	0	0	169.5398694	192.5387221	1.895	-546344.8951	-4182237.76	0	1152.201423	1152.201423	-96.05306195	1137.177224	-98.74627998	0	0	0	0	0	0	0	0	0	0	0	0
3	3.439957928192	171.8453563	1935.46666	0	-546344.8951	-4182237.76	0	0	0	182.37825	204.5952432	1.895	-546344.9226	-4182238.498	0	275.0383966	275.0383966	-83.61036035	271.452017	-78.39976559	0	0	0	0	0	0	0	0	0	0	0	0
7	3.519802985189	173.0604745	1934.487213	0	-546344.8951	-4182237.76	0	0	0	163.7461958	181.7460436	1.895	-546344.9226	-4182238.498	0	2197.425325	2197.425325	-101.6607763	2168.771866	-109.710468	0	0	0	0	0	0	0	0	0	0	0	0
5	3.528797324758	173.0604745	1934.487213	0	-546344.8951	-4182237.76	0	0	0	170.5685753	193.5235984	1.895	-546344.8951	-4182237.76	0	1162.197419	1162.197419	-96.12809193	1147.042876	-98.89092484	0	0	0	0	0	0	0	0	0	0	0	0
3	3.539957928192	173.0604745	1934.487213	0	-546344.8951	-4182237.76	0	0	0	183.5549063	205.6128919	1.895	-546344.9226	-4182238.498	0	275.5347216	275.5347216	-83.62602049	271.9418701	-78.41315245	0	0	0	0	0	0	0	0	0	0	0	0
7	3.619802985189	174.2768462	1933.506755	0	-546344.8951	-4182237.76	0	0	0	164.8181396	182.8825895	1.895	-546344.9226	-4182238.498	0	2197.412536	2197.412536	-101.6607258	2168.759244	-109.7103682	0	0	0	0	0	0	0	0	0	0	0	0
5	3.628797324758	174.2768462	1933.506755	0	-546344.8951	-4182237.76	0	0	0	171.6024824	194.5134543	1.895	-546344.8951	-4182237.76	0	1171.884485	1171.884485	-96.20018989	1156.603627	-99.02999125	0	0	0	0	0	0	0	0	0	0	0	0
3	3.639957928192	174.2768462	1933.506755	0	-546344.8951	-4182237.76	0	0	0	184.7260846	206.6258029	1.895	-546344.9226	-4182238.498	0	276.3251433	276.3251433	-83.65090188	272.7219851	-78.43457784	0	0	0	0	0	0	0	0	0	0	0	0
7	3.719802985189	175.4896041	1932.52921	0	-546344.8951	-4182237.76	0	0	0	165.8899998	184.0190468	1.895	-546344.9226	-4182238.498	0	2197.067283	2197.067283	-101.6593609	2168.418492	-109.7076737	0	0	0	0	0	0	0	0	0	0	0	0
5	3.728797324758	175.4896041	1932.52921	0	-546344.8951	-4182237.76	0	0	0	172.6298155	195.4970164	1.895	-546344.8951	-4182237.76	0	1181.93945	1181.93945	-96.27439838	1166.52748	-99.17320312	0	0	0	0	0	0	0	0	0	0	0	0
3	3.739957928192	175.4896041	1932.52921	0	-546344.8951	-4182237.76	0	0	0	185.901275	207.6421838	1.895	-546344.9226	-4182238.498	0	276.7970516	276.7970516	-83.665723	273.1877399	-78.44743066	0	0	0	0	0	0	0	0	0	0	0	0
7	3.819802985189	176.7031622	1931.55102	0	-546344.8951	-4182237.76	0	0	0	166.9658336	185.159717	1.895	-546344.9226	-4182238.498	0	2196.367246	2196.367246	-101.656593	2167.727583	-109.7022089	0	0	0	0	0	0	0	0	0	0	0	0
5	3.828797324758	176.7031622	1931.55102	0	-546344.8951	-4182237.76	0	0	0	173.6645428	196.4876575	1.895	-546344.8951	-4182237.76	0	1191.434339	1191.434339	-96.34389606	1175.898559	-99.30739137	0	0	0	0	0	0	0	0	0	0	0	0
3	3.839957928192	176.7031622	1931.55102	0	-546344.8951	-4182237.76	0	0	0	187.0787326	208.6605255	1.895	-546344.9226	-4182238.498	0	277.2109463	277.2109463	-83.67870131	273.5962375	-78.45874048	0	0	0	0	0	0	0	0	0	0	0	0
7	3.919802985189	177.921233	1930.569192	0	-546344.8951	-4182237.76	0	0	0	168.0375992	186.296074	1.895	-546344.9226	-4182238.498	0	2196.854248	2196.854248	-101.6585187	2168.208236	-109.7060108	0	0	0	0	0	0	0	0	0	0	0	0
5	3.928797324758	177.921233	1930.569192	0	-546344.8951	-4182237.76	0	0	0	174.7034325	197.4822837	1.895	-546344.8951	-4182237.76	0	1200.999271	1200.999271	-96.41334867	1185.338769	-99.44155691	0	0	0	0	0	0	0	0	0	0	0	0
3	3.939957928192	177.921233	1930.569192	0	-546344.8951	-4182237.76	0	0	0	188.2506642	209.674088	1.895	-546344.9226	-4182238.498	0	278.058473	278.058473	-83.70521647	274.4327129	-78.48200571	0	0	0	0	0	0	0	0	0	0	0	0
7	4.019802985189	179.1418556	1929.585308	0	-546344.8951	-4182237.76	0	0	0	169.1085481	187.431565	1.895	-546344.9226	-4182238.498	0	2197.849963	2197.849963	-101.6624546	2169.190967	-109.7137816	0	0	0	0	0	0	0	0	0	0	0	0
5	4.028797324758	179.1418556	1929.585308	0	-546344.8951	-4182237.76	0	0	0	175.7349109	198.4698145	1.895	-546344.8951	-4182237.76	0	1211.562806	1211.562806	-96.48941245	1195.76456	-99.58856626	0	0	0	0	0	0	0	0	0	0	0	0
3	4.039957928192	179.1418556	1929.585308	0	-546344.8951	-4182237.76	0	0	0	189.4292273	210.6933858	1.895	-546344.9226	-4182238.498	0	278.7341456	278.7341456	-83.72629728	275.099575	-78.50065385	0	0	0	0	0	0	0	0	0	0	0	0
7	4.119802985189	180.3595663	1928.603771	0	-546344.8951	-4182237.76	0	0	0	170.1833355	188.5711259	1.895	-546344.9226	-4182238.498	0	2198.063646	2198.063646	-101.6632991	2169.401864	-109.7154488	0	0	0	0	0	0	0	0	0	0	0	0
5	4.128797324758	180.3595663	1928.603771	0	-546344.8951	-4182237.76	0	0	0	176.7746331	199.4652377	1.895	-546344.8951	-4182237.76	0	1221.148264	1221.148264	-96.55786173	1205.225028	-99.72092293	0	0	0	0	0	0	0	0	0	0	0	0
9	4.131111553067	180.3595663	1928.603771	0	-546344.8951	-4182237.76	0	0	0	159.4597544	177.2012743	1.895	-546344.8951	-4182237.76	0	3901.582139	3901.582139	-106.6473089	3850.707225	-119.5972721	0	0	0	0	0	0	0	0	0	0	0	0
3	4.139957928192	180.3595663	1928.603771	0	-546344.8951	-4182237.76	0	0	0	190.6025084	211.7081154	1.895	-546344.9226	-4182238.498	0	279.5207109	279.5207109	-83.75077365	275.8758839	-78.52247238	0	0	0	0	0	0	0	0	0	0	0	0
7	4.219802985189	181.5720036	1927.626484	0	-546344.8951	-4182237.76	0	0	0	171.3081647	189.6531309	1.895	-546344.9226	-4182238.498	0	2197.754209	2197.754209	-101.6620762	2169.096461	-109.7130344	0	0	0	0	0	0	0	0	0	0	0	0
5	4.228797324758	181.5720036	1927.626484	0	-546344.8951	-4182237.76	0	0	0	177.8137202	200.4600529	1.895	-546344.8951	-4182237.76	0	1230.384342	1230.384342	-96.62330972	1214.340672	-99.84753199	0	0	0	0	0	0	0	0	0	0	0	0
9	4.231111553067	181.5720036	1927.626484	0	-546344.8951	-4182237.76	0	0	0	160.4077134	178.2063633	1.895	-546344.8951	-4182237.76	0	3923.576169	3923.576169	-106.6961356	3872.414462	-119.6943835	0	0	0	0	0	0	0	0	0	0	0	0
3	4.239957928192	181.5720036	1927.626484	0	-546344.8951	-4182237.76	0	0	0	191.7739043	212.7212145	1.895	-546344.9226	-4182238.498	0	280.1721395	280.1721395	-83.77099273	276.5188181	-78.54063002	0	0	0	0	0	0	0	0	0	0	0	0
7	4.319802985189	182.7858515	1926.648061	0	-546344.8951	-4182237.76	0	0	0	172.4374295	190.7356609	1.895	-546344.9226	-4182238.498	0	2197.30587	2197.30587	-101.6603041	2168.653968	-109.7095358	0	0	0	0	0	0	0	0	0	0	0	0
5	4.328797324758	182.7858515	1926.648061	0	-546344.8951	-4182237.76	0	0	0	178.8520538	201.4541468	1.895	-546344.8951	-4182237.76	0	1239.880939	1239.880939	-96.69009347	1223.713437	-99.97678058	0	0	0	0	0	0	0	0	0	0	0	0
9	4.331111553067	182.7858515	1926.648061	0	-546344.8951	-4182237.76	0	0	0	161.3559197	179.2117144	1.895	-546344.8951	-4182237.76	0	3945.893692	3945.893692	-106.7454014	3894.440975	-119.7923726	0	0	0	0	0	0	0	0	0	0	0	0
3	4.339957928192	182.7858515	1926.648061	0	-546344.8951	-4182237.76	0	0	0	192.9444911	213.7336139	1.895	-546344.9226	-4182238.498	0	280.9239908	280.9239908	-83.79427039	277.2608656	-78.56168348	0	0	0	0	0	0	0	0	0	0	0	0
7	4.419802985189	184.0040722	1925.672705	0	-546344.8951	-4182237.76	0	0	0	173.5650316	191.816597	1.895	-546344.9226	-4182238.498	0	2197.230848	2197.230848	-101.6600076	2168.579925	-109.7089503	0	0	0	0	0	0	0	0	0	0	0	0
5	4.428797324758	184.0040722	1925.672705	0	-546344.8951	-4182237.76	0	0	0	179.8952496	202.4477834	1.895	-546344.8951	-4182237.76	0	1249.306485	1249.306485	-96.75587369	1233.016078	-100.104141	0	0	0	0	0	0	0	0	0	0	0	0
9	4.431111553067	184.0040722	1925.672705	0	-546344.8951	-4182237.76	0	0	0	162.3063527	180.2194265	1.895	-546344.8951	-4182237.76	0	3968.095205	3968.095205	-106.7941355	3916.35299	-119.8893082	0	0	0	0	0	0	0	0	0	0	0	0
3	4.439957928192	184.0040722	1925.672705	0	-546344.8951	-4182237.76	0	0	0	194.1286812	214.7444601	1.895	-546344.9226	-4182238.498	0	281.3837115	281.3837115	-83.80847288	277.7145918	-78.57460681	0	0	0	0	0	0	0	0	0	0	0	0
7	4.519802985189	185.2597869	1924.740074	0	-546344.8951	-4182237.76	0	0	0	174.6923481	192.8972594	1.895	-546344.9226	-4182238.498	0	2197.286434	2197.286434	-101.6602273	2168.634786	-109.7093841	0	0	0	0	0	0	0	0	0	0	0	0
5	4.528797324758	185.2597869	1924.740074	0	-546344.8951	-4182237.76	0	0	0	180.9892012	203.3939037	1.895	-546344.8951	-4182237.76	0	1258.209378	1258.209378	-96.81755216	1241.802881	-100.2236079	0	0	0	0	0	0	0	0	0	0	0	0
9	4.531111553067	185.2597869	1924.740074	0	-546344.8951	-4182237.76	0	0	0	163.2595386	181.2300574	1.895	-546344.8951	-4182237.76	0	3989.852242	3989.852242	-106.8416301	3937.826324	-119.9837823	0	0	0	0	0	0	0	0	0	0	0	0
3	4.539957928192	185.2597869	1924.740074	0	-546344.8951	-4182237.76	0	0	0	195.3377841	215.7197534	1.895	-546344.9226	-4182238.498	0	282.1129292	282.1129292	-83.83095361	278.4343008	-78.59518265	0	0	0	0	0	0	0	0	0	0	0	0
7	4.619802985189	186.5169019	1923.806403	0	-546344.8951	-4182237.76	0	0	0	175.8218798	193.9800453	1.895	-546344.9226	-4182238.498	0	2197.2948	2197.2948	-101.6602604	2168.643043	-109.7094494	0	0	0	0	0	0	0	0	0	0	0	0
5	4.628797324758	186.5169019	1923.806403	0	-546344.8951	-4182237.76	0	0	0	182.0892486	204.3452961	1.895	-546344.8951	-4182237.76	0	1266.719138	1266.719138	-96.87610044	1250.201677	-100.3370542	0	0	0	0	0	0	0	0	0	0	0	0
9	4.631111553067	186.5169019	1923.806403	0	-546344.8951	-4182237.76	0	0	0	164.215315	182.2434349	1.895	-546344.8951	-4182237.76	0	4011.548146	4011.548146	-106.888734	3959.239324	-120.0774831	0	0	0	0	0	0	0	0	0	0	0	0
3	4.639957928192	186.5169019	1923.806403	0	-546344.8951	-4182237.76	0	0	0	196.5475233	216.69556	1.895	-546344.9226	-4182238.498	0	282.8810845	282.8810845	-83.85457197	279.1924396	-78.61695694	0	0	0	0	0	0	0	0	0	0	0	0
7	4.719802985189	187.7710872	1922.874909	0	-546344.8951	-4182237.76	0	0	0	176.9516884	195.0630966	1.895	-546344.9226	-4182238.498	0	2197.002838	2197.002838	-101.6591062	2168.354888	-109.7071707	0	0	0	0	0	0	0	0	0	0	0	0
5	4.728797324758	187.7710872	1922.874909	0	-546344.8951	-4182237.76	0	0	0	183.1932232	205.3000849	1.895	-546344.8951	-4182237.76	0	1274.650324	1274.650324	-96.93031502	1258.029445	-100.4421398	0	0	0	0	0	0	0	0	0	0	0	0
9	4.731111553067	187.7710872	1922.874909	0	-546344.8951	-4182237.76	0	0	0	165.1759536	183.2619676	1.895	-546344.8951	-4182237.76	0	4032.080229	4032.080229	-106.9330771	3979.503678	-120.1656955	0	0	0	0	0	0	0	0	0	0	0	0
3	4.739957928192	187.7710872	1922.874909	0	-546344.8951	-4182237.76	0	0	0	197.7531432	217.6680438	1.895	-546344.9226	-4182238.498	0	283.7104968	283.7104968	-83.88000189	280.0110368	-78.64058003	0	0	0	0	0	0	0	0	0	0	0	0
7	4.819802985189	189.0267227	1921.942337	0	-546344.8951	-4182237.76	0	0	0	178.0827469	196.147346	1.895	-546344.9226	-4182238.498	0	2196.794882	2196.794882	-101.658284	2168.149643	-109.7055474	0	0	0	0	0	0	0	0	0	0	0	0
5	4.828797324758	189.0267227	1921.942337	0	-546344.8951	-4182237.76	0	0	0	184.2904911	206.2490734	1.895	-546344.8951	-4182237.76	0	1283.387518	1283.387518	-96.98965003	1266.65271	-100.5571901	0	0	0	0	0	0	0	0	0	0	0	0
9	4.831111553067	189.0267227	1921.942337	0	-546344.8951	-4182237.76	0	0	0	166.1368369	184.2807598	1.895	-546344.8951	-4182237.76	0	4052.983871	4052.983871	-106.9779913	4000.134745	-120.2550474	0	0	0	0	0	0	0	0	0	0	0	0
3	4.839957928192	189.0267227	1921.942337	0	-546344.8951	-4182237.76	0	0	0	198.967286	218.6474025	1.895	-546344.9226	-4182238.498	0	284.246987	284.246987	-83.8964112	280.5405314	-78.65592109	0	0	0	0	0	0	0	0	0	0	0	0
7	4.919802985189	190.2784352	1921.012679	0	-546344.8951	-4182237.76	0	0	0	179.2108332	197.2287463	1.895	-546344.9226	-4182238.498	0	2196.591519	2196.591519	-101.6574799	2167.948932	-109.7039598	0	0	0	0	0	0	0	0	0	0	0	0
5	4.928797324758	190.2784352	1921.012679	0	-546344.8951	-4182237.76	0	0	0	185.3985606	207.2074038	1.895	-546344.8951	-4182237.76	0	1290.806116	1290.806116	-97.03971409	1273.974572	-100.654296	0	0	0	0	0	0	0	0	0	0	0	0
9	4.931111553067	190.2784352	1921.012679	0	-546344.8951	-4182237.76	0	0	0	167.103213	185.3053758	1.895	-546344.8951	-4182237.76	0	4072.437375	4072.437375	-107.0195821	4019.334584	-120.3377906	0	0	0	0	0	0	0	0	0	0	0	0
3	4.939957928192	190.2784352	1921.012679	0	-546344.8951	-4182237.76	0	0	0	200.1807868	219.6262433	1.895	-546344.9226	-4182238.498	0	284.6561224	284.6561224	-83.90890438	280.9443318	-78.66765201	0	0	0	0	0	0	0	0	0	0	0	0
7	5.019802985189	191.5281311	1920.084518	0	-546344.8951	-4182237.76	0	0	0	180.3360569	198.3074025	1.895	-546344.9226	-4182238.498	0	2196.60023	2196.60023	-101.6575143	2167.95753	-109.7040278	0	0	0	0	0	0	0	0	0	0	0	0
5	5.028797324758	191.5281311	1920.084518	0	-546344.8951	-4182237.76	0	0	0	186.5030782	208.1626622	1.895	-546344.8951	-4182237.76	0	1298.422535	1298.422535	-97.09081469	1281.491676	-100.7534422	0	0	0	0	0	0	0	0	0	0	0	0
9	5.031111553067	191.5281311	1920.084518	0	-546344.8951	-4182237.76	0	0	0	168.0747881	186.3355041	1.895	-546344.8951	-4182237.76	0	4090.787074	4090.787074	-107.0586313	4037.445011	-120.4154802	0	0	0	0	0	0	0	0	0	0	0	0
3	5.039957928192	191.5281311	1920.084518	0	-546344.8951	-4182237.76	0	0	0	201.3942644	220.6050654	1.895	-546344.9226	-4182238.498	0	284.990549	284.990549	-83.91910296	281.2743977	-78.67726091	0	0	0	0	0	0	0	0	0	0	0	0
7	5.119802985189	192.7869865	1919.149555	0	-546344.8951	-4182237.76	0	0	0	181.4618651	199.386619	1.895	-546344.9226	-4182238.498	0	2197.678082	2197.678082	-101.6617753	2169.021327	-109.7124404	0	0	0	0	0	0	0	0	0	0	0	0
5	5.128797324758	192.7869865	1919.149555	0	-546344.8951	-4182237.76	0	0	0	187.6167768	209.125861	1.895	-546344.8951	-4182237.76	0	1306.03602	1306.03602	-97.1415969	1289.005885	-100.852	0	0	0	0	0	0	0	0	0	0	0	0
9	5.131111553067	192.7869865	1919.149555	0	-546344.8951	-4182237.76	0	0	0	169.0402454	187.359146	1.895	-546344.8951	-4182237.76	0	4111.908596	4111.908596	-107.1033628	4058.291118	-120.504478	0	0	0	0	0	0	0	0	0	0	0	0
11	5.138561273145	192.7869865	1919.149555	0	-546344.8951	-4182237.76	0	0	0	157.0367638	179.4410342	1.895	-546344.8951	-4182237.76	0	6148.707519	6148.707519	-110.5981705	6068.531079	-127.4661051	0	0	0	0	0	0	0	0	0	0	0	0
3	5.139957928192	192.7869865	1919.149555	0	-546344.8951	-4182237.76	0	0	0	202.6083675	221.584392	1.895	-546344.9226	-4182238.498	0	285.6853557	285.6853557	-83.94025338	281.9601443	-78.69728132	0	0	0	0	0	0	0	0	0	0	0	0
7	5.219802985189	194.0423904	1918.217155	0	-546344.8951	-4182237.76	0	0	0	182.6163133	200.4413406	1.895	-546344.9226	-4182238.498	0	2197.787968	2197.787968	-101.6622096	2169.12978	-109.7132979	0	0	0	0	0	0	0	0	0	0	0	0
5	5.228797324758	194.0423904	1918.217155	0	-546344.8951	-4182237.76	0	0	0	188.7338089	210.0919429	1.895	-546344.8951	-4182237.76	0	1313.065535	1313.065535	-97.18822185	1295.943738	-100.9425151	0	0	0	0	0	0	0	0	0	0	0	0
9	5.231111553067	194.0423904	1918.217155	0	-546344.8951	-4182237.76	0	0	0	170.009841	188.3871755	1.895	-546344.8951	-4182237.76	0	4131.895754	4131.895754	-107.1454809	4078.017652	-120.588279	0	0	0	0	0	0	0	0	0	0	0	0
11	5.238561273145	194.0423904	1918.217155	0	-546344.8951	-4182237.76	0	0	0	158.106107	180.5760912	1.895	-546344.8951	-4182237.76	0	6151.294428	6151.294428	-110.6018241	6071.084256	-127.4733901	0	0	0	0	0	0	0	0	0	0	0	0
3	5.239957928192	194.0423904	1918.217155	0	-546344.8951	-4182237.76	0	0	0	203.8187418	222.5607108	1.895	-546344.9226	-4182238.498	0	286.4031216	286.4031216	-83.96204875	282.668551	-78.7180426	0	0	0	0	0	0	0	0	0	0	0	0
7	5.319802985189	195.2987738	1917.284028	0	-546344.8951	-4182237.76	0	0	0	183.7940463	201.460354	1.895	-546344.9226	-4182238.498	0	2198.462116	2198.462116	-101.6648735	2169.795138	-109.7185572	0	0	0	0	0	0	0	0	0	0	0	0
5	5.328797324758	195.2987738	1917.284028	0	-546344.8951	-4182237.76	0	0	0	189.8494788	211.0568466	1.895	-546344.8951	-4182237.76	0	1320.353775	1320.353775	-97.23630003	1303.136943	-101.0358768	0	0	0	0	0	0	0	0	0	0	0	0
9	5.331111553067	195.2987738	1917.284028	0	-546344.8951	-4182237.76	0	0	0	171.0244019	189.3811116	1.895	-546344.8951	-4182237.76	0	4150.617153	4150.617153	-107.1847473	4096.494932	-120.6664087	0	0	0	0	0	0	0	0	0	0	0	0
11	5.338561273145	195.2987738	1917.284028	0	-546344.8951	-4182237.76	0	0	0	159.1684587	181.7037271	1.895	-546344.8951	-4182237.76	0	6155.808638	6155.808638	-110.608196	6075.539603	-127.4860952	0	0	0	0	0	0	0	0	0	0	0	0
3	5.339957928192	195.2987738	1917.284028	0	-546344.8951	-4182237.76	0	0	0	205.0233824	223.5324048	1.895	-546344.9226	-4182238.498	0	287.4125312	287.4125312	-83.99260779	283.6647982	-78.74737286	0	0	0	0	0	0	0	0	0	0	0	0
7	5.419802985189	196.5587314	1916.348246	0	-546344.8951	-4182237.76	0	0	0	184.9794028	202.4859635	1.895	-546344.9226	-4182238.498	0	2198.635874	2198.635874	-101.66556	2169.96663	-109.7199125	0	0	0	0	0	0	0	0	0	0	0	0
5	5.428797324758	196.5587314	1916.348246	0	-546344.8951	-4182237.76	0	0	0	190.9573104	212.0149711	1.895	-546344.8951	-4182237.76	0	1328.755607	1328.755607	-97.29139601	1311.429219	-101.1428976	0	0	0	0	0	0	0	0	0	0	0	0
9	5.431111553067	196.5587314	1916.348246	0	-546344.8951	-4182237.76	0	0	0	172.0476333	190.3619964	1.895	-546344.8951	-4182237.76	0	4170.260316	4170.260316	-107.2257571	4115.881957	-120.74801	0	0	0	0	0	0	0	0	0	0	0	0
11	5.438561273145	196.5587314	1916.348246	0	-546344.8951	-4182237.76	0	0	0	160.2379336	182.838924	1.895	-546344.8951	-4182237.76	0	6159.55786	6159.55786	-110.6134846	6079.239936	-127.4966403	0	0	0	0	0	0	0	0	0	0	0	0
3	5.439957928192	196.5587314	1916.348246	0	-546344.8951	-4182237.76	0	0	0	206.2326081	224.5077971	1.895	-546344.9226	-4182238.498	0	288.3840189	288.3840189	-84.0219176	284.6236182	-78.77574446	0	0	0	0	0	0	0	0	0	0	0	0
7	5.519802985189	197.8185496	1915.412568	0	-546344.8951	-4182237.76	0	0	0	186.1587182	203.5063461	1.895	-546344.9226	-4182238.498	0	2199.569277	2199.569277	-101.6692467	2170.887861	-109.7271913	0	0	0	0	0	0	0	0	0	0	0	0
5	5.528797324758	197.8185496	1915.412568	0	-546344.8951	-4182237.76	0	0	0	192.0658934	212.9737456	1.895	-546344.8951	-4182237.76	0	1337.120116	1337.120116	-97.34590225	1319.684659	-101.2488054	0	0	0	0	0	0	0	0	0	0	0	0
9	5.531111553067	197.8185496	1915.412568	0	-546344.8951	-4182237.76	0	0	0	173.0854616	191.3568741	1.895	-546344.8951	-4182237.76	0	4187.386254	4187.386254	-107.2613543	4132.784581	-120.8188434	0	0	0	0	0	0	0	0	0	0	0	0
11	5.538561273145	197.8185496	1915.412568	0	-546344.8951	-4182237.76	0	0	0	161.2996429	183.9658779	1.895	-546344.8951	-4182237.76	0	6165.191643	6165.191643	-110.6214254	6084.800258	-127.5124738	0	0	0	0	0	0	0	0	0	0	0	0
3	5.539957928192	197.8185496	1915.412568	0	-546344.8951	-4182237.76	0	0	0	207.4613028	225.4617607	1.895	-546344.9226	-4182238.498	0	289.0718495	289.0718495	-84.04260982	285.3024798	-78.79591481	0	0	0	0	0	0	0	0	0	0	0	0
7	5.619802985189	199.0722743	1914.481415	0	-546344.8951	-4182237.76	0	0	0	187.3390645	204.5276207	1.895	-546344.9226	-4182238.498	0	2199.690528	2199.690528	-101.6697255	2171.007531	-109.7281366	0	0	0	0	0	0	0	0	0	0	0	0
5	5.628797324758	199.0722743	1914.481415	0	-546344.8951	-4182237.76	0	0	0	193.1798734	213.9371878	1.895	-546344.8951	-4182237.76	0	1344.458115	1344.458115	-97.39343934	1326.926973	-101.3411981	0	0	0	0	0	0	0	0	0	0	0	0
9	5.631111553067	199.0722743	1914.481415	0	-546344.8951	-4182237.76	0	0	0	174.117161	192.3458764	1.895	-546344.8951	-4182237.76	0	4204.73288	4204.73288	-107.297262	4149.905014	-120.8902969	0	0	0	0	0	0	0	0	0	0	0	0
11	5.638561273145	199.0722743	1914.481415	0	-546344.8951	-4182237.76	0	0	0	162.3674865	185.0993432	1.895	-546344.8951	-4182237.76	0	6168.395237	6168.395237	-110.6259377	6087.962078	-127.521471	0	0	0	0	0	0	0	0	0	0	0	0
3	5.639957928192	199.0722743	1914.481415	0	-546344.8951	-4182237.76	0	0	0	208.7079125	226.3876758	1.895	-546344.9226	-4182238.498	0	289.3668844	289.3668844	-84.05147037	285.5936675	-78.80458721	0	0	0	0	0	0	0	0	0	0	0	0
7	5.719802985189	200.3456461	1913.568342	0	-546344.8951	-4182237.76	0	0	0	188.5239136	205.5527912	1.895	-546344.9226	-4182238.498	0	2199.676679	2199.676679	-101.6696708	2170.993863	-109.7280287	0	0	0	0	0	0	0	0	0	0	0	0
5	5.728797324758	200.3456461	1913.568342	0	-546344.8951	-4182237.76	0	0	0	194.3022226	214.884443	1.895	-546344.8951	-4182237.76	0	1352.462728	1352.462728	-97.44499991	1334.827209	-101.4414382	0	0	0	0	0	0	0	0	0	0	0	0
9	5.731111553067	200.3456461	1913.568342	0	-546344.8951	-4182237.76	0	0	0	175.1552839	193.3410365	1.895	-546344.8951	-4182237.76	0	4221.511385	4221.511385	-107.3318531	4166.464734	-120.9591322	0	0	0	0	0	0	0	0	0	0	0	0
11	5.738561273145	200.3456461	1913.568342	0	-546344.8951	-4182237.76	0	0	0	163.4346719	186.2321098	1.895	-546344.8951	-4182237.76	0	6172.58197	6172.58197	-110.6318311	6092.094217	-127.5332222	0	0	0	0	0	0	0	0	0	0	0	0
3	5.739957928192	200.3456461	1913.568342	0	-546344.8951	-4182237.76	0	0	0	209.9529313	227.3124093	1.895	-546344.9226	-4182238.498	0	290.0688231	290.0688231	-84.07251486	286.2864533	-78.8252693	0	0	0	0	0	0	0	0	0	0	0	0
7	5.819802985189	201.6225172	1912.661072	0	-546344.8951	-4182237.76	0	0	0	189.710115	206.5791317	1.895	-546344.9226	-4182238.498	0	2199.45856	2199.45856	-101.6688095	2170.778588	-109.7263281	0	0	0	0	0	0	0	0	0	0	0	0
5	5.828797324758	201.6225172	1912.661072	0	-546344.8951	-4182237.76	0	0	0	195.4505494	215.8107128	1.895	-546344.8951	-4182237.76	0	1359.711261	1359.711261	-97.49142769	1341.981225	-101.5317235	0	0	0	0	0	0	0	0	0	0	0	0
9	5.831111553067	201.6225172	1912.661072	0	-546344.8951	-4182237.76	0	0	0	176.2003709	194.3428725	1.895	-546344.8951	-4182237.76	0	4237.036976	4237.036976	-107.3637389	4181.787879	-121.0225858	0	0	0	0	0	0	0	0	0	0	0	0
11	5.838561273145	201.6225172	1912.661072	0	-546344.8951	-4182237.76	0	0	0	164.4960065	187.3586661	1.895	-546344.8951	-4182237.76	0	6178.151071	6178.151071	-110.6396643	6097.5907	-127.5488412	0	0	0	0	0	0	0	0	0	0	0	0
3	5.839957928192	201.6225172	1912.661072	0	-546344.8951	-4182237.76	0	0	0	211.2008428	228.2392914	1.895	-546344.9226	-4182238.498	0	290.67566	290.67566	-84.09066715	286.8853773	-78.84320397	0	0	0	0	0	0	0	0	0	0	0	0
7	5.919802985189	202.9001828	1911.753238	0	-546344.8951	-4182237.76	0	0	0	190.8918082	207.6015716	1.895	-546344.9226	-4182238.498	0	2199.935016	2199.935016	-101.6706908	2171.248831	-109.7300426	0	0	0	0	0	0	0	0	0	0	0	0
5	5.928797324758	202.9001828	1911.753238	0	-546344.8951	-4182237.76	0	0	0	196.6004493	216.7382515	1.895	-546344.8951	-4182237.76	0	1366.91711	1366.91711	-97.53733739	1349.093112	-101.6210236	0	0	0	0	0	0	0	0	0	0	0	0
9	5.931111553067	202.9001828	1911.753238	0	-546344.8951	-4182237.76	0	0	0	177.2488943	195.3480026	1.895	-546344.8951	-4182237.76	0	4252.196063	4252.196063	-107.3947594	4196.749298	-121.084319	0	0	0	0	0	0	0	0	0	0	0	0
11	5.938561273145	202.9001828	1911.753238	0	-546344.8951	-4182237.76	0	0	0	165.5572863	188.4851642	1.895	-546344.8951	-4182237.76	0	6184.074859	6184.074859	-110.6479886	6103.437244	-127.5654395	0	0	0	0	0	0	0	0	0	0	0	0
3	5.939957928192	202.9001828	1911.753238	0	-546344.8951	-4182237.76	0	0	0	212.4442916	229.1628588	1.895	-546344.9226	-4182238.498	0	291.5036911	291.5036911	-84.11537497	287.7026112	-78.86775599	0	0	0	0	0	0	0	0	0	0	0	0
7	6.019802985189	204.1702268	1910.850819	0	-546344.8951	-4182237.76	0	0	0	192.0718034	208.6225424	1.895	-546344.9226	-4182238.498	0	2199.790084	2199.790084	-101.6701186	2171.105789	-109.7289128	0	0	0	0	0	0	0	0	0	0	0	0
5	6.028797324758	204.1702268	1910.850819	0	-546344.8951	-4182237.76	0	0	0	197.7506711	217.6660498	1.895	-546344.8951	-4182237.76	0	1373.434045	1373.434045	-97.57864997	1355.52507	-101.7014004	0	0	0	0	0	0	0	0	0	0	0	0
9	6.031111553067	204.1702268	1910.850819	0	-546344.8951	-4182237.76	0	0	0	178.2867376	196.3428946	1.895	-546344.8951	-4182237.76	0	4268.185522	4268.185522	-107.4273596	4212.530261	-121.1491974	0	0	0	0	0	0	0	0	0	0	0	0
11	6.038561273145	204.1702268	1910.850819	0	-546344.8951	-4182237.76	0	0	0	166.6212264	189.6144861	1.895	-546344.8951	-4182237.76	0	6188.115364	6188.115364	-110.6536618	6107.425063	-127.5767518	0	0	0	0	0	0	0	0	0	0	0	0
3	6.039957928192	204.1702268	1910.850819	0	-546344.8951	-4182237.76	0	0	0	213.6919276	230.0895361	1.895	-546344.9226	-4182238.498	0	291.8455116	291.8455116	-84.12555417	288.0399746	-78.87791782	0	0	0	0	0	0	0	0	0	0	0	0
7	6.119802985189	205.4417406	1909.947356	0	-546344.8951	-4182237.76	0	0	0	193.2501531	209.6420894	1.895	-546344.9226	-4182238.498	0	2200.062293	2200.062293	-101.6711934	2171.374449	-109.7310347	0	0	0	0	0	0	0	0	0	0	0	0
5	6.128797324758	205.4417406	1909.947356	0	-546344.8951	-4182237.76	0	0	0	198.9074055	218.5991014	1.895	-546344.8951	-4182237.76	0	1379.497718	1379.497718	-97.61691353	1361.509675	-101.7758608	0	0	0	0	0	0	0	0	0	0	0	0
9	6.131111553067	205.4417406	1909.947356	0	-546344.8951	-4182237.76	0	0	0	179.3316871	197.3445987	1.895	-546344.8951	-4182237.76	0	4283.252164	4283.252164	-107.4579667	4227.400441	-121.2101108	0	0	0	0	0	0	0	0	0	0	0	0
11	6.138561273145	205.4417406	1909.947356	0	-546344.8951	-4182237.76	0	0	0	167.6899647	190.7489011	1.895	-546344.8951	-4182237.76	0	6191.541654	6191.541654	-110.6584698	6110.806676	-127.5863387	0	0	0	0	0	0	0	0	0	0	0	0
3	6.139957928192	205.4417406	1909.947356	0	-546344.8951	-4182237.76	0	0	0	214.935112	231.0129071	1.895	-546344.9226	-4182238.498	0	292.4358392	292.4358392	-84.14310573	288.6226046	-78.89550321	0	0	0	0	0	0	0	0	0	0	0	0
13	6.147984782106	205.4417406	1909.947356	0	-546344.8951	-4182237.76	0	0	0	157.0367638	179.4410342	1.895	-546344.8951	-4182237.76	0	8843.568285	8843.568285	-113.7550445	8728.252047	-133.764458	0	0	0	0	0	0	0	0	0	0	0	0
7	6.219802985189	206.711905	1909.044852	0	-546344.8951	-4182237.76	0	0	0	194.4353651	210.6675739	1.895	-546344.9226	-4182238.498	0	2199.373973	2199.373973	-101.6684754	2170.695105	-109.7256686	0	0	0	0	0	0	0	0	0	0	0	0
5	6.228797324758	206.711905	1909.044852	0	-546344.8951	-4182237.76	0	0	0	200.0645135	219.5324543	1.895	-546344.8951	-4182237.76	0	1385.431046	1385.431046	-97.65419211	1367.365635	-101.8484188	0	0	0	0	0	0	0	0	0	0	0	0
9	6.231111553067	206.711905	1909.044852	0	-546344.8951	-4182237.76	0	0	0	180.37388	198.3436603	1.895	-546344.8951	-4182237.76	0	4298.722589	4298.722589	-107.4892822	4242.669138	-121.2724356	0	0	0	0	0	0	0	0	0	0	0	0
11	6.238561273145	206.711905	1909.044852	0	-546344.8951	-4182237.76	0	0	0	168.799257	191.8296646	1.895	-546344.8951	-4182237.76	0	6194.864053	6194.864053	-110.6631294	6114.085752	-127.5956299	0	0	0	0	0	0	0	0	0	0	0	0
3	6.239957928192	206.711905	1909.044852	0	-546344.8951	-4182237.76	0	0	0	216.1811831	231.9384223	1.895	-546344.9226	-4182238.498	0	292.8523538	292.8523538	-84.15546818	289.033688	-78.90793778	0	0	0	0	0	0	0	0	0	0	0	0
13	6.247984782106	206.711905	1909.044852	0	-546344.8951	-4182237.76	0	0	0	157.9805546	180.4428233	1.895	-546344.8951	-4182237.76	0	8879.927299	8879.927299	-113.790682	8764.136955	-133.8355958	0	0	0	0	0	0	0	0	0	0	0	0
7	6.319802985189	207.9881454	1908.13803	0	-546344.8951	-4182237.76	0	0	0	195.6203042	211.6928223	1.895	-546344.9226	-4182238.498	0	2199.462847	2199.462847	-101.6688264	2170.782819	-109.7263615	0	0	0	0	0	0	0	0	0	0	0	0
5	6.328797324758	207.9881454	1908.13803	0	-546344.8951	-4182237.76	0	0	0	201.2170648	220.4621316	1.895	-546344.8951	-4182237.76	0	1392.380133	1392.380133	-97.69765016	1374.224109	-101.9330221	0	0	0	0	0	0	0	0	0	0	0	0
9	6.331111553067	207.9881454	1908.13803	0	-546344.8951	-4182237.76	0	0	0	181.4208869	199.3473367	1.895	-546344.8951	-4182237.76	0	4314.421532	4314.421532	-107.5209453	4258.163374	-121.3354537	0	0	0	0	0	0	0	0	0	0	0	0
11	6.338561273145	207.9881454	1908.13803	0	-546344.8951	-4182237.76	0	0	0	169.9174602	192.900225	1.895	-546344.8951	-4182237.76	0	6199.312714	6199.312714	-110.6693647	6118.476404	-127.608063	0	0	0	0	0	0	0	0	0	0	0	0
3	6.339957928192	207.9881454	1908.13803	0	-546344.8951	-4182237.76	0	0	0	217.4315565	232.8671329	1.895	-546344.9226	-4182238.498	0	293.3423477	293.3423477	-84.16998907	289.5172926	-78.92259408	0	0	0	0	0	0	0	0	0	0	0	0
13	6.347984782106	207.9881454	1908.13803	0	-546344.8951	-4182237.76	0	0	0	158.9224823	181.4426349	1.895	-546344.8951	-4182237.76	0	8918.432633	8918.432633	-113.8282645	8802.140196	-133.9106168	0	0	0	0	0	0	0	0	0	0	0	0
7	6.419802985189	209.2654361	1907.230462	0	-546344.8951	-4182237.76	0	0	0	196.8280829	212.6894167	1.895	-546344.9226	-4182238.498	0	2199.624751	2199.624751	-101.6694658	2170.942612	-109.7276238	0	0	0	0	0	0	0	0	0	0	0	0
5	6.428797324758	209.2654361	1907.230462	0	-546344.8951	-4182237.76	0	0	0	202.3807105	221.400758	1.895	-546344.8951	-4182237.76	0	1398.399637	1398.399637	-97.73511985	1380.165121	-102.0059826	0	0	0	0	0	0	0	0	0	0	0	0
9	6.431111553067	209.2654361	1907.230462	0	-546344.8951	-4182237.76	0	0	0	182.4967763	200.3379132	1.895	-546344.8951	-4182237.76	0	4328.486055	4328.486055	-107.5492143	4272.044502	-121.3917179	0	0	0	0	0	0	0	0	0	0	0	0
11	6.438561273145	209.2654361	1907.230462	0	-546344.8951	-4182237.76	0	0	0	171.0405568	193.9754704	1.895	-546344.8951	-4182237.76	0	6203.008979	6203.008979	-110.674542	6122.124472	-127.6183865	0	0	0	0	0	0	0	0	0	0	0	0
3	6.439957928192	209.2654361	1907.230462	0	-546344.8951	-4182237.76	0	0	0	218.6820135	233.7959056	1.895	-546344.9226	-4182238.498	0	293.8745385	293.8745385	-84.185733	290.0425438	-78.93854645	0	0	0	0	0	0	0	0	0	0	0	0
13	6.447984782106	209.2654361	1907.230462	0	-546344.8951	-4182237.76	0	0	0	159.862383	182.4402948	1.895	-546344.8951	-4182237.76	0	8957.975741	8957.975741	-113.8666914	8841.16768	-133.9873241	0	0	0	0	0	0	0	0	0	0	0	0
7	6.519802985189	210.5375229	1906.326592	0	-546344.8951	-4182237.76	0	0	0	198.0461715	213.6712585	1.895	-546344.9226	-4182238.498	0	2199.271429	2199.271429	-101.6680704	2170.593898	-109.724869	0	0	0	0	0	0	0	0	0	0	0	0
5	6.528797324758	210.5375229	1906.326592	0	-546344.8951	-4182237.76	0	0	0	203.5402964	222.3361096	1.895	-546344.8951	-4182237.76	0	1404.357193	1404.357193	-97.77204546	1386.044993	-102.0778974	0	0	0	0	0	0	0	0	0	0	0	0
9	6.531111553067	210.5375229	1906.326592	0	-546344.8951	-4182237.76	0	0	0	183.6016828	201.2939148	1.895	-546344.8951	-4182237.76	0	4341.592884	4341.592884	-107.5754757	4284.980424	-121.4439876	0	0	0	0	0	0	0	0	0	0	0	0
11	6.538561273145	210.5375229	1906.326592	0	-546344.8951	-4182237.76	0	0	0	172.1627856	195.049885	1.895	-546344.8951	-4182237.76	0	6205.991112	6205.991112	-110.6787168	6125.06772	-127.626711	0	0	0	0	0	0	0	0	0	0	0	0
3	6.539957928192	210.5375229	1906.326592	0	-546344.8951	-4182237.76	0	0	0	219.9334064	234.7253734	1.895	-546344.9226	-4182238.498	0	294.1548669	294.1548669	-84.19401457	290.3192169	-78.94696329	0	0	0	0	0	0	0	0	0	0	0	0
13	6.547984782106	210.5375229	1906.326592	0	-546344.8951	-4182237.76	0	0	0	160.8134205	183.4497759	1.895	-546344.8951	-4182237.76	0	8993.507743	8993.507743	-113.9010761	8876.23636	-134.0559629	0	0	0	0	0	0	0	0	0	0	0	0
7	6.619802985189	211.8167738	1905.417631	0	-546344.8951	-4182237.76	0	0	0	199.2605115	214.6500787	1.895	-546344.9226	-4182238.498	0	2200.211544	2200.211544	-101.6717826	2171.521754	-109.7321981	0	0	0	0	0	0	0	0	0	0	0	0
5	6.628797324758	211.8167738	1905.417631	0	-546344.8951	-4182237.76	0	0	0	204.7069926	223.2771967	1.895	-546344.8951	-4182237.76	0	1410.320374	1410.320374	-97.8088494	1391.930417	-102.1495886	0	0	0	0	0	0	0	0	0	0	0	0
9	6.631111553067	211.8167738	1905.417631	0	-546344.8951	-4182237.76	0	0	0	184.7047078	202.2482884	1.895	-546344.8951	-4182237.76	0	4356.247952	4356.247952	-107.6047456	4299.444396	-121.5022463	0	0	0	0	0	0	0	0	0	0	0	0
11	6.638561273145	211.8167738	1905.417631	0	-546344.8951	-4182237.76	0	0	0	173.285289	196.1245624	1.895	-546344.8951	-4182237.76	0	6210.401888	6210.401888	-110.6848879	6129.42098	-127.6390161	0	0	0	0	0	0	0	0	0	0	0	0
3	6.639957928192	211.8167738	1905.417631	0	-546344.8951	-4182237.76	0	0	0	221.184515	235.6546301	1.895	-546344.9226	-4182238.498	0	294.7454089	294.7454089	-84.21143478	290.9020584	-78.96472544	0	0	0	0	0	0	0	0	0	0	0	0
