7	6.119802985189	132.0367638	1968.728966	0	-546344.8951	-4182237.76	0	0	0	193.2501531	209.6420894	1.895	-546344.9226	-4182238.498	0	2223.513296	2223.513296	-101.7632884	2194.519662	-109.9128819	0	0	0	0	0	0	0	0	0	0	0	0
1	6.121182739839	132.0367638	1968.728966	0	-546344.8951	-4182237.76	0	0	0	230.4417406	238.2226442	1.895	-546344.8951	-4182237.76	0	8843.568285	8843.568285	-113.7550445	8728.252047	-133.764458	0	0	0	0	0	0	0	0	0	0	0	0
5	6.128797324758	132.0367638	1968.728966	0	-546344.8951	-4182237.76	0	0	0	198.9074055	218.5991014	1.895	-546344.8951	-4182237.76	0	3286.504865	3286.504865	-105.1571794	3243.650288	-116.6357786	0	0	0	0	0	0	0	0	0	0	0	0
9	6.131111553067	132.0367638	1968.728966	0	-546344.8951	-4182237.76	0	0	0	179.3316871	197.3445987	1.895	-546344.8951	-4182237.76	0	817.6012282	817.6012282	-93.07332451	806.940068	-93.08222522	0	0	0	0	0	0	0	0	0	0	0	0
11	6.138561273145	132.0367638	1968.728966	0	-546344.8951	-4182237.76	0	0	0	167.6899647	190.7489011	1.895	-546344.8951	-4182237.76	0	241.3585436	241.3585436	-82.47574733	238.2113344	-77.66232469	0	0	0	0	0	0	0	0	0	0	0	0
3	6.139957928192	132.0367638	1968.728966	0	-546344.8951	-4182237.76	0	0	0	214.935112	231.0129071	1.895	-546344.9226	-4182238.498	0	6011.876797	6011.876797	-110.4026952	5933.484569	-127.0763601	0	0	0	0	0	0	0	0	0	0	0	0
7	6.219802985189	132.0367638	1968.728966	0	-546344.8951	-4182237.76	0	0	0	194.4353651	210.6675739	1.895	-546344.9226	-4182238.498	0	2242.488751	2242.488751	-101.8370993	2213.247685	-110.0586529	0	0	0	0	0	0	0	0	0	0	0	0
1	6.221182739839	132.0367638	1968.728966	0	-546344.8951	-4182237.76	0	0	0	231.711905	239.1251484	1.895	-546344.8951	-4182237.76	0	8879.927299	8879.927299	-113.790682	8764.136955	-133.8355958	0	0	0	0	0	0	0	0	0	0	0	0
5	6.228797324758	132.0367638	1968.728966	0	-546344.8951	-4182237.76	0	0	0	200.0645135	219.5324543	1.895	-546344.8951	-4182237.76	0	3299.058847	3299.058847	-105.190295	3256.040572	-116.7015416	0	0	0	0	0	0	0	0	0	0	0	0
9	6.231111553067	132.0367638	1968.728966	0	-546344.8951	-4182237.76	0	0	0	180.37388	198.3436603	1.895	-546344.8951	-4182237.76	0	821.9009815	821.9009815	-93.11888378	811.1837544	-93.16736127	0	0	0	0	0	0	0	0	0	0	0	0
11	6.238561273145	132.0367638	1968.728966	0	-546344.8951	-4182237.76	0	0	0	168.799257	191.8296646	1.895	-546344.8951	-4182237.76	0	246.7044769	246.7044769	-82.66603441	243.4875591	-77.75008058	0	0	0	0	0	0	0	0	0	0	0	0
3	6.239957928192	132.0367638	1968.728966	0	-546344.8951	-4182237.76	0	0	0	216.1811831	231.9384223	1.895	-546344.9226	-4182238.498	0	6039.109865	6039.109865	-110.4419524	5960.362531	-127.1546296	0	0	0	0	0	0	0	0	0	0	0	0
7	6.319802985189	132.9805546	1967.727177	0	-546344.8951	-4182237.76	0	0	0	195.6203042	211.6928223	1.895	-546344.9226	-4182238.498	0	2261.803969	2261.803969	-101.911593	2232.311041	-110.2057968	0	0	0	0	0	0	0	0	0	0	0	0
1	6.321182739839	132.9805546	1967.727177	0	-546344.8951	-4182237.76	0	0	0	232.9881454	240.03197	1.895	-546344.8951	-4182237.76	0	8918.432633	8918.432633	-113.8282645	8802.140196	-133.9106168	0	0	0	0	0	0	0	0	0	0	0	0
5	6.328797324758	132.9805546	1967.727177	0	-546344.8951	-4182237.76	0	0	0	201.2170648	220.4621316	1.895	-546344.8951	-4182237.76	0	3311.352836	3311.352836	-105.222603	3268.174252	-116.765703	0	0	0	0	0	0	0	0	0	0	0	0
9	6.331111553067	132.9805546	1967.727177	0	-546344.8951	-4182237.76	0	0	0	181.4208869	199.3473367	1.895	-546344.8951	-4182237.76	0	826.7565564	826.7565564	-93.17004676	815.9760148	-93.26303511	0	0	0	0	0	0	0	0	0	0	0	0
11	6.338561273145	132.9805546	1967.727177	0	-546344.8951	-4182237.76	0	0	0	169.9174602	192.900225	1.895	-546344.8951	-4182237.76	0	252.1659104	252.1659104	-82.8562213	248.8777779	-77.85361631	0	0	0	0	0	0	0	0	0	0	0	0
3	6.339957928192	132.9805546	1967.727177	0	-546344.8951	-4182237.76	0	0	0	217.4315565	232.8671329	1.895	-546344.9226	-4182238.498	0	6067.790759	6067.790759	-110.4831057	5988.669438	-127.236681	0	0	0	0	0	0	0	0	0	0	0	0
7	6.419802985189	133.9224823	1966.727365	0	-546344.8951	-4182237.76	0	0	0	196.8280829	212.6894167	1.895	-546344.9226	-4182238.498	0	2281.47235	2281.47235	-101.986798	2251.722955	-110.3543697	0	0	0	0	0	0	0	0	0	0	0	0
1	6.421182739839	133.9224823	1966.727365	0	-546344.8951	-4182237.76	0	0	0	234.2654361	240.9395378	1.895	-546344.8951	-4182237.76	0	8957.975741	8957.975741	-113.8666914	8841.16768	-133.9873241	0	0	0	0	0	0	0	0	0	0	0	0
5	6.428797324758	133.9224823	1966.727365	0	-546344.8951	-4182237.76	0	0	0	202.3807105	221.400758	1.895	-546344.8951	-4182237.76	0	3325.725875	3325.725875	-105.2602228	3282.359873	-116.8404165	0	0	0	0	0	0	0	0	0	0	0	0
9	6.431111553067	133.9224823	1966.727365	0	-546344.8951	-4182237.76	0	0	0	182.4967763	200.3379132	1.895	-546344.8951	-4182237.76	0	832.6405051	832.6405051	-93.23164448	821.7832394	-93.37831364	0	0	0	0	0	0	0	0	0	0	0	0
11	6.438561273145	133.9224823	1966.727365	0	-546344.8951	-4182237.76	0	0	0	171.0405568	193.9754704	1.895	-546344.8951	-4182237.76	0	258.0118476	258.0118476	-83.05528678	254.6474867	-77.97773411	0	0	0	0	0	0	0	0	0	0	0	0
3	6.439957928192	133.9224823	1966.727365	0	-546344.8951	-4182237.76	0	0	0	218.6820135	233.7959056	1.895	-546344.9226	-4182238.498	0	6097.147703	6097.147703	-110.5250281	6017.64358	-127.3202674	0	0	0	0	0	0	0	0	0	0	0	0
7	6.519802985189	134.862383	1965.729705	0	-546344.8951	-4182237.76	0	0	0	198.0461715	213.6712585	1.895	-546344.9226	-4182238.498	0	2299.615762	2299.615762	-102.0555993	2269.629785	-110.4903128	0	0	0	0	0	0	0	0	0	0	0	0
1	6.521182739839	134.862383	1965.729705	0	-546344.8951	-4182237.76	0	0	0	235.5375229	241.843408	1.895	-546344.8951	-4182237.76	0	8993.507743	8993.507743	-113.9010761	8876.23636	-134.0559629	0	0	0	0	0	0	0	0	0	0	0	0
5	6.528797324758	134.862383	1965.729705	0	-546344.8951	-4182237.76	0	0	0	203.5402964	222.3361096	1.895	-546344.8951	-4182237.76	0	3337.732872	3337.732872	-105.2915253	3294.210305	-116.9025863	0	0	0	0	0	0	0	0	0	0	0	0
9	6.531111553067	134.862383	1965.729705	0	-546344.8951	-4182237.76	0	0	0	183.6016828	201.2939148	1.895	-546344.8951	-4182237.76	0	837.7181903	837.7181903	-93.28445272	826.7947138	-93.47722184	0	0	0	0	0	0	0	0	0	0	0	0
11	6.538561273145	134.862383	1965.729705	0	-546344.8951	-4182237.76	0	0	0	172.1627856	195.049885	1.895	-546344.8951	-4182237.76	0	263.37062	263.37062	-83.23384032	259.936383	-78.10184076	0	0	0	0	0	0	0	0	0	0	0	0
3	6.539957928192	134.862383	1965.729705	0	-546344.8951	-4182237.76	0	0	0	219.9334064	234.7253734	1.895	-546344.9226	-4182238.498	0	6124.359633	6124.359633	-110.5637075	6044.500679	-127.3973891	0	0	0	0	0	0	0	0	0	0	0	0
7	6.619802985189	135.8134205	1964.720224	0	-546344.8951	-4182237.76	0	0	0	199.2605115	214.6500787	1.895	-546344.9226	-4182238.498	0	2316.958207	2316.958207	-102.1208578	2286.746092	-110.619274	0	0	0	0	0	0	0	0	0	0	0	0
1	6.621182739839	135.8134205	1964.720224	0	-546344.8951	-4182237.76	0	0	0	236.8167738	242.7523687	1.895	-546344.8951	-4182237.76	0	9029.988821	9029.988821	-113.9362381	8912.241741	-134.1261542	0	0	0	0	0	0	0	0	0	0	0	0
5	6.628797324758	135.8134205	1964.720224	0	-546344.8951	-4182237.76	0	0	0	204.7069926	223.2771967	1.895	-546344.8951	-4182237.76	0	3350.311059	3350.311059	-105.3241964	3306.624478	-116.9674765	0	0	0	0	0	0	0	0	0	0	0	0
9	6.631111553067	135.8134205	1964.720224	0	-546344.8951	-4182237.76	0	0	0	184.7047078	202.2482884	1.895	-546344.8951	-4182237.76	0	842.4151129	842.4151129	-93.33301679	831.4303906	-93.56824441	0	0	0	0	0	0	0	0	0	0	0	0
11	6.638561273145	135.8134205	1964.720224	0	-546344.8951	-4182237.76	0	0	0	173.285289	196.1245624	1.895	-546344.8951	-4182237.76	0	268.6433998	268.6433998	-83.4060173	265.1404081	-78.23222825	0	0	0	0	0	0	0	0	0	0	0	0
