0	1.129642230819	95.22237122	6.267653339	0	-546344.8951	-4182237.76	0	0	0	129.3257815	2122.936046	1.895	-546344.8951	-4182237.76	0	442.5926396	442.5926396	-87.74257755	436.8214264	-83.72671594	0	0	0	0	0	0	0	0	0	0	0	0
0	1.229642230819	95.22237122	6.267653339	0	-546344.8951	-4182237.76	0	0	0	129.5924971	2120.961874	1.895	-546344.8951	-4182237.76	0	409.1482982	409.1482982	-87.06010878	403.8131844	-82.66926633	0	0	0	0	0	0	0	0	0	0	0	0
0	1.329642230819	98.73112777	7.848563352	0	-546344.8951	-4182237.76	0	1	0	129.8695191	2118.98674	1.895	-546344.8951	-4182237.76	0	408.9166231	408.9166231	-87.05518912	403.5845303	-82.66182416	0	0	0	0	0	0	0	0	0	0	0	0
0	1.429642230819	98.96591158	9.84252442	0	-546344.8951	-4182237.76	0	1	0	130.1742768	2117.019668	1.895	-546344.8951	-4182237.76	0	408.7242799	408.7242799	-87.05110255	403.3946952	-82.65564434	0	0	0	0	0	0	0	0	0	0	0	0
0	1.529642230819	99.2006485	11.83608722	0	-546344.8951	-4182237.76	0	0	0	130.4792069	2115.051483	1.895	-546344.8951	-4182237.76	0	408.3065491	408.3065491	-87.04222072	402.9824114	-82.64221954	0	0	0	0	0	0	0	0	0	0	0	0
0	1.629642230819	99.45855303	13.82970529	0	-546344.8951	-4182237.76	0	0	0	130.7842742	2113.082412	1.895	-546344.8951	-4182237.76	0	408.0184734	408.0184734	-87.03609033	402.6980921	-82.63295875	0	0	0	0	0	0	0	0	0	0	0	0
0	1.729642230819	99.72750494	15.81755874	0	-546344.8951	-4182237.76	0	0	0	131.0895832	2111.111781	1.895	-546344.8951	-4182237.76	0	407.8209962	407.8209962	-87.03188543	402.5031899	-82.62660913	0	0	0	0	0	0	0	0	0	0	0	0
0	1.829642230819	99.99637515	17.80480835	0	-546344.8951	-4182237.76	0	0	0	131.3950841	2109.139912	1.895	-546344.8951	-4182237.76	0	407.7802408	407.7802408	-87.03101736	402.462966	-82.62529856	0	0	0	0	0	0	0	0	0	0	0	0
0	1.929642230819	100.2648965	19.78947928	0	-546344.8951	-4182237.76	0	0	0	131.7002352	2107.1703	1.895	-546344.8951	-4182237.76	0	407.5566701	407.5566701	-87.02625391	402.2423105	-82.61810841	0	0	0	0	0	0	0	0	0	0	0	0
0	2.029642230819	100.5337372	21.77651122	0	-546344.8951	-4182237.76	0	0	0	132.0089844	2105.19756	1.895	-546344.8951	-4182237.76	0	407.2783365	407.2783365	-87.02032001	401.9676063	-82.60915517	0	0	0	0	0	0	0	0	0	0	0	0
0	2.129642230819	100.8033301	23.7691019	0	-546344.8951	-4182237.76	0	0	0	132.3722195	2103.237543	1.895	-546344.8951	-4182237.76	0	407.2408228	407.2408228	-87.01951993	401.9305817	-82.6079483	0	0	0	0	0	0	0	0	0	0	0	0
4	2.143255128199	100.8033301	23.7691019	0	-546344.8951	-4182237.76	0	0	0	126.7714498	2142.717566	1.895	-546344.8951	-4182237.76	0	412.9120536	412.9120536	-87.13964502	407.5278621	-82.78996138	0	0	0	0	0	0	0	0	0	0	0	0
0	2.229642230819	101.0727827	25.76065644	0	-546344.8951	-4182237.76	0	0	0	132.7357359	2101.276009	1.895	-546344.8951	-4182237.76	0	407.2582418	407.2582418	-87.01989144	401.9477736	-82.6085087	0	0	0	0	0	0	0	0	0	0	0	0
4	2.243255128199	101.0727827	25.76065644	0	-546344.8951	-4182237.76	0	0	1	127.0045569	2140.730201	1.895	-546344.8951	-4182237.76	0	413.0593778	413.0593778	-87.14274353	407.6732653	-82.79467761	0	0	0	0	0	0	0	0	0	0	0	0
0	2.329642230819	101.3423245	27.75286951	0	-546344.8951	-4182237.76	0	0	0	133.0984833	2099.318624	1.895	-546344.8951	-4182237.76	0	407.0861809	407.0861809	-87.016221	401.7779563	-82.60297283	0	0	0	0	0	0	0	0	0	0	0	0
4	2.343255128199	101.3423245	27.75286951	0	-546344.8951	-4182237.76	0	0	1	127.2365289	2138.752513	1.895	-546344.8951	-4182237.76	0	413.4738857	413.4738857	-87.15145551	408.0823682	-82.80794377	0	0	0	0	0	0	0	0	0	0	0	0
0	2.429642230819	101.623212	29.74229305	0	-546344.8951	-4182237.76	0	0	0	133.4624256	2097.354792	1.895	-546344.8951	-4182237.76	0	407.1093643	407.1093643	-87.01671564	401.8008373	-82.60371877	0	0	0	0	0	0	0	0	0	0	0	0
4	2.443255128199	101.623212	29.74229305	0	-546344.8951	-4182237.76	0	0	0	127.4685013	2136.774821	1.895	-546344.8951	-4182237.76	0	413.5900423	413.5900423	-87.15389528	408.1970102	-82.81166043	0	0	0	0	0	0	0	0	0	0	0	0
0	2.529642230819	101.9300537	31.72496263	0	-546344.8951	-4182237.76	0	0	0	133.8258261	2095.393882	1.895	-546344.8951	-4182237.76	0	406.8401562	406.8401562	-87.01097005	401.5351396	-82.59505587	0	0	0	0	0	0	0	0	0	0	0	0
4	2.543255128199	101.9300537	31.72496263	0	-546344.8951	-4182237.76	0	0	0	127.7233678	2134.796768	1.895	-546344.8951	-4182237.76	0	413.907075	413.907075	-87.1605508	408.509909	-82.82180256	0	0	0	0	0	0	0	0	0	0	0	0
0	2.629642230819	102.2375927	33.71213756	0	-546344.8951	-4182237.76	0	0	0	134.190495	2093.426129	1.895	-546344.8951	-4182237.76	0	406.8930006	406.8930006	-87.01209819	401.587295	-82.59675651	0	0	0	0	0	0	0	0	0	0	0	0
4	2.643255128199	102.2375927	33.71213756	0	-546344.8951	-4182237.76	0	0	0	127.9902314	2132.821502	1.895	-546344.8951	-4182237.76	0	414.3164255	414.3164255	-87.16913683	408.9139217	-82.83489373	0	0	0	0	0	0	0	0	0	0	0	0
0	2.729642230819	102.5449893	35.69839221	0	-546344.8951	-4182237.76	0	0	0	134.5581935	2091.46477	1.895	-546344.8951	-4182237.76	0	406.9756587	406.9756587	-87.0138625	401.6688753	-82.59941648	0	0	0	0	0	0	0	0	0	0	0	0
4	2.743255128199	102.5449893	35.69839221	0	-546344.8951	-4182237.76	0	0	0	128.258329	2130.8371	1.895	-546344.8951	-4182237.76	0	414.1306571	414.1306571	-87.16524143	408.7305756	-82.82895339	0	0	0	0	0	0	0	0	0	0	0	0
0	2.829642230819	102.8515171	37.67903337	0	-546344.8951	-4182237.76	0	0	0	134.9460777	2089.501107	1.895	-546344.8951	-4182237.76	0	407.4414161	407.4414161	-87.02379725	402.1285593	-82.61440125	0	0	0	0	0	0	0	0	0	0	0	0
4	2.843255128199	102.8515171	37.67903337	0	-546344.8951	-4182237.76	0	0	0	128.5253622	2128.860578	1.895	-546344.8951	-4182237.76	0	414.2539219	414.2539219	-87.16782638	408.852233	-82.83289516	0	0	0	0	0	0	0	0	0	0	0	0
0	2.929642230819	103.1579923	39.65933479	0	-546344.8951	-4182237.76	0	0	0	135.3325798	2087.54444	1.895	-546344.8951	-4182237.76	0	407.6366882	407.6366882	-87.02795909	402.3212852	-82.62068199	0	0	0	0	0	0	0	0	0	0	0	0
4	2.943255128199	103.1579923	39.65933479	0	-546344.8951	-4182237.76	0	0	0	128.7925182	2126.883146	1.895	-546344.8951	-4182237.76	0	414.3429632	414.3429632	-87.16969315	408.9401133	-82.83574225	0	0	0	0	0	0	0	0	0	0	0	0
0	3.029642230819	103.4644659	41.63962613	0	-546344.8951	-4182237.76	0	0	0	135.7201069	2085.582584	1.895	-546344.8951	-4182237.76	0	407.8988654	407.8988654	-87.03354375	402.5800437	-82.62911303	0	0	0	0	0	0	0	0	0	0	0	0
4	3.043255128199	103.4644659	41.63962613	0	-546344.8951	-4182237.76	0	0	0	129.0596021	2124.906249	1.895	-546344.8951	-4182237.76	0	414.5273522	414.5273522	-87.17355765	409.1220979	-82.84163736	0	0	0	0	0	0	0	0	0	0	0	0
0	3.129642230819	103.7773426	43.62173957	0	-546344.8951	-4182237.76	0	0	0	136.106601	2083.625958	1.895	-546344.8951	-4182237.76	0	407.5258237	407.5258237	-87.02559648	402.2118663	-82.61711627	0	0	0	0	0	0	0	0	0	0	0	0
6	3.133742367255	103.7773426	43.62173957	0	-546344.8951	-4182237.76	0	0	0	123.4964282	2142.314683	1.895	-546344.8951	-4182237.76	0	1611.197602	1611.197602	-98.96546994	1590.188294	-104.4088757	0	0	0	0	0	0	0	0	0	0	0	0
4	3.143255128199	103.7773426	43.62173957	0	-546344.8951	-4182237.76	0	0	0	129.3272167	2122.925423	1.895	-546344.8951	-4182237.76	0	414.2116295	414.2116295	-87.16693956	408.8104922	-82.83154278	0	0	0	0	0	0	0	0	0	0	0	0
0	3.229642230819	104.142772	45.59593147	0	-546344.8951	-4182237.76	0	0	0	136.494707	2081.661171	1.895	-546344.8951	-4182237.76	0	407.8022491	407.8022491	-87.03148614	402.4846873	-82.62600628	0	0	0	0	0	0	0	0	0	0	0	0
6	3.233742367255	104.142772	45.59593147	0	-546344.8951	-4182237.76	0	0	1	123.7311643	2140.321126	1.895	-546344.8951	-4182237.76	0	1610.514069	1610.514069	-98.96178426	1589.513674	-104.4016585	0	0	0	0	0	0	0	0	0	0	0	0
4	3.243255128199	104.142772	45.59593147	0	-546344.8951	-4182237.76	0	0	0	129.5952127	2120.941774	1.895	-546344.8951	-4182237.76	0	413.4825972	413.4825972	-87.15163851	408.0909661	-82.80822252	0	0	0	0	0	0	0	0	0	0	0	0
0	3.329642230819	104.5067542	47.56230537	0	-546344.8951	-4182237.76	0	0	0	136.8806447	2079.707361	1.895	-546344.8951	-4182237.76	0	407.490925	407.490925	-87.02485263	402.1774227	-82.61599376	0	0	0	0	0	0	0	0	0	0	0	0
6	3.333742367255	104.5067542	47.56230537	0	-546344.8951	-4182237.76	0	0	1	123.966315	2138.324049	1.895	-546344.8951	-4182237.76	0	1609.868802	1609.868802	-98.95830349	1588.876821	-104.3948426	0	0	0	0	0	0	0	0	0	0	0	0
4	3.343255128199	104.5067542	47.56230537	0	-546344.8951	-4182237.76	0	0	0	129.8729802	2118.9644	1.895	-546344.8951	-4182237.76	0	413.17094	413.17094	-87.14508917	407.7833728	-82.7982486	0	0	0	0	0	0	0	0	0	0	0	0
0	3.429642230819	104.8713892	49.53220642	0	-546344.8951	-4182237.76	0	0	0	137.2687346	2077.742656	1.895	-546344.8951	-4182237.76	0	407.3040825	407.3040825	-87.02086907	401.9930166	-82.60998344	0	0	0	0	0	0	0	0	0	0	0	0
6	3.433742367255	104.8713892	49.53220642	0	-546344.8951	-4182237.76	0	0	0	124.2006922	2136.333542	1.895	-546344.8951	-4182237.76	0	1610.433342	1610.433342	-98.96134887	1589.434	-104.4008059	0	0	0	0	0	0	0	0	0	0	0	0
4	3.443255128199	104.8713892	49.53220642	0	-546344.8951	-4182237.76	0	0	0	130.1795567	2116.985588	1.895	-546344.8951	-4182237.76	0	413.1331853	413.1331853	-87.14429543	407.7461104	-82.79704015	0	0	0	0	0	0	0	0	0	0	0	0
0	3.529642230819	105.2374866	51.51000705	0	-546344.8951	-4182237.76	0	0	0	137.705628	2075.794574	1.895	-546344.8951	-4182237.76	0	407.6584926	407.6584926	-87.02842369	402.3428053	-82.62138324	0	0	0	0	0	0	0	0	0	0	0	0
6	3.533742367255	105.2374866	51.51000705	0	-546344.8951	-4182237.76	0	0	0	124.4586383	2134.339665	1.895	-546344.8951	-4182237.76	0	1609.511997	1609.511997	-98.95637817	1588.524669	-104.3910725	0	0	0	0	0	0	0	0	0	0	0	0
4	3.543255128199	105.2374866	51.51000705	0	-546344.8951	-4182237.76	0	0	0	130.4859756	2115.007794	1.895	-546344.8951	-4182237.76	0	412.6634268	412.6634268	-87.13441341	407.2824773	-82.78200078	0	0	0	0	0	0	0	0	0	0	0	0
0	3.629642230819	105.6013977	53.47599724	0	-546344.8951	-4182237.76	0	0	0	138.1610093	2073.846983	1.895	-546344.8951	-4182237.76	0	408.2201757	408.2201757	-87.04038311	402.8971643	-82.63944312	0	0	0	0	0	0	0	0	0	0	0	0
6	3.633742367255	105.6013977	53.47599724	0	-546344.8951	-4182237.76	0	0	0	124.7276936	2132.351047	1.895	-546344.8951	-4182237.76	0	1608.996001	1608.996001	-98.9535931	1588.015401	-104.385619	0	0	0	0	0	0	0	0	0	0	0	0
4	3.643255128199	105.6013977	53.47599724	0	-546344.8951	-4182237.76	0	0	0	130.7912577	2113.037337	1.895	-546344.8951	-4182237.76	0	412.5504847	412.5504847	-87.13203584	407.171008	-82.77838399	0	0	0	0	0	0	0	0	0	0	0	0
0	3.729642230819	105.9655434	55.44325442	0	-546344.8951	-4182237.76	0	0	0	138.6143284	2071.908211	1.895	-546344.8951	-4182237.76	0	408.3915386	408.3915386	-87.04402851	403.0662926	-82.64495127	0	0	0	0	0	0	0	0	0	0	0	0
6	3.733742367255	105.9655434	55.44325442	0	-546344.8951	-4182237.76	0	0	0	124.9970085	2130.360511	1.895	-546344.8951	-4182237.76	0	1608.34735	1608.34735	-98.95009076	1587.375208	-104.3787611	0	0	0	0	0	0	0	0	0	0	0	0
4	3.743255128199	105.9655434	55.44325442	0	-546344.8951	-4182237.76	0	0	0	131.0977257	2111.059225	1.895	-546344.8951	-4182237.76	0	412.1042841	412.1042841	-87.12263639	406.7306256	-82.7640916	0	0	0	0	0	0	0	0	0	0	0	0
0	3.829642230819	106.3347752	57.40974274	0	-546344.8951	-4182237.76	0	0	0	139.0703211	2069.958005	1.895	-546344.8951	-4182237.76	0	408.5086	408.5086	-87.04651788	403.1818276	-82.64871354	0	0	0	0	0	0	0	0	0	0	0	0
6	3.833742367255	106.3347752	57.40974274	0	-546344.8951	-4182237.76	0	0	0	125.2651661	2128.378528	1.895	-546344.8951	-4182237.76	0	1609.186574	1609.186574	-98.95462181	1588.203489	-104.3876334	0	0	0	0	0	0	0	0	0	0	0	0
4	3.843255128199	106.3347752	57.40974274	0	-546344.8951	-4182237.76	0	0	0	131.4030574	2109.088447	1.895	-546344.8951	-4182237.76	0	412.2420527	412.2420527	-87.12553964	406.8665978	-82.76850511	0	0	0	0	0	0	0	0	0	0	0	0
0	3.929642230819	106.7239917	59.38276081	0	-546344.8951	-4182237.76	0	0	0	139.5255612	2068.011018	1.895	-546344.8951	-4182237.76	0	408.7950908	408.7950908	-87.05260724	403.4645827	-82.65791955	0	0	0	0	0	0	0	0	0	0	0	0
6	3.933742367255	106.7239917	59.38276081	0	-546344.8951	-4182237.76	0	0	0	125.5336949	2126.393802	1.895	-546344.8951	-4182237.76	0	1609.245042	1609.245042	-98.9549374	1588.261195	-104.3882513	0	0	0	0	0	0	0	0	0	0	0	0
4	3.943255128199	106.7239917	59.38276081	0	-546344.8951	-4182237.76	0	0	0	131.7093486	2107.111477	1.895	-546344.8951	-4182237.76	0	411.848552	411.848552	-87.11724467	406.4782281	-82.75589762	0	0	0	0	0	0	0	0	0	0	0	0
0	4.029642230819	107.111789	61.34858428	0	-546344.8951	-4182237.76	0	0	0	139.9804918	2066.065354	1.895	-546344.8951	-4182237.76	0	408.988215	408.988215	-87.05670968	403.6551887	-82.66412409	0	0	0	0	0	0	0	0	0	0	0	0
6	4.033742367255	107.111789	61.34858428	0	-546344.8951	-4182237.76	0	0	0	125.8034373	2124.400105	1.895	-546344.8951	-4182237.76	0	1608.705298	1608.705298	-98.95202365	1587.728489	-104.3825459	0	0	0	0	0	0	0	0	0	0	0	0
4	4.043255128199	107.111789	61.34858428	0	-546344.8951	-4182237.76	0	0	0	132.0209368	2105.133065	1.895	-546344.8951	-4182237.76	0	411.4540427	411.4540427	-87.10892048	406.0888631	-82.74325343	0	0	0	0	0	0	0	0	0	0	0	0
8	4.125135477225	107.4998236	63.31561122	0	-546344.8951	-4182237.76	0	0	0	126.7714498	2142.717566	1.895	-546344.8951	-4182237.76	0	3617.037686	3617.037686	-105.9895545	3569.873106	-118.2894925	0	0	0	0	0	0	0	0	0	0	0	0
0	4.129642230819	107.4998236	63.31561122	0	-546344.8951	-4182237.76	0	0	0	140.435662	2064.118666	1.895	-546344.8951	-4182237.76	0	409.2419709	409.2419709	-87.06209715	403.9056357	-82.67227498	0	0	0	0	0	0	0	0	0	0	0	0
6	4.133742367255	107.4998236	63.31561122	0	-546344.8951	-4182237.76	0	0	0	126.0727441	2122.409629	1.895	-546344.8951	-4182237.76	0	1608.437869	1608.437869	-98.95057959	1587.464547	-104.3797183	0	0	0	0	0	0	0	0	0	0	0	0
4	4.143255128199	107.4998236	63.31561122	0	-546344.8951	-4182237.76	0	0	0	132.3836407	2103.175915	1.895	-546344.8951	-4182237.76	0	411.8708846	411.8708846	-87.11771565	406.5002695	-82.75661326	0	0	0	0	0	0	0	0	0	0	0	0
8	4.225135477225	107.887816	65.28242392	0	-546344.8951	-4182237.76	0	0	1	127.0034385	2140.739736	1.895	-546344.8951	-4182237.76	0	3617.922427	3617.922427	-105.9916788	3570.746311	-118.2937148	0	0	0	0	0	0	0	0	0	0	0	0
0	4.229642230819	107.887816	65.28242392	0	-546344.8951	-4182237.76	0	0	0	140.8897997	2062.176394	1.895	-546344.8951	-4182237.76	0	409.2346476	409.2346476	-87.06194172	403.8984079	-82.67203978	0	0	0	0	0	0	0	0	0	0	0	0
6	4.233742367255	107.887816	65.28242392	0	-546344.8951	-4182237.76	0	0	0	126.3414896	2120.423301	1.895	-546344.8951	-4182237.76	0	1608.716201	1608.716201	-98.95208251	1587.73925	-104.3826611	0	0	0	0	0	0	0	0	0	0	0	0
4	4.243255128199	107.887816	65.28242392	0	-546344.8951	-4182237.76	0	0	0	132.7480875	2101.20936	1.895	-546344.8951	-4182237.76	0	411.995909	411.995909	-87.12035187	406.6236637	-82.76061935	0	0	0	0	0	0	0	0	0	0	0	0
8	4.325135477225	108.2762451	67.25144986	0	-546344.8951	-4182237.76	0	0	1	127.2356148	2138.760306	1.895	-546344.8951	-4182237.76	0	3618.57965	3618.57965	-105.9932565	3571.394964	-118.2968507	0	0	0	0	0	0	0	0	0	0	0	0
0	4.329642230819	108.2762451	67.25144986	0	-546344.8951	-4182237.76	0	0	0	141.4075756	2060.243155	1.895	-546344.8951	-4182237.76	0	409.9081962	409.9081962	-87.07622585	404.5631737	-82.69366637	0	0	0	0	0	0	0	0	0	0	0	0
6	4.333742367255	108.2762451	67.25144986	0	-546344.8951	-4182237.76	0	0	0	126.6210187	2118.441879	1.895	-546344.8951	-4182237.76	0	1609.203787	1609.203787	-98.95471472	1588.220478	-104.3878153	0	0	0	0	0	0	0	0	0	0	0	0
4	4.343255128199	108.2762451	67.25144986	0	-546344.8951	-4182237.76	0	0	0	133.112359	2099.243751	1.895	-546344.8951	-4182237.76	0	412.1330545	412.1330545	-87.12324276	406.7590208	-82.76501332	0	0	0	0	0	0	0	0	0	0	0	0
8	4.425135477225	108.6645405	69.21979852	0	-546344.8951	-4182237.76	0	0	0	127.4674921	2136.783425	1.895	-546344.8951	-4182237.76	0	3619.242156	3619.242156	-105.9948466	3572.048831	-118.3000113	0	0	0	0	0	0	0	0	0	0	0	0
0	4.429642230819	108.6645405	69.21979852	0	-546344.8951	-4182237.76	0	0	0	141.9275687	2058.313102	1.895	-546344.8951	-4182237.76	0	410.6503908	410.6503908	-87.09193861	405.2956904	-82.71748252	0	0	0	0	0	0	0	0	0	0	0	0
6	4.433742367255	108.6645405	69.21979852	0	-546344.8951	-4182237.76	0	0	0	126.9270032	2116.464749	1.895	-546344.8951	-4182237.76	0	1609.440586	1609.440586	-98.95599278	1588.454189	-104.3903179	0	0	0	0	0	0	0	0	0	0	0	0
4	4.443255128199	108.6645405	69.21979852	0	-546344.8951	-4182237.76	0	0	0	133.4752526	2097.285577	1.895	-546344.8951	-4182237.76	0	412.4569913	412.4569913	-87.13006719	407.0787336	-82.77538974	0	0	0	0	0	0	0	0	0	0	0	0
8	4.525135477225	109.0522666	71.18526148	0	-546344.8951	-4182237.76	0	0	0	127.7226555	2134.802041	1.895	-546344.8951	-4182237.76	0	3618.47408	3618.47408	-105.9930031	3571.290771	-118.2963471	0	0	0	0	0	0	0	0	0	0	0	0
0	4.529642230819	109.0522666	71.18526148	0	-546344.8951	-4182237.76	0	0	0	142.4478402	2056.382016	1.895	-546344.8951	-4182237.76	0	411.0440231	411.0440231	-87.10026055	405.6841899	-82.73010749	0	0	0	0	0	0	0	0	0	0	0	0
6	4.533742367255	109.0522666	71.18526148	0	-546344.8951	-4182237.76	0	0	0	127.2337427	2114.482739	1.895	-546344.8951	-4182237.76	0	1609.176373	1609.176373	-98.95456675	1588.193421	-104.3875255	0	0	0	0	0	0	0	0	0	0	0	0
4	4.543255128199	109.0522666	71.18526148	0	-546344.8951	-4182237.76	0	0	0	133.8387068	2095.324378	1.895	-546344.8951	-4182237.76	0	412.2689445	412.2689445	-87.12610623	406.8931389	-82.76936654	0	0	0	0	0	0	0	0	0	0	0	0
8	4.625135477225	109.4931352	73.13947992	0	-546344.8951	-4182237.76	0	0	0	127.9903208	2132.82084	1.895	-546344.8951	-4182237.76	0	3617.727729	3617.727729	-105.9912114	3570.554152	-118.2927857	0	0	0	0	0	0	0	0	0	0	0	0
0	4.629642230819	109.4931352	73.13947992	0	-546344.8951	-4182237.76	0	0	0	142.9664771	2054.456998	1.895	-546344.8951	-4182237.76	0	410.9786286	410.9786286	-87.09887857	405.6196482	-82.72801039	0	0	0	0	0	0	0	0	0	0	0	0
6	4.633742367255	109.4931352	73.13947992	0	-546344.8951	-4182237.76	0	0	0	127.541441	2112.494535	1.895	-546344.8951	-4182237.76	0	1608.605641	1608.605641	-98.95148555	1587.630132	-104.3814922	0	0	0	0	0	0	0	0	0	0	0	0
4	4.643255128199	109.4931352	73.13947992	0	-546344.8951	-4182237.76	0	0	0	134.2021229	2093.363385	1.895	-546344.8951	-4182237.76	0	412.0843049	412.0843049	-87.12221528	406.7109069	-82.7634515	0	0	0	0	0	0	0	0	0	0	0	0
8	4.725135477225	109.9500791	75.09269089	0	-546344.8951	-4182237.76	0	0	0	128.2583249	2130.837131	1.895	-546344.8951	-4182237.76	0	3616.323838	3616.323838	-105.9878401	3569.168566	-118.2860849	0	0	0	0	0	0	0	0	0	0	0	0
0	4.729642230819	109.9500791	75.09269089	0	-546344.8951	-4182237.76	0	0	0	143.4871785	2052.524317	1.895	-546344.8951	-4182237.76	0	411.3830911	411.3830911	-87.10742254	406.0188366	-82.74097893	0	0	0	0	0	0	0	0	0	0	0	0
6	4.733742367255	109.9500791	75.09269089	0	-546344.8951	-4182237.76	0	0	0	127.8483248	2110.511594	1.895	-546344.8951	-4182237.76	0	1608.222911	1608.222911	-98.9494187	1587.252392	-104.3774452	0	0	0	0	0	0	0	0	0	0	0	0
4	4.743255128199	109.9500791	75.09269089	0	-546344.8951	-4182237.76	0	0	0	134.5712415	2091.398715	1.895	-546344.8951	-4182237.76	0	411.6164659	411.6164659	-87.11234859	406.2491684	-82.74845969	0	0	0	0	0	0	0	0	0	0	0	0
8	4.825135477225	110.4062106	77.04242947	0	-546344.8951	-4182237.76	0	0	0	128.525933	2128.856353	1.895	-546344.8951	-4182237.76	0	3615.655576	3615.655576	-105.9862349	3568.509018	-118.2828944	0	0	0	0	0	0	0	0	0	0	0	0
0	4.829642230819	110.4062106	77.04242947	0	-546344.8951	-4182237.76	0	0	0	144.004964	2050.602458	1.895	-546344.8951	-4182237.76	0	411.2444708	411.2444708	-87.10449524	405.8820239	-82.73653478	0	0	0	0	0	0	0	0	0	0	0	0
6	4.833742367255	110.4062106	77.04242947	0	-546344.8951	-4182237.76	0	0	0	128.1549192	2108.530522	1.895	-546344.8951	-4182237.76	0	1608.244225	1608.244225	-98.94953381	1587.273428	-104.3776706	0	0	0	0	0	0	0	0	0	0	0	0
4	4.843255128199	110.4062106	77.04242947	0	-546344.8951	-4182237.76	0	0	0	134.9577462	2089.442035	1.895	-546344.8951	-4182237.76	0	411.5585334	411.5585334	-87.11112602	406.1919912	-82.74660283	0	0	0	0	0	0	0	0	0	0	0	0
8	4.925135477225	110.8629265	78.99466634	0	-546344.8951	-4182237.76	0	0	0	128.7936461	2126.874798	1.895	-546344.8951	-4182237.76	0	3615.604448	3615.604448	-105.986112	3568.458557	-118.2826502	0	0	0	0	0	0	0	0	0	0	0	0
0	4.929642230819	110.8629265	78.99466634	0	-546344.8951	-4182237.76	0	0	0	144.5226987	2048.680788	1.895	-546344.8951	-4182237.76	0	410.8946795	410.8946795	-87.09710416	405.5367937	-82.7253181	0	0	0	0	0	0	0	0	0	0	0	0
6	4.933742367255	110.8629265	78.99466634	0	-546344.8951	-4182237.76	0	0	0	128.4619248	2106.546794	1.895	-546344.8951	-4182237.76	0	1608.524763	1608.524763	-98.95104882	1587.550308	-104.3806371	0	0	0	0	0	0	0	0	0	0	0	0
4	4.943255128199	110.8629265	78.99466634	0	-546344.8951	-4182237.76	0	0	0	135.3436494	2087.4884	1.895	-546344.8951	-4182237.76	0	411.8481169	411.8481169	-87.11723549	406.4777987	-82.75588368	0	0	0	0	0	0	0	0	0	0	0	0
8	5.025135477225	111.3208584	80.9521004	0	-546344.8951	-4182237.76	0	0	0	129.0609973	2124.895922	1.895	-546344.8951	-4182237.76	0	3615.474966	3615.474966	-105.985801	3568.330763	-118.282032	0	0	0	0	0	0	0	0	0	0	0	0
0	5.029642230819	111.3208584	80.9521004	0	-546344.8951	-4182237.76	0	0	0	145.0564617	2046.755069	1.895	-546344.8951	-4182237.76	0	411.1282818	411.1282818	-87.10204087	405.7673499	-82.73280935	0	0	0	0	0	0	0	0	0	0	0	0
6	5.033742367255	111.3208584	80.9521004	0	-546344.8951	-4182237.76	0	0	0	128.7750618	2104.560583	1.895	-546344.8951	-4182237.76	0	1608.239211	1608.239211	-98.94950673	1587.268479	-104.3776175	0	0	0	0	0	0	0	0	0	0	0	0
4	5.043255128199	111.3208584	80.9521004	0	-546344.8951	-4182237.76	0	0	0	135.7299983	2085.532509	1.895	-546344.8951	-4182237.76	0	411.8964211	411.8964211	-87.11825417	406.525473	-82.75743154	0	0	0	0	0	0	0	0	0	0	0	0
10	5.118046723364	111.777882	82.90565242	0	-546344.8951	-4182237.76	0	0	0	120.2223712	2141.902347	1.895	-546344.8951	-4182237.76	0	6465.103469	6465.103469	-111.0340034	6380.801366	-128.3352049	0	0	0	0	0	0	0	0	0	0	0	0
8	5.125135477225	111.777882	82.90565242	0	-546344.8951	-4182237.76	0	0	0	129.3288724	2122.913168	1.895	-546344.8951	-4182237.76	0	3614.237561	3614.237561	-105.9828277	3567.109494	-118.2761223	0	0	0	0	0	0	0	0	0	0	0	0
0	5.129642230819	111.777882	82.90565242	0	-546344.8951	-4182237.76	0	0	0	145.6013483	2044.83452	1.895	-546344.8951	-4182237.76	0	411.6064271	411.6064271	-87.11213675	406.2392604	-82.74813793	0	0	0	0	0	0	0	0	0	0	0	0
6	5.133742367255	111.777882	82.90565242	0	-546344.8951	-4182237.76	0	0	0	129.1392367	2102.593167	1.895	-546344.8951	-4182237.76	0	1608.168499	1608.168499	-98.94912482	1587.198689	-104.3768697	0	0	0	0	0	0	0	0	0	0	0	0
4	5.143255128199	111.777882	82.90565242	0	-546344.8951	-4182237.76	0	0	0	136.1165946	2083.575365	1.895	-546344.8951	-4182237.76	0	411.6660785	411.6660785	-87.11339545	406.298134	-82.75004981	0	0	0	0	0	0	0	0	0	0	0	0
10	5.218046723364	112.233553	84.8534228	0	-546344.8951	-4182237.76	0	0	1	123.7310995	2140.321677	1.895	-546344.8951	-4182237.76	0	6429.083442	6429.083442	-110.9854751	6345.251023	-128.2384258	-1977791.553	-15275776.49	1.895	-1977791.553	-15275776.49	1.895	-1977791.553	-15275776.49	1.895	-1926530.378	-14879907.06	1.895
8	5.225135477225	112.233553	84.8534228	0	-546344.8951	-4182237.76	0	0	0	129.5963898	2120.933061	1.895	-546344.8951	-4182237.76	0	3613.916449	3613.916449	-105.982056	3566.792569	-118.2745883	-1977791.553	-15275776.49	1.895	-1977791.553	-15275776.49	1.895	-1977791.553	-15275776.49	1.895	-1926530.378	-14879907.06	1.895
0	5.229642230819	112.233553	84.8534228	0	-546344.8951	-4182237.76	0	0	0	146.1445598	2042.919876	1.895	-546344.8951	-4182237.76	0	411.6822262	411.6822262	-87.11373615	406.3140712	-82.75056734	-1977791.553	-15275776.49	1.895	-1977791.553	-15275776.49	1.895	-1977791.553	-15275776.49	1.895	-1926530.378	-14879907.06	1.895
6	5.233742367255	112.233553	84.8534228	0	-546344.8951	-4182237.76	0	0	0	129.5051346	2100.616444	1.895	-546344.8951	-4182237.76	0	1607.706048	1607.706048	-98.94662671	1586.742269	-104.3719783	-1977791.553	-15275776.49	1.895	-1977791.553	-15275776.49	1.895	-1977791.553	-15275776.49	1.895	-1926530.378	-14879907.06	1.895
4	5.243255128199	112.233553	84.8534228	0	-546344.8951	-4182237.76	0	0	0	136.5029856	2081.619261	1.895	-546344.8951	-4182237.76	0	411.6624494	411.6624494	-87.11331888	406.2945523	-82.7499335	-1977791.553	-15275776.49	1.895	-1977791.553	-15275776.49	1.895	-1977791.553	-15275776.49	1.895	-1926530.378	-14879907.06	1.895
10	5.318046723364	112.6902178	86.80544088	0	-546344.8951	-4182237.76	0	0	1	123.9658406	2138.328079	1.895	-546344.8951	-4182237.76	0	6429.139184	6429.139184	-110.9855504	6345.306039	-128.238576	-1926530.378	-14879907.06	1.895	-1926530.378	-14879907.06	1.895	-1926530.378	-14879907.06	1.895	-1926530.378	-14879907.06	1.895
8	5.325135477225	112.6902178	86.80544088	0	-546344.8951	-4182237.76	0	0	0	129.8737393	2118.959501	1.895	-546344.8951	-4182237.76	0	3614.259021	3614.259021	-105.9828793	3567.130674	-118.2762248	-1926530.378	-14879907.06	1.895	-1926530.378	-14879907.06	1.895	-1926530.378	-14879907.06	1.895	-1926530.378	-14879907.06	1.895
0	5.329642230819	112.6902178	86.80544088	0	-546344.8951	-4182237.76	0	0	0	146.6904269	2040.995872	1.895	-546344.8951	-4182237.76	0	411.4141949	411.4141949	-87.10807924	406.0495349	-82.74197605	-1926530.378	-14879907.06	1.895	-1926530.378	-14879907.06	1.895	-1926530.378	-14879907.06	1.895	-1926530.378	-14879907.06	1.895
6	5.333742367255	112.6902178	86.80544088	0	-546344.8951	-4182237.76	0	0	0	129.8693137	2098.649007	1.895	-546344.8951	-4182237.76	0	1608.36386	1608.36386	-98.95017992	1587.391503	-104.3789357	-1926530.378	-14879907.06	1.895	-1926530.378	-14879907.06	1.895	-1926530.378	-14879907.06	1.895	-1926530.378	-14879907.06	1.895
4	5.343255128199	112.6902178	86.80544088	0	-546344.8951	-4182237.76	0	0	0	136.8910963	2079.65445	1.895	-546344.8951	-4182237.76	0	411.1066821	411.1066821	-87.10158452	405.7460319	-82.73211675	-1926530.378	-14879907.06	1.895	-1926530.378	-14879907.06	1.895	-1926530.378	-14879907.06	1.895	-1926530.378	-14879907.06	1.895
10	5.418046723364	113.2108149	88.74832085	0	-546344.8951	-4182237.76	0	0	0	124.2006213	2136.334144	1.895	-546344.8951	-4182237.76	0	6427.82598	6427.82598	-110.983776	6344.009958	-128.2350375	-1926530.378	-14879907.06	1.895	-1926530.378	-14879907.06	1.895	-1926530.378	-14879907.06	1.895	-1926530.378	-14879907.06	1.895
8	5.425135477225	113.2108149	88.74832085	0	-546344.8951	-4182237.76	0	0	0	130.1800378	2116.982483	1.895	-546344.8951	-4182237.76	0	3612.693019	3612.693019	-105.979115	3565.585092	-118.2687429	-1926530.378	-14879907.06	1.895	-1926530.378	-14879907.06	1.895	-1926530.378	-14879907.06	1.895	-1926530.378	-14879907.06	1.895
0	5.429642230819	113.2108149	88.74832085	0	-546344.8951	-4182237.76	0	0	0	147.2359117	2039.073215	1.895	-546344.8951	-4182237.76	0	411.4337581	411.4337581	-87.10849225	406.0688429	-82.74260318	-1926530.378	-14879907.06	1.895	-1926530.378	-14879907.06	1.895	-1926530.378	-14879907.06	1.895	-1926530.378	-14879907.06	1.895
6	5.433742367255	113.2108149	88.74832085	0	-546344.8951	-4182237.76	0	0	0	130.2351367	2096.672688	1.895	-546344.8951	-4182237.76	0	1607.611567	1607.611567	-98.94611625	1586.64902	-104.3709787	-1926530.378	-14879907.06	1.895	-1926530.378	-14879907.06	1.895	-1926530.378	-14879907.06	1.895	-1926530.378	-14879907.06	1.895
4	5.443255128199	113.2108149	88.74832085	0	-546344.8951	-4182237.76	0	0	0	137.2787347	2077.69203	1.895	-546344.8951	-4182237.76	0	410.3028083	410.3028083	-87.08458359	404.9526402	-82.70633092	-1926530.378	-14879907.06	1.895	-1926530.378	-14879907.06	1.895	-1926530.378	-14879907.06	1.895	-1926530.378	-14879907.06	1.895
10	5.518046723364	113.7318613	90.68171267	0	-546344.8951	-4182237.76	0	0	0	124.4572421	2134.349984	1.895	-546344.8951	-4182237.76	0	6428.17329	6428.17329	-110.9842453	6344.352739	-128.2359734	-1926530.378	-14879907.06	1.895	-1926530.378	-14879907.06	1.895	-1926530.378	-14879907.06	1.895	-1926530.378	-14879907.06	1.895
8	5.525135477225	113.7318613	90.68171267	0	-546344.8951	-4182237.76	0	0	0	130.4855098	2115.010801	1.895	-546344.8951	-4182237.76	0	3612.31666	3612.31666	-105.9782101	3565.213641	-118.2669443	-1926530.378	-14879907.06	1.895	-1926530.378	-14879907.06	1.895	-1926530.378	-14879907.06	1.895	-1926530.378	-14879907.06	1.895
0	5.529642230819	113.7318613	90.68171267	0	-546344.8951	-4182237.76	0	0	0	147.7804454	2037.153911	1.895	-546344.8951	-4182237.76	0	411.1662417	411.1662417	-87.10284281	405.8048149	-82.73402652	-1926530.378	-14879907.06	1.895	-1926530.378	-14879907.06	1.895	-1926530.378	-14879907.06	1.895	-1926530.378	-14879907.06	1.895
6	5.533742367255	113.7318613	90.68171267	0	-546344.8951	-4182237.76	0	0	0	130.600836	2094.697037	1.895	-546344.8951	-4182237.76	0	1607.264001	1607.264001	-98.94423816	1586.305986	-104.3673014	-1926530.378	-14879907.06	1.895	-1926530.378	-14879907.06	1.895	-1926530.378	-14879907.06	1.895	-1926530.378	-14879907.06	1.895
4	5.543255128199	113.7318613	90.68171267	0	-546344.8951	-4182237.76	0	0	0	137.7167184	2075.747142	1.895	-546344.8951	-4182237.76	0	410.2349548	410.2349548	-87.08314705	404.8856716	-82.70415356	-1926530.378	-14879907.06	1.895	-1926530.378	-14879907.06	1.895	-1926530.378	-14879907.06	1.895	-1926530.378	-14879907.06	1.895
10	5.618046723364	114.2538771	92.61870151	0	-546344.8951	-4182237.76	0	0	0	124.7269317	2132.356678	1.895	-546344.8951	-4182237.76	0	6426.755789	6426.755789	-110.9823298	6342.953722	-128.2321533	-1926530.378	-14879907.06	1.895	-1926530.378	-14879907.06	1.895	-1926530.378	-14879907.06	1.895	-1926530.378	-14879907.06	1.895
8	5.625135477225	114.2538771	92.61870151	0	-546344.8951	-4182237.76	0	0	0	130.7916343	2113.034906	1.895	-546344.8951	-4182237.76	0	3611.467337	3611.467337	-105.9761676	3564.375392	-118.2628847	-1926530.378	-14879907.06	1.895	-1926530.378	-14879907.06	1.895	-1926530.378	-14879907.06	1.895	-1926530.378	-14879907.06	1.895
0	5.629642230819	114.2538771	92.61870151	0	-546344.8951	-4182237.76	0	0	0	148.3236221	2035.239389	1.895	-546344.8951	-4182237.76	0	410.7203727	410.7203727	-87.09341871	405.3647598	-82.71972737	-1926530.378	-14879907.06	1.895	-1926530.378	-14879907.06	1.895	-1926530.378	-14879907.06	1.895	-1926530.378	-14879907.06	1.895
6	5.633742367255	114.2538771	92.61870151	0	-546344.8951	-4182237.76	0	0	0	130.9655945	2092.726469	1.895	-546344.8951	-4182237.76	0	1607.344299	1607.344299	-98.94467209	1586.385237	-104.368151	-1926530.378	-14879907.06	1.895	-1926530.378	-14879907.06	1.895	-1926530.378	-14879907.06	1.895	-1926530.378	-14879907.06	1.895
4	5.643255128199	114.2538771	92.61870151	0	-546344.8951	-4182237.76	0	0	0	138.169986	2073.808591	1.895	-546344.8951	-4182237.76	0	410.3689923	410.3689923	-87.08598456	405.0179612	-82.70845458	-1926530.378	-14879907.06	1.895	-1926530.378	-14879907.06	1.895	-1926530.378	-14879907.06	1.895	-1926530.378	-14879907.06	1.895
10	5.718046723364	114.7757691	94.55523123	0	-546344.8951	-4182237.76	0	0	0	124.9954004	2130.372396	1.895	-546344.8951	-4182237.76	0	6426.172238	6426.172238	-110.981541	6342.377781	-128.2305804	-1926530.378	-14879907.06	1.895	-1926530.378	-14879907.06	1.895	-1926530.378	-14879907.06	1.895	-1926530.378	-14879907.06	1.895
8	5.725135477225	114.7757691	94.55523123	0	-546344.8951	-4182237.76	0	0	0	131.0978677	2111.058309	1.895	-546344.8951	-4182237.76	0	3610.063206	3610.063206	-105.9727899	3562.98957	-118.2561712	-1926530.378	-14879907.06	1.895	-1926530.378	-14879907.06	1.895	-1926530.378	-14879907.06	1.895	-1926530.378	-14879907.06	1.895
0	5.729642230819	114.7757691	94.55523123	0	-546344.8951	-4182237.76	0	0	0	148.3980883	2033.307069	1.895	-546344.8951	-4182237.76	0	403.3048102	403.3048102	-86.93516184	398.0458929	-82.48111273	-1926530.378	-14879907.06	1.895	-1926530.378	-14879907.06	1.895	-1926530.378	-14879907.06	1.895	-1926530.378	-14879907.06	1.895
6	5.733742367255	114.7757691	94.55523123	0	-546344.8951	-4182237.76	0	0	0	131.335522	2090.756472	1.895	-546344.8951	-4182237.76	0	1607.048764	1607.048764	-98.9430749	1586.093555	-104.3650237	-1926530.378	-14879907.06	1.895	-1926530.378	-14879907.06	1.895	-1926530.378	-14879907.06	1.895	-1926530.378	-14879907.06	1.895
4	5.743255128199	114.7757691	94.55523123	0	-546344.8951	-4182237.76	0	0	0	138.6248329	2071.863285	1.895	-546344.8951	-4182237.76	0	410.0457612	410.0457612	-87.07914034	404.698945	-82.69808183	-1926530.378	-14879907.06	1.895	-1926530.378	-14879907.06	1.895	-1926530.378	-14879907.06	1.895	-1926530.378	-14879907.06	1.895
10	5.818046723364	115.2964289	96.48718847	0	-546344.8951	-4182237.76	0	0	0	125.2638887	2128.387969	1.895	-546344.8951	-4182237.76	0	6425.531322	6425.531322	-110.9806747	6341.745222	-128.2288527	-1926530.378	-14879907.06	1.895	-1926530.378	-14879907.06	1.895	-1926530.378	-14879907.06	1.895	-1926530.378	-14879907.06	1.895
8	5.825135477225	115.2964289	96.48718847	0	-546344.8951	-4182237.76	0	0	0	131.4031734	2109.087699	1.895	-546344.8951	-4182237.76	0	3609.358548	3609.358548	-105.9710943	3562.294101	-118.2528011	-1926530.378	-14879907.06	1.895	-1926530.378	-14879907.06	1.895	-1926530.378	-14879907.06	1.895	-1926530.378	-14879907.06	1.895
0	5.829642230819	115.2964289	96.48718847	0	-546344.8951	-4182237.76	0	0	0	147.9502998	2031.356832	1.895	-546344.8951	-4182237.76	0	389.2636105	389.2636105	-86.62736993	384.1877843	-82.02553553	-1926530.378	-14879907.06	1.895	-1926530.378	-14879907.06	1.895	-1926530.378	-14879907.06	1.895	-1926530.378	-14879907.06	1.895
6	5.833742367255	115.2964289	96.48718847	0	-546344.8951	-4182237.76	0	0	0	131.7235145	2088.789658	1.895	-546344.8951	-4182237.76	0	1606.637889	1606.637889	-98.94085389	1585.688038	-104.3606749	-1926530.378	-14879907.06	1.895	-1926530.378	-14879907.06	1.895	-1926530.378	-14879907.06	1.895	-1926530.378	-14879907.06	1.895
4	5.843255128199	115.2964289	96.48718847	0	-546344.8951	-4182237.76	0	0	0	139.080183	2069.915828	1.895	-546344.8951	-4182237.76	0	409.6015023	409.6015023	-87.06972462	404.260479	-82.68382046	-1926530.378	-14879907.06	1.895	-1926530.378	-14879907.06	1.895	-1926530.378	-14879907.06	1.895	-1926530.378	-14879907.06	1.895
10	5.918046723364	115.8168178	98.41814034	0	-546344.8951	-4182237.76	0	0	0	125.5331227	2126.398031	1.895	-546344.8951	-4182237.76	0	6425.193953	6425.193953	-110.9802186	6341.412252	-128.2279432	-1926530.378	-14879907.06	1.895	-1926530.378	-14879907.06	1.895	-1926530.378	-14879907.06	1.895	-1926530.378	-14879907.06	1.895
8	5.925135477225	115.8168178	98.41814034	0	-546344.8951	-4182237.76	0	0	0	131.7086037	2107.116285	1.895	-546344.8951	-4182237.76	0	3609.444198	3609.444198	-105.9713004	3562.378634	-118.2532108	-1926530.378	-14879907.06	1.895	-1926530.378	-14879907.06	1.895	-1926530.378	-14879907.06	1.895	-1926530.378	-14879907.06	1.895
0	5.929642230819	115.8168178	98.41814034	0	-546344.8951	-4182237.76	0	0	0	148.2895101	2029.425393	1.895	-546344.8951	-4182237.76	0	386.470034	386.470034	-86.56481031	381.4306348	-81.93437677	-1926530.378	-14879907.06	1.895	-1926530.378	-14879907.06	1.895	-1926530.378	-14879907.06	1.895	-1926530.378	-14879907.06	1.895
6	5.933742367255	115.8168178	98.41814034	0	-546344.8951	-4182237.76	0	0	0	132.1117127	2086.821803	1.895	-546344.8951	-4182237.76	0	1606.710726	1606.710726	-98.94124766	1585.759926	-104.3614459	-1926530.378	-14879907.06	1.895	-1926530.378	-14879907.06	1.895	-1926530.378	-14879907.06	1.895	-1926530.378	-14879907.06	1.895
4	5.943255128199	115.8168178	98.41814034	0	-546344.8951	-4182237.76	0	0	0	139.5350902	2067.970264	1.895	-546344.8951	-4182237.76	0	409.5084176	409.5084176	-87.06775047	404.168608	-82.68083161	-1926530.378	-14879907.06	1.895	-1926530.378	-14879907.06	1.895	-1926530.378	-14879907.06	1.895	-1926530.378	-14879907.06	1.895
10	6.018046723364	116.3389318	100.3554937	0	-546344.8951	-4182237.76	0	0	0	125.8017159	2124.412829	1.895	-546344.8951	-4182237.76	0	6426.358309	6426.358309	-110.9817925	6342.561425	-128.231082	-1926530.378	-14879907.06	1.895	-1926530.378	-14879907.06	1.895	-1926530.378	-14879907.06	1.895	-1926530.378	-14879907.06	1.895
8	6.025135477225	116.3389318	100.3554937	0	-546344.8951	-4182237.76	0	0	0	132.0186298	2105.145514	1.895	-546344.8951	-4182237.76	0	3609.997573	3609.997573	-105.972632	3562.924793	-118.2558573	-1926530.378	-14879907.06	1.895	-1926530.378	-14879907.06	1.895	-1926530.378	-14879907.06	1.895	-1926530.378	-14879907.06	1.895
0	6.029642230819	116.3389318	100.3554937	0	-546344.8951	-4182237.76	0	0	0	148.8527885	2027.509896	1.895	-546344.8951	-4182237.76	0	386.0002662	386.0002662	-86.55424589	380.9669927	-81.91903243	-1926530.378	-14879907.06	1.895	-1926530.378	-14879907.06	1.895	-1926530.378	-14879907.06	1.895	-1926530.378	-14879907.06	1.895
6	6.033742367255	116.3389318	100.3554937	0	-546344.8951	-4182237.76	0	0	0	132.4992667	2084.857212	1.895	-546344.8951	-4182237.76	0	1607.430458	1607.430458	-98.94513767	1586.470272	-104.3690626	-1926530.378	-14879907.06	1.895	-1926530.378	-14879907.06	1.895	-1926530.378	-14879907.06	1.895	-1926530.378	-14879907.06	1.895
4	6.043255128199	116.3389318	100.3554937	0	-546344.8951	-4182237.76	0	0	0	139.9895293	2066.026702	1.895	-546344.8951	-4182237.76	0	409.5929482	409.5929482	-87.06954322	404.2520364	-82.68354581	-1926530.378	-14879907.06	1.895	-1926530.378	-14879907.06	1.895	-1926530.378	-14879907.06	1.895	-1926530.378	-14879907.06	1.895
10	6.118046723364	116.876402	102.2935499	0	-546344.8951	-4182237.76	0	0	0	126.0703375	2122.427416	1.895	-546344.8951	-4182237.76	0	6427.197121	6427.197121	-110.9829262	6343.389299	-128.2333428	-1926530.378	-14879907.06	1.895	-1926530.378	-14879907.06	1.895	-1926530.378	-14879907.06	1.895	-1926530.378	-14879907.06	1.895
8	6.125135477225	116.876402	102.2935499	0	-546344.8951	-4182237.76	0	0	0	132.3830621	2103.179037	1.895	-546344.8951	-4182237.76	0	3609.685262	3609.685262	-105.9718805	3562.616555	-118.2543637	-1926530.378	-14879907.06	1.895	-1926530.378	-14879907.06	1.895	-1926530.378	-14879907.06	1.895	-1926530.378	-14879907.06	1.895
0	6.129642230819	116.876402	102.2935499	0	-546344.8951	-4182237.76	0	0	0	149.4174763	2025.589607	1.895	-546344.8951	-4182237.76	0	385.7583191	385.7583191	-86.54879982	380.7282004	-81.9111279	-1926530.378	-14879907.06	1.895	-1926530.378	-14879907.06	1.895	-1926530.378	-14879907.06	1.895	-1926530.378	-14879907.06	1.895
6	6.133742367255	116.876402	102.2935499	0	-546344.8951	-4182237.76	0	0	0	132.887545	2082.88895	1.895	-546344.8951	-4182237.76	0	1607.710777	1607.710777	-98.94665226	1586.746936	-104.3720283	-1926530.378	-14879907.06	1.895	-1926530.378	-14879907.06	1.895	-1926530.378	-14879907.06	1.895	-1926530.378	-14879907.06	1.895
12	6.137873542123	116.876402	102.2935499	0	-546344.8951	-4182237.76	0	0	0	126.7714498	2142.717566	1.895	-546344.8951	-4182237.76	0	10001.34219	10001.34219	-114.8236595	9870.929094	-135.8978535	-1926530.378	-14879907.06	1.895	-1926530.378	-14879907.06	1.895	-1926530.378	-14879907.06	1.895	-1926530.378	-14879907.06	1.895
4	6.143255128199	116.876402	102.2935499	0	-546344.8951	-4182237.76	0	0	0	140.4454887	2064.076639	1.895	-546344.8951	-4182237.76	0	409.2592311	409.2592311	-87.06246348	403.9226709	-82.67282933	-1926530.378	-14879907.06	1.895	-1926530.378	-14879907.06	1.895	-1926530.378	-14879907.06	1.895	-1926530.378	-14879907.06	1.895
10	6.218046723364	117.4253937	104.2263989	0	-546344.8951	-4182237.76	0	0	0	126.3392091	2120.440157	1.895	-546344.8951	-4182237.76	0	6427.676449	6427.676449	-110.983574	6343.862377	-128.2346346	-1926530.378	-14879907.06	1.895	-1926530.378	-14879907.06	1.895	-1926530.378	-14879907.06	1.895	-1926530.378	-14879907.06	1.895
8	6.225135477225	117.4253937	104.2263989	0	-546344.8951	-4182237.76	0	0	0	132.7470317	2101.215057	1.895	-546344.8951	-4182237.76	0	3609.58102	3609.58102	-105.9716297	3562.513672	-118.2538652	-1926530.378	-14879907.06	1.895	-1926530.378	-14879907.06	1.895	-1926530.378	-14879907.06	1.895	-1926530.378	-14879907.06	1.895
0	6.229642230819	117.4253937	104.2263989	0	-546344.8951	-4182237.76	0	0	0	149.9817293	2023.670796	1.895	-546344.8951	-4182237.76	0	385.5116555	385.5116555	-86.54324406	380.4847531	-81.90306813	-1926530.378	-14879907.06	1.895	-1926530.378	-14879907.06	1.895	-1926530.378	-14879907.06	1.895	-1926530.378	-14879907.06	1.895
6	6.233742367255	117.4253937	104.2263989	0	-546344.8951	-4182237.76	0	0	0	133.2748796	2080.925472	1.895	-546344.8951	-4182237.76	0	1608.323506	1608.323506	-98.94996199	1587.351676	-104.378509	-1926530.378	-14879907.06	1.895	-1926530.378	-14879907.06	1.895	-1926530.378	-14879907.06	1.895	-1926530.378	-14879907.06	1.895
12	6.237873542123	117.4253937	104.2263989	0	-546344.8951	-4182237.76	0	0	1	127.0035794	2140.738535	1.895	-546344.8951	-4182237.76	0	10001.96327	10001.96327	-114.8241989	9871.542074	-135.8989305	6033461.661	-23714970.08	1.895	6033461.661	-23714970.08	1.895	6033461.661	-23714970.08	1.895	5877142.223	-23100479.71	1.895
4	6.243255128199	117.4253937	104.2263989	0	-546344.8951	-4182237.76	0	0	0	140.9007029	2062.129762	1.895	-546344.8951	-4182237.76	0	409.018901	409.018901	-87.05736135	403.6854745	-82.66510984	6033461.661	-23714970.08	1.895	6033461.661	-23714970.08	1.895	6033461.661	-23714970.08	1.895	5877142.223	-23100479.71	1.895
10	6.318046723364	117.9740025	106.1578999	0	-546344.8951	-4182237.76	0	0	0	126.6191391	2118.454024	1.895	-546344.8951	-4182237.76	0	6427.847687	6427.847687	-110.9838053	6344.031382	-128.235096	6033461.661	-23714970.08	1.895	6033461.661	-23714970.08	1.895	6033461.661	-23714970.08	1.895	5877142.223	-23100479.71	1.895
8	6.325135477225	117.9740025	106.1578999	0	-546344.8951	-4182237.76	0	0	0	133.1099287	2099.256865	1.895	-546344.8951	-4182237.76	0	3610.050093	3610.050093	-105.9727584	3562.976629	-118.2561085	6033461.661	-23714970.08	1.895	6033461.661	-23714970.08	1.895	6033461.661	-23714970.08	1.895	5877142.223	-23100479.71	1.895
0	6.329642230819	117.9740025	106.1578999	0	-546344.8951	-4182237.76	0	0	0	150.5446484	2021.756522	1.895	-546344.8951	-4182237.76	0	385.1476197	385.1476197	-86.53503816	380.1254642	-81.89117112	6033461.661	-23714970.08	1.895	6033461.661	-23714970.08	1.895	6033461.661	-23714970.08	1.895	5877142.223	-23100479.71	1.895
6	6.333742367255	117.9740025	106.1578999	0	-546344.8951	-4182237.76	0	0	0	133.6625754	2078.960163	1.895	-546344.8951	-4182237.76	0	1608.703755	1608.703755	-98.95201532	1587.726967	-104.3825296	6033461.661	-23714970.08	1.895	6033461.661	-23714970.08	1.895	6033461.661	-23714970.08	1.895	5877142.223	-23100479.71	1.895
12	6.337873542123	117.9740025	106.1578999	0	-546344.8951	-4182237.76	0	0	1	127.2365293	2138.752509	1.895	-546344.8951	-4182237.76	0	10001.04267	10001.04267	-114.8233994	9870.633478	-135.8973341	5877142.223	-23100479.71	1.895	5877142.223	-23100479.71	1.895	5877142.223	-23100479.71	1.895	5877142.223	-23100479.71	1.895
4	6.343255128199	117.9740025	106.1578999	0	-546344.8951	-4182237.76	0	0	0	141.4179643	2060.204595	1.895	-546344.8951	-4182237.76	0	409.3366245	409.3366245	-87.06410588	403.999055	-82.6753149	5877142.223	-23100479.71	1.895	5877142.223	-23100479.71	1.895	5877142.223	-23100479.71	1.895	5877142.223	-23100479.71	1.895
10	6.418046723364	118.5221444	108.0877571	0	-546344.8951	-4182237.76	0	0	0	126.9254606	2116.474716	1.895	-546344.8951	-4182237.76	0	6428.299959	6428.299959	-110.9844165	6344.477757	-128.2363148	5877142.223	-23100479.71	1.895	5877142.223	-23100479.71	1.895	5877142.223	-23100479.71	1.895	5877142.223	-23100479.71	1.895
8	6.425135477225	118.5221444	108.0877571	0	-546344.8951	-4182237.76	0	0	0	133.4733776	2097.295694	1.895	-546344.8951	-4182237.76	0	3610.201154	3610.201154	-105.9731218	3563.12572	-118.2568309	5877142.223	-23100479.71	1.895	5877142.223	-23100479.71	1.895	5877142.223	-23100479.71	1.895	5877142.223	-23100479.71	1.895
0	6.429642230819	118.5221444	108.0877571	0	-546344.8951	-4182237.76	0	0	0	151.1096263	2019.836977	1.895	-546344.8951	-4182237.76	0	385.0144397	385.0144397	-86.53203416	379.9940209	-81.88681806	5877142.223	-23100479.71	1.895	5877142.223	-23100479.71	1.895	5877142.223	-23100479.71	1.895	5877142.223	-23100479.71	1.895
6	6.433742367255	118.5221444	108.0877571	0	-546344.8951	-4182237.76	0	0	0	134.0519365	2076.986412	1.895	-546344.8951	-4182237.76	0	1608.432638	1608.432638	-98.95055134	1587.459384	-104.379663	5877142.223	-23100479.71	1.895	5877142.223	-23100479.71	1.895	5877142.223	-23100479.71	1.895	5877142.223	-23100479.71	1.895
12	6.437873542123	118.5221444	108.0877571	0	-546344.8951	-4182237.76	0	0	0	127.4691632	2136.769178	1.895	-546344.8951	-4182237.76	0	10000.82863	10000.82863	-114.8232135	9870.422224	-135.8969629	5877142.223	-23100479.71	1.895	5877142.223	-23100479.71	1.895	5877142.223	-23100479.71	1.895	5877142.223	-23100479.71	1.895
4	6.443255128199	118.5221444	108.0877571	0	-546344.8951	-4182237.76	0	0	0	141.9377522	2058.275304	1.895	-546344.8951	-4182237.76	0	409.4714429	409.4714429	-87.06696618	404.1321155	-82.67964433	5877142.223	-23100479.71	1.895	5877142.223	-23100479.71	1.895	5877142.223	-23100479.71	1.895	5877142.223	-23100479.71	1.895
10	6.518046723364	119.0702308	110.0174189	0	-546344.8951	-4182237.76	0	0	0	127.2317115	2114.495864	1.895	-546344.8951	-4182237.76	0	6428.248966	6428.248966	-110.9843476	6344.427428	-128.2361774	5877142.223	-23100479.71	1.895	5877142.223	-23100479.71	1.895	5877142.223	-23100479.71	1.895	5877142.223	-23100479.71	1.895
8	6.525135477225	119.0702308	110.0174189	0	-546344.8951	-4182237.76	0	0	0	133.837938	2095.328526	1.895	-546344.8951	-4182237.76	0	3609.167188	3609.167188	-105.9706338	3562.105236	-118.2518858	5877142.223	-23100479.71	1.895	5877142.223	-23100479.71	1.895	5877142.223	-23100479.71	1.895	5877142.223	-23100479.71	1.895
0	6.529642230819	119.0702308	110.0174189	0	-546344.8951	-4182237.76	0	0	0	151.6806335	2017.920145	1.895	-546344.8951	-4182237.76	0	385.0384741	385.0384741	-86.53257635	380.0177419	-81.88760366	5877142.223	-23100479.71	1.895	5877142.223	-23100479.71	1.895	5877142.223	-23100479.71	1.895	5877142.223	-23100479.71	1.895
6	6.533742367255	119.0702308	110.0174189	0	-546344.8951	-4182237.76	0	0	0	134.492142	2075.034766	1.895	-546344.8951	-4182237.76	0	1608.548691	1608.548691	-98.95117804	1587.573924	-104.3808901	5877142.223	-23100479.71	1.895	5877142.223	-23100479.71	1.895	5877142.223	-23100479.71	1.895	5877142.223	-23100479.71	1.895
12	6.537873542123	119.0702308	110.0174189	0	-546344.8951	-4182237.76	0	0	0	127.7240182	2134.791955	1.895	-546344.8951	-4182237.76	0	10000.40384	10000.40384	-114.8228446	9870.00297	-135.8962263	5877142.223	-23100479.71	1.895	5877142.223	-23100479.71	1.895	5877142.223	-23100479.71	1.895	5877142.223	-23100479.71	1.895
4	6.543255128199	119.0702308	110.0174189	0	-546344.8951	-4182237.76	0	0	0	142.4583552	2056.342988	1.895	-546344.8951	-4182237.76	0	409.3084564	409.3084564	-87.06350815	403.9712543	-82.67441027	5877142.223	-23100479.71	1.895	5877142.223	-23100479.71	1.895	5877142.223	-23100479.71	1.895	5877142.223	-23100479.71	1.895
10	6.618046723364	119.6171243	111.9428807	0	-546344.8951	-4182237.76	0	0	0	127.5390406	2112.510046	1.895	-546344.8951	-4182237.76	0	6427.123426	6427.123426	-110.9828266	6343.316565	-128.2331442	5877142.223	-23100479.71	1.895	5877142.223	-23100479.71	1.895	5877142.223	-23100479.71	1.895	5877142.223	-23100479.71	1.895
8	6.625135477225	119.6171243	111.9428807	0	-546344.8951	-4182237.76	0	0	0	134.2012081	2093.368321	1.895	-546344.8951	-4182237.76	0	3609.00286	3609.00286	-105.9702383	3561.943051	-118.2510997	5877142.223	-23100479.71	1.895	5877142.223	-23100479.71	1.895	5877142.223	-23100479.71	1.895	5877142.223	-23100479.71	1.895
0	6.629642230819	119.6171243	111.9428807	0	-546344.8951	-4182237.76	0	0	0	152.2517197	2016.003047	1.895	-546344.8951	-4182237.76	0	385.0913502	385.0913502	-86.53376908	380.0699285	-81.88933196	5877142.223	-23100479.71	1.895	5877142.223	-23100479.71	1.895	5877142.223	-23100479.71	1.895	5877142.223	-23100479.71	1.895
6	6.633742367255	119.6171243	111.9428807	0	-546344.8951	-4182237.76	0	0	0	134.9499494	2073.077864	1.895	-546344.8951	-4182237.76	0	1607.887116	1607.887116	-98.94760491	1586.920975	-104.3738936	5877142.223	-23100479.71	1.895	5877142.223	-23100479.71	1.895	5877142.223	-23100479.71	1.895	5877142.223	-23100479.71	1.895
12	6.637873542123	119.6171243	111.9428807	0	-546344.8951	-4182237.76	0	0	0	127.9905529	2132.819122	1.895	-546344.8951	-4182237.76	0	10000.53369	10000.53369	-114.8229573	9870.131133	-135.8964515	5877142.223	-23100479.71	1.895	5877142.223	-23100479.71	1.895	5877142.223	-23100479.71	1.895	5877142.223	-23100479.71	1.895
