0	1.129642230819	95.22237122	6.267653339	0	100.0351298	37.04802561	0	0	0	129.3257815	2122.936046	1.895	100.0351298	37.04802561	0	2116.943109	2116.943109	-101.3366775	2089.339103	-109.0708405	0	0	0	0	0	0	0	0	0	0	0	0
0	1.229642230819	95.22237122	6.267653339	1.895	100.0351298	37.04802561	0	0	0	129.5924971	2120.961874	1.895	100.0351298	37.04802561	0	2113.338659	2113.338659	-101.3218758	2085.781653	-109.0416402	0	0	0	0	0	0	0	0	0	0	0	0
0	1.329642230819	98.73112777	7.848563352	1.895	100.0351298	37.04802561	0	0	0	129.8695191	2118.98674	1.895	100.0351298	37.04802561	0	2109.370607	2109.370607	-101.3055516	2081.865342	-109.0094378	0	0	0	0	0	0	0	0	0	0	0	0
0	1.429642230819	98.96591158	9.84252442	1.895	100.0351298	37.04802561	0	0	0	130.1742768	2117.019668	1.895	100.0351298	37.04802561	0	2105.411427	2105.411427	-101.2892333	2077.957788	-108.9772483	0	0	0	0	0	0	0	0	0	0	0	0
0	1.529642230819	99.2006485	11.83608722	1.895	100.0351298	37.04802561	0	0	0	130.4792069	2115.051483	1.895	100.0351298	37.04802561	0	2101.450746	2101.450746	-101.2728781	2074.048753	-108.9449873	0	0	0	0	0	0	0	0	0	0	0	0
0	1.629642230819	99.45855303	13.82970529	1.895	100.0351298	37.04802561	0	0	0	130.7842742	2113.082412	1.895	100.0351298	37.04802561	0	2097.494789	2097.494789	-101.2565116	2070.14438	-108.9127053	0	0	0	0	0	0	0	0	0	0	0	0
0	1.729642230819	99.72750494	15.81755874	1.895	100.0351298	37.04802561	0	0	0	131.0895832	2111.111781	1.895	100.0351298	37.04802561	0	2093.537884	2093.537884	-101.2401103	2066.239071	-108.8803559	0	0	0	0	0	0	0	0	0	0	0	0
0	1.829642230819	99.99637515	17.80480835	1.895	100.0351298	37.04802561	0	0	1	131.3950841	2109.139912	1.895	100.3406322	39.01989504	1.895	2089.582331	2089.582331	-101.2236835	2062.335097	-108.8479577	0	0	0	0	0	0	0	0	0	0	0	0
0	1.929642230819	100.2648965	19.78947928	1.895	100.0351298	37.04802561	0	0	1	131.7002352	2107.1703	1.895	100.6457846	40.98950603	1.895	2085.62667	2085.62667	-101.2072252	2058.431016	-108.8154986	0	0	0	0	0	0	0	0	0	0	0	0
0	2.029642230819	100.5337372	21.77651122	1.895	100.0351298	37.04802561	0	0	1	132.0089844	2105.19756	1.895	100.9545354	42.96224605	1.895	2081.662369	2081.662369	-101.1906996	2054.518408	-108.7829081	0	0	0	0	0	0	0	0	0	0	0	0
0	2.129642230819	100.8033301	23.7691019	1.895	100.0351298	37.04802561	0	0	1	132.3722195	2103.237543	1.895	101.3177719	44.9222624	1.895	2077.712654	2077.712654	-101.1742035	2050.620195	-108.7503771	0	0	0	0	0	0	0	0	0	0	0	0
4	2.143255128199	100.8033301	23.7691019	1.895	100.0351298	37.04802561	0	0	0	126.7714498	2142.717566	1.895	100.0351298	37.04802561	0	2117.112888	2117.112888	-101.3373741	2089.506668	-109.0722147	0	0	0	0	0	0	0	0	0	0	0	0
0	2.229642230819	101.0727827	25.76065644	1.895	100.0351298	37.04802561	0	0	1	132.7357359	2101.276009	1.895	101.6812897	46.88379658	1.895	2073.760776	2073.760776	-101.1576669	2046.719848	-108.7177677	0	0	0	0	0	0	0	0	0	0	0	0
4	2.243255128199	101.0727827	25.76065644	1.895	100.0351298	37.04802561	0	0	0	127.0045569	2140.730201	1.895	100.0351298	37.04802561	0	2113.13316	2113.13316	-101.3210311	2085.578834	-109.0399739	0	0	0	0	0	0	0	0	0	0	0	0
0	2.329642230819	101.3423245	27.75286951	1.895	100.0351298	37.04802561	0	0	1	133.0984833	2099.318624	1.895	102.0440385	48.84118107	1.895	2069.815664	2069.815664	-101.1411272	2042.826179	-108.6851534	0	0	0	0	0	0	0	0	0	0	0	0
4	2.343255128199	101.3423245	27.75286951	1.895	100.0351298	37.04802561	0	0	0	127.2365289	2138.752513	1.895	100.0351298	37.04802561	0	2109.165747	2109.165747	-101.304708	2081.663154	-109.0077737	0	0	0	0	0	0	0	0	0	0	0	0
0	2.429642230819	101.623212	29.74229305	1.895	100.0351298	37.04802561	0	0	1	133.4624256	2097.354792	1.895	102.4079823	50.80501339	1.895	2065.87049	2065.87049	-101.1245556	2038.932448	-108.6524778	0	0	0	0	0	0	0	0	0	0	0	0
4	2.443255128199	101.623212	29.74229305	1.895	100.0351298	37.04802561	0	0	0	127.4685013	2136.774821	1.895	100.0351298	37.04802561	0	2105.204769	2105.204769	-101.2883807	2077.753825	-108.9755665	0	0	0	0	0	0	0	0	0	0	0	0
0	2.529642230819	101.9300537	31.72496263	1.895	100.0351298	37.04802561	0	0	1	133.8258261	2095.393882	1.895	102.7713842	52.76592239	1.895	2061.923721	2061.923721	-101.1079457	2035.037144	-108.6197278	0	0	0	0	0	0	0	0	0	0	0	0
4	2.543255128199	101.9300537	31.72496263	1.895	100.0351298	37.04802561	0	0	0	127.7233678	2134.796768	1.895	100.0351298	37.04802561	0	2101.239194	2101.239194	-101.2720037	2073.83996	-108.9432624	0	0	0	0	0	0	0	0	0	0	0	0
0	2.629642230819	102.2375927	33.71213756	1.895	100.0351298	37.04802561	0	0	1	134.190495	2093.426129	1.895	103.1360545	54.73367525	1.895	2057.971058	2057.971058	-101.0912791	2031.136022	-108.5868675	0	0	0	0	0	0	0	0	0	0	0	0
4	2.643255128199	102.2375927	33.71213756	1.895	100.0351298	37.04802561	0	0	0	127.9902314	2132.821502	1.895	100.0351298	37.04802561	0	2097.277473	2097.277473	-101.2556116	2069.929897	-108.9109302	0	0	0	0	0	0	0	0	0	0	0	0
0	2.729642230819	102.5449893	35.69839221	1.895	100.0351298	37.04802561	0	0	1	134.5581935	2091.46477	1.895	103.5037546	56.69503394	1.895	2054.030469	2054.030469	-101.0746314	2027.246815	-108.554046	0	0	0	0	0	0	0	0	0	0	0	0
4	2.743255128199	102.5449893	35.69839221	1.895	100.0351298	37.04802561	0	0	0	128.258329	2130.8371	1.895	100.0351298	37.04802561	0	2093.312256	2093.312256	-101.2391741	2066.016385	-108.8785095	0	0	0	0	0	0	0	0	0	0	0	0
0	2.829642230819	102.8515171	37.67903337	1.895	100.3416582	39.02866666	1.895	1	1	134.9460777	2089.501107	1.895	103.8916401	58.65869711	1.895	2050.088235	2050.088235	-101.0579449	2023.355987	-108.5211492	0	0	0	0	0	0	0	0	0	0	0	0
4	2.843255128199	102.8515171	37.67903337	1.895	100.3416582	39.02866666	1.895	1	0	128.5253622	2128.860578	1.895	100.0351298	37.04802561	0	2089.355245	2089.355245	-101.2227396	2062.110972	-108.8460959	0	0	0	0	0	0	0	0	0	0	0	0
0	2.929642230819	103.1579923	39.65933479	1.895	100.648134	41.00896798	1.895	1	1	135.3325798	2087.54444	1.895	104.2781437	60.61536396	1.895	2046.152996	2046.152996	-101.0412559	2019.472061	-108.488249	0	0	0	0	0	0	0	0	0	0	0	0
4	2.943255128199	103.1579923	39.65933479	1.895	100.648134	41.00896798	1.895	1	0	128.7925182	2126.883146	1.895	100.0351298	37.04802561	0	2085.397336	2085.397336	-101.2062701	2058.204672	-108.8136149	0	0	0	0	0	0	0	0	0	0	0	0
0	3.029642230819	103.4644659	41.63962613	1.895	100.9546083	42.98925922	1.895	1	1	135.7201069	2085.582584	1.895	104.6656722	62.57721946	1.895	2042.210672	2042.210672	-101.0245046	2015.581144	-108.4552275	0	0	0	0	0	0	0	0	0	0	0	0
4	3.043255128199	103.4644659	41.63962613	1.895	100.9546083	42.98925922	1.895	1	0	129.0596021	2124.906249	1.895	100.0351298	37.04802561	0	2081.438061	2081.438061	-101.1897636	2054.297024	-108.7810622	0	0	0	0	0	0	0	0	0	0	0	0
0	3.129642230819	103.7773426	43.62173957	1.895	101.2674856	44.97137256	1.895	1	1	136.106601	2083.625958	1.895	105.0521677	64.53384541	1.895	2038.280666	2038.280666	-101.0077735	2011.702383	-108.4222471	0	0	0	0	0	0	0	0	0	0	0	0
6	3.133742367255	103.7773426	43.62173957	1.895	101.2674856	44.97137256	1.895	1	0	123.4964282	2142.314683	1.895	100.0351298	37.04802561	0	2096.808071	2096.808071	-101.2536674	2069.466616	-108.9070953	0	0	0	0	0	0	0	0	0	0	0	0
4	3.143255128199	103.7773426	43.62173957	1.895	101.2674856	44.97137256	1.895	1	0	129.3272167	2122.925423	1.895	100.0351298	37.04802561	0	2077.482147	2077.482147	-101.1732398	2050.392694	-108.7484767	0	0	0	0	0	0	0	0	0	0	0	0
0	3.229642230819	104.142772	45.59593147	1.895	101.6329155	46.94556434	1.895	1	1	136.494707	2081.661171	1.895	105.4402752	66.49863185	1.895	2034.350369	2034.350369	-100.9910088	2007.823335	-108.3892021	0	0	0	0	0	0	0	0	0	0	0	0
6	3.233742367255	104.142772	45.59593147	1.895	101.6329155	46.94556434	1.895	1	0	123.7311643	2140.321126	1.895	100.0351298	37.04802561	0	2092.847118	2092.847118	-101.2372439	2065.557313	-108.8747024	0	0	0	0	0	0	0	0	0	0	0	0
4	3.243255128199	104.142772	45.59593147	1.895	101.6329155	46.94556434	1.895	1	0	129.5952127	2120.941774	1.895	100.0351298	37.04802561	0	2073.531251	2073.531251	-101.1567055	2046.493316	-108.7158718	0	0	0	0	0	0	0	0	0	0	0	0
0	3.329642230819	104.5067542	47.56230537	1.895	101.9968983	48.91193813	1.895	1	1	136.8806447	2079.707361	1.895	105.8262143	68.45244099	1.895	2030.42748	2030.42748	-100.9742435	2003.951599	-108.356157	0	0	0	0	0	0	0	0	0	0	0	0
6	3.333742367255	104.5067542	47.56230537	1.895	101.9968983	48.91193813	1.895	1	0	123.966315	2138.324049	1.895	100.0351298	37.04802561	0	2088.87912	2088.87912	-101.22076	2061.641056	-108.8421917	0	0	0	0	0	0	0	0	0	0	0	0
4	3.343255128199	104.5067542	47.56230537	1.895	101.9968983	48.91193813	1.895	1	0	129.8729802	2118.9644	1.895	100.0351298	37.04802561	0	2069.583215	2069.583215	-101.1401517	2042.596761	-108.6832298	0	0	0	0	0	0	0	0	0	0	0	0
0	3.429642230819	104.8713892	49.53220642	1.895	102.3615339	50.88183906	1.895	1	1	137.2687346	2077.742656	1.895	106.2143057	70.41714597	1.895	2026.485813	2026.485813	-100.9573652	2000.06133	-108.3228909	0	0	0	0	0	0	0	0	0	0	0	0
6	3.433742367255	104.8713892	49.53220642	1.895	102.3615339	50.88183906	1.895	1	0	124.2006922	2136.333542	1.895	100.0351298	37.04802561	0	2084.909776	2084.909776	-101.2042391	2057.72347	-108.8096095	0	0	0	0	0	0	0	0	0	0	0	0
4	3.443255128199	104.8713892	49.53220642	1.895	102.3615339	50.88183906	1.895	1	0	130.1795567	2116.985588	1.895	100.0351298	37.04802561	0	2065.626172	2065.626172	-101.1235284	2038.691316	-108.6504522	0	0	0	0	0	0	0	0	0	0	0	0
0	3.529642230819	105.2374866	51.51000705	1.895	102.7276318	52.85963958	1.895	1	1	137.705628	2075.794574	1.895	106.6512005	72.36522767	1.895	2022.573387	2022.573387	-100.9405796	1996.199921	-108.289809	0	0	0	0	0	0	0	0	0	0	0	0
6	3.533742367255	105.2374866	51.51000705	1.895	102.7276318	52.85963958	1.895	1	0	124.4586383	2134.339665	1.895	100.0351298	37.04802561	0	2080.94911	2080.94911	-101.187723	2053.814449	-108.777038	0	0	0	0	0	0	0	0	0	0	0	0
4	3.543255128199	105.2374866	51.51000705	1.895	102.7276318	52.85963958	1.895	1	0	130.4859756	2115.007794	1.895	100.0351298	37.04802561	0	2061.681981	2061.681981	-101.1069273	2034.798555	-108.6177199	0	0	0	0	0	0	0	0	0	0	0	0
0	3.629642230819	105.6013977	53.47599724	1.895	103.0915436	54.82562965	1.895	1	1	138.1610093	2073.846983	1.895	107.1065833	74.31281869	1.895	2018.660486	2018.660486	-100.9237594	1992.338042	-108.2566605	0	0	0	0	0	0	0	0	0	0	0	0
6	3.633742367255	105.6013977	53.47599724	1.895	103.0915436	54.82562965	1.895	1	0	124.7276936	2132.351047	1.895	100.0351298	37.04802561	0	2076.992536	2076.992536	-101.1711925	2049.909468	-108.7444395	0	0	0	0	0	0	0	0	0	0	0	0
4	3.643255128199	105.6013977	53.47599724	1.895	103.0915436	54.82562965	1.895	1	0	130.7912577	2113.037337	1.895	100.0351298	37.04802561	0	2057.743843	2057.743843	-101.09032	2030.911769	-108.5849766	0	0	0	0	0	0	0	0	0	0	0	0
0	3.729642230819	105.9655434	55.44325442	1.895	103.4556899	56.79288672	1.895	1	1	138.6143284	2071.908211	1.895	107.5599038	76.25158991	1.895	2014.757069	2014.757069	-100.9069476	1988.485524	-108.2235297	0	0	0	0	0	0	0	0	0	0	0	0
6	3.733742367255	105.9655434	55.44325442	1.895	103.4556899	56.79288672	1.895	1	0	124.9970085	2130.360511	1.895	100.0351298	37.04802561	0	2073.034772	2073.034772	-101.1546255	2046.003311	-108.7117703	0	0	0	0	0	0	0	0	0	0	0	0
4	3.743255128199	105.9655434	55.44325442	1.895	103.4556899	56.79288672	1.895	1	0	131.0977257	2111.059225	1.895	100.0351298	37.04802561	0	2053.798773	2053.798773	-101.0736516	2027.018141	-108.5521143	0	0	0	0	0	0	0	0	0	0	0	0
0	3.829642230819	106.3347752	57.40974274	1.895	103.8249223	58.75937492	1.895	1	1	139.0703211	2069.958005	1.895	108.0158979	78.2017953	1.895	2010.835423	2010.835423	-100.8900243	1984.615014	-108.190181	0	0	0	0	0	0	0	0	0	0	0	0
6	3.833742367255	106.3347752	57.40974274	1.895	103.8249223	58.75937492	1.895	1	0	125.2651661	2128.378528	1.895	100.0351298	37.04802561	0	2069.078843	2069.078843	-101.1380346	2042.098966	-108.6790554	0	0	0	0	0	0	0	0	0	0	0	0
4	3.843255128199	106.3347752	57.40974274	1.895	103.8249223	58.75937492	1.895	1	1	131.4030574	2109.088447	1.895	100.340463	39.018803	1.895	2049.854253	2049.854253	-101.0569535	2023.125056	-108.5191947	0	0	0	0	0	0	0	0	0	0	0	0
0	3.929642230819	106.7239917	59.38276081	1.895	104.2141394	60.73239286	1.895	1	1	139.5255612	2068.011018	1.895	108.4711395	80.1487826	1.895	2006.924207	2006.924207	-100.8731132	1980.754799	-108.1568576	0	0	0	0	0	0	0	0	0	0	0	0
6	3.933742367255	106.7239917	59.38276081	1.895	104.2141394	60.73239286	1.895	1	0	125.5336949	2126.393802	1.895	100.0351298	37.04802561	0	2065.127385	2065.127385	-101.1214307	2038.199033	-108.6463162	0	0	0	0	0	0	0	0	0	0	0	0
4	3.943255128199	106.7239917	59.38276081	1.895	104.2141394	60.73239286	1.895	1	1	131.7093486	2107.111477	1.895	100.6467556	40.99577297	1.895	2045.910764	2045.910764	-101.0402275	2019.232988	-108.4862218	0	0	0	0	0	0	0	0	0	0	0	0
0	4.029642230819	107.111789	61.34858428	1.895	104.6019372	62.69821622	1.895	1	1	139.9804918	2066.065354	1.895	108.9260715	82.09444576	1.895	2003.013112	2003.013112	-100.8561696	1976.894703	-108.1234718	0	0	0	0	0	0	0	0	0	0	0	0
6	4.033742367255	107.111789	61.34858428	1.895	104.6019372	62.69821622	1.895	1	0	125.8034373	2124.400105	1.895	100.0351298	37.04802561	0	2061.165766	2061.165766	-101.1047522	2034.289071	-108.6134313	0	0	0	0	0	0	0	0	0	0	0	0
4	4.043255128199	107.111789	61.34858428	1.895	104.6019372	62.69821622	1.895	1	1	132.0209368	2105.133065	1.895	100.9583452	42.97418488	1.895	2041.964691	2041.964691	-101.0234584	2015.33837	-108.4531651	0	0	0	0	0	0	0	0	0	0	0	0
