1	1.121182739839	132.0367638	1968.728966	0	-546344.9226	-4182238.498	0	0	0	170.180909	188.5685532	1.895	-546344.8951	-4182237.76	0	256.0801558	256.0801558	-82.99001231	252.7409833	-77.9353309	0	0	0	0	0	0	0	0	0	0	0	0
1	1.221182739839	132.0367638	1968.728966	0	-546344.9226	-4182238.498	0	0	0	171.3113443	189.6561789	1.895	-546344.8951	-4182237.76	0	257.1741655	257.1741655	-83.02704059	253.8207276	-77.95918511	0	0	0	0	0	0	0	0	0	0	0	0
1	1.321182739839	133.0984952	1967.601988	0	-546344.9226	-4182238.498	0	0	0	172.4442951	190.7422424	1.895	-546344.8951	-4182237.76	0	257.9782687	257.9782687	-83.05415628	254.6143456	-77.97698591	0	0	0	0	0	0	0	0	0	0	0	0
1	1.421182739839	134.1676787	1966.467101	0	-546344.9226	-4182238.498	0	0	0	173.5701117	191.8214669	1.895	-546344.8951	-4182237.76	0	258.785195	258.785195	-83.08128234	255.4107499	-77.99507164	0	0	0	0	0	0	0	0	0	0	0	0
1	1.521182739839	135.2302364	1965.339246	0	-546344.9226	-4182238.498	0	0	0	174.6940414	192.8988826	1.895	-546344.8951	-4182237.76	0	259.5371475	259.5371475	-83.10648434	256.1528973	-78.01212143	0	0	0	0	0	0	0	0	0	0	0	0
1	1.621182739839	136.2924618	1964.211744	0	-546344.9226	-4182238.498	0	0	0	175.8228388	193.9809645	1.895	-546344.8951	-4182237.76	0	260.4869637	260.4869637	-83.13821367	257.0903283	-78.03392188	0	0	0	0	0	0	0	0	0	0	0	0
1	1.721182739839	137.3553169	1963.083574	0	-546344.9226	-4182238.498	0	0	0	176.9548666	195.0661433	1.895	-546344.8951	-4182237.76	0	261.5843935	261.5843935	-83.1747304	258.1734481	-78.05946832	0	0	0	0	0	0	0	0	0	0	0	0
1	1.821182739839	138.4183376	1961.955228	0	-546344.9226	-4182238.498	0	0	0	178.0866584	196.1510957	1.895	-546344.8951	-4182237.76	0	262.6272951	262.6272951	-83.20929102	259.2027507	-78.08409096	0	0	0	0	0	0	0	0	0	0	0	0
1	1.921182739839	139.4826081	1960.825556	0	-546344.9226	-4182238.498	0	0	0	179.2148876	197.2326329	1.895	-546344.8951	-4182237.76	0	263.6504952	263.6504952	-83.24306563	260.2126087	-78.10856621	0	0	0	0	0	0	0	0	0	0	0	0
1	2.021182739839	140.5441699	1959.698758	0	-546344.9226	-4182238.498	0	0	0	180.3455385	198.3164917	1.895	-546344.8951	-4182237.76	0	264.5771171	264.5771171	-83.2735394	261.1271479	-78.13099537	0	0	0	0	0	0	0	0	0	0	0	0
1	2.121182739839	141.6104424	1958.566961	0	-546344.9226	-4182238.498	0	0	0	181.474386	199.3986217	1.895	-546344.8951	-4182237.76	0	265.5838865	265.5838865	-83.30652824	262.1207895	-78.15564135	0	0	0	0	0	0	0	0	0	0	0	0
5	2.128797324758	141.6104424	1958.566961	0	-546344.9226	-4182238.498	0	0	0	157.0367638	179.4410342	1.895	-546344.8951	-4182237.76	0	240.6139328	240.6139328	-82.44890923	237.476433	-77.65129073	0	0	0	0	0	0	0	0	0	0	0	0
1	2.221182739839	142.673519	1957.438555	0	-546344.9226	-4182238.498	0	0	0	182.6275364	200.4510512	1.895	-546344.8951	-4182237.76	0	265.9618192	265.9618192	-83.3188797	262.4937941	-78.16496607	0	0	0	0	0	0	0	0	0	0	0	0
5	2.228797324758	142.673519	1957.438555	0	-546344.9226	-4182238.498	0	0	0	157.9752219	180.4371629	1.895	-546344.8951	-4182237.76	0	246.5435174	246.5435174	-82.66036556	243.3286985	-77.74723158	0	0	0	0	0	0	0	0	0	0	0	0
1	2.321182739839	143.7899276	1956.349267	0	-546344.9226	-4182238.498	0	0	0	183.8078559	201.4723025	1.895	-546344.8951	-4182237.76	0	266.6992706	266.6992706	-83.34293036	263.2216295	-78.18327343	0	0	0	0	0	0	0	0	0	0	0	0
5	2.328797324758	143.7899276	1956.349267	0	-546344.9226	-4182238.498	0	0	0	158.9221163	181.4422464	1.895	-546344.8951	-4182237.76	0	251.9089924	251.9089924	-82.84736722	248.62421	-77.84846144	0	0	0	0	0	0	0	0	0	0	0	0
1	2.421182739839	144.9112243	1955.275745	0	-546344.9226	-4182238.498	0	0	0	184.9880194	202.4934189	1.895	-546344.8951	-4182237.76	0	267.3359012	267.3359012	-83.36363951	263.8499587	-78.19919533	0	0	0	0	0	0	0	0	0	0	0	0
5	2.428797324758	144.9112243	1955.275745	0	-546344.9226	-4182238.498	0	0	0	159.8654177	182.443516	1.895	-546344.8951	-4182237.76	0	257.6198111	257.6198111	-83.04207895	254.2605621	-77.96902294	0	0	0	0	0	0	0	0	0	0	0	0
1	2.521182739839	146.0349312	1954.199916	0	-546344.9226	-4182238.498	0	0	0	186.1684491	203.5147656	1.895	-546344.8951	-4182237.76	0	267.8723204	267.8723204	-83.3810506	264.3793833	-78.21269397	0	0	0	0	0	0	0	0	0	0	0	0
5	2.528797324758	146.0349312	1954.199916	0	-546344.9226	-4182238.498	0	0	0	160.8105785	183.4467593	1.895	-546344.8951	-4182237.76	0	263.4446859	263.4446859	-83.23628265	260.0094831	-78.10361834	0	0	0	0	0	0	0	0	0	0	0	0
1	2.621182739839	147.16144	1953.121403	0	-546344.9226	-4182238.498	0	0	0	187.3523813	204.5391428	1.895	-546344.8951	-4182237.76	0	268.6327672	268.6327672	-83.40567352	265.1299141	-78.23195785	0	0	0	0	0	0	0	0	0	0	0	0
5	2.628797324758	147.16144	1953.121403	0	-546344.9226	-4182238.498	0	0	0	161.7664122	184.4613314	1.895	-546344.8951	-4182237.76	0	268.7723759	268.7723759	-83.41018641	265.2677025	-78.23551052	0	0	0	0	0	0	0	0	0	0	0	0
1	2.721182739839	148.286543	1952.044237	0	-546344.9226	-4182238.498	0	0	0	188.5350989	205.5624691	1.895	-546344.8951	-4182237.76	0	269.4173602	269.4173602	-83.43100533	265.9042764	-78.25198741	0	0	0	0	0	0	0	0	0	0	0	0
5	2.728797324758	148.286543	1952.044237	0	-546344.9226	-4182238.498	0	0	0	162.7241713	185.4779472	1.895	-546344.8951	-4182237.76	0	274.0064869	274.0064869	-83.57771069	270.4335629	-78.37210117	0	0	0	0	0	0	0	0	0	0	0	0
1	2.821182739839	149.4102105	1950.968445	0	-546344.9226	-4182238.498	0	0	0	189.7200818	206.5877553	1.895	-546344.8951	-4182237.76	0	270.5703235	270.5703235	-83.46809702	267.0422056	-78.28169767	0	0	0	0	0	0	0	0	0	0	0	0
5	2.828797324758	149.4102105	1950.968445	0	-546344.9226	-4182238.498	0	0	0	163.6778241	186.4902043	1.895	-546344.8951	-4182237.76	0	279.2321387	279.2321387	-83.74180186	275.5910745	-78.51445411	0	0	0	0	0	0	0	0	0	0	0	0
1	2.921182739839	150.5280297	1949.898252	0	-546344.9226	-4182238.498	0	0	0	190.9046267	207.6126626	1.895	-546344.8951	-4182237.76	0	271.3742558	271.3742558	-83.49386671	267.835655	-78.30260386	0	0	0	0	0	0	0	0	0	0	0	0
5	2.928797324758	150.5280297	1949.898252	0	-546344.9226	-4182238.498	0	0	0	164.6291722	187.5000152	1.895	-546344.8951	-4182237.76	0	284.9935034	284.9935034	-83.91919301	281.2773136	-78.67734588	0	0	0	0	0	0	0	0	0	0	0	0
1	3.021182739839	151.6535922	1948.820646	0	-546344.9226	-4182238.498	0	0	0	192.0901016	208.6383747	1.895	-546344.8951	-4182237.76	0	272.3571773	272.3571773	-83.52527029	268.8057596	-78.32837096	0	0	0	0	0	0	0	0	0	0	0	0
5	3.028797324758	151.6535922	1948.820646	0	-546344.9226	-4182238.498	0	0	0	165.5940769	188.5242157	1.895	-546344.8951	-4182237.76	0	290.0167858	290.0167858	-84.0709565	286.2350946	-78.82373372	0	0	0	0	0	0	0	0	0	0	0	0
7	3.119802985189	152.7762991	1947.745774	0	-546344.9226	-4182238.498	0	0	0	159.4597544	177.2012743	1.895	-546344.9226	-4182238.498	0	968.5533825	968.5533825	-94.54496504	955.9238726	-95.85772218	0	0	0	0	0	0	0	0	0	0	0	0
1	3.121182739839	152.7762991	1947.745774	0	-546344.9226	-4182238.498	0	0	0	193.2757815	209.664264	1.895	-546344.8951	-4182237.76	0	273.2137054	273.2137054	-83.55254343	269.6511189	-78.35100524	0	0	0	0	0	0	0	0	0	0	0	0
5	3.128797324758	152.7762991	1947.745774	0	-546344.9226	-4182238.498	0	0	0	166.557441	189.5467809	1.895	-546344.8951	-4182237.76	0	295.3306636	295.3306636	-84.22866463	291.4796818	-78.98236971	0	0	0	0	0	0	0	0	0	0	0	0
7	3.219802985189	153.9023384	1946.667711	0	-546344.9226	-4182238.498	0	0	0	160.5292707	178.3352463	1.895	-546344.9226	-4182238.498	0	967.4756323	967.4756323	-94.53529451	954.8601758	-95.839329	0	0	0	0	0	0	0	0	0	0	0	0
1	3.221182739839	153.9023384	1946.667711	0	-546344.9226	-4182238.498	0	0	0	194.4566825	210.6860184	1.895	-546344.8951	-4182237.76	0	274.0121041	274.0121041	-83.57788875	270.4391069	-78.37225113	0	0	0	0	0	0	0	0	0	0	0	0
5	3.228797324758	153.9023384	1946.667711	0	-546344.9226	-4182238.498	0	0	0	167.5247045	190.5734853	1.895	-546344.8951	-4182237.76	0	300.2468724	300.2468724	-84.37206364	296.3317853	-79.13210336	0	0	0	0	0	0	0	0	0	0	0	0
7	3.319802985189	155.031841	1945.604083	0	-546344.9226	-4182238.498	0	0	0	161.597545	179.4679016	1.895	-546344.9226	-4182238.498	0	965.6687658	965.6687658	-94.51905749	953.0768701	-95.80845063	0	0	0	0	0	0	0	0	0	0	0	0
1	3.321182739839	155.031841	1945.604083	0	-546344.9226	-4182238.498	0	0	0	195.6386998	211.7087388	1.895	-546344.8951	-4182237.76	0	274.5069361	274.5069361	-83.59356025	270.9274864	-78.38548904	0	0	0	0	0	0	0	0	0	0	0	0
5	3.328797324758	155.031841	1945.604083	0	-546344.9226	-4182238.498	0	0	0	168.5219138	191.564138	1.895	-546344.8951	-4182237.76	0	305.1389028	305.1389028	-84.51244541	301.1600258	-79.28352257	0	0	0	0	0	0	0	0	0	0	0	0
7	3.419802985189	156.2024928	1944.591628	0	-546344.9226	-4182238.498	0	0	0	162.6720278	180.6071394	1.895	-546344.9226	-4182238.498	0	963.7643166	963.7643166	-94.50191065	951.1972541	-95.77584766	0	0	0	0	0	0	0	0	0	0	0	0
1	3.421182739839	156.2024928	1944.591628	0	-546344.9226	-4182238.498	0	0	0	196.8453563	212.7033399	1.895	-546344.8951	-4182237.76	0	275.0383966	275.0383966	-83.61036035	271.452017	-78.39976559	0	0	0	0	0	0	0	0	0	0	0	0
5	3.428797324758	156.2024928	1944.591628	0	-546344.9226	-4182238.498	0	0	0	169.5398694	192.5387221	1.895	-546344.8951	-4182237.76	0	310.1837163	310.1837163	-84.6548737	306.1390571	-79.44182749	0	0	0	0	0	0	0	0	0	0	0	0
7	3.519802985189	157.37825	1943.574757	0	-546344.9226	-4182238.498	0	0	0	163.7461958	181.7460436	1.895	-546344.9226	-4182238.498	0	962.011459	962.011459	-94.48609871	949.467253	-95.74578801	0	0	0	0	0	0	0	0	0	0	0	0
1	3.521182739839	157.37825	1943.574757	0	-546344.9226	-4182238.498	0	0	0	198.0604745	213.6827874	1.895	-546344.8951	-4182237.76	0	275.5347216	275.5347216	-83.62602049	271.9418701	-78.41315245	0	0	0	0	0	0	0	0	0	0	0	0
5	3.528797324758	157.37825	1943.574757	0	-546344.9226	-4182238.498	0	0	0	170.5685753	193.5235984	1.895	-546344.8951	-4182237.76	0	314.7958089	314.7958089	-84.78307264	310.6910101	-79.58818014	0	0	0	0	0	0	0	0	0	0	0	0
7	3.619802985189	158.5549063	1942.557108	0	-546344.9226	-4182238.498	0	0	0	164.8181396	182.8825895	1.895	-546344.9226	-4182238.498	0	960.0664519	960.0664519	-94.46851969	947.5476079	-95.71237484	0	0	0	0	0	0	0	0	0	0	0	0
1	3.621182739839	158.5549063	1942.557108	0	-546344.9226	-4182238.498	0	0	0	199.2768462	214.6632453	1.895	-546344.8951	-4182237.76	0	276.3251433	276.3251433	-83.65090188	272.7219851	-78.43457784	0	0	0	0	0	0	0	0	0	0	0	0
5	3.628797324758	158.5549063	1942.557108	0	-546344.9226	-4182238.498	0	0	0	171.6024824	194.5134543	1.895	-546344.8951	-4182237.76	0	318.9379214	318.9379214	-84.89661699	314.7791113	-79.72074272	0	0	0	0	0	0	0	0	0	0	0	0
7	3.719802985189	159.7260846	1941.544197	0	-546344.9226	-4182238.498	0	0	0	165.8899998	184.0190468	1.895	-546344.9226	-4182238.498	0	958.5037398	958.5037398	-94.45437004	946.0052729	-95.68548449	0	0	0	0	0	0	0	0	0	0	0	0
1	3.721182739839	159.7260846	1941.544197	0	-546344.9226	-4182238.498	0	0	0	200.4896041	215.6407903	1.895	-546344.8951	-4182237.76	0	276.7970516	276.7970516	-83.665723	273.1877399	-78.44743066	0	0	0	0	0	0	0	0	0	0	0	0
5	3.728797324758	159.7260846	1941.544197	0	-546344.9226	-4182238.498	0	0	0	172.6298155	195.4970164	1.895	-546344.8951	-4182237.76	0	323.6367303	323.6367303	-85.0236499	319.4166498	-79.87220741	0	0	0	0	0	0	0	0	0	0	0	0
7	3.819802985189	160.901275	1940.527816	0	-546344.9226	-4182238.498	0	0	0	166.9658336	185.159717	1.895	-546344.9226	-4182238.498	0	956.8167021	956.8167021	-94.43906876	944.3402334	-95.65641005	0	0	0	0	0	0	0	0	0	0	0	0
1	3.821182739839	160.901275	1940.527816	0	-546344.9226	-4182238.498	0	0	0	201.7031622	216.6189803	1.895	-546344.8951	-4182237.76	0	277.2109463	277.2109463	-83.67870131	273.5962375	-78.45874048	0	0	0	0	0	0	0	0	0	0	0	0
5	3.828797324758	160.901275	1940.527816	0	-546344.9226	-4182238.498	0	0	0	173.6645428	196.4876575	1.895	-546344.8951	-4182237.76	0	328.1192025	328.1192025	-85.14312675	323.8406726	-80.01759592	0	0	0	0	0	0	0	0	0	0	0	0
7	3.919802985189	162.0787326	1939.509475	0	-546344.9226	-4182238.498	0	0	0	168.0375992	186.296074	1.895	-546344.9226	-4182238.498	0	955.0995299	955.0995299	-94.42346643	942.6454524	-95.62676842	0	0	0	0	0	0	0	0	0	0	0	0
1	3.921182739839	162.0787326	1939.509475	0	-546344.9226	-4182238.498	0	0	0	202.921233	217.6008076	1.895	-546344.8951	-4182237.76	0	278.058473	278.058473	-83.70521647	274.4327129	-78.48200571	0	0	0	0	0	0	0	0	0	0	0	0
5	3.928797324758	162.0787326	1939.509475	0	-546344.9226	-4182238.498	0	0	0	174.7034325	197.4822837	1.895	-546344.8951	-4182237.76	0	332.1675785	332.1675785	-85.24963861	327.8362595	-80.14952297	0	0	0	0	0	0	0	0	0	0	0	0
7	4.019802985189	163.2506642	1938.495912	0	-546344.9226	-4182238.498	0	0	0	169.1085481	187.431565	1.895	-546344.9226	-4182238.498	0	954.0423131	954.0423131	-94.41384654	941.6020212	-95.60849478	0	0	0	0	0	0	0	0	0	0	0	0
1	4.021182739839	163.2506642	1938.495912	0	-546344.9226	-4182238.498	0	0	0	204.1418556	218.584692	1.895	-546344.8951	-4182237.76	0	278.7341456	278.7341456	-83.72629728	275.099575	-78.50065385	0	0	0	0	0	0	0	0	0	0	0	0
5	4.028797324758	163.2506642	1938.495912	0	-546344.9226	-4182238.498	0	0	0	175.7349109	198.4698145	1.895	-546344.8951	-4182237.76	0	336.9499976	336.9499976	-85.37380295	332.5563179	-80.30597723	0	0	0	0	0	0	0	0	0	0	0	0
7	4.119802985189	164.4292273	1937.476614	0	-546344.9226	-4182238.498	0	0	0	170.1833355	188.5711259	1.895	-546344.9226	-4182238.498	0	952.2629071	952.2629071	-94.39763116	939.8458179	-95.57769679	0	0	0	0	0	0	0	0	0	0	0	0
1	4.121182739839	164.4292273	1937.476614	0	-546344.9226	-4182238.498	0	0	0	205.3595663	219.5662292	1.895	-546344.8951	-4182237.76	0	279.5207109	279.5207109	-83.75077365	275.8758839	-78.52247238	0	0	0	0	0	0	0	0	0	0	0	0
5	4.128797324758	164.4292273	1937.476614	0	-546344.9226	-4182238.498	0	0	0	176.7746331	199.4652377	1.895	-546344.8951	-4182237.76	0	341.0981883	341.0981883	-85.48008206	336.6504181	-80.44209889	0	0	0	0	0	0	0	0	0	0	0	0
9	4.131111553067	164.4292273	1937.476614	0	-546344.9226	-4182238.498	0	0	0	159.4597544	177.2012743	1.895	-546344.8951	-4182237.76	0	2160.59321	2160.59321	-101.5139539	2132.420025	-109.420645	0	0	0	0	0	0	0	0	0	0	0	0
7	4.219802985189	165.6025084	1936.461885	0	-546344.9226	-4182238.498	0	0	0	171.3081647	189.6531309	1.895	-546344.9226	-4182238.498	0	950.9829793	950.9829793	-94.38594868	938.5825798	-95.55551147	0	0	0	0	0	0	0	0	0	0	0	0
1	4.221182739839	165.6025084	1936.461885	0	-546344.9226	-4182238.498	0	0	0	206.5720036	220.5435157	1.895	-546344.8951	-4182237.76	0	280.1721395	280.1721395	-83.77099273	276.5188181	-78.54063002	0	0	0	0	0	0	0	0	0	0	0	0
5	4.228797324758	165.6025084	1936.461885	0	-546344.9226	-4182238.498	0	0	0	177.8137202	200.4600529	1.895	-546344.8951	-4182237.76	0	345.2228235	345.2228235	-85.58448381	340.7212699	-80.57773272	0	0	0	0	0	0	0	0	0	0	0	0
9	4.231111553067	165.6025084	1936.461885	0	-546344.9226	-4182238.498	0	0	0	160.4077134	178.2063633	1.895	-546344.8951	-4182237.76	0	2175.112889	2175.112889	-101.5721298	2146.750374	-109.5354707	0	0	0	0	0	0	0	0	0	0	0	0
7	4.319802985189	166.7739043	1935.448785	0	-546344.9226	-4182238.498	0	0	0	172.4374295	190.7356609	1.895	-546344.9226	-4182238.498	0	949.4454153	949.4454153	-94.37189384	937.065065	-95.52882463	0	0	0	0	0	0	0	0	0	0	0	0
1	4.321182739839	166.7739043	1935.448785	0	-546344.9226	-4182238.498	0	0	0	207.7858515	221.5219392	1.895	-546344.8951	-4182237.76	0	280.9239908	280.9239908	-83.79427039	277.2608656	-78.56168348	0	0	0	0	0	0	0	0	0	0	0	0
5	4.328797324758	166.7739043	1935.448785	0	-546344.9226	-4182238.498	0	0	0	178.8520538	201.4541468	1.895	-546344.8951	-4182237.76	0	349.3820989	349.3820989	-85.68850679	344.82631	-80.71470801	0	0	0	0	0	0	0	0	0	0	0	0
9	4.331111553067	166.7739043	1935.448785	0	-546344.9226	-4182238.498	0	0	0	161.3559197	179.2117144	1.895	-546344.8951	-4182237.76	0	2189.599386	2189.599386	-101.6297871	2161.047973	-109.6492879	0	0	0	0	0	0	0	0	0	0	0	0
7	4.419802985189	167.9444911	1934.436386	0	-546344.9226	-4182238.498	0	0	0	173.5650316	191.816597	1.895	-546344.9226	-4182238.498	0	948.5505902	948.5505902	-94.36370377	936.181908	-95.51327549	0	0	0	0	0	0	0	0	0	0	0	0
1	4.421182739839	167.9444911	1934.436386	0	-546344.9226	-4182238.498	0	0	0	209.0040722	222.4972954	1.895	-546344.8951	-4182237.76	0	281.3837115	281.3837115	-83.80847288	277.7145918	-78.57460681	0	0	0	0	0	0	0	0	0	0	0	0
5	4.428797324758	167.9444911	1934.436386	0	-546344.9226	-4182238.498	0	0	0	179.8952496	202.4477834	1.895	-546344.8951	-4182237.76	0	353.7988342	353.7988342	-85.79762175	349.1854531	-80.86029698	0	0	0	0	0	0	0	0	0	0	0	0
9	4.431111553067	167.9444911	1934.436386	0	-546344.9226	-4182238.498	0	0	0	162.3063527	180.2194265	1.895	-546344.8951	-4182237.76	0	2204.63854	2204.63854	-101.6892417	2175.891024	-109.7666693	0	0	0	0	0	0	0	0	0	0	0	0
7	4.519802985189	169.1286812	1933.42554	0	-546344.9226	-4182238.498	0	0	0	174.6923481	192.8972594	1.895	-546344.9226	-4182238.498	0	947.1002617	947.1002617	-94.35041293	934.7504911	-95.48804523	0	0	0	0	0	0	0	0	0	0	0	0
1	4.521182739839	169.1286812	1933.42554	0	-546344.9226	-4182238.498	0	0	0	210.2597869	223.429926	1.895	-546344.8951	-4182237.76	0	282.1129292	282.1129292	-83.83095361	278.4343008	-78.59518265	0	0	0	0	0	0	0	0	0	0	0	0
5	4.528797324758	169.1286812	1933.42554	0	-546344.9226	-4182238.498	0	0	0	180.9892012	203.3939037	1.895	-546344.8951	-4182237.76	0	357.8084026	357.8084026	-85.8955045	353.1427385	-80.99251416	0	0	0	0	0	0	0	0	0	0	0	0
9	4.531111553067	169.1286812	1933.42554	0	-546344.9226	-4182238.498	0	0	0	163.2595386	181.2300574	1.895	-546344.8951	-4182237.76	0	2218.552959	2218.552959	-101.7438898	2189.624005	-109.874575	0	0	0	0	0	0	0	0	0	0	0	0
7	4.619802985189	170.3377841	1932.450247	0	-546344.9226	-4182238.498	0	0	0	175.8218798	193.9800453	1.895	-546344.9226	-4182238.498	0	945.5469056	945.5469056	-94.33615536	933.2173901	-95.4609838	0	0	0	0	0	0	0	0	0	0	0	0
1	4.621182739839	170.3377841	1932.450247	0	-546344.9226	-4182238.498	0	0	0	211.5169019	224.3635966	1.895	-546344.8951	-4182237.76	0	282.8810845	282.8810845	-83.85457197	279.1924396	-78.61695694	0	0	0	0	0	0	0	0	0	0	0	0
5	4.628797324758	170.3377841	1932.450247	0	-546344.9226	-4182238.498	0	0	0	182.0892486	204.3452961	1.895	-546344.8951	-4182237.76	0	361.5707238	361.5707238	-85.98635897	356.8560007	-81.1165671	0	0	0	0	0	0	0	0	0	0	0	0
9	4.631111553067	170.3377841	1932.450247	0	-546344.9226	-4182238.498	0	0	0	164.215315	182.2434349	1.895	-546344.8951	-4182237.76	0	2232.320608	2232.320608	-101.7976252	2203.21213	-109.9806915	0	0	0	0	0	0	0	0	0	0	0	0
7	4.719802985189	171.5475233	1931.47444	0	-546344.9226	-4182238.498	0	0	0	176.9516884	195.0630966	1.895	-546344.9226	-4182238.498	0	943.6841611	943.6841611	-94.31902712	931.3789349	-95.42847927	0	0	0	0	0	0	0	0	0	0	0	0
1	4.721182739839	171.5475233	1931.47444	0	-546344.9226	-4182238.498	0	0	0	212.7710872	225.2950913	1.895	-546344.8951	-4182237.76	0	283.7104968	283.7104968	-83.88000189	280.0110368	-78.64058003	0	0	0	0	0	0	0	0	0	0	0	0
5	4.728797324758	171.5475233	1931.47444	0	-546344.9226	-4182238.498	0	0	0	183.1932232	205.3000849	1.895	-546344.8951	-4182237.76	0	364.9576789	364.9576789	-86.06734392	360.1987914	-81.2281964	0	0	0	0	0	0	0	0	0	0	0	0
9	4.731111553067	171.5475233	1931.47444	0	-546344.9226	-4182238.498	0	0	0	165.1759536	183.2619676	1.895	-546344.8951	-4182237.76	0	2245.051358	2245.051358	-101.8470194	2215.776877	-110.0782463	0	0	0	0	0	0	0	0	0	0	0	0
7	4.819802985189	172.7531432	1930.501956	0	-546344.9226	-4182238.498	0	0	0	178.0827469	196.147346	1.895	-546344.9226	-4182238.498	0	942.4165162	942.4165162	-94.30735158	930.1278196	-95.40632586	0	0	0	0	0	0	0	0	0	0	0	0
1	4.821182739839	172.7531432	1930.501956	0	-546344.9226	-4182238.498	0	0	0	214.0267227	226.2276632	1.895	-546344.8951	-4182237.76	0	284.246987	284.246987	-83.8964112	280.5405314	-78.65592109	0	0	0	0	0	0	0	0	0	0	0	0
5	4.828797324758	172.7531432	1930.501956	0	-546344.9226	-4182238.498	0	0	0	184.2904911	206.2490734	1.895	-546344.8951	-4182237.76	0	369.1268712	369.1268712	-86.16600703	364.3136193	-81.36550038	0	0	0	0	0	0	0	0	0	0	0	0
9	4.831111553067	172.7531432	1930.501956	0	-546344.9226	-4182238.498	0	0	0	166.1368369	184.2807598	1.895	-546344.8951	-4182237.76	0	2258.90452	2258.90452	-101.9004513	2229.449399	-110.1837875	0	0	0	0	0	0	0	0	0	0	0	0
7	4.919802985189	173.967286	1929.522598	0	-546344.9226	-4182238.498	0	0	0	179.2108332	197.2287463	1.895	-546344.9226	-4182238.498	0	941.386829	941.386829	-94.29785616	929.1115591	-95.38831114	0	0	0	0	0	0	0	0	0	0	0	0
1	4.921182739839	173.967286	1929.522598	0	-546344.9226	-4182238.498	0	0	0	215.2784352	227.1573213	1.895	-546344.8951	-4182237.76	0	284.6561224	284.6561224	-83.90890438	280.9443318	-78.66765201	0	0	0	0	0	0	0	0	0	0	0	0
5	4.928797324758	173.967286	1929.522598	0	-546344.9226	-4182238.498	0	0	0	185.3985606	207.2074038	1.895	-546344.8951	-4182237.76	0	372.7417877	372.7417877	-86.25065548	367.8813988	-81.4844179	0	0	0	0	0	0	0	0	0	0	0	0
9	4.931111553067	173.967286	1929.522598	0	-546344.9226	-4182238.498	0	0	0	167.103213	185.3053758	1.895	-546344.8951	-4182237.76	0	2272.047835	2272.047835	-101.9508432	2242.421331	-110.2833354	0	0	0	0	0	0	0	0	0	0	0	0
7	5.019802985189	175.1807868	1928.543757	0	-546344.9226	-4182238.498	0	0	0	180.3360569	198.3074025	1.895	-546344.9226	-4182238.498	0	940.6338699	940.6338699	-94.29090605	928.3684182	-95.37512657	0	0	0	0	0	0	0	0	0	0	0	0
1	5.021182739839	175.1807868	1928.543757	0	-546344.9226	-4182238.498	0	0	0	216.5281311	228.0854817	1.895	-546344.8951	-4182237.76	0	284.990549	284.990549	-83.91910296	281.2743977	-78.67726091	0	0	0	0	0	0	0	0	0	0	0	0
5	5.028797324758	175.1807868	1928.543757	0	-546344.9226	-4182238.498	0	0	0	186.5030782	208.1626622	1.895	-546344.8951	-4182237.76	0	376.5608218	376.5608218	-86.33919646	371.6506344	-81.6098806	0	0	0	0	0	0	0	0	0	0	0	0
9	5.031111553067	175.1807868	1928.543757	0	-546344.9226	-4182238.498	0	0	0	168.0747881	186.3355041	1.895	-546344.8951	-4182237.76	0	2284.59033	2284.59033	-101.9986605	2254.800277	-110.3778071	0	0	0	0	0	0	0	0	0	0	0	0
7	5.119802985189	176.3942644	1927.564935	0	-546344.9226	-4182238.498	0	0	0	181.4618651	199.386619	1.895	-546344.9226	-4182238.498	0	939.9156925	939.9156925	-94.28427181	927.6596055	-95.36254213	0	0	0	0	0	0	0	0	0	0	0	0
1	5.121182739839	176.3942644	1927.564935	0	-546344.9226	-4182238.498	0	0	0	217.7869865	229.0204449	1.895	-546344.8951	-4182237.76	0	285.6853557	285.6853557	-83.94025338	281.9601443	-78.69728132	0	0	0	0	0	0	0	0	0	0	0	0
5	5.128797324758	176.3942644	1927.564935	0	-546344.9226	-4182238.498	0	0	0	187.6167768	209.125861	1.895	-546344.8951	-4182237.76	0	379.9627871	379.9627871	-86.41731509	375.0082395	-81.7214684	0	0	0	0	0	0	0	0	0	0	0	0
9	5.131111553067	176.3942644	1927.564935	0	-546344.9226	-4182238.498	0	0	0	169.0402454	187.359146	1.895	-546344.8951	-4182237.76	0	2298.186291	2298.186291	-102.0501984	2268.218953	-110.4796405	0	0	0	0	0	0	0	0	0	0	0	0
11	5.138561273145	177.6083675	1926.585608	0	-546344.9226	-4182238.498	0	0	0	157.0367638	179.4410342	1.895	-546344.8951	-4182237.76	0	3852.833672	3852.833672	-106.538099	3802.594417	-119.38008	0	0	0	0	0	0	0	0	0	0	0	0
7	5.219802985189	177.6083675	1926.585608	0	-546344.9226	-4182238.498	0	0	0	182.6163133	200.4413406	1.895	-546344.9226	-4182238.498	0	938.8095109	938.8095109	-94.27404342	926.567848	-95.34314176	0	0	0	0	0	0	0	0	0	0	0	0
1	5.221182739839	177.6083675	1926.585608	0	-546344.9226	-4182238.498	0	0	0	219.0423904	229.9528447	1.895	-546344.8951	-4182237.76	0	286.4031216	286.4031216	-83.96204875	282.668551	-78.7180426	0	0	0	0	0	0	0	0	0	0	0	0
5	5.228797324758	177.6083675	1926.585608	0	-546344.9226	-4182238.498	0	0	0	188.7338089	210.0919429	1.895	-546344.8951	-4182237.76	0	383.0253736	383.0253736	-86.4870447	378.0308913	-81.82176563	0	0	0	0	0	0	0	0	0	0	0	0
9	5.231111553067	177.6083675	1926.585608	0	-546344.9226	-4182238.498	0	0	0	170.009841	188.3871755	1.895	-546344.8951	-4182237.76	0	2310.872283	2310.872283	-102.0980127	2280.739525	-110.5741263	0	0	0	0	0	0	0	0	0	0	0	0
11	5.238561273145	178.8187418	1925.609289	0	-546344.9226	-4182238.498	0	0	0	158.106107	180.5760912	1.895	-546344.8951	-4182237.76	0	3852.353264	3852.353264	-106.5370159	3802.120273	-119.3779261	0	0	0	0	0	0	0	0	0	0	0	0
7	5.319802985189	178.8187418	1925.609289	0	-546344.9226	-4182238.498	0	0	0	183.7940463	201.460354	1.895	-546344.9226	-4182238.498	0	937.8601347	937.8601347	-94.26525532	925.6308513	-95.32647497	0	0	0	0	0	0	0	0	0	0	0	0
1	5.321182739839	178.8187418	1925.609289	0	-546344.9226	-4182238.498	0	0	0	220.2987738	230.885972	1.895	-546344.8951	-4182237.76	0	287.4125312	287.4125312	-83.99260779	283.6647982	-78.74737286	0	0	0	0	0	0	0	0	0	0	0	0
5	5.328797324758	178.8187418	1925.609289	0	-546344.9226	-4182238.498	0	0	0	189.8494788	211.0568466	1.895	-546344.8951	-4182237.76	0	385.8869023	385.8869023	-86.55169456	380.8551069	-81.91532891	0	0	0	0	0	0	0	0	0	0	0	0
9	5.331111553067	178.8187418	1925.609289	0	-546344.9226	-4182238.498	0	0	0	171.0244019	189.3811116	1.895	-546344.8951	-4182237.76	0	2322.241499	2322.241499	-102.1406414	2291.960492	-110.6583731	0	0	0	0	0	0	0	0	0	0	0	0
11	5.338561273145	180.0233824	1924.637595	0	-546344.9226	-4182238.498	0	0	0	159.1684587	181.7037271	1.895	-546344.8951	-4182237.76	0	3852.312312	3852.312312	-106.5369236	3802.079855	-119.3777424	0	0	0	0	0	0	0	0	0	0	0	0
7	5.419802985189	180.0233824	1924.637595	0	-546344.9226	-4182238.498	0	0	0	184.9794028	202.4859635	1.895	-546344.9226	-4182238.498	0	936.6598891	936.6598891	-94.25413226	924.4462564	-95.30538218	0	0	0	0	0	0	0	0	0	0	0	0
1	5.421182739839	180.0233824	1924.637595	0	-546344.9226	-4182238.498	0	0	0	221.5587314	231.8217538	1.895	-546344.8951	-4182237.76	0	288.3840189	288.3840189	-84.0219176	284.6236182	-78.77574446	0	0	0	0	0	0	0	0	0	0	0	0
5	5.428797324758	180.0233824	1924.637595	0	-546344.9226	-4182238.498	0	0	0	190.9573104	212.0149711	1.895	-546344.8951	-4182237.76	0	389.4054196	389.4054196	-86.63053363	384.3277443	-82.03015878	0	0	0	0	0	0	0	0	0	0	0	0
9	5.431111553067	180.0233824	1924.637595	0	-546344.9226	-4182238.498	0	0	0	172.0476333	190.3619964	1.895	-546344.8951	-4182237.76	0	2334.548203	2334.548203	-102.1865507	2304.106722	-110.7491114	0	0	0	0	0	0	0	0	0	0	0	0
11	5.438561273145	181.2326081	1923.662203	0	-546344.9226	-4182238.498	0	0	0	160.2379336	182.838924	1.895	-546344.8951	-4182237.76	0	3851.805066	3851.805066	-106.5357798	3801.579224	-119.3754679	0	0	0	0	0	0	0	0	0	0	0	0
7	5.519802985189	181.2326081	1923.662203	0	-546344.9226	-4182238.498	0	0	0	186.1587182	203.5063461	1.895	-546344.9226	-4182238.498	0	935.8403453	935.8403453	-94.24652909	923.6373991	-95.29096569	0	0	0	0	0	0	0	0	0	0	0	0
1	5.521182739839	181.2326081	1923.662203	0	-546344.9226	-4182238.498	0	0	0	222.8185496	232.7574322	1.895	-546344.8951	-4182237.76	0	289.0718495	289.0718495	-84.04260982	285.3024798	-78.79591481	0	0	0	0	0	0	0	0	0	0	0	0
5	5.528797324758	181.2326081	1923.662203	0	-546344.9226	-4182238.498	0	0	0	192.0658934	212.9737456	1.895	-546344.8951	-4182237.76	0	392.9691531	392.9691531	-86.70966302	387.8450083	-82.14620392	0	0	0	0	0	0	0	0	0	0	0	0
9	5.531111553067	181.2326081	1923.662203	0	-546344.9226	-4182238.498	0	0	0	173.0854616	191.3568741	1.895	-546344.8951	-4182237.76	0	2344.841756	2344.841756	-102.2247646	2314.266052	-110.8246466	0	0	0	0	0	0	0	0	0	0	0	0
11	5.538561273145	182.4613028	1922.708239	0	-546344.9226	-4182238.498	0	0	0	161.2996429	183.9658779	1.895	-546344.8951	-4182237.76	0	3852.807136	3852.807136	-106.5380392	3802.568226	-119.379961	0	0	0	0	0	0	0	0	0	0	0	0
7	5.619802985189	182.4613028	1922.708239	0	-546344.9226	-4182238.498	0	0	0	187.3390645	204.5276207	1.895	-546344.9226	-4182238.498	0	934.4896757	934.4896757	-94.23398395	922.3043416	-95.2671813	0	0	0	0	0	0	0	0	0	0	0	0
1	5.621182739839	182.4613028	1922.708239	0	-546344.9226	-4182238.498	0	0	0	224.0722743	233.6885848	1.895	-546344.8951	-4182237.76	0	289.3668844	289.3668844	-84.05147037	285.5936675	-78.80458721	0	0	0	0	0	0	0	0	0	0	0	0
5	5.628797324758	182.4613028	1922.708239	0	-546344.9226	-4182238.498	0	0	0	193.1798734	213.9371878	1.895	-546344.8951	-4182237.76	0	396.1346504	396.1346504	-86.77935045	390.9692289	-82.24904644	0	0	0	0	0	0	0	0	0	0	0	0
9	5.631111553067	182.4613028	1922.708239	0	-546344.9226	-4182238.498	0	0	0	174.117161	192.3458764	1.895	-546344.8951	-4182237.76	0	2355.364198	2355.364198	-102.2636552	2324.651285	-110.9015255	0	0	0	0	0	0	0	0	0	0	0	0
11	5.638561273145	183.7079125	1921.782324	0	-546344.9226	-4182238.498	0	0	0	162.3674865	185.0993432	1.895	-546344.8951	-4182237.76	0	3852.161497	3852.161497	-106.5365835	3801.931006	-119.3770662	0	0	0	0	0	0	0	0	0	0	0	0
7	5.719802985189	183.7079125	1921.782324	0	-546344.9226	-4182238.498	0	0	0	188.5239136	205.5527912	1.895	-546344.9226	-4182238.498	0	932.6837815	932.6837815	-94.2171823	920.5219955	-95.23533211	0	0	0	0	0	0	0	0	0	0	0	0
1	5.721182739839	183.7079125	1921.782324	0	-546344.9226	-4182238.498	0	0	0	225.3456461	234.6016585	1.895	-546344.8951	-4182237.76	0	290.0688231	290.0688231	-84.07251486	286.2864533	-78.8252693	0	0	0	0	0	0	0	0	0	0	0	0
5	5.728797324758	183.7079125	1921.782324	0	-546344.9226	-4182238.498	0	0	0	194.3022226	214.884443	1.895	-546344.8951	-4182237.76	0	399.3990276	399.3990276	-86.85063387	394.1910401	-82.35485648	0	0	0	0	0	0	0	0	0	0	0	0
9	5.731111553067	183.7079125	1921.782324	0	-546344.9226	-4182238.498	0	0	0	175.1552839	193.3410365	1.895	-546344.8951	-4182237.76	0	2364.930433	2364.930433	-102.2988612	2334.092781	-110.9711259	0	0	0	0	0	0	0	0	0	0	0	0
11	5.738561273145	184.9529313	1920.857591	0	-546344.9226	-4182238.498	0	0	0	163.4346719	186.2321098	1.895	-546344.8951	-4182237.76	0	3851.539465	3851.539465	-106.5351808	3801.317086	-119.3742767	0	0	0	0	0	0	0	0	0	0	0	0
7	5.819802985189	184.9529313	1920.857591	0	-546344.9226	-4182238.498	0	0	0	189.710115	206.5791317	1.895	-546344.9226	-4182238.498	0	931.0138986	931.0138986	-94.20161709	918.8738871	-95.20583203	0	0	0	0	0	0	0	0	0	0	0	0
1	5.821182739839	184.9529313	1920.857591	0	-546344.9226	-4182238.498	0	0	0	226.6225172	235.5089282	1.895	-546344.8951	-4182237.76	0	290.67566	290.67566	-84.09066715	286.8853773	-78.84320397	0	0	0	0	0	0	0	0	0	0	0	0
5	5.828797324758	184.9529313	1920.857591	0	-546344.9226	-4182238.498	0	0	0	195.4505494	215.8107128	1.895	-546344.8951	-4182237.76	0	402.5413056	402.5413056	-86.91870282	397.2923441	-82.45646242	0	0	0	0	0	0	0	0	0	0	0	0
9	5.831111553067	184.9529313	1920.857591	0	-546344.9226	-4182238.498	0	0	0	176.2003709	194.3428725	1.895	-546344.8951	-4182237.76	0	2374.000247	2374.000247	-102.332109	2343.044328	-111.0368596	0	0	0	0	0	0	0	0	0	0	0	0
11	5.838561273145	186.2008428	1919.930709	0	-546344.9226	-4182238.498	0	0	0	164.4960065	187.3586661	1.895	-546344.8951	-4182237.76	0	3852.567259	3852.567259	-106.5374984	3802.331477	-119.3788855	0	0	0	0	0	0	0	0	0	0	0	0
7	5.919802985189	186.2008428	1919.930709	0	-546344.9226	-4182238.498	0	0	0	190.8918082	207.6015716	1.895	-546344.9226	-4182238.498	0	929.3986468	929.3986468	-94.18653452	917.2796975	-95.17725155	0	0	0	0	0	0	0	0	0	0	0	0
1	5.921182739839	186.2008428	1919.930709	0	-546344.9226	-4182238.498	0	0	0	227.9001828	236.4167624	1.895	-546344.8951	-4182237.76	0	291.5036911	291.5036911	-84.11537497	287.7026112	-78.86775599	0	0	0	0	0	0	0	0	0	0	0	0
5	5.928797324758	186.2008428	1919.930709	0	-546344.9226	-4182238.498	0	0	0	196.6004493	216.7382515	1.895	-546344.8951	-4182237.76	0	405.398205	405.398205	-86.98013023	400.1119908	-82.548622	0	0	0	0	0	0	0	0	0	0	0	0
9	5.931111553067	186.2008428	1919.930709	0	-546344.9226	-4182238.498	0	0	0	177.2488943	195.3480026	1.895	-546344.8951	-4182237.76	0	2382.160492	2382.160492	-102.3619142	2351.098168	-111.0957907	0	0	0	0	0	0	0	0	0	0	0	0
11	5.938561273145	187.4442916	1919.007141	0	-546344.9226	-4182238.498	0	0	0	165.5572863	188.4851642	1.895	-546344.8951	-4182237.76	0	3853.066107	3853.066107	-106.538623	3802.823821	-119.381122	0	0	0	0	0	0	0	0	0	0	0	0
7	6.019802985189	187.4442916	1919.007141	0	-546344.9226	-4182238.498	0	0	0	192.0718034	208.6225424	1.895	-546344.9226	-4182238.498	0	928.2615875	928.2615875	-94.17590139	916.1574649	-95.15710536	0	0	0	0	0	0	0	0	0	0	0	0
1	6.021182739839	187.4442916	1919.007141	0	-546344.9226	-4182238.498	0	0	0	229.1702268	237.3191811	1.895	-546344.8951	-4182237.76	0	291.8455116	291.8455116	-84.12555417	288.0399746	-78.87791782	0	0	0	0	0	0	0	0	0	0	0	0
5	6.028797324758	187.4442916	1919.007141	0	-546344.9226	-4182238.498	0	0	0	197.7506711	217.6660498	1.895	-546344.8951	-4182237.76	0	408.4666699	408.4666699	-87.0456263	403.1404443	-82.64736598	0	0	0	0	0	0	0	0	0	0	0	0
9	6.031111553067	187.4442916	1919.007141	0	-546344.9226	-4182238.498	0	0	0	178.2867376	196.3428946	1.895	-546344.8951	-4182237.76	0	2392.363293	2392.363293	-102.3990364	2361.167928	-111.169194	0	0	0	0	0	0	0	0	0	0	0	0
11	6.038561273145	188.6919276	1918.080464	0	-546344.9226	-4182238.498	0	0	0	166.6212264	189.6144861	1.895	-546344.8951	-4182237.76	0	3853.880581	3853.880581	-106.5404589	3803.627675	-119.3847729	0	0	0	0	0	0	0	0	0	0	0	0
7	6.119802985189	188.6919276	1918.080464	0	-546344.9226	-4182238.498	0	0	0	193.2501531	209.6420894	1.895	-546344.9226	-4182238.498	0	926.9492932	926.9492932	-94.16361335	914.8622823	-95.13382668	0	0	0	0	0	0	0	0	0	0	0	0
1	6.121182739839	188.6919276	1918.080464	0	-546344.9226	-4182238.498	0	0	0	230.4417406	238.2226442	1.895	-546344.8951	-4182237.76	0	292.4358392	292.4358392	-84.14310573	288.6226046	-78.89550321	0	0	0	0	0	0	0	0	0	0	0	0
5	6.128797324758	188.6919276	1918.080464	0	-546344.9226	-4182238.498	0	0	0	198.9074055	218.5991014	1.895	-546344.8951	-4182237.76	0	410.9899464	410.9899464	-87.09911777	405.6308184	-82.72837334	0	0	0	0	0	0	0	0	0	0	0	0
9	6.131111553067	188.6919276	1918.080464	0	-546344.9226	-4182238.498	0	0	0	179.3316871	197.3445987	1.895	-546344.8951	-4182237.76	0	2401.158852	2401.158852	-102.4309116	2369.848797	-111.2322266	0	0	0	0	0	0	0	0	0	0	0	0
11	6.138561273145	189.935112	1917.157093	0	-546344.9226	-4182238.498	0	0	0	167.6899647	190.7489011	1.895	-546344.8951	-4182237.76	0	3853.29412	3853.29412	-106.539137	3803.04886	-119.3821442	0	0	0	0	0	0	0	0	0	0	0	0
13	6.147984782106	189.935112	1917.157093	0	-546344.9226	-4182238.498	0	0	0	157.0367638	179.4410342	1.895	-546344.8951	-4182237.76	0	6011.876797	6011.876797	-110.4026952	5933.484569	-127.0763601	0	0	0	0	0	0	0	0	0	0	0	0
7	6.219802985189	189.935112	1917.157093	0	-546344.9226	-4182238.498	0	0	0	194.4353651	210.6675739	1.895	-546344.9226	-4182238.498	0	925.3295923	925.3295923	-94.14842283	913.2637017	-95.1050539	0	0	0	0	0	0	0	0	0	0	0	0
1	6.221182739839	189.935112	1917.157093	0	-546344.9226	-4182238.498	0	0	0	231.711905	239.1251484	1.895	-546344.8951	-4182237.76	0	292.8523538	292.8523538	-84.15546818	289.033688	-78.90793778	0	0	0	0	0	0	0	0	0	0	0	0
5	6.228797324758	189.935112	1917.157093	0	-546344.9226	-4182238.498	0	0	0	200.0645135	219.5324543	1.895	-546344.8951	-4182237.76	0	413.6550791	413.6550791	-87.15526103	408.261199	-82.81374124	0	0	0	0	0	0	0	0	0	0	0	0
9	6.231111553067	189.935112	1917.157093	0	-546344.9226	-4182238.498	0	0	0	180.37388	198.3436603	1.895	-546344.8951	-4182237.76	0	2410.770994	2410.770994	-102.465613	2379.335602	-111.3008521	0	0	0	0	0	0	0	0	0	0	0	0
11	6.238561273145	191.1811831	1916.231578	0	-546344.9226	-4182238.498	0	0	0	168.799257	191.8296646	1.895	-546344.8951	-4182237.76	0	3853.759356	3853.759356	-106.5401856	3803.50803	-119.3842296	0	0	0	0	0	0	0	0	0	0	0	0
13	6.247984782106	191.1811831	1916.231578	0	-546344.9226	-4182238.498	0	0	0	157.9805546	180.4428233	1.895	-546344.8951	-4182237.76	0	6039.109865	6039.109865	-110.4419524	5960.362531	-127.1546296	0	0	0	0	0	0	0	0	0	0	0	0
7	6.319802985189	191.1811831	1916.231578	0	-546344.9226	-4182238.498	0	0	0	195.6203042	211.6928223	1.895	-546344.9226	-4182238.498	0	924.0821569	924.0821569	-94.13670549	912.0325323	-95.08286315	0	0	0	0	0	0	0	0	0	0	0	0
1	6.321182739839	191.1811831	1916.231578	0	-546344.9226	-4182238.498	0	0	0	232.9881454	240.03197	1.895	-546344.8951	-4182237.76	0	293.3423477	293.3423477	-84.16998907	289.5172926	-78.92259408	0	0	0	0	0	0	0	0	0	0	0	0
5	6.328797324758	191.1811831	1916.231578	0	-546344.9226	-4182238.498	0	0	0	201.2170648	220.4621316	1.895	-546344.8951	-4182237.76	0	416.7937972	416.7937972	-87.22091874	411.3589895	-82.91401728	0	0	0	0	0	0	0	0	0	0	0	0
9	6.331111553067	191.1811831	1916.231578	0	-546344.9226	-4182238.498	0	0	0	181.4208869	199.3473367	1.895	-546344.8951	-4182237.76	0	2420.345062	2420.345062	-102.5000395	2388.784828	-111.3689389	0	0	0	0	0	0	0	0	0	0	0	0
11	6.338561273145	192.4315565	1915.302867	0	-546344.9226	-4182238.498	0	0	0	169.9174602	192.900225	1.895	-546344.8951	-4182237.76	0	3854.943074	3854.943074	-106.5428532	3804.676313	-119.3895344	0	0	0	0	0	0	0	0	0	0	0	0
13	6.347984782106	192.4315565	1915.302867	0	-546344.9226	-4182238.498	0	0	0	158.9224823	181.4426349	1.895	-546344.8951	-4182237.76	0	6067.790759	6067.790759	-110.4831057	5988.669438	-127.236681	0	0	0	0	0	0	0	0	0	0	0	0
7	6.419802985189	192.4315565	1915.302867	0	-546344.9226	-4182238.498	0	0	0	196.8280829	212.6894167	1.895	-546344.9226	-4182238.498	0	923.0781569	923.0781569	-94.12726329	911.041624	-95.06498327	0	0	0	0	0	0	0	0	0	0	0	0
1	6.421182739839	192.4315565	1915.302867	0	-546344.9226	-4182238.498	0	0	0	234.2654361	240.9395378	1.895	-546344.8951	-4182237.76	0	293.8745385	293.8745385	-84.185733	290.0425438	-78.93854645	0	0	0	0	0	0	0	0	0	0	0	0
5	6.428797324758	192.4315565	1915.302867	0	-546344.9226	-4182238.498	0	0	0	202.3807105	221.400758	1.895	-546344.8951	-4182237.76	0	419.3721631	419.3721631	-87.2744858	413.9037347	-82.99617469	0	0	0	0	0	0	0	0	0	0	0	0
9	6.431111553067	192.4315565	1915.302867	0	-546344.9226	-4182238.498	0	0	0	182.4967763	200.3379132	1.895	-546344.8951	-4182237.76	0	2428.808652	2428.808652	-102.5303598	2397.138056	-111.4289083	0	0	0	0	0	0	0	0	0	0	0	0
11	6.438561273145	193.6820135	1914.374094	0	-546344.9226	-4182238.498	0	0	0	171.0405568	193.9754704	1.895	-546344.8951	-4182237.76	0	3855.375457	3855.375457	-106.5438274	3805.103058	-119.3914718	0	0	0	0	0	0	0	0	0	0	0	0
13	6.447984782106	193.6820135	1914.374094	0	-546344.9226	-4182238.498	0	0	0	159.862383	182.4402948	1.895	-546344.8951	-4182237.76	0	6097.147703	6097.147703	-110.5250281	6017.64358	-127.3202674	0	0	0	0	0	0	0	0	0	0	0	0
7	6.519802985189	193.6820135	1914.374094	0	-546344.9226	-4182238.498	0	0	0	198.0461715	213.6712585	1.895	-546344.9226	-4182238.498	0	922.3268034	922.3268034	-94.1201904	910.3000678	-95.0515912	0	0	0	0	0	0	0	0	0	0	0	0
1	6.521182739839	193.6820135	1914.374094	0	-546344.9226	-4182238.498	0	0	0	235.5375229	241.843408	1.895	-546344.8951	-4182237.76	0	294.1548669	294.1548669	-84.19401457	290.3192169	-78.94696329	0	0	0	0	0	0	0	0	0	0	0	0
5	6.528797324758	193.6820135	1914.374094	0	-546344.9226	-4182238.498	0	0	0	203.5402964	222.3361096	1.895	-546344.8951	-4182237.76	0	422.2279135	422.2279135	-87.33343262	416.7222473	-83.08693798	0	0	0	0	0	0	0	0	0	0	0	0
9	6.531111553067	193.6820135	1914.374094	0	-546344.9226	-4182238.498	0	0	0	183.6016828	201.2939148	1.895	-546344.8951	-4182237.76	0	2437.656567	2437.656567	-102.5619442	2405.870598	-111.4913816	0	0	0	0	0	0	0	0	0	0	0	0
11	6.538561273145	194.9334064	1913.444627	0	-546344.9226	-4182238.498	0	0	0	172.1627856	195.049885	1.895	-546344.8951	-4182237.76	0	3856.176589	3856.176589	-106.5456321	3805.893743	-119.3950607	0	0	0	0	0	0	0	0	0	0	0	0
13	6.547984782106	194.9334064	1913.444627	0	-546344.9226	-4182238.498	0	0	0	160.8134205	183.4497759	1.895	-546344.8951	-4182237.76	0	6124.359633	6124.359633	-110.5637075	6044.500679	-127.3973891	0	0	0	0	0	0	0	0	0	0	0	0
7	6.619802985189	194.9334064	1913.444627	0	-546344.9226	-4182238.498	0	0	0	199.2605115	214.6500787	1.895	-546344.9226	-4182238.498	0	921.8531108	921.8531108	-94.11572831	909.832552	-95.04314309	0	0	0	0	0	0	0	0	0	0	0	0
1	6.621182739839	194.9334064	1913.444627	0	-546344.9226	-4182238.498	0	0	0	236.8167738	242.7523687	1.895	-546344.8951	-4182237.76	0	294.7454089	294.7454089	-84.21143478	290.9020584	-78.96472544	0	0	0	0	0	0	0	0	0	0	0	0
5	6.628797324758	194.9334064	1913.444627	0	-546344.9226	-4182238.498	0	0	0	204.7069926	223.2771967	1.895	-546344.8951	-4182237.76	0	424.7096022	424.7096022	-87.3843354	419.1715759	-83.16561034	0	0	0	0	0	0	0	0	0	0	0	0
9	6.631111553067	194.9334064	1913.444627	0	-546344.9226	-4182238.498	0	0	0	184.7047078	202.2482884	1.895	-546344.8951	-4182237.76	0	2446.760006	2446.760006	-102.5943213	2414.855332	-111.5554268	0	0	0	0	0	0	0	0	0	0	0	0
11	6.638561273145	196.184515	1912.51537	0	-546344.9226	-4182238.498	0	0	0	173.285289	196.1245624	1.895	-546344.8951	-4182237.76	0	3856.962109	3856.962109	-106.5474012	3806.669021	-119.3985791	0	0	0	0	0	0	0	0	0	0	0	0
