1	1.121182739839	132.0367638	1968.728966	0	362.6780484	1701.718522	0	0	0	170.180909	188.5685532	1.895	362.6780484	1701.718522	0	1780.56903	1780.56903	-99.83367011	1757.351193	-106.111739	0	0	0	0	0	0	0	0	0	0	0	0
1	1.221182739839	132.0367638	1968.728966	1.895	362.6780484	1701.718522	0	0	0	171.3113443	189.6561789	1.895	362.6780484	1701.718522	0	1778.356411	1778.356411	-99.8228699	1755.167426	-106.0905239	0	0	0	0	0	0	0	0	0	0	0	0
1	1.321182739839	133.0984952	1967.601988	1.895	362.6780484	1701.718522	0	0	0	172.4442951	190.7422424	1.895	362.6780484	1701.718522	0	1776.137346	1776.137346	-99.81202472	1752.977297	-106.0692212	0	0	0	0	0	0	0	0	0	0	0	0
1	1.421182739839	134.1676787	1966.467101	1.895	362.6780484	1701.718522	0	0	0	173.5701117	191.8214669	1.895	362.6780484	1701.718522	0	1773.932146	1773.932146	-99.80123388	1750.800852	-106.0480259	0	0	0	0	0	0	0	0	0	0	0	0
1	1.521182739839	135.2302364	1965.339246	1.895	362.6780484	1701.718522	0	0	0	174.6940414	192.8988826	1.895	362.6780484	1701.718522	0	1771.729081	1771.729081	-99.79044007	1748.626513	-106.0268257	0	0	0	0	0	0	0	0	0	0	0	0
1	1.621182739839	136.2924618	1964.211744	1.895	362.6780484	1701.718522	0	0	0	175.8228388	193.9809645	1.895	362.6780484	1701.718522	0	1769.520781	1769.520781	-99.77960715	1746.447009	-106.0055493	0	0	0	0	0	0	0	0	0	0	0	0
1	1.721182739839	137.3553169	1963.083574	1.895	362.6780484	1701.718522	0	0	0	176.9548666	195.0661433	1.895	362.6780484	1701.718522	0	1767.309283	1767.309283	-99.76874498	1744.264348	-105.9842163	0	0	0	0	0	0	0	0	0	0	0	0
1	1.821182739839	138.4183376	1961.955228	1.895	362.6780484	1701.718522	0	0	0	178.0866584	196.1510957	1.895	362.6780484	1701.718522	0	1765.096661	1765.096661	-99.75786367	1742.080577	-105.9628465	0	0	0	0	0	0	0	0	0	0	0	0
1	1.921182739839	139.4826081	1960.825556	1.895	362.6780484	1701.718522	0	0	0	179.2148876	197.2326329	1.895	362.6780484	1701.718522	0	1762.890316	1762.890316	-99.74699964	1739.903002	-105.9415114	0	0	0	0	0	0	0	0	0	0	0	0
1	2.021182739839	140.5441699	1959.698758	1.895	362.6780484	1701.718522	0	0	0	180.3455385	198.3164917	1.895	362.6780484	1701.718522	0	1760.676609	1760.676609	-99.73608569	1737.718161	-105.920079	0	0	0	0	0	0	0	0	0	0	0	0
1	2.121182739839	141.6104424	1958.566961	1.895	362.6780484	1701.718522	0	0	0	181.474386	199.3986217	1.895	362.6780484	1701.718522	0	1758.468059	1758.468059	-99.72518349	1735.53841	-105.8986705	0	0	0	0	0	0	0	0	0	0	0	0
5	2.128797324758	141.6104424	1958.566961	1.895	362.6780484	1701.718522	0	0	0	157.0367638	179.4410342	1.895	362.6780484	1701.718522	0	1778.055536	1778.055536	-99.82140023	1754.870474	-106.087637	0	0	0	0	0	0	0	0	0	0	0	0
1	2.221182739839	142.673519	1957.438555	1.895	362.6780484	1701.718522	0	0	0	182.6275364	200.4510512	1.895	362.6780484	1701.718522	0	1756.327676	1756.327676	-99.7146047	1733.425936	-105.8778979	0	0	0	0	0	0	0	0	0	0	0	0
5	2.228797324758	142.673519	1957.438555	1.895	362.6780484	1701.718522	0	0	0	157.9752219	180.4371629	1.895	362.6780484	1701.718522	0	1775.968757	1775.968757	-99.81120023	1752.810906	-106.0676017	0	0	0	0	0	0	0	0	0	0	0	0
1	2.321182739839	143.7899276	1956.349267	1.895	362.6780484	1701.718522	0	0	0	183.8078559	201.4723025	1.895	362.6780484	1701.718522	0	1754.234723	1754.234723	-99.70424786	1731.360274	-105.8575617	0	0	0	0	0	0	0	0	0	0	0	0
5	2.328797324758	143.7899276	1956.349267	1.895	362.6780484	1701.718522	0	0	0	158.9221163	181.4422464	1.895	362.6780484	1701.718522	0	1773.888831	1773.888831	-99.80102179	1750.758102	-106.0476094	0	0	0	0	0	0	0	0	0	0	0	0
1	2.421182739839	144.9112243	1955.275745	1.895	362.6780484	1701.718522	0	0	0	184.9880194	202.4934189	1.895	362.6780484	1701.718522	0	1752.139547	1752.139547	-99.69386764	1729.292419	-105.8371804	0	0	0	0	0	0	0	0	0	0	0	0
5	2.428797324758	144.9112243	1955.275745	1.895	362.6780484	1701.718522	0	0	0	159.8654177	182.443516	1.895	362.6780484	1701.718522	0	1771.81038	1771.81038	-99.79083863	1748.706752	-106.0276085	0	0	0	0	0	0	0	0	0	0	0	0
1	2.521182739839	146.0349312	1954.199916	1.895	362.6780484	1701.718522	0	0	0	186.1684491	203.5147656	1.895	362.6780484	1701.718522	0	1750.041409	1750.041409	-99.6834603	1727.221639	-105.8167466	0	0	0	0	0	0	0	0	0	0	0	0
5	2.528797324758	146.0349312	1954.199916	1.895	362.6780484	1701.718522	0	0	0	160.8105785	183.4467593	1.895	362.6780484	1701.718522	0	1769.72728	1769.72728	-99.78062071	1746.650815	-106.00754	0	0	0	0	0	0	0	0	0	0	0	0
1	2.621182739839	147.16144	1953.121403	1.895	362.6780484	1701.718522	0	0	0	187.3523813	204.5391428	1.895	362.6780484	1701.718522	0	1747.941702	1747.941702	-99.67303268	1725.149312	-105.7962736	0	0	0	0	0	0	0	0	0	0	0	0
5	2.628797324758	147.16144	1953.121403	1.895	362.6780484	1701.718522	0	0	0	161.7664122	184.4613314	1.895	362.6780484	1701.718522	0	1767.634305	1767.634305	-99.77034223	1744.585131	-105.9873532	0	0	0	0	0	0	0	0	0	0	0	0
1	2.721182739839	148.286543	1952.044237	1.895	362.6780484	1701.718522	0	0	0	188.5350989	205.5624691	1.895	362.6780484	1701.718522	0	1745.844431	1745.844431	-99.66260464	1723.079388	-105.7758006	0	0	0	0	0	0	0	0	0	0	0	0
5	2.728797324758	148.286543	1952.044237	1.895	362.6780484	1701.718522	0	0	0	162.7241713	185.4779472	1.895	362.6780484	1701.718522	0	1765.540699	1765.540699	-99.76004847	1742.518825	-105.9671371	0	0	0	0	0	0	0	0	0	0	0	0
1	2.821182739839	149.4102105	1950.968445	1.895	362.6780484	1701.718522	0	0	0	189.7200818	206.5877553	1.895	362.6780484	1701.718522	0	1743.750987	1743.750987	-99.65218313	1721.013242	-105.7553411	0	0	0	0	0	0	0	0	0	0	0	0
5	2.828797324758	149.4102105	1950.968445	1.895	362.6780484	1701.718522	0	0	0	163.6778241	186.4902043	1.895	362.6780484	1701.718522	0	1763.457076	1763.457076	-99.74979167	1740.462372	-105.9469944	0	0	0	0	0	0	0	0	0	0	0	0
1	2.921182739839	150.5280297	1949.898252	1.895	362.6780484	1701.718522	0	0	0	190.9046267	207.6126626	1.895	362.6780484	1701.718522	0	1741.650334	1741.650334	-99.64171315	1718.93998	-105.7347872	0	0	0	0	0	0	0	0	0	0	0	0
5	2.928797324758	150.5280297	1949.898252	1.895	362.6780484	1701.718522	0	0	0	164.6291722	187.5000152	1.895	362.6780484	1701.718522	0	1761.368426	1761.368426	-99.73949794	1738.400956	-105.9267798	0	0	0	0	0	0	0	0	0	0	0	0
1	3.021182739839	151.6535922	1948.820646	1.895	362.6780484	1701.718522	0	0	0	192.0901016	208.6383747	1.895	362.6780484	1701.718522	0	1739.551701	1739.551701	-99.63124062	1716.868713	-105.7142291	0	0	0	0	0	0	0	0	0	0	0	0
5	3.028797324758	151.6535922	1948.820646	1.895	362.6780484	1701.718522	0	0	0	165.5940769	188.5242157	1.895	362.6780484	1701.718522	0	1759.268253	1759.268253	-99.72913512	1736.328169	-105.9064302	0	0	0	0	0	0	0	0	0	0	0	0
7	3.119802985189	152.7762991	1947.745774	1.895	362.6780484	1701.718522	0	0	0	159.4597544	177.2012743	1.895	362.6780484	1701.718522	0	1769.475164	1769.475164	-99.77938323	1746.401987	-106.0051095	0	0	0	0	0	0	0	0	0	0	0	0
1	3.121182739839	152.7762991	1947.745774	1.895	362.6780484	1701.718522	0	0	0	193.2757815	209.664264	1.895	362.6780484	1701.718522	0	1737.449638	1737.449638	-99.6207383	1714.794059	-105.6936132	0	0	0	0	0	0	0	0	0	0	0	0
5	3.128797324758	152.7762991	1947.745774	1.895	362.6780484	1701.718522	0	0	0	166.557441	189.5467809	1.895	362.6780484	1701.718522	0	1757.166502	1757.166502	-99.71875211	1734.253824	-105.8860417	0	0	0	0	0	0	0	0	0	0	0	0
7	3.219802985189	153.9023384	1946.667711	1.895	362.6780484	1701.718522	0	0	0	160.5292707	178.3352463	1.895	362.6780484	1701.718522	0	1767.277387	1767.277387	-99.76858821	1744.232868	-105.9839084	0	0	0	0	0	0	0	0	0	0	0	0
1	3.221182739839	153.9023384	1946.667711	1.895	362.6780484	1701.718522	0	0	0	194.4566825	210.6860184	1.895	362.6780484	1701.718522	0	1735.365959	1735.365959	-99.61031528	1712.73755	-105.6731537	0	0	0	0	0	0	0	0	0	0	0	0
5	3.228797324758	153.9023384	1946.667711	1.895	362.6780484	1701.718522	0	0	0	167.5247045	190.5734853	1.895	362.6780484	1701.718522	0	1755.075062	1755.075062	-99.70840771	1732.189655	-105.8657297	0	0	0	0	0	0	0	0	0	0	0	0
7	3.319802985189	155.031841	1945.604083	1.895	362.6780484	1701.718522	0	0	0	161.597545	179.4679016	1.895	362.6780484	1701.718522	0	1765.131971	1765.131971	-99.75803743	1742.115427	-105.9631877	0	0	0	0	0	0	0	0	0	0	0	0
1	3.321182739839	155.031841	1945.604083	1.895	362.6780484	1701.718522	0	0	0	195.6386998	211.7087388	1.895	362.6780484	1701.718522	0	1733.331567	1733.331567	-99.60012673	1710.729686	-105.6531552	0	0	0	0	0	0	0	0	0	0	0	0
5	3.328797324758	155.031841	1945.604083	1.895	362.6780484	1701.718522	0	0	0	168.5219138	191.564138	1.895	362.6780484	1701.718522	0	1753.070777	1753.070777	-99.69848281	1730.211505	-105.8462421	0	0	0	0	0	0	0	0	0	0	0	0
7	3.419802985189	156.2024928	1944.591628	1.895	362.6780484	1701.718522	0	0	0	162.6720278	180.6071394	1.895	362.6780484	1701.718522	0	1762.975565	1762.975565	-99.74741966	1739.98714	-105.9423362	0	0	0	0	0	0	0	0	0	0	0	0
1	3.421182739839	156.2024928	1944.591628	1.895	362.6780484	1701.718522	0	0	0	196.8453563	212.7033399	1.895	362.6780484	1701.718522	0	1731.32132	1731.32132	-99.59004735	1708.745652	-105.6333716	0	0	0	0	0	0	0	0	0	0	0	0
5	3.428797324758	156.2024928	1944.591628	1.895	362.6780484	1701.718522	0	0	0	169.5398694	192.5387221	1.895	362.6780484	1701.718522	0	1751.078268	1751.078268	-99.68860496	1728.244978	-105.8268476	0	0	0	0	0	0	0	0	0	0	0	0
7	3.519802985189	157.37825	1943.574757	1.895	362.6780484	1701.718522	0	0	0	163.7461958	181.7460436	1.895	362.6780484	1701.718522	0	1760.818717	1760.818717	-99.73678672	1737.858416	-105.9214556	0	0	0	0	0	0	0	0	0	0	0	0
1	3.521182739839	157.37825	1943.574757	1.895	362.6780484	1701.718522	0	0	0	198.0604745	213.6827874	1.895	362.6780484	1701.718522	0	1729.325622	1729.325622	-99.58002932	1706.775977	-105.6137092	0	0	0	0	0	0	0	0	0	0	0	0
5	3.528797324758	157.37825	1943.574757	1.895	362.6780484	1701.718522	0	0	0	170.5685753	193.5235984	1.895	362.6780484	1701.718522	0	1749.074769	1749.074769	-99.6786613	1726.267603	-105.8073244	0	0	0	0	0	0	0	0	0	0	0	0
7	3.619802985189	158.5549063	1942.557108	1.895	362.6780484	1701.718522	0	0	0	164.8181396	182.8825895	1.895	362.6780484	1701.718522	0	1758.668979	1758.668979	-99.72617587	1735.73671	-105.9006192	0	0	0	0	0	0	0	0	0	0	0	0
1	3.621182739839	158.5549063	1942.557108	1.895	362.6780484	1701.718522	0	0	0	199.2768462	214.6632453	1.895	362.6780484	1701.718522	0	1727.333808	1727.333808	-99.57001927	1704.810135	-105.594063	0	0	0	0	0	0	0	0	0	0	0	0
5	3.628797324758	158.5549063	1942.557108	1.895	362.6780484	1701.718522	0	0	0	171.6024824	194.5134543	1.895	362.6780484	1701.718522	0	1747.071111	1747.071111	-99.66870545	1724.290072	-105.787778	0	0	0	0	0	0	0	0	0	0	0	0
7	3.719802985189	159.7260846	1941.544197	1.895	362.6780484	1701.718522	0	0	0	165.8899998	184.0190468	1.895	362.6780484	1701.718522	0	1756.515854	1756.515854	-99.71553528	1733.61166	-105.8797251	0	0	0	0	0	0	0	0	0	0	0	0
1	3.721182739839	159.7260846	1941.544197	1.895	362.6780484	1701.718522	0	0	0	200.4896041	215.6407903	1.895	362.6780484	1701.718522	0	1725.341267	1725.341267	-99.559994	1702.843576	-105.5743878	0	0	0	0	0	0	0	0	0	0	0	0
5	3.728797324758	159.7260846	1941.544197	1.895	362.6780484	1701.718522	0	0	0	172.6298155	195.4970164	1.895	362.6780484	1701.718522	0	1745.070214	1745.070214	-99.65875192	1722.315266	-105.7682369	0	0	0	0	0	0	0	0	0	0	0	0
7	3.819802985189	160.901275	1940.527816	1.895	362.6780484	1701.718522	0	0	0	166.9658336	185.159717	1.895	362.6780484	1701.718522	0	1754.356565	1754.356565	-99.70485113	1731.480527	-105.8587462	0	0	0	0	0	0	0	0	0	0	0	0
1	3.821182739839	160.901275	1940.527816	1.895	362.6780484	1701.718522	0	0	0	201.7031622	216.6189803	1.895	362.6780484	1701.718522	0	1723.346091	1723.346091	-99.54994387	1700.874417	-105.5546644	0	0	0	0	0	0	0	0	0	0	0	0
5	3.828797324758	160.901275	1940.527816	1.895	362.6780484	1701.718522	0	0	0	173.6645428	196.4876575	1.895	362.6780484	1701.718522	0	1743.060322	1743.060322	-99.64874214	1720.331582	-105.748586	0	0	0	0	0	0	0	0	0	0	0	0
7	3.919802985189	162.0787326	1939.509475	1.895	362.6780484	1701.718522	0	0	0	168.0375992	186.296074	1.895	362.6780484	1701.718522	0	1752.206377	1752.206377	-99.69419893	1729.358377	-105.8378309	0	0	0	0	0	0	0	0	0	0	0	0
1	3.921182739839	162.0787326	1939.509475	1.895	362.6780484	1701.718522	0	0	0	202.921233	217.6008076	1.895	362.6780484	1701.718522	0	1721.352292	1721.352292	-99.53988905	1698.906616	-105.5349325	0	0	0	0	0	0	0	0	0	0	0	0
5	3.928797324758	162.0787326	1939.509475	1.895	362.6780484	1701.718522	0	0	0	174.7034325	197.4822837	1.895	362.6780484	1701.718522	0	1741.051297	1741.051297	-99.63872514	1718.348755	-105.7289215	0	0	0	0	0	0	0	0	0	0	0	0
7	4.019802985189	163.2506642	1938.495912	1.895	362.6780484	1701.718522	0	0	0	169.1085481	187.431565	1.895	362.6780484	1701.718522	0	1750.051305	1750.051305	-99.68350942	1727.231406	-105.816843	0	0	0	0	0	0	0	0	0	0	0	0
1	4.021182739839	163.2506642	1938.495912	1.895	362.6780484	1701.718522	0	0	0	204.1418556	218.584692	1.895	362.6780484	1701.718522	0	1719.350614	1719.350614	-99.52978276	1696.931038	-105.5151003	0	0	0	0	0	0	0	0	0	0	0	0
5	4.028797324758	163.2506642	1938.495912	1.895	362.6780484	1701.718522	0	0	0	175.7349109	198.4698145	1.895	362.6780484	1701.718522	0	1739.04355	1739.04355	-99.62870296	1716.367187	-105.7092476	0	0	0	0	0	0	0	0	0	0	0	0
7	4.119802985189	164.4292273	1937.476614	1.895	362.6780484	1701.718522	0	0	0	170.1833355	188.5711259	1.895	362.6780484	1701.718522	0	1747.896761	1747.896761	-99.67280936	1725.104957	-105.7958352	0	0	0	0	0	0	0	0	0	0	0	0
1	4.121182739839	164.4292273	1937.476614	1.895	362.6780484	1701.718522	0	0	0	205.3595663	219.5662292	1.895	362.6780484	1701.718522	0	1717.355908	1717.355908	-99.51969997	1694.962343	-105.4953149	0	0	0	0	0	0	0	0	0	0	0	0
5	4.128797324758	164.4292273	1937.476614	1.895	362.6780484	1701.718522	0	0	0	176.7746331	199.4652377	1.895	362.6780484	1701.718522	0	1737.032575	1737.032575	-99.61865306	1714.382435	-105.68952	0	0	0	0	0	0	0	0	0	0	0	0
9	4.131111553067	164.4292273	1937.476614	1.895	362.6780484	1701.718522	0	0	0	159.4597544	177.2012743	1.895	362.6780484	1701.718522	0	1759.271335	1759.271335	-99.72915033	1736.331211	-105.9064601	0	0	0	0	0	0	0	0	0	0	0	0
7	4.219802985189	165.6025084	1936.461885	1.895	362.6780484	1701.718522	0	0	0	171.3081647	189.6531309	1.895	362.6780484	1701.718522	0	1745.801543	1745.801543	-99.66239126	1723.037059	-105.7753817	0	0	0	0	0	0	0	0	0	0	0	0
1	4.221182739839	165.6025084	1936.461885	1.895	362.6780484	1701.718522	0	0	0	206.5720036	220.5435157	1.895	362.6780484	1701.718522	0	1715.367008	1715.367008	-99.50963486	1692.999377	-105.4755649	0	0	0	0	0	0	0	0	0	0	0	0
5	4.228797324758	165.6025084	1936.461885	1.895	362.6780484	1701.718522	0	0	0	177.8137202	200.4600529	1.895	362.6780484	1701.718522	0	1735.023856	1735.023856	-99.60860281	1712.399908	-105.6697923	0	0	0	0	0	0	0	0	0	0	0	0
9	4.231111553067	165.6025084	1936.461885	1.895	362.6780484	1701.718522	0	0	0	160.4077134	178.2063633	1.895	362.6780484	1701.718522	0	1757.253954	1757.253954	-99.71918439	1734.340136	-105.8868905	0	0	0	0	0	0	0	0	0	0	0	0
7	4.319802985189	166.7739043	1935.448785	1.895	362.6780484	1701.718522	0	0	0	172.4374295	190.7356609	1.895	362.6780484	1701.718522	0	1743.706514	1743.706514	-99.6519616	1720.969348	-105.7549062	0	0	0	0	0	0	0	0	0	0	0	0
1	4.321182739839	166.7739043	1935.448785	1.895	362.6780484	1701.718522	0	0	0	207.7858515	221.5219392	1.895	362.6780484	1701.718522	0	1713.377727	1713.377727	-99.49955614	1691.036036	-105.4557889	0	0	0	0	0	0	0	0	0	0	0	0
5	4.328797324758	166.7739043	1935.448785	1.895	362.6780484	1701.718522	0	0	0	178.8520538	201.4541468	1.895	362.6780484	1701.718522	0	1733.016566	1733.016566	-99.59854808	1710.418792	-105.6500566	0	0	0	0	0	0	0	0	0	0	0	0
9	4.331111553067	166.7739043	1935.448785	1.895	362.6780484	1701.718522	0	0	0	161.3559197	179.2117144	1.895	362.6780484	1701.718522	0	1755.237037	1755.237037	-99.70920929	1732.349519	-105.8673036	0	0	0	0	0	0	0	0	0	0	0	0
7	4.419802985189	167.9444911	1934.436386	1.895	362.6780484	1701.718522	0	0	0	173.5650316	191.816597	1.895	362.6780484	1701.718522	0	1741.614593	1741.614593	-99.6415349	1718.904705	-105.7344373	0	0	0	0	0	0	0	0	0	0	0	0
1	4.421182739839	167.9444911	1934.436386	1.895	362.6780484	1701.718522	0	0	0	209.0040722	222.4972954	1.895	362.6780484	1701.718522	0	1711.392855	1711.392855	-99.48948809	1689.077046	-105.4360346	0	0	0	0	0	0	0	0	0	0	0	0
5	4.428797324758	167.9444911	1934.436386	1.895	362.6780484	1701.718522	0	0	0	179.8952496	202.4477834	1.895	362.6780484	1701.718522	0	1731.01124	1731.01124	-99.58849156	1708.439615	-105.630318	0	0	0	0	0	0	0	0	0	0	0	0
9	4.431111553067	167.9444911	1934.436386	1.895	362.6780484	1701.718522	0	0	0	162.3063527	180.2194265	1.895	362.6780484	1701.718522	0	1753.219387	1753.219387	-99.69921909	1730.358178	-105.8476878	0	0	0	0	0	0	0	0	0	0	0	0
7	4.519802985189	169.1286812	1933.42554	1.895	362.6780484	1701.718522	0	0	0	174.6923481	192.8972594	1.895	362.6780484	1701.718522	0	1739.558438	1739.558438	-99.63127426	1716.875361	-105.7142951	0	0	0	0	0	0	0	0	0	0	0	0
1	4.521182739839	169.1286812	1933.42554	1.895	362.6780484	1701.718522	0	0	0	210.2597869	223.429926	1.895	362.6780484	1701.718522	0	1709.486538	1709.486538	-99.4798075	1687.195586	-105.4170411	0	0	0	0	0	0	0	0	0	0	0	0
5	4.528797324758	169.1286812	1933.42554	1.895	362.6780484	1701.718522	0	0	0	180.9892012	203.3939037	1.895	362.6780484	1701.718522	0	1729.08915	1729.08915	-99.57884152	1706.542589	-105.6113779	0	0	0	0	0	0	0	0	0	0	0	0
9	4.531111553067	169.1286812	1933.42554	1.895	362.6780484	1701.718522	0	0	0	163.2595386	181.2300574	1.895	362.6780484	1701.718522	0	1751.234494	1751.234494	-99.68937986	1728.399167	-105.828369	0	0	0	0	0	0	0	0	0	0	0	0
7	4.619802985189	170.3377841	1932.450247	1.895	362.6780484	1701.718522	0	0	0	175.8218798	193.9800453	1.895	362.6780484	1701.718522	0	1737.499652	1737.499652	-99.62098833	1714.843422	-105.694104	0	0	0	0	0	0	0	0	0	0	0	0
1	4.621182739839	170.3377841	1932.450247	1.895	362.6780484	1701.718522	0	0	0	211.5169019	224.3635966	1.895	362.6780484	1701.718522	0	1707.57869	1707.57869	-99.47010833	1685.312615	-105.3980118	0	0	0	0	0	0	0	0	0	0	0	0
5	4.628797324758	170.3377841	1932.450247	1.895	362.6780484	1701.718522	0	0	0	182.0892486	204.3452961	1.895	362.6780484	1701.718522	0	1727.161315	1727.161315	-99.56915184	1704.639892	-105.5923606	0	0	0	0	0	0	0	0	0	0	0	0
9	4.631111553067	170.3377841	1932.450247	1.895	362.6780484	1701.718522	0	0	0	164.215315	182.2434349	1.895	362.6780484	1701.718522	0	1749.246372	1749.246372	-99.67951344	1726.436969	-105.8089975	0	0	0	0	0	0	0	0	0	0	0	0
7	4.719802985189	171.5475233	1931.47444	1.895	362.6780484	1701.718522	0	0	0	176.9516884	195.0630966	1.895	362.6780484	1701.718522	0	1735.443938	1735.443938	-99.61070558	1712.814513	-105.6739198	0	0	0	0	0	0	0	0	0	0	0	0
1	4.721182739839	171.5475233	1931.47444	1.895	362.6780484	1701.718522	0	0	0	212.7710872	225.2950913	1.895	362.6780484	1701.718522	0	1705.676372	1705.676372	-99.46042647	1683.435103	-105.3790172	0	0	0	0	0	0	0	0	0	0	0	0
5	4.728797324758	171.5475233	1931.47444	1.895	362.6780484	1701.718522	0	0	0	183.1932232	205.3000849	1.895	362.6780484	1701.718522	0	1725.23346	1725.23346	-99.55945125	1702.737175	-105.5733226	0	0	0	0	0	0	0	0	0	0	0	0
9	4.731111553067	171.5475233	1931.47444	1.895	362.6780484	1701.718522	0	0	0	165.1759536	183.2619676	1.895	362.6780484	1701.718522	0	1747.256418	1747.256418	-99.66962669	1724.472964	-105.7895867	0	0	0	0	0	0	0	0	0	0	0	0
