36	19.102272933873	37.78636894	-122.4725695	5.85531744	98.49642816	123.4964282	2142.314683	1.895	17.42277285	125.7176617	2125.034083	1.895	17.42277285	-59.64483929	17.19558756	-60.47491201	17.42277285	17.19558756	0	0	0	0	0	0
28	19.107862328051	37.78636894	-122.4725695	5.85531744	98.49642816	123.4964282	2142.314683	1.895	100.0126038	145.617083	2044.779061	1.895	100.0126038	-74.82358848	98.70848342	-71.14677141	100.0126038	98.70848342	0	0	0	0	0	0
18	19.108829149324	37.78636894	-122.4725695	5.85531744	98.49642816	123.4964282	2142.314683	1.895	186.6835028	168.8096115	1961.214032	1.895	186.6835028	-80.24461262	184.2492321	-78.41477449	186.6835028	184.2492321	0	0	0	0	0	0
14	19.111459841742	37.78636894	-122.4725695	5.85531744	98.49642816	123.4964282	2142.314683	1.895	238.6696452	192.4802946	1913.831804	1.895	238.6696452	-82.37843755	235.5574981	-77.62395921	238.6696452	235.5574981	197.3795651	2166.944738	1.895	214.2167661	2168.657191	1.895
20	19.118209979776	37.78636894	-122.4725695	5.85531744	98.49642816	123.4964282	2142.314683	1.895	179.1980069	169.0119322	1968.993407	1.895	179.1980069	-79.8891573	176.8613437	-79.02490631	179.1980069	176.8613437	167.1287434	2155.087885	1.895	186.7617178	2157.711886	1.895
10	19.118046723364	37.78636894	-122.4725695	5.85531744	98.49642816	123.4964282	2142.314683	1.895	278.0044536	212.5501794	1878.959588	1.895	278.0044536	-83.70352887	274.3793978	-78.48051862	278.0044536	274.3793978	133.3524932	2146.058027	1.895	149.8007819	2147.687345	1.895
34	19.123465893196	37.78636894	-122.4725695	5.85531744	98.49642816	123.4964282	2142.314683	1.895	37.85890458	128.7292957	2104.819166	1.895	37.85890458	-66.38585468	37.36524113	-65.57650427	37.85890458	37.36524113	145.2347463	2149.632531	1.895	162.3875244	2151.640294	1.895
0	19.129642230819	37.78636894	-122.4725695	5.85531744	98.49642816	123.4964282	2142.314683	1.895	376.4469296	265.7709388	1793.788852	1.895	376.4469296	-86.33656899	371.5382273	-81.60614185	376.4469296	371.5382273	123.7955212	2142.447584	1.895	143.0191633	2145.022606	1.895
24	19.129691148351	37.78636894	-122.4725695	5.85531744	98.49642816	123.4964282	2142.314683	1.895	132.6526338	149.9044274	2012.317226	1.895	132.6526338	-77.27681135	130.9229018	-84.10471584	132.6526338	130.9229018	131.0790512	2145.856817	1.895	147.3699193	2147.349071	1.895
6	19.133742367255	37.78636894	-122.4725695	5.85531744	98.49642816	123.4964282	2142.314683	1.895	317.4124224	232.672627	1844.269043	1.895	317.4124224	-84.85497219	313.2735041	-79.67180833	317.4124224	313.2735041	128.6428737	2144.461632	1.895	146.5994748	2146.632361	1.895
26	19.135028867912	37.78636894	-122.4725695	5.85531744	98.49642816	123.4964282	2142.314683	1.895	108.8234325	144.7963501	2035.596114	1.895	108.8234325	-75.55694221	107.4044228	-73.22660931	108.8234325	107.4044228	127.5223624	2144.124738	1.895	145.5018318	2146.289425	1.895
12	19.137873542123	37.78636894	-122.4725695	5.85531744	98.49642816	123.4964282	2142.314683	1.895	257.9713032	205.3965464	1897.689328	1.895	257.9713032	-83.05392176	254.607471	-77.97683076	257.9713032	254.607471	123.760601	2142.376444	1.895	142.7353113	2145.292974	1.895
4	19.143255128199	37.78636894	-122.4725695	5.85531744	98.49642816	123.4964282	2142.314683	1.895	336.896513	245.7117318	1828.367744	1.895	336.896513	-85.37242412	332.5035308	-80.30422443	336.896513	332.5035308	123.4617314	2142.206392	1.895	140.4623487	2144.092665	1.895
30	19.14463244495	37.78636894	-122.4725695	5.85531744	98.49642816	123.4964282	2142.314683	1.895	75.90503813	139.5009898	2068.116106	1.895	75.90503813	-72.42790586	74.91526984	-74.3573268	75.90503813	74.91526984	129.093038	2144.62179	1.895	146.0209141	2146.186551	1.895
16	19.145275815576	37.78636894	-122.4725695	5.85531744	98.49642816	123.4964282	2142.314683	1.895	212.3481441	179.9596506	1937.6109	1.895	212.3481441	-81.36346319	209.5792177	-77.54020284	212.3481441	209.5792177	128.6133655	2144.508857	1.895	144.9728451	2145.981023	1.895
2	19.147857757716	37.78636894	-122.4725695	5.85531744	98.49642816	123.4964282	2142.314683	1.895	357.0393936	252.8275211	1809.52256	1.895	357.0393936	-85.87681653	352.3837571	-80.96715507	357.0393936	352.3837571	124.3129351	2142.680638	1.895	143.6516221	2145.197356	1.895
22	19.148650977912	37.78636894	-122.4725695	5.85531744	98.49642816	123.4964282	2142.314683	1.895	158.0717515	157.8667221	1988.024821	1.895	158.0717515	-78.79957911	156.0105655	-82.72286305	158.0717515	156.0105655	131.9748358	2146.519849	1.895	147.2269351	2147.538695	1.895
36	19.202272933873	37.78638327	-122.4725672	7.446161949	98.68374603	123.683746	2140.723838	1.895	17.59909286	125.9560596	2123.272057	1.895	17.59909286	-59.73229946	17.36960843	-60.43224402	17.51093286	17.282598	124.2295943	2142.653682	1.895	139.4488665	2143.652604	1.895
28	19.207862328051	37.78638327	-122.4725672	7.446161949	98.68374603	123.683746	2140.723838	1.895	100.4121571	146.1615733	2042.859909	1.895	100.4121571	-74.85821974	99.10282673	-71.21867538	100.2123804	98.90565507	131.2446168	2146.16781	1.895	146.4497887	2147.1594	1.895
18	19.208829149324	37.78638327	-122.4725672	7.446161949	98.68374603	123.683746	2140.723838	1.895	187.0227948	169.5929471	1959.423339	1.895	187.0227948	-80.26038466	184.5840999	-78.39230365	186.8531488	184.416666	131.0735812	2146.042557	1.895	146.2833246	2147.037664	1.895
14	19.211459841742	37.78638327	-122.4725672	7.446161949	98.68374603	123.683746	2140.723838	1.895	239.0516594	193.4427484	1912.076998	1.895	239.0516594	-82.39232906	235.934531	-77.6291566	238.8606523	235.7460145	131.1666923	2145.93613	1.895	146.37342	2146.934415	1.895
20	19.218209979776	37.78638327	-122.4725672	7.446161949	98.68374603	123.683746	2140.723838	1.895	179.5917159	169.8147498	1967.157957	1.895	179.5917159	-79.9082198	177.2499189	-78.98671859	179.3948614	177.0556313	131.3957623	2146.011416	1.895	146.5969856	2147.008651	1.895
10	19.218046723364	37.78638327	-122.4725672	7.446161949	98.68374603	123.683746	2140.723838	1.895	278.4020598	213.555406	1877.226605	1.895	278.4020598	-83.71594269	274.7718195	-78.49147748	278.2032567	274.5756087	132.1548182	2146.114564	1.895	147.3379622	2147.110057	1.895
34	19.223465893196	37.78638327	-122.4725672	7.446161949	98.68374603	123.683746	2140.723838	1.895	38.15879529	129.0736269	2102.947617	1.895	38.15879529	-66.4543869	37.66122139	-65.31293677	38.00884993	37.51323126	132.9636788	2146.540058	1.895	148.1177692	2147.51999	1.895
0	19.229642230819	37.78638327	-122.4725672	7.446161949	98.68374603	123.683746	2140.723838	1.895	376.8867564	266.7754439	1792.057245	1.895	376.8867564	-86.34671134	371.972319	-81.62057905	376.666843	371.7552731	136.78584	2147.733304	1.895	151.8895937	2148.698741	1.895
24	19.229691148351	37.78638327	-122.4725672	7.446161949	98.68374603	123.683746	2140.723838	1.895	132.9935609	150.4608351	2010.453831	1.895	132.9935609	-77.29910609	131.2593834	-84.31478705	132.8230973	131.0911426	137.0477851	2147.882175	1.895	152.1459131	2148.844346	1.895
6	19.233742367255	37.78638327	-122.4725672	7.446161949	98.68374603	123.683746	2140.723838	1.895	317.8378199	233.6828408	1842.527462	1.895	317.8378199	-84.86660526	313.6933546	-79.68544134	317.6251211	313.4834293	138.5895374	2148.232972	1.895	153.6597804	2149.189954	1.895
26	19.235028867912	37.78638327	-122.4725672	7.446161949	98.68374603	123.683746	2140.723838	1.895	109.1056536	145.3112684	2033.783229	1.895	109.1056536	-75.57943891	107.6829639	-73.30947051	108.964543	107.5436934	139.2070158	2148.566762	1.895	154.2639837	2149.51649	1.895
12	19.237873542123	37.78638327	-122.4725672	7.446161949	98.68374603	123.683746	2140.723838	1.895	258.3602114	206.4118538	1895.966695	1.895	258.3602114	-83.06700643	254.991308	-77.98551897	258.1657573	254.7993895	140.1078116	2148.799288	1.895	155.1372684	2149.74237	1.895
4	19.243255128199	37.78638327	-122.4725672	7.446161949	98.68374603	123.683746	2140.723838	1.895	337.3322532	246.7199775	1826.629689	1.895	337.3322532	-85.38365114	332.9335891	-80.31850638	337.1143831	332.7185599	142.7462859	2149.604644	1.895	157.7299591	2150.534802	1.895
30	19.24463244495	37.78638327	-122.4725672	7.446161949	98.68374603	123.683746	2140.723838	1.895	76.23817584	139.9398995	2066.238961	1.895	76.23817584	-72.46594373	75.24406358	-74.12624893	76.07160699	75.07966671	143.7337324	2150.124695	1.895	158.6984659	2151.044793	1.895
16	19.245275815576	37.78638327	-122.4725672	7.446161949	98.68374603	123.683746	2140.723838	1.895	212.7186912	180.834827	1935.826314	1.895	212.7186912	-81.37860685	209.9449331	-77.53646786	212.5334176	209.7620754	143.5752731	2149.960037	1.895	158.5440617	2150.884818	1.895
2	19.247857757716	37.78638327	-122.4725672	7.446161949	98.68374603	123.683746	2140.723838	1.895	357.4783193	253.8375507	1807.781297	1.895	357.4783193	-85.88748795	352.8169594	-80.98162926	357.2588565	352.6003582	146.0195155	2150.599614	1.895	160.9555224	2151.517335	1.895
22	19.248650977912	37.78638327	-122.4725672	7.446161949	98.68374603	123.683746	2140.723838	1.895	158.4495925	158.5364063	1986.154871	1.895	158.4495925	-78.82031634	156.3834796	-82.61572707	158.260672	156.1970225	129.0630538	2143.406626	1.895	144.3471879	2144.466372	1.895
36	19.302272933873	37.78639764	-122.472565	9.041253245	98.87156395	123.8715639	2139.128747	1.895	17.76573217	126.1937267	2121.515434	1.895	17.76573217	-59.81415601	17.53407484	-60.22690002	17.59586596	17.36642361	130.6525968	2144.189862	1.895	145.9086836	2145.231959	1.895
28	19.307862328051	37.78639764	-122.472565	9.041253245	98.87156395	123.8715639	2139.128747	1.895	100.8149559	146.7079064	2040.934262	1.895	100.8149559	-74.89299309	99.50037322	-71.293473	100.4132389	99.10389446	128.1723989	2142.971645	1.895	143.4102997	2144.004336	1.895
18	19.308829149324	37.78639764	-122.472565	9.041253245	98.87156395	123.8715639	2139.128747	1.895	187.3609734	170.4087759	1957.639292	1.895	187.3609734	-80.27607648	184.9178687	-78.37030207	187.0224237	184.5837336	128.0155285	2142.852704	1.895	143.2578027	2143.888908	1.895
14	19.311459841742	37.78639764	-122.472565	9.041253245	98.87156395	123.8715639	2139.128747	1.895	239.4355409	194.4071957	1910.318557	1.895	239.4355409	-82.40626612	236.3134069	-77.63446545	239.0522818	235.9351453	128.126659	2142.754343	1.895	143.3653817	2143.793471	1.895
20	19.318209979776	37.78639764	-122.472565	9.041253245	98.87156395	123.8715639	2139.128747	1.895	179.9789208	170.6160076	1965.326074	1.895	179.9789208	-79.92692667	177.6320749	-78.94989182	179.5895479	177.2477792	128.3657961	2142.834819	1.895	143.5988902	2143.872833	1.895
10	19.318046723364	37.78639764	-122.472565	9.041253245	98.87156395	123.8715639	2139.128747	1.895	278.805298	214.5646754	1875.486653	1.895	278.805298	-83.72851425	275.1697996	-78.50262272	278.4039371	274.7736723	129.1430234	2142.947251	1.895	144.3576555	2143.983292	1.895
34	19.323465893196	37.78639764	-122.472565	9.041253245	98.87156395	123.8715639	2139.128747	1.895	38.45073946	129.4192686	2101.080326	1.895	38.45073946	-66.52058773	37.94935874	-65.10004557	38.15614644	37.65860709	129.9267977	2143.361599	1.895	145.1126324	2144.382139	1.895
0	19.329642230819	37.78639764	-122.472565	9.041253245	98.87156395	123.8715639	2139.128747	1.895	377.3306686	267.7834387	1790.319622	1.895	377.3306686	-86.3569359	372.4104428	-81.63514752	376.8881182	371.973663	133.7419859	2144.558595	1.895	148.878025	2145.564701	1.895
24	19.329691148351	37.78639764	-122.472565	9.041253245	98.87156395	123.8715639	2139.128747	1.895	133.3358657	151.0186585	2008.585695	1.895	133.3358657	-77.3214335	131.5972247	-84.52520376	132.9940201	131.2598366	133.9994167	2144.705959	1.895	149.1298944	2145.708813	1.895
6	19.333742367255	37.78639764	-122.472565	9.041253245	98.87156395	123.8715639	2139.128747	1.895	318.251456	234.6883524	1840.793987	1.895	318.251456	-84.87790179	314.1015971	-79.69870696	317.8338994	313.6894853	135.5478005	2145.061958	1.895	150.6503482	2146.059519	1.895
26	19.335028867912	37.78639764	-122.472565	9.041253245	98.87156395	123.8715639	2139.128747	1.895	109.2627596	145.1310619	2031.954196	1.895	109.2627596	-75.5919371	107.8380213	-73.35602213	109.0639485	107.6418027	136.1879814	2145.410873	1.895	151.3108482	2146.419335	1.895
12	19.337873542123	37.78639764	-122.472565	9.041253245	98.87156395	123.8715639	2139.128747	1.895	258.7576763	207.4326599	1894.234732	1.895	258.7576763	-83.08035865	255.3835901	-77.99445124	258.3630637	254.994123	137.1194686	2145.659408	1.895	152.2140937	2146.660814	1.895
4	19.343255128199	37.78639764	-122.472565	9.041253245	98.87156395	123.8715639	2139.128747	1.895	337.766464	247.7287854	1824.890664	1.895	337.766464	-85.39482435	333.3621379	-80.33274229	337.3317434	332.9330859	139.7708309	2146.475863	1.895	154.8197522	2147.464233	1.895
30	19.34463244495	37.78639764	-122.472565	9.041253245	98.87156395	123.8715639	2139.128747	1.895	76.5613934	140.3774172	2064.367769	1.895	76.5613934	-72.50269038	75.56306653	-73.90920457	76.23486913	75.24079999	140.749426	2146.993694	1.895	155.7799978	2147.972263	1.895
16	19.345275815576	37.78639764	-122.472565	9.041253245	98.87156395	123.8715639	2139.128747	1.895	213.0873117	181.7102471	1934.041231	1.895	213.0873117	-81.39364561	210.308747	-77.53293188	212.718049	209.9442993	140.6003795	2146.83277	1.895	155.6347315	2147.815904	1.895
2	19.347857757716	37.78639764	-122.472565	9.041253245	98.87156395	123.8715639	2139.128747	1.895	357.9102466	254.8454084	1806.043778	1.895	357.9102466	-85.89797644	353.2432545	-80.99587257	357.4759865	352.814657	143.0434986	2147.475915	1.895	158.0452031	2148.451946	1.895
22	19.348650977912	37.78639764	-122.472565	9.041253245	98.87156395	123.8715639	2139.128747	1.895	158.7223107	159.1945695	1984.386842	1.895	158.7223107	-78.83525335	156.6526416	-82.53966471	158.4145516	156.3488955	124.6992791	2139.544574	1.895	140.0691262	2140.672469	1.895
36	19.402272933873	37.78641207	-122.4725628	10.64357396	99.06023311	124.0602331	2137.526426	1.895	17.92628661	126.4315477	2119.757672	1.895	17.92628661	-59.89230051	17.69253572	-59.95651638	17.67847112	17.44795164	126.2512338	2140.311998	1.895	141.5937721	2141.422531	1.895
28	19.407862328051	37.78641207	-122.4725628	10.64357396	99.06023311	124.0602331	2137.526426	1.895	101.199872	147.2511257	2039.019591	1.895	101.199872	-74.92609306	99.88027017	-71.36708777	100.6098972	99.29798838	133.0453397	2143.750252	1.895	148.3748038	2144.853915	1.895
18	19.408829149324	37.78641207	-122.4725628	10.64357396	99.06023311	124.0602331	2137.526426	1.895	187.6836239	171.2376643	1955.868966	1.895	187.6836239	-80.29102141	185.2363121	-78.34967357	187.1877237	184.7468782	132.8968523	2143.634428	1.895	148.2305249	2144.741585	1.895
14	19.411459841742	37.78641207	-122.4725628	10.64357396	99.06023311	124.0602331	2137.526426	1.895	239.8120889	195.390616	1908.56832	1.895	239.8120889	-82.41991524	236.6850448	-77.63975577	239.2422336	236.1226202	133.0318811	2143.547066	1.895	148.3611883	2144.65689	1.895
20	19.418209979776	37.78641207	-122.4725628	10.64357396	99.06023311	124.0602331	2137.526426	1.895	180.3625714	171.4181074	1963.492266	1.895	180.3625714	-79.94542217	178.0107228	-78.91410419	179.7828037	177.4385151	133.2808103	2143.632541	1.895	148.6044318	2144.741218	1.895
10	19.418046723364	37.78641207	-122.4725628	10.64357396	99.06023311	124.0602331	2137.526426	1.895	279.1982441	215.5713419	1873.751187	1.895	279.1982441	-83.74074746	275.5576219	-78.51351335	278.6025139	274.9696597	134.0730718	2143.753118	1.895	149.3778874	2144.859618	1.895
34	19.423465893196	37.78641207	-122.4725628	10.64357396	99.06023311	124.0602331	2137.526426	1.895	38.73705262	129.7651452	2099.211765	1.895	38.73705262	-66.58502527	38.2319385	-64.9335518	38.30137299	37.80193994	134.9214512	2144.203684	1.895	150.1981831	2145.295006	1.895
0	19.429642230819	37.78641207	-122.4725628	10.64357396	99.06023311	124.0602331	2137.526426	1.895	377.7603834	268.7871275	1788.589421	1.895	377.7603834	-86.36682201	372.8345542	-81.64924731	377.1061845	372.1888858	138.7419379	2145.411715	1.895	153.9686276	2146.488377	1.895
24	19.429691148351	37.78641207	-122.4725628	10.64357396	99.06023311	124.0602331	2137.526426	1.895	133.6712312	151.5971534	2006.722313	1.895	133.6712312	-77.34325276	131.9282171	-84.73049684	133.1633229	131.4269318	139.0015697	2145.561275	1.895	154.2224185	2146.634501	1.895
6	19.433742367255	37.78641207	-122.4725628	10.64357396	99.06023311	124.0602331	2137.526426	1.895	318.6592039	235.69364	1839.060899	1.895	318.6592039	-84.88902314	314.5040281	-79.71179277	318.0402255	313.893121	140.5587923	2145.924221	1.895	155.7515817	2146.99202	1.895
26	19.435028867912	37.78641207	-122.4725628	10.64357396	99.06023311	124.0602331	2137.526426	1.895	109.3906608	144.7154951	2030.103538	1.895	109.3906608	-75.60209872	107.9642547	-73.39414451	109.1456266	107.7224157	131.7718855	2141.528555	1.895	146.9849345	2142.607917	1.895
12	19.437873542123	37.78641207	-122.4725628	10.64357396	99.06023311	124.0602331	2137.526426	1.895	259.1380227	208.4471721	1892.513448	1.895	259.1380227	-83.09311661	255.7589769	-78.00304835	258.5568034	255.1853365	132.7332696	2141.792247	1.895	147.9174234	2142.864174	1.895
4	19.443255128199	37.78641207	-122.4725628	10.64357396	99.06023311	124.0602331	2137.526426	1.895	338.1931348	248.7365773	1823.15339	1.895	338.1931348	-85.40578955	333.7832452	-80.34673484	337.5470913	333.1456257	135.4063955	2142.62303	1.895	150.5446999	2143.681728	1.895
30	19.44463244495	37.78641207	-122.4725628	10.64357396	99.06023311	124.0602331	2137.526426	1.895	76.88850155	140.8173685	2062.48617	1.895	76.88850155	-72.53972175	75.88590933	-73.69705584	76.39827723	75.40207732	136.3715922	2143.135907	1.895	151.4921922	2144.185101	1.895
16	19.445275815576	37.78641207	-122.4725628	10.64357396	99.06023311	124.0602331	2137.526426	1.895	213.4436296	182.6172268	1932.272287	1.895	213.4436296	-81.40815775	210.6604186	-77.5296821	212.8994441	210.1233291	136.2384678	2142.981995	1.895	151.3624765	2144.035738	1.895
2	19.447857757716	37.78641207	-122.4725628	10.64357396	99.06023311	124.0602331	2137.526426	1.895	358.3391736	255.8545969	1804.303964	1.895	358.3391736	-85.90837956	353.6665884	-81.01001675	357.6917833	353.0276398	138.6878731	2143.631179	1.895	153.7793301	2144.677763	1.895
22	19.448650977912	37.78641207	-122.4725628	10.64357396	99.06023311	124.0602331	2137.526426	1.895	159.0900987	159.9337371	1982.53368	1.895	159.0900987	-78.85535682	157.0156338	-82.43874618	158.5834383	156.5155801	127.6964062	2139.360833	1.895	143.2008905	2140.578536	1.895
36	19.502272933873	37.78642645	-122.4725605	12.24009896	99.24821984	124.2482198	2135.929901	1.895	18.09763075	126.6897577	2117.99772	1.895	18.09763075	-59.97492826	17.86164561	-59.67365033	17.76230305	17.53069043	129.288144	2140.153803	1.895	144.7637375	2141.353392	1.895
28	19.507862328051	37.78642645	-122.4725605	12.24009896	99.24821984	124.2482198	2135.929901	1.895	101.6019892	147.7972587	2037.094649	1.895	101.6019892	-74.96053802	100.277144	-71.44619526	100.8083156	99.4938195	126.5500563	2138.794541	1.895	142.0081859	2139.985028	1.895
18	19.508829149324	37.78642645	-122.4725605	12.24009896	99.24821984	124.2482198	2135.929901	1.895	188.0164429	172.0676791	1954.096235	1.895	188.0164429	-80.30641044	185.5647913	-78.32876101	187.3534676	184.9104608	126.4055851	2138.680603	1.895	141.8678024	2139.874529	1.895
14	19.511459841742	37.78642645	-122.4725605	12.24009896	99.24821984	124.2482198	2135.929901	1.895	240.1883443	196.3799984	1906.82851	1.895	240.1883443	-82.43353237	237.056394	-77.64512308	239.4314557	236.3093749	126.5581155	2138.602286	1.895	142.0153652	2139.798622	1.895
20	19.518209979776	37.78642645	-122.4725605	12.24009896	99.24821984	124.2482198	2135.929901	1.895	180.7555402	172.2210111	1961.65662	1.895	180.7555402	-79.96432615	178.3985675	-78.87815772	179.977351	177.6305256	126.810333	2138.68999	1.895	142.2619655	2139.885193	1.895
10	19.518046723364	37.78642645	-122.4725605	12.24009896	99.24821984	124.2482198	2135.929901	1.895	279.5965003	216.5768383	1872.017739	1.895	279.5965003	-83.75312842	275.9506849	-78.52458085	278.8013112	275.1658648	127.6150152	2138.81861	1.895	143.0476487	2140.011453	1.895
34	19.523465893196	37.78642645	-122.4725605	12.24009896	99.24821984	124.2482198	2135.929901	1.895	39.03707559	130.1123927	2097.335799	1.895	39.03707559	-66.65203931	38.5280493	-64.8036062	38.44851351	37.94716181	128.4079305	2139.241153	1.895	143.8134316	2140.419277	1.895
0	19.529642230819	37.78642645	-122.4725605	12.24009896	99.24821984	124.2482198	2135.929901	1.895	378.2005657	269.79261	1786.856129	1.895	378.2005657	-86.37693728	373.2689967	-81.6636877	377.3250607	372.404908	132.2341838	2140.461801	1.895	147.5901889	2141.625273	1.895
24	19.529691148351	37.78642645	-122.4725605	12.24009896	99.24821984	124.2482198	2135.929901	1.895	134.0128557	152.1982533	2004.864112	1.895	134.0128557	-77.36542304	132.2653871	-84.93833136	133.3332295	131.5946228	132.4842513	2140.606896	1.895	147.834166	2141.766759	1.895
6	19.533742367255	37.78642645	-122.4725605	12.24009896	99.24821984	124.2482198	2135.929901	1.895	319.078673	236.7011833	1837.323922	1.895	319.078673	-84.90044934	314.9180275	-79.72526398	318.247915	314.0981023	134.0487372	2140.977384	1.895	149.3707153	2142.131731	1.895
26	19.535028867912	37.78642645	-122.4725605	12.24009896	99.24821984	124.2482198	2135.929901	1.895	109.6594198	145.1883774	2028.288375	1.895	109.6594198	-75.62341267	108.2295092	-73.47490723	109.2483852	107.8238344	134.5645973	2141.267668	1.895	149.8753624	2142.415596	1.895
12	19.537873542123	37.78642645	-122.4725605	12.24009896	99.24821984	124.2482198	2135.929901	1.895	259.5306103	209.4639722	1890.788282	1.895	259.5306103	-83.10626556	256.1464454	-78.0119724	258.7515648	255.3775583	135.5479145	2141.544961	1.895	150.8292089	2142.685091	1.895
4	19.543255128199	37.78642645	-122.4725605	12.24009896	99.24821984	124.2482198	2135.929901	1.895	338.6244069	249.7430849	1821.418331	1.895	338.6244069	-85.41685895	334.2088937	-80.36088208	337.7625544	333.3582793	138.2220762	2142.384266	1.895	153.4577143	2143.511074	1.895
30	19.54463244495	37.78642645	-122.4725605	12.24009896	99.24821984	124.2482198	2135.929901	1.895	77.21538502	141.3054815	2060.622096	1.895	77.21538502	-72.57657063	76.20853039	-73.49279843	76.56169879	75.56336793	139.2043671	2142.908473	1.895	154.4170173	2144.022946	1.895
16	19.545275815576	37.78642645	-122.4725605	12.24009896	99.24821984	124.2482198	2135.929901	1.895	213.8071299	183.5420589	1930.509042	1.895	213.8071299	-81.42293748	211.019179	-77.52653515	213.0809813	210.3024991	139.0859375	2142.761623	1.895	154.3015993	2143.880528	1.895
2	19.547857757716	37.78642645	-122.4725605	12.24009896	99.24821984	124.2482198	2135.929901	1.895	358.7681676	256.8602416	1802.570261	1.895	358.7681676	-85.91877185	354.0899886	-81.02416291	357.9070601	353.2401096	141.5236082	2143.412709	1.895	156.7070116	2144.52444	1.895
22	19.548650977912	37.78642645	-122.4725605	12.24009896	99.24821984	124.2482198	2135.929901	1.895	159.4559071	160.6694488	1980.689183	1.895	159.4559071	-78.87530605	157.3766723	-82.34023518	158.7579321	156.6877985	130.1419901	2138.868579	1.895	145.7247316	2140.140134	1.895
36	19.602272933873	37.78644094	-122.472558	13.84954547	99.46123736	124.4612374	2134.320455	1.895	18.26299916	126.963384	2116.229672	1.895	18.26299916	-60.05393578	18.02485769	-59.4667241	17.8457524	17.61305164	132.2285738	2139.966574	1.895	147.7925073	2141.231001	1.895
28	19.607862328051	37.78644094	-122.472558	13.84954547	99.46123736	124.4612374	2134.320455	1.895	101.9796798	148.3415532	2035.176188	1.895	101.9796798	-74.99276668	100.6499097	-71.5225232	101.0035429	99.68650119	129.3783861	2138.545838	1.895	144.924913	2139.801151	1.895
18	19.608829149324	37.78644094	-122.472558	13.84954547	99.46123736	124.4612374	2134.320455	1.895	188.3395198	172.9008899	1952.316678	1.895	188.3395198	-80.32132298	185.8836554	-78.30881125	187.5178096	185.0726599	129.2366769	2138.432219	1.895	144.7871977	2139.690948	1.895
14	19.611459841742	37.78644094	-122.472558	13.84954547	99.46123736	124.4612374	2134.320455	1.895	240.5509346	197.3714373	1905.085084	1.895	240.5509346	-82.44663477	237.4142563	-77.65037134	239.6180355	236.4935218	129.4074474	2138.360956	1.895	144.952467	2139.621878	1.895
20	19.618209979776	37.78644094	-122.472558	13.84954547	99.46123736	124.4612374	2134.320455	1.895	181.1343126	173.034414	1959.820352	1.895	181.1343126	-79.98250835	178.7724009	-78.84417811	180.170178	177.8208381	129.6699271	2138.453755	1.895	145.2089289	2139.713366	1.895
10	19.618046723364	37.78644094	-122.472558	13.84954547	99.46123736	124.4612374	2134.320455	1.895	279.9736492	217.5810671	1870.286477	1.895	279.9736492	-83.76483696	276.322916	-78.53508907	278.9967008	275.3587066	130.4965657	2138.591356	1.895	146.0160647	2139.848391	1.895
34	19.623465893196	37.78644094	-122.472558	13.84954547	99.46123736	124.4612374	2134.320455	1.895	39.32634993	130.4606427	2095.454416	1.895	39.32634993	-66.71616659	38.81355164	-64.72059028	38.59481958	38.09156012	131.3351174	2139.040119	1.895	146.827906	2140.282609	1.895
0	19.629642230819	37.78644094	-122.472558	13.84954547	99.46123736	124.4612374	2134.320455	1.895	378.6196736	270.7976954	1785.123521	1.895	378.6196736	-86.38655734	373.6826397	-81.67743402	377.5408295	372.6178633	135.2069848	2140.283279	1.895	150.6492476	2141.510672	1.895
24	19.629691148351	37.78644094	-122.472558	13.84954547	99.46123736	124.4612374	2134.320455	1.895	134.3387422	152.7997439	2003.004703	1.895	134.3387422	-77.38651936	132.5870241	-85.13495235	133.5008149	131.760023	135.4577887	2140.429913	1.895	150.8939845	2141.653684	1.895
6	19.633742367255	37.78644094	-122.472558	13.84954547	99.46123736	124.4612374	2134.320455	1.895	319.480954	237.7098223	1835.585057	1.895	319.480954	-84.91139325	315.315063	-79.73819184	318.4534215	314.3009291	137.0463899	2140.810468	1.895	152.4541703	2142.028525	1.895
26	19.635028867912	37.78644094	-122.472558	13.84954547	99.46123736	124.4612374	2134.320455	1.895	109.9289502	145.7218195	2026.467027	1.895	109.9289502	-75.64473542	108.4955251	-73.55679521	109.3618127	107.9357828	137.5679046	2141.105584	1.895	152.9623624	2142.315967	1.895
12	19.637873542123	37.78644094	-122.472558	13.84954547	99.46123736	124.4612374	2134.320455	1.895	259.9106053	210.4837599	1889.058047	1.895	259.9106053	-83.11897382	256.5214854	-78.02065831	258.9447382	255.5682128	138.5870458	2141.399946	1.895	153.9511066	2142.602083	1.895
4	19.643255128199	37.78644094	-122.472558	13.84954547	99.46123736	124.4612374	2134.320455	1.895	339.0296303	250.7464403	1819.688705	1.895	339.0296303	-85.42724692	334.6088331	-80.37417818	337.9737337	333.566705	141.3010968	2142.258621	1.895	156.6186301	2143.447039	1.895
30	19.64463244495	37.78644094	-122.472558	13.84954547	99.46123736	124.4612374	2134.320455	1.895	77.53156249	141.8086427	2058.754518	1.895	77.53156249	-72.61206453	76.52058504	-73.3026879	76.72334274	75.72290412	142.3183709	2142.803821	1.895	157.6115701	2143.979137	1.895
16	19.645275815576	37.78644094	-122.472558	13.84954547	99.46123736	124.4612374	2134.320455	1.895	214.1521159	184.4663491	1928.74683	1.895	214.1521159	-81.4369412	211.3596665	-77.52370389	213.2595037	210.4786937	142.2093165	2142.659919	1.895	157.5052329	2143.839561	1.895
2	19.647857757716	37.78644094	-122.472558	13.84954547	99.46123736	124.4612374	2134.320455	1.895	359.1816827	257.8681245	1800.832698	1.895	359.1816827	-85.92877742	354.4981116	-81.03779836	358.1194972	353.4497766	144.6728161	2143.321906	1.895	159.9359544	2144.494173	1.895
22	19.648650977912	37.78644094	-122.472558	13.84954547	99.46123736	124.4612374	2134.320455	1.895	159.8083565	161.4064995	1978.841329	1.895	159.8083565	-78.89448351	157.7245259	-82.24705335	158.9330028	156.8605864	133.1289352	2138.68427	1.895	148.79445	2140.018691	1.895
36	19.702272933873	37.78645546	-122.4725554	15.4613423	99.67930969	124.6793097	2132.708658	1.895	18.43152299	127.2379442	2114.455591	1.895	18.43152299	-60.13371825	18.19118404	-59.35980998	17.92943391	17.69564198	125.7715581	2134.983205	1.895	141.4132571	2136.307996	1.895
28	19.707862328051	37.78645546	-122.4725554	15.4613423	99.67930969	124.6793097	2132.708658	1.895	102.2507694	148.3834754	2033.243426	1.895	102.2507694	-75.0158255	100.9174644	-71.57850538	101.1817182	99.86235308	129.4872587	2136.898865	1.895	145.163332	2138.241564	1.895
18	19.708829149324	37.78645546	-122.4725554	15.4613423	99.67930969	124.6793097	2132.708658	1.895	188.6595553	173.7336286	1950.538129	1.895	188.6595553	-80.33606993	186.1995177	-78.28938523	187.6809161	185.2336396	129.3491527	2136.786494	1.895	145.0291118	2138.132567	1.895
14	19.711459841742	37.78645546	-122.4725554	15.4613423	99.67930969	124.6793097	2132.708658	1.895	240.9086311	198.3612833	1903.34446	1.895	240.9086311	-82.459541	237.7672885	-77.65562098	239.8024063	236.6754885	129.5364272	2136.723041	1.895	145.2103986	2138.071065	1.895
20	19.718209979776	37.78645546	-122.4725554	15.4613423	99.67930969	124.6793097	2132.708658	1.895	181.496091	173.8827336	1958.009333	1.895	181.496091	-79.99983932	179.1294619	-78.81232483	180.3595941	178.0077844	129.8166691	2136.825118	1.895	145.4828746	2138.171046	1.895
10	19.718046723364	37.78645546	-122.4725554	15.4613423	99.67930969	124.6793097	2132.708658	1.895	280.3567953	218.5894433	1868.548064	1.895	280.3567953	-83.77671554	276.701066	-78.54579126	279.191	275.5504723	130.6603554	2136.972035	1.895	146.3066994	2138.315168	1.895
34	19.723465893196	37.78645546	-122.4725554	15.4613423	99.67930969	124.6793097	2132.708658	1.895	39.61008296	130.8084097	2093.575643	1.895	39.61008296	-66.77860884	39.09358491	-64.67843265	38.7398572	38.23470652	131.5123186	2137.429755	1.895	147.1329117	2138.758813	1.895
0	19.729642230819	37.78645546	-122.4725554	15.4613423	99.67930969	124.6793097	2132.708658	1.895	379.0398707	271.8047969	1783.387438	1.895	379.0398707	-86.39619171	374.0973576	-81.69121335	377.7549783	372.8292196	135.4024636	2138.689166	1.895	150.9724678	2140.002947	1.895
24	19.729691148351	37.78645546	-122.4725554	15.4613423	99.67930969	124.6793097	2132.708658	1.895	134.6590892	153.4003189	2001.148124	1.895	134.6590892	-77.40720726	132.903194	-85.32623451	133.6662827	131.9233332	135.6508527	2138.835418	1.895	151.2148619	2140.145596	1.895
6	19.733742367255	37.78645546	-122.4725554	15.4613423	99.67930969	124.6793097	2132.708658	1.895	319.8765637	238.7163268	1833.84987	1.895	319.8765637	-84.92214224	315.7055141	-79.75091343	318.6567276	314.5015841	137.2514714	2139.224256	1.895	152.7868897	2140.528564	1.895
26	19.735028867912	37.78645546	-122.4725554	15.4613423	99.67930969	124.6793097	2132.708658	1.895	110.1984777	146.2559986	2024.643164	1.895	110.1984777	-75.66600571	108.7615381	-73.63957765	109.4813363	108.0537479	137.7774921	2139.523158	1.895	153.299684	2140.819817	1.895
12	19.737873542123	37.78645546	-122.4725554	15.4613423	99.67930969	124.6793097	2132.708658	1.895	260.2827556	211.5004724	1887.33303	1.895	260.2827556	-83.13140172	256.8887831	-78.02921029	259.1358836	255.7568657	138.8264011	2139.833725	1.895	154.3174564	2141.121713	1.895
4	19.743255128199	37.78645546	-122.4725554	15.4613423	99.67930969	124.6793097	2132.708658	1.895	339.44179	251.7546664	1817.950683	1.895	339.44179	-85.43779998	335.0156184	-80.38770514	338.183456	333.7736926	141.5641724	2140.709011	1.895	157.0085212	2141.983058	1.895
30	19.74463244495	37.78645546	-122.4725554	15.4613423	99.67930969	124.6793097	2132.708658	1.895	77.84294937	142.3112809	2056.888882	1.895	77.84294937	-72.64687945	76.82791157	-73.12263856	76.88328654	75.88076232	142.5989218	2141.26562	1.895	158.0195787	2142.526862	1.895
16	19.745275815576	37.78645546	-122.4725554	15.4613423	99.67930969	124.6793097	2132.708658	1.895	214.4908062	185.3884972	1926.988701	1.895	214.4908062	-81.45066743	211.6939405	-77.52106985	213.4354041	210.6523003	142.4992801	2141.125672	1.895	157.9223656	2142.391108	1.895
2	19.747857757716	37.78645546	-122.4725554	15.4613423	99.67930969	124.6793097	2132.708658	1.895	359.5956982	258.8776502	1799.092304	1.895	359.5956982	-85.93878356	354.9067286	-81.05144995	358.3303831	353.6579126	144.9705568	2141.795556	1.895	160.3608749	2143.053522	1.895
22	19.748650977912	37.78645546	-122.4725554	15.4613423	99.67930969	124.6793097	2132.708658	1.895	160.162671	162.1450621	1976.989685	1.895	160.162671	-78.91371986	158.0742203	-82.15506427	159.1086697	157.0339627	133.2884812	2137.06364	1.895	149.0802877	2138.484509	1.895
36	19.802272933873	37.78647011	-122.4725528	17.08817529	99.89941638	124.8994164	2131.081825	1.895	18.59304282	127.5137445	2112.673497	1.895	18.59304282	-60.20950319	18.35059773	-59.37198355	18.01238503	17.77751145	126.3373952	2133.55554	1.895	142.1067772	2134.967552	1.895
28	19.807862328051	37.78647011	-122.4725528	17.08817529	99.89941638	124.8994164	2131.081825	1.895	102.4071349	147.9371694	2031.299646	1.895	102.4071349	-75.02909812	101.071791	-71.61124772	101.3348952	100.0135328	128.058793	2134.46217	1.895	143.9014925	2135.912967	1.895
18	19.808829149324	37.78647011	-122.4725528	17.08817529	99.89941638	124.8994164	2131.081825	1.895	188.9592045	174.5633767	1948.765967	1.895	188.9592045	-80.34985484	186.4952596	-78.27149573	187.8407022	185.3913421	127.9230031	2134.350175	1.895	143.7695242	2135.80433	1.895
14	19.811459841742	37.78647011	-122.4725528	17.08817529	99.89941638	124.8994164	2131.081825	1.895	241.2541582	199.3515096	1901.603166	1.895	241.2541582	-82.47198995	238.1083101	-77.66075942	239.9838753	236.8545912	128.1264992	2134.293365	1.895	143.9665328	2135.749248	1.895
20	19.818209979776	37.78647011	-122.4725528	17.08817529	99.89941638	124.8994164	2131.081825	1.895	181.8519882	174.7342563	1956.191475	1.895	181.8519882	-80.01685487	179.4807183	-78.78155347	180.5461434	178.1919011	128.4217573	2134.403065	1.895	144.2537689	2135.856725	1.895
10	19.818046723364	37.78647011	-122.4725528	17.08817529	99.89941638	124.8994164	2131.081825	1.895	280.7275249	219.5981591	1866.809065	1.895	280.7275249	-83.78819373	277.0669615	-78.55617213	279.3830656	275.7400334	129.2860867	2134.559226	1.895	145.0977348	2136.009844	1.895
34	19.823465893196	37.78647011	-122.4725528	17.08817529	99.89941638	124.8994164	2131.081825	1.895	39.88381898	131.1570836	2091.69197	1.895	39.88381898	-66.83842853	39.36375153	-64.67358052	38.88285243	38.37583714	130.1392056	2135.019383	1.895	145.9262969	2136.45653	1.895
0	19.829642230819	37.78647011	-122.4725528	17.08817529	99.89941638	124.8994164	2131.081825	1.895	379.4470916	272.8121247	1781.650964	1.895	379.4470916	-86.40551837	374.4992686	-81.70456453	377.9664924	373.0379757	134.0757426	2136.304537	1.895	149.8113547	2137.725943	1.895
24	19.829691148351	37.78647011	-122.4725528	17.08817529	99.89941638	124.8994164	2131.081825	1.895	134.9782962	154.0049793	1999.278916	1.895	134.9782962	-77.42777264	133.2182386	-85.51440878	133.8302844	132.0851963	134.3226417	2136.450923	1.895	150.0522876	2137.868722	1.895
6	19.833742367255	37.78647011	-122.4725528	17.08817529	99.89941638	124.8994164	2131.081825	1.895	320.2634304	239.7251298	1832.110722	1.895	320.2634304	-84.93264082	316.0873362	-79.76336154	318.8575654	314.6998031	135.9455915	2136.850417	1.895	151.6462117	2138.262119	1.895
26	19.835028867912	37.78647011	-122.4725528	17.08817529	99.89941638	124.8994164	2131.081825	1.895	110.447599	146.7885078	2022.825001	1.895	110.447599	-75.68561939	109.0074109	-73.71688963	109.6021191	108.1729557	136.4767538	2137.153494	1.895	152.164194	2138.557548	1.895
12	19.837873542123	37.78647011	-122.4725528	17.08817529	99.89941638	124.8994164	2131.081825	1.895	260.6419344	212.5084232	1885.604983	1.895	260.6419344	-83.14337961	257.2432783	-78.03750633	259.3241399	255.9426673	137.5577059	2137.479887	1.895	153.2137303	2138.875033	1.895
4	19.843255128199	37.78647011	-122.4725528	17.08817529	99.89941638	124.8994164	2131.081825	1.895	339.8381658	252.7616402	1816.21482	1.895	339.8381658	-85.44793682	335.4068257	-80.40071709	338.3902947	333.9778342	140.3381438	2138.377883	1.895	155.9466113	2139.758634	1.895
30	19.84463244495	37.78647011	-122.4725528	17.08817529	99.89941638	124.8994164	2131.081825	1.895	78.13925577	142.8137633	2055.023824	1.895	78.13925577	-72.67987921	77.12035426	-72.95788942	77.0402827	76.03571132	141.3893141	2138.945314	1.895	156.9747553	2140.313575	1.895
16	19.845275815576	37.78647011	-122.4725528	17.08817529	99.89941638	124.8994164	2131.081825	1.895	214.8109489	186.3080751	1925.235473	1.895	214.8109489	-81.46362207	212.0099087	-77.51871117	213.6073472	210.8220014	141.2972614	2138.807861	1.895	156.8848949	2140.180226	1.895
2	19.847857757716	37.78647011	-122.4725528	17.08817529	99.89941638	124.8994164	2131.081825	1.895	359.9884929	259.8832082	1797.358749	1.895	359.9884929	-85.94826618	355.2944014	-81.06440145	358.5376468	353.8624737	143.7911393	2139.489133	1.895	159.3454222	2140.853765	1.895
22	19.848650977912	37.78647011	-122.4725528	17.08817529	99.89941638	124.8994164	2131.081825	1.895	160.4971773	162.8813865	1975.143651	1.895	160.4971773	-78.93184178	158.4043648	-82.06974447	159.2822332	157.205263	131.7287694	2134.546209	1.895	147.6855393	2136.075428	1.895
36	19.902272933873	37.78648483	-122.4725502	18.72195135	100.1204625	125.1204625	2129.448049	1.895	18.74795026	127.7895959	2110.891072	1.895	18.74795026	-60.28156965	18.50348524	-59.49188471	18.0941145	17.85817521	125.4783383	2131.382473	1.895	141.4150342	2132.904119	1.895
28	19.907862328051	37.78648483	-122.4725502	18.72195135	100.1204625	125.1204625	2129.448049	1.895	102.7233146	148.3042911	2029.375128	1.895	102.7233146	-75.05587429	101.3838478	-71.67845732	101.4891641	100.16579	132.6021138	2135.065951	1.895	148.5438267	2136.59002	1.895
18	19.908829149324	37.78648483	-122.4725502	18.72195135	100.1204625	125.1204625	2129.448049	1.895	189.2524754	175.3926793	1946.994757	1.895	189.2524754	-80.36332518	186.7847064	-78.25426353	187.9975659	185.5461604	132.470407	2134.955265	1.895	148.4158237	2136.482646	1.895
14	19.911459841742	37.78648483	-122.4725502	18.72195135	100.1204625	125.1204625	2129.448049	1.895	241.5951073	200.341886	1899.861609	1.895	241.5951073	-82.4842565	238.4448134	-77.66589406	240.1629011	237.0312826	132.6921407	2134.907076	1.895	148.6305414	2136.435928	1.895
20	19.918209979776	37.78648483	-122.4725502	18.72195135	100.1204625	125.1204625	2129.448049	1.895	182.1954221	175.582676	1954.380242	1.895	182.1954221	-80.03324301	179.819674	-78.75238152	180.7293966	178.3727648	133.0008655	2135.023912	1.895	148.9310505	2136.550434	1.895
10	19.918046723364	37.78648483	-122.4725502	18.72195135	100.1204625	125.1204625	2129.448049	1.895	281.0854657	220.6029447	1865.076843	1.895	281.0854657	-83.7992616	277.4202349	-78.56621845	279.5722212	275.9267225	133.8809676	2135.188741	1.895	149.7904173	2136.712003	1.895
34	19.923465893196	37.78648483	-122.4725502	18.72195135	100.1204625	125.1204625	2129.448049	1.895	40.13950817	131.5198746	2089.821951	1.895	40.13950817	-66.89393474	39.61610665	-64.69993394	39.02248084	38.51364486	134.7900309	2135.681243	1.895	150.6734606	2137.190168	1.895
0	19.929642230819	37.78648483	-122.4725502	18.72195135	100.1204625	125.1204625	2129.448049	1.895	379.8489102	273.8195171	1779.91438	1.895	379.8489102	-86.4147115	374.8958476	-81.71773602	378.17565	373.2444059	138.7356955	2136.978084	1.895	154.5674791	2138.471069	1.895
24	19.929691148351	37.78648483	-122.4725502	18.72195135	100.1204625	125.1204625	2129.448049	1.895	135.2786119	154.6057187	1997.42183	1.895	135.2786119	-77.44707657	133.5146383	-85.688796	133.9912096	132.2440232	138.9822862	2137.125453	1.895	154.8081523	2138.614836	1.895
6	19.933742367255	37.78648483	-122.4725502	18.72195135	100.1204625	125.1204625	2129.448049	1.895	320.6476122	240.7352624	1830.369281	1.895	320.6476122	-84.943054	316.4665084	-79.77573065	319.0564595	314.8961037	140.6156168	2137.532317	1.895	156.4122866	2139.015455	1.895
26	19.935028867912	37.78648483	-122.4725502	18.72195135	100.1204625	125.1204625	2129.448049	1.895	110.7115532	147.3269884	2020.986451	1.895	110.7115532	-75.70635267	109.2679232	-73.79964135	109.7253896	108.2946188	141.1602808	2137.844462	1.895	156.9438033	2139.31994	1.895
12	19.937873542123	37.78648483	-122.4725502	18.72195135	100.1204625	125.1204625	2129.448049	1.895	260.9965979	213.5120254	1883.874932	1.895	260.9965979	-83.15519073	257.5933171	-78.04573829	259.5099686	256.1260728	142.2659494	2138.184771	1.895	158.0177498	2139.651096	1.895
4	19.943255128199	37.78648483	-122.4725502	18.72195135	100.1204625	125.1204625	2129.448049	1.895	340.2309995	253.7695501	1814.477343	1.895	340.2309995	-85.45797142	335.794537	-80.41361558	338.5948175	334.1796901	136.8574879	2134.874211	1.895	152.5559062	2136.323041	1.895
30	19.94463244495	37.78648483	-122.4725502	18.72195135	100.1204625	125.1204625	2129.448049	1.895	78.43223554	143.3170328	2053.155845	1.895	78.43223554	-72.71238568	77.40951371	-72.80123173	77.19494412	76.18835603	137.8996705	2135.438874	1.895	153.5755987	2136.875452	1.895
16	19.945275815576	37.78648483	-122.4725502	18.72195135	100.1204625	125.1204625	2129.448049	1.895	215.1327916	187.2308442	1923.476161	1.895	215.1327916	-81.47662606	212.3275547	-77.51646705	213.776841	210.9892851	137.8187261	2135.306195	1.895	153.4965077	2136.746727	1.895
2	19.947857757716	37.78648483	-122.4725502	18.72195135	100.1204625	125.1204625	2129.448049	1.895	360.37652	260.8891221	1795.624582	1.895	360.37652	-85.95762354	355.6773687	-81.07719533	358.741966	354.0641287	140.3185252	2135.992783	1.895	155.9629356	2137.425497	1.895
22	19.948650977912	37.78648483	-122.4725502	18.72195135	100.1204625	125.1204625	2129.448049	1.895	160.8236507	163.6168406	1973.2998	1.895	160.8236507	-78.94949213	158.7265811	-81.98788057	159.4535018	157.3742983	128.2426223	2131.022692	1.895	144.2891522	2132.620934	1.895
36	20.002272933873	37.78649963	-122.4725476	20.36632364	100.3429422	125.3429422	2127.803676	1.895	18.88895339	128.0649471	2109.11188	1.895	18.88895339	-60.3466517	18.64264975	-59.68830043	18.17359838	17.93662266	130.3838016	2132.167339	1.895	146.4174289	2133.761736	1.895
28	20.007862328051	37.78649963	-122.4725476	20.36632364	100.3429422	125.3429422	2127.803676	1.895	103.0692274	148.8688446	2027.455295	1.895	103.0692274	-75.08507421	101.72525	-71.75351355	101.6471704	100.321736	128.2638755	2131.103504	1.895	144.2796948	2132.688164	1.895
18	20.008829149324	37.78649963	-122.4725476	20.36632364	100.3429422	125.3429422	2127.803676	1.895	189.5368896	176.2258797	1945.22449	1.895	189.5368896	-80.37636879	187.065412	-78.23780985	188.1514982	185.6980855	128.1385078	2130.995439	1.895	144.1578738	2132.583359	1.895
14	20.011459841742	37.78649963	-122.4725476	20.36632364	100.3429422	125.3429422	2127.803676	1.895	241.9305902	201.33379	1898.117365	1.895	241.9305902	-82.4963095	238.7759218	-77.6710081	240.33967	237.2057465	128.379991	2130.956106	1.895	144.391773	2132.545229	1.895
20	20.018209979776	37.78649963	-122.4725476	20.36632364	100.3429422	125.3429422	2127.803676	1.895	182.5327591	176.4322953	1952.566448	1.895	182.5327591	-80.04931017	180.1526122	-78.72421859	180.9097328	178.5507495	128.7014672	2131.079587	1.895	144.7048379	2132.666278	1.895
10	20.018046723364	37.78649963	-122.4725476	20.36632364	100.3429422	125.3429422	2127.803676	1.895	281.4360129	221.6083889	1863.343484	1.895	281.4360129	-83.81008719	277.7662111	-78.57607945	279.7586004	276.1106713	129.6015947	2131.253912	1.895	145.5838298	2132.837123	1.895
34	20.023465893196	37.78649963	-122.4725476	20.36632364	100.3429422	125.3429422	2127.803676	1.895	40.39517047	131.8905951	2087.942692	1.895	40.39517047	-66.94908271	39.86843522	-64.7553082	39.1597498	38.6491239	130.4738414	2131.728411	1.895	146.4296888	2133.297021	1.895
8	20.025135477225	37.78649963	-122.4725476	20.36632364	100.3429422	125.3429422	2127.803676	1.895	300.8698968	234.6237252	1847.481709	1.895	300.8698968	-84.39006854	296.9466857	-79.1512609	300.8698968	296.9466857	130.699863	2130.113496	1.895	146.778794	2132.109231	1.895
32	20.024319864972	37.78649963	-122.4725476	20.36632364	100.3429422	125.3429422	2127.803676	1.895	63.58476042	136.7798482	2065.255943	1.895	63.58476042	-70.88955459	62.75564313	-70.93235843	63.58476042	62.75564313	124.7911219	2129.152476	1.895	143.5298478	2132.032067	1.895
0	20.029642230819	37.78649963	-122.4725476	20.36632364	100.3429422	125.3429422	2127.803676	1.895	380.2423273	274.8272512	1778.177206	1.895	380.2423273	-86.42370299	375.2841347	-81.73062961	378.3823177	373.4483788	131.4523458	2131.680611	1.895	150.0986714	2134.525821	1.895
24	20.029691148351	37.78649963	-122.4725476	20.36632364	100.3429422	125.3429422	2127.803676	1.895	135.5722995	155.207465	1995.561631	1.895	135.5722995	-77.46591305	133.8044964	-85.85642149	134.1493186	132.4000705	129.3686178	2130.746224	1.895	148.0522613	2133.608117	1.895
6	20.033742367255	37.78649963	-122.4725476	20.36632364	100.3429422	125.3429422	2127.803676	1.895	321.0187114	241.7432604	1828.63152	1.895	321.0187114	-84.95310074	316.8327687	-79.78768544	319.2526847	315.0897702	130.4264956	2130.955953	1.895	149.0915506	2133.814972	1.895
26	20.035028867912	37.78649963	-122.4725476	20.36632364	100.3429422	125.3429422	2127.803676	1.895	110.9481762	147.8605842	2019.164578	1.895	110.9481762	-75.72489715	109.5014608	-73.8745573	109.8476683	108.415303	129.1514876	2130.386592	1.895	147.8372465	2133.254825	1.895
12	20.037873542123	37.78649963	-122.4725476	20.36632364	100.3429422	125.3429422	2127.803676	1.895	261.3439817	214.5162763	1882.143763	1.895	261.3439817	-83.16674387	257.9361712	-78.05383964	259.6933699	256.3070826	128.660008	2130.017138	1.895	147.3434347	2132.888932	1.895
4	20.043255128199	37.78649963	-122.4725476	20.36632364	100.3429422	125.3429422	2127.803676	1.895	340.6129355	254.7764735	1812.741567	1.895	340.6129355	-85.46771654	336.1714927	-80.42615889	338.7966293	334.3788704	132.3342415	2131.33089	1.895	150.9453441	2134.17679	1.895
30	20.04463244495	37.78649963	-122.4725476	20.36632364	100.3429422	125.3429422	2127.803676	1.895	78.72125357	143.8218784	2051.282015	1.895	78.72125357	-72.74433383	77.69476307	-72.65268556	77.34757507	76.33899673	132.4590101	2131.381684	1.895	151.0816128	2134.232894	1.895
16	20.045275815576	37.78649963	-122.4725476	20.36632364	100.3429422	125.3429422	2127.803676	1.895	215.4435228	188.154124	1921.71955	1.895	215.4435228	-81.48916264	212.6342341	-77.51442005	213.9435092	211.15378	129.5005551	2129.998067	1.895	148.2118367	2132.89071	1.895
2	20.047857757716	37.78649963	-122.4725476	20.36632364	100.3429422	125.3429422	2127.803676	1.895	360.756713	261.895643	1793.889367	1.895	360.756713	-85.96678223	356.0526042	-81.08973047	358.9434407	354.2629762	132.8771772	2131.146388	1.895	151.5468116	2134.026323	1.895
22	20.048650977912	37.78649963	-122.4725476	20.36632364	100.3429422	125.3429422	2127.803676	1.895	161.1319544	164.349006	1971.464194	1.895	161.1319544	-78.9661273	159.0308646	-81.91182893	159.621347	157.5399549	130.1847707	2129.929486	1.895	148.9233546	2132.840481	1.895
36	20.102272933873	37.78651441	-122.4725449	22.00721218	100.5649505	125.5649505	2126.162788	1.895	19.04530704	128.3420997	2107.321048	1.895	19.04530704	-60.41825337	18.79696462	-59.99086837	18.25284463	18.01483557	131.0678715	2130.316956	1.895	149.8117659	2133.229998	1.895
28	20.107862328051	37.78651441	-122.4725449	22.00721218	100.5649505	125.5649505	2126.162788	1.895	103.4232912	149.4345125	2025.531673	1.895	103.4232912	-75.11486088	102.074697	-71.83197628	101.8086359	100.4810961	125.1354048	2127.699372	1.895	143.8927502	2130.618648	1.895
18	20.108829149324	37.78651441	-122.4725449	22.00721218	100.5649505	125.5649505	2126.162788	1.895	189.8206407	177.0872069	1943.468144	1.895	189.8206407	-80.3893625	187.3454631	-78.22164475	188.3032385	185.8478471	122.0911828	2126.302691	1.895	140.94323	2129.265305	1.895
14	20.111459841742	37.78651441	-122.4725449	22.00721218	100.5649505	125.5649505	2126.162788	1.895	242.2723272	202.333252	1896.374824	1.895	242.2723272	-82.50857002	239.1132027	-77.67627981	240.5153661	237.3791516	119.7692274	2125.161177	1.895	138.6867706	2128.156181	1.895
20	20.118209979776	37.78651441	-122.4725449	22.00721218	100.5649505	125.5649505	2126.162788	1.895	182.8809384	177.2843528	1950.747449	1.895	182.8809384	-80.06586263	180.4962515	-78.69565297	181.0889333	178.7276133	117.6133077	2124.157244	1.895	136.5930945	2127.181438	1.895
40	20.11951545648	37.78651441	-122.4725449	22.00721218	100.5649505	125.5649505	2126.162788	1.895	16.62157833	120.2223712	2141.902347	1.895	16.62157833	-59.23593901	16.40484026	-58.74645713	16.62157833	16.40484026	123.2986663	2126.739279	1.895	143.5715168	2130.37666	1.895
10	20.118046723364	37.78651441	-122.4725449	22.00721218	100.5649505	125.5649505	2126.162788	1.895	281.7887522	222.6123005	1861.612768	1.895	281.7887522	-83.82096688	278.1143509	-78.58602406	279.9431596	276.292824	123.681225	2126.750856	1.895	143.9521541	2130.390879	1.895
34	20.123465893196	37.78651441	-122.4725449	22.00721218	100.5649505	125.5649505	2126.162788	1.895	40.6555113	132.2614851	2086.062576	1.895	40.6555113	-67.00488235	40.12538132	-64.84074753	39.29572812	38.78332912	123.4218769	2126.651678	1.895	143.6960943	2130.292967	1.895
0	20.129642230819	37.78651441	-122.4725449	22.00721218	100.5649505	125.5649505	2126.162788	1.895	380.6367697	275.8331671	1776.443166	1.895	380.6367697	-86.43270858	375.6734338	-81.74355427	378.5872679	373.6506565	128.6122283	2128.326969	1.895	148.8217507	2131.948351	1.895
24	20.129691148351	37.78651441	-122.4725449	22.00721218	100.5649505	125.5649505	2126.162788	1.895	135.861222	155.8288357	1993.71518	1.895	135.861222	-77.48440413	134.0896514	-86.0180927	134.3049462	132.5536688	127.1069185	2127.741832	1.895	147.3443965	2131.374049	1.895
6	20.133742367255	37.78651441	-122.4725449	22.00721218	100.5649505	125.5649505	2126.162788	1.895	321.3916764	242.7497007	1826.896445	1.895	321.3916764	-84.9631863	317.2008704	-79.79970706	319.4471385	315.2816884	128.8638772	2128.222299	1.895	149.0770394	2131.849154	1.895
26	20.135028867912	37.78651441	-122.4725449	22.00721218	100.5649505	125.5649505	2126.162788	1.895	111.1953826	148.4051007	2017.338431	1.895	111.1953826	-75.74422887	109.7454437	-73.95356511	109.9701877	108.5362249	127.6864336	2127.767527	1.895	147.9182669	2131.401589	1.895
12	20.137873542123	37.78651441	-122.4725449	22.00721218	100.5649505	125.5649505	2126.162788	1.895	261.700423	215.5224231	1880.409325	1.895	261.700423	-83.1785823	258.2879647	-78.06219129	259.8758293	256.4871628	127.9750393	2127.763585	1.895	148.1984642	2131.397835	1.895
4	20.143255128199	37.78651441	-122.4725449	22.00721218	100.5649505	125.5649505	2126.162788	1.895	340.9910255	255.7790189	1811.013338	1.895	340.9910255	-85.47735278	336.5446526	-80.43857837	338.9961199	334.5757596	131.1578167	2128.749464	1.895	151.3290876	2132.3683	1.895
30	20.14463244495	37.78651441	-122.4725449	22.00721218	100.5649505	125.5649505	2126.162788	1.895	79.00862398	144.3252248	2049.41375	1.895	79.00862398	-72.77598377	77.9783863	-72.51078471	77.49857952	76.48803215	130.6473951	2128.54975	1.895	150.8314036	2132.173642	1.895
16	20.145275815576	37.78651441	-122.4725449	22.00721218	100.5649505	125.5649505	2126.162788	1.895	215.7560141	189.1099964	1919.976744	1.895	215.7560141	-81.50175201	212.9426506	-77.51247879	214.1082824	211.3164046	129.3287902	2127.989573	1.895	149.5599426	2131.633197	1.895
2	20.147857757716	37.78651441	-122.4725449	22.00721218	100.5649505	125.5649505	2126.162788	1.895	361.1420105	262.9023556	1792.153822	1.895	361.1420105	-85.97605403	356.4328777	-81.10243342	359.1433107	354.46024	132.6979541	2129.02339	1.895	152.8907003	2132.656545	1.895
22	20.148650977912	37.78651441	-122.4725449	22.00721218	100.5649505	125.5649505	2126.162788	1.895	161.4417811	165.1226449	1969.642382	1.895	161.4417811	-78.98281261	159.3366513	-81.83661194	159.786841	157.703291	131.0421898	2128.370865	1.895	151.2818735	2132.022422	1.895
36	20.202272933873	37.78652926	-122.4725423	23.6560632	100.7880362	125.7880362	2124.513937	1.895	19.1881517	128.6184064	2105.535682	1.895	19.1881517	-60.48315667	18.93794665	-60.32731488	18.33078688	18.09176149	129.3749069	2127.744262	1.895	149.6151433	2131.395774	1.895
28	20.207862328051	37.78652926	-122.4725423	23.6560632	100.7880362	125.7880362	2124.513937	1.895	103.7609074	149.9975945	2023.616845	1.895	103.7609074	-75.14316902	102.4079108	-71.908325	101.9713252	100.641664	126.4597599	2126.638675	1.895	146.7128422	2130.295334	1.895
18	20.208829149324	37.78652926	-122.4725423	23.6560632	100.7880362	125.7880362	2124.513937	1.895	190.0983239	177.9485735	1941.711718	1.895	190.0983239	-80.40205956	187.6195254	-78.20606451	188.4528289	185.995487	124.8657599	2125.991554	1.895	145.1696044	2129.668671	1.895
14	20.211459841742	37.78652926	-122.4725423	23.6560632	100.7880362	125.7880362	2124.513937	1.895	242.6035455	203.3545239	1894.644582	1.895	242.6035455	-82.52043667	239.440102	-77.68144871	240.6893811	237.5508975	124.1709805	2125.63959	1.895	144.5033086	2129.330227	1.895
20	20.218209979776	37.78652926	-122.4725423	23.6560632	100.7880362	125.7880362	2124.513937	1.895	183.2233836	178.136636	1948.927968	1.895	183.2233836	-80.08211178	180.8342314	-78.66804802	181.2668042	178.9031648	122.9092954	2125.118736	1.895	143.2769277	2128.824091	1.895
40	20.21951545648	37.78652926	-122.4725423	23.6560632	100.7880362	125.7880362	2124.513937	1.895	16.2815152	120.4595834	2139.898843	1.895	16.2815152	-59.05639018	16.0692114	-58.38689622	16.45154676	16.23702583	125.0642777	2125.83183	1.895	145.4924546	2129.569267	1.895
10	20.218046723364	37.78652926	-122.4725423	23.6560632	100.7880362	125.7880362	2124.513937	1.895	282.1352194	223.6161182	1859.882215	1.895	282.1352194	-83.83163987	278.4563003	-78.59581306	280.1258313	276.4731137	125.4624398	2125.849162	1.895	145.8882643	2129.589094	1.895
34	20.223465893196	37.78652926	-122.4725423	23.6560632	100.7880362	125.7880362	2124.513937	1.895	40.91327826	132.6333765	2084.177382	1.895	40.91327826	-67.05977939	40.37978712	-64.95350026	39.43052397	38.91636729	125.1922243	2125.7451	1.895	145.6209905	2129.486171	1.895
0	20.229642230819	37.78652926	-122.4725423	23.6560632	100.7880362	125.7880362	2124.513937	1.895	381.0221926	276.8378149	1774.711313	1.895	381.0221926	-86.44149924	376.0538309	-81.75618091	378.7901783	373.8509211	130.4386052	2127.454089	1.895	150.8017597	2131.174757	1.895
24	20.229691148351	37.78652926	-122.4725423	23.6560632	100.7880362	125.7880362	2124.513937	1.895	136.1379022	156.4853176	1991.882095	1.895	136.1379022	-77.50207489	134.3627239	-86.16950274	134.4576925	132.7044234	128.908973	2126.855284	1.895	149.305501	2130.58897	1.895
6	20.233742367255	37.78652926	-122.4725423	23.6560632	100.7880362	125.7880362	2124.513937	1.895	321.7606398	243.757305	1825.159363	1.895	321.7606398	-84.97315214	317.5650227	-79.81160621	319.6399303	315.4719662	130.6913808	2127.348812	1.895	151.0631431	2131.076921	1.895
26	20.235028867912	37.78652926	-122.4725423	23.6560632	100.7880362	125.7880362	2124.513937	1.895	111.4248938	148.9473622	2015.522412	1.895	111.4248938	-75.76213838	109.9719623	-74.02759676	110.0914132	108.6558697	129.4837225	2126.879168	1.895	149.8739843	2130.614465	1.895
12	20.237873542123	37.78652926	-122.4725423	23.6560632	100.7880362	125.7880362	2124.513937	1.895	262.0489837	216.5275857	1878.676584	1.895	262.0489837	-83.1901434	258.6319803	-78.07039619	260.0569255	256.6658976	129.7938853	2126.883062	1.895	150.1749928	2130.618265	1.895
