31	19.103613631683	37.80405829	-122.4720627	1968.728966	132.0367638	157.0367638	179.4410342	1.895	62.09925578	202.6302558	221.6020476	1.895	62.09925578	-70.68422171	61.28950882	-69.63785914	62.09925578	61.28950882	0	0	0	0	0	0
21	19.1018298476	37.80405829	-122.4720627	1968.728966	132.0367638	157.0367638	179.4410342	1.895	139.3869934	266.3496385	265.9247284	1.895	139.3869934	-77.70693881	137.5694484	-87.55342952	139.3869934	137.5694484	0	0	0	0	0	0
35	19.102285812621	37.80405829	-122.4720627	1968.728966	132.0367638	157.0367638	179.4410342	1.895	31.56448599	181.4837267	199.4075758	1.895	31.56448599	-64.80646823	31.15289899	-63.18096688	31.56448599	31.15289899	0	0	0	0	0	0
15	19.106986507459	37.80405829	-122.4720627	1968.728966	132.0367638	157.0367638	179.4410342	1.895	187.4884305	309.8135759	288.1201823	1.895	187.4884305	-80.28198327	185.0436639	-78.36211111	187.4884305	185.0436639	155.0008943	182.8728856	1.895	162.7950499	176.5466094	1.895
27	19.1114122489	37.80405829	-122.4720627	1968.728966	132.0367638	157.0367638	179.4410342	1.895	93.06404479	227.5277512	240.202347	1.895	93.06404479	-74.19813228	91.8505306	-70.30427582	93.06404479	91.8505306	156.9874015	179.9389558	1.895	165.1269989	173.108397	1.895
29	19.118052193243	37.80405829	-122.4720627	1968.728966	132.0367638	157.0367638	179.4410342	1.895	78.41445981	217.7876013	229.0209016	1.895	78.41445981	-72.7104169	77.39196977	-72.81056121	78.41445981	77.39196977	152.6292593	185.9711997	1.895	160.0973147	180.4632423	1.895
7	19.119802985189	37.80405829	-122.4720627	1968.728966	132.0367638	157.0367638	179.4410342	1.895	249.238668	356.5197074	328.8614775	1.895	249.238668	-82.75480224	245.9887055	-77.79650557	249.238668	245.9887055	157.6511653	178.8456616	1.895	161.1782566	181.0218054	1.895
1	19.121182739839	37.80405829	-122.4720627	1968.728966	132.0367638	157.0367638	179.4410342	1.895	291.7533585	377.3764312	370.6750614	1.895	291.7533585	-84.12281108	287.9490231	-78.87517673	291.7533585	287.9490231	156.3665355	180.3035498	1.895	154.5636946	189.4432519	1.895
19	19.120237885194	37.80405829	-122.4720627	1968.728966	132.0367638	157.0367638	179.4410342	1.895	156.4028666	282.8531251	272.3501291	1.895	156.4028666	-78.70738798	154.3634421	-83.22109763	156.4028666	154.3634421	157.2484283	179.3506106	1.895	153.2311115	191.0644993	1.895
5	19.128797324758	37.80405829	-122.4720627	1968.728966	132.0367638	157.0367638	179.4410342	1.895	254.825388	357.7227217	336.479643	1.895	254.825388	-82.94734768	251.5025771	-77.90850405	254.825388	251.5025771	157.0482544	179.4799255	1.895	155.7775778	188.1266547	1.895
9	19.131111553067	37.80405829	-122.4720627	1968.728966	132.0367638	157.0367638	179.4410342	1.895	226.6520787	341.3234442	311.3864177	1.895	226.6520787	-81.92968793	223.6966354	-77.51006286	226.6520787	223.6966354	156.9100714	179.7719685	1.895	157.0292048	186.5757181	1.895
37	19.130545172829	37.80405829	-122.4720627	1968.728966	132.0367638	157.0367638	179.4410342	1.895	14.41311548	169.0636945	187.3840082	1.895	14.41311548	-57.99765113	14.2251748	-57.54589075	14.41311548	14.2251748	156.9856289	179.5105618	1.895	156.4337515	185.3883891	1.895
23	19.132710979809	37.80405829	-122.4720627	1968.728966	132.0367638	157.0367638	179.4410342	1.895	125.209704	256.416055	255.606817	1.895	125.209704	-76.77525358	123.5770246	-79.78866634	125.209704	123.5770246	156.9068498	179.7045152	1.895	154.7149358	189.2779552	1.895
11	19.138561273145	37.80405829	-122.4720627	1968.728966	132.0367638	157.0367638	179.4410342	1.895	216.6957464	332.0440559	307.2279435	1.895	216.6957464	-81.53950153	213.8701292	-77.50733797	216.6957464	213.8701292	157.2479762	179.3665915	1.895	156.3362579	186.961165	1.895
3	19.139957928192	37.80405829	-122.4720627	1968.728966	132.0367638	157.0367638	179.4410342	1.895	276.164946	368.7330967	356.7874186	1.895	276.164946	-83.64586485	272.5638767	-78.43022506	276.164946	272.5638767	156.9693879	179.5529785	1.895	154.9965408	188.6768851	1.895
17	19.144997126679	37.80405829	-122.4720627	1968.728966	132.0367638	157.0367638	179.4410342	1.895	170.228172	292.8235815	282.1034454	1.895	170.228172	-79.44312251	168.0084716	-80.13417126	170.228172	168.0084716	157.0687705	179.4961325	1.895	152.972917	191.0388374	1.895
25	19.143903970427	37.80405829	-122.4720627	1968.728966	132.0367638	157.0367638	179.4410342	1.895	103.3519869	238.0438465	243.6242545	1.895	103.3519869	-75.10887041	102.0043225	-71.81604223	103.3519869	102.0043225	157.0786728	179.4429686	1.895	156.6573318	187.0478281	1.895
33	19.143721218	37.80405829	-122.4720627	1968.728966	132.0367638	157.0367638	179.4410342	1.895	42.63101524	187.626351	209.1341414	1.895	42.63101524	-67.41700731	42.07512556	-66.37270611	42.63101524	42.07512556	156.9924787	179.5010508	1.895	154.5431996	188.8571339	1.895
13	19.147984782106	37.80405829	-122.4720627	1968.728966	132.0367638	157.0367638	179.4410342	1.895	193.8084824	313.377734	293.9802365	1.895	193.8084824	-80.56994942	191.281305	-78.01931946	193.8084824	191.281305	156.9783958	179.6313696	1.895	154.1083173	189.6570156	1.895
31	19.203613631683	37.804048	-122.4720506	1967.593398	133.1065886	158.1065886	180.5766024	1.895	62.08930039	203.8364252	222.5749747	1.895	62.08930039	-70.68282913	61.27968324	-69.62996898	62.09427809	61.28459603	156.4604242	180.1143871	1.895	153.6220897	190.1064811	1.895
21	19.2018298476	37.804048	-122.4720506	1967.593398	133.1065886	158.1065886	180.5766024	1.895	139.3949476	267.6601525	266.7680641	1.895	139.3949476	-77.70743446	137.5772988	-87.55562748	139.3909705	137.5733736	155.9113231	180.7421701	1.895	153.0845831	190.7195855	1.895
35	19.202285812621	37.804048	-122.4720506	1967.593398	133.1065886	158.1065886	180.5766024	1.895	31.5781807	182.6384515	200.4604953	1.895	31.5781807	-64.81023591	31.16641512	-63.18921619	31.57133335	31.15965705	155.8290558	180.7707514	1.895	153.0087456	190.7529503	1.895
15	19.206986507459	37.804048	-122.4720506	1967.593398	133.1065886	158.1065886	180.5766024	1.895	187.5203027	311.1752218	288.8995337	1.895	187.5203027	-80.28345971	185.0751204	-78.36007146	187.5043666	185.0593921	156.2207854	180.2237318	1.895	153.3970583	190.211041	1.895
27	19.2114122489	37.804048	-122.4720506	1967.593398	133.1065886	158.1065886	180.5766024	1.895	93.06390313	228.7974966	241.1049891	1.895	93.06390313	-74.19811906	91.85039079	-70.30426753	93.06397396	91.85046069	155.6054995	180.9101788	1.895	152.8028212	190.8731608	1.895
29	19.218052193243	37.804048	-122.4720506	1967.593398	133.1065886	158.1065886	180.5766024	1.895	78.42386274	219.0378671	229.9494852	1.895	78.42386274	-72.71145839	77.40125009	-72.80562333	78.41916128	77.39660993	155.274701	181.2144192	1.895	152.4872839	191.1629583	1.895
7	19.219802985189	37.804048	-122.4720506	1967.593398	133.1065886	158.1065886	180.5766024	1.895	249.2081357	357.479563	330.0928624	1.895	249.2081357	-82.75373813	245.9585713	-77.7959291	249.2234019	245.9736384	154.8134994	182.067528	1.895	152.0188412	192.0215852	1.895
1	19.221182739839	37.804048	-122.4720506	1967.593398	133.1065886	158.1065886	180.5766024	1.895	291.5479335	377.8801569	372.148459	1.895	291.5479335	-84.11669315	287.7462768	-78.86907039	291.650646	287.8476499	149.7329634	189.4200659	1.895	147.0910117	199.1522785	1.895
19	19.220237885194	37.804048	-122.4720506	1967.593398	133.1065886	158.1065886	180.5766024	1.895	156.4209099	284.178308	273.1693809	1.895	156.4209099	-78.70838996	154.3812501	-83.21548847	156.4118883	154.3723461	149.6231321	189.4792328	1.895	146.9803842	199.2135158	1.895
5	19.228797324758	37.804048	-122.4720506	1967.593398	133.1065886	158.1065886	180.5766024	1.895	254.750954	358.5677853	337.781428	1.895	254.750954	-82.94481018	251.4291137	-77.90693095	254.788171	251.4658454	148.2091216	191.6447951	1.895	145.5915785	201.3387452	1.895
9	19.231111553067	37.804048	-122.4720506	1967.593398	133.1065886	158.1065886	180.5766024	1.895	226.6649388	342.449816	312.4650741	1.895	226.6649388	-81.93018075	223.7093277	-77.51012665	226.6585087	223.7029815	148.6510355	191.1680547	1.895	146.016571	200.8836534	1.895
37	19.230545172829	37.804048	-122.4720506	1967.593398	133.1065886	158.1065886	180.5766024	1.895	14.27591027	170.0372765	188.4162644	1.895	14.27591027	-57.91457	14.08975869	-57.71080026	14.34451288	14.15746674	148.6419371	191.1459378	1.895	145.9954222	200.8941769	1.895
23	19.232710979809	37.804048	-122.4720506	1967.593398	133.1065886	158.1065886	180.5766024	1.895	125.2267738	257.7294628	256.4516828	1.895	125.2267738	-76.77643764	123.5938718	-79.79760182	125.2182389	123.5854482	148.3146678	191.4542531	1.895	145.6725587	201.1988091	1.895
11	19.238561273145	37.804048	-122.4720506	1967.593398	133.1065886	158.1065886	180.5766024	1.895	216.7079095	333.2386617	308.2130981	1.895	216.7079095	-81.53998906	213.8821338	-77.5072782	216.701828	213.8761315	148.4051029	191.4155014	1.895	145.7598595	201.1633708	1.895
3	19.239957928192	37.804048	-122.4720506	1967.593398	133.1065886	158.1065886	180.5766024	1.895	275.9854776	369.3040881	358.2380785	1.895	275.9854776	-83.6402184	272.3867485	-78.42535493	276.0752118	272.4753126	145.0932372	196.2579069	1.895	142.5472384	205.8598323	1.895
17	19.244997126679	37.804048	-122.4720506	1967.593398	133.1065886	158.1065886	180.5766024	1.895	170.232549	294.1607775	282.8916963	1.895	170.232549	-79.44334585	168.0127915	-80.1334991	170.2303605	168.0106315	144.7525871	196.6583889	1.895	142.2076915	206.2589752	1.895
25	19.243903970427	37.804048	-122.4720506	1967.593398	133.1065886	158.1065886	180.5766024	1.895	103.3374498	239.2917437	244.510937	1.895	103.3374498	-75.10764859	101.9899749	-71.81280186	103.3447184	101.9971487	144.3674196	197.0315256	1.895	141.8341049	206.6204724	1.895
33	19.243721218	37.804048	-122.4720506	1967.593398	133.1065886	158.1065886	180.5766024	1.895	42.54158758	188.739193	210.0965994	1.895	42.54158758	-67.39876766	41.986864	-66.27189475	42.58630141	42.03099478	144.1325652	197.2475541	1.895	141.6224089	206.8157287	1.895
13	19.247984782106	37.804048	-122.4720506	1967.593398	133.1065886	158.1065886	180.5766024	1.895	193.814775	314.6648236	294.8293314	1.895	193.814775	-80.57023143	191.2875157	-78.01903482	193.8116287	191.2844104	158.1318318	180.6891345	1.895	155.3850342	190.535963	1.895
31	19.303613631683	37.80403777	-122.4720386	1966.464865	134.1697847	159.1697847	181.7051346	1.895	62.08902449	205.0420615	223.5474718	1.895	62.08902449	-70.68279053	61.27941093	-69.62975046	62.09252689	61.28286766	157.6359507	181.1415663	1.895	154.9191606	190.9571078	1.895
21	19.3018298476	37.80403777	-122.4720386	1966.464865	134.1697847	159.1697847	181.7051346	1.895	139.4130703	268.9746417	267.6056443	1.895	139.4130703	-77.70856364	137.5951852	-87.56060917	139.3983371	137.5806441	157.1332686	181.7062795	1.895	154.4269456	191.50865	1.895
35	19.302285812621	37.80403777	-122.4720386	1966.464865	134.1697847	159.1697847	181.7051346	1.895	31.59983689	183.817128	201.4803251	1.895	31.59983689	-64.81619062	31.18778892	-63.20262814	31.58083453	31.16903434	157.0461311	181.7418801	1.895	154.3482562	191.5455183	1.895
15	19.306986507459	37.80403777	-122.4720386	1966.464865	134.1697847	159.1697847	181.7051346	1.895	187.5606073	312.5349819	289.6778058	1.895	187.5606073	-80.28532641	185.1148996	-78.3574971	187.5231135	185.0778946	157.4181902	181.2223703	1.895	154.7170687	191.0308861	1.895
27	19.3114122489	37.80403777	-122.4720386	1966.464865	134.1697847	159.1697847	181.7051346	1.895	93.07497481	230.0677272	242.0079761	1.895	93.07497481	-74.19915235	91.8613181	-70.30491678	93.06764091	91.85407983	156.8407905	181.8575037	1.895	154.1594022	191.6434838	1.895
29	19.318052193243	37.80403777	-122.4720386	1966.464865	134.1697847	159.1697847	181.7051346	1.895	78.44354305	220.2879255	230.8779149	1.895	78.44354305	-72.71363783	77.42067377	-72.79530878	78.42728853	77.40463121	156.5236584	182.1437496	1.895	153.8568825	191.9161361	1.895
7	19.319802985189	37.80403777	-122.4720386	1966.464865	134.1697847	159.1697847	181.7051346	1.895	249.1591981	358.3551006	331.3898565	1.895	249.1591981	-82.75203229	245.9102719	-77.79500599	249.2020006	245.9525162	156.0072129	183.0691771	1.895	153.333909	192.8455043	1.895
1	19.321182739839	37.80403777	-122.4720386	1966.464865	134.1697847	159.1697847	181.7051346	1.895	291.3582365	378.3856589	373.6270523	1.895	291.3582365	-84.1110398	287.5590533	-78.86343649	291.5531762	287.7514511	151.1717311	190.0761757	1.895	148.6437285	199.64124	1.895
19	19.320237885194	37.80403777	-122.4720386	1966.464865	134.1697847	159.1697847	181.7051346	1.895	156.4513292	285.5238276	273.9638699	1.895	156.4513292	-78.71007894	154.4112727	-83.2060431	156.4250352	154.3853216	151.073367	190.1201896	1.895	148.5438547	199.688173	1.895
5	19.328797324758	37.80403777	-122.4720386	1966.464865	134.1697847	159.1697847	181.7051346	1.895	254.6881729	359.4138893	339.0848157	1.895	254.6881729	-82.94266936	251.3671512	-77.90560573	254.7548383	251.4329473	149.6817899	192.2509054	1.895	147.178465	201.7773439	1.895
9	19.331111553067	37.80403777	-122.4720386	1966.464865	134.1697847	159.1697847	181.7051346	1.895	226.6709976	343.5253407	313.5867866	1.895	226.6709976	-81.93041292	223.7153075	-77.51015675	226.6626717	223.7070902	150.0418885	191.8845713	1.895	147.5212921	201.4328596	1.895
37	19.330545172829	37.80403777	-122.4720386	1966.464865	134.1697847	159.1697847	181.7051346	1.895	14.16030837	171.0519953	189.4075631	1.895	14.16030837	-57.84394802	13.97566418	-57.90766977	14.28311137	14.09686589	150.0274751	191.8686004	1.895	147.5015835	201.439272	1.895
23	19.332710979809	37.80403777	-122.4720386	1966.464865	134.1697847	159.1697847	181.7051346	1.895	125.2608868	259.0482396	257.3000023	1.895	125.2608868	-76.77880344	123.62754	-79.81547367	125.2324549	123.5994788	149.7197633	192.1508222	1.895	147.1980118	201.7181572	1.895
11	19.338561273145	37.80403777	-122.4720386	1966.464865	134.1697847	159.1697847	181.7051346	1.895	216.7227548	334.3599725	309.2870713	1.895	216.7227548	-81.54058405	213.8967855	-77.50720547	216.7088036	213.8830162	149.7669898	192.1697886	1.895	147.2408752	201.7418216	1.895
3	19.339957928192	37.80403777	-122.4720386	1966.464865	134.1697847	159.1697847	181.7051346	1.895	275.8124645	369.8732927	359.6841988	1.895	275.8124645	-83.63477158	272.2159913	-78.42066627	275.9876294	272.3888722	146.5801699	196.8327126	1.895	144.1501177	206.2635274	1.895
17	19.344997126679	37.80403777	-122.4720386	1966.464865	134.1697847	159.1697847	181.7051346	1.895	170.2449519	295.4956985	283.6786061	1.895	170.2449519	-79.44397866	168.0250326	-80.13159523	170.2352243	168.0154319	146.272125	197.1888772	1.895	143.8430289	206.6185667	1.895
25	19.343903970427	37.80403777	-122.4720386	1966.464865	134.1697847	159.1697847	181.7051346	1.895	103.3328719	240.5392314	245.3973285	1.895	103.3328719	-75.1072638	101.9854567	-71.81178202	103.3407695	101.9932514	145.9047084	197.5383088	1.895	143.4866326	206.9571011	1.895
33	19.343721218	37.80403777	-122.4720386	1966.464865	134.1697847	159.1697847	181.7051346	1.895	42.4554182	189.8467668	211.054501	1.895	42.4554182	-67.38115627	41.90181824	-66.17738907	42.54267367	41.98793593	145.6768862	197.7450955	1.895	143.2812896	207.143949	1.895
13	19.347984782106	37.80403777	-122.4720386	1966.464865	134.1697847	159.1697847	181.7051346	1.895	193.8306477	315.9514238	295.6781035	1.895	193.8306477	-80.57094274	191.3031813	-78.01831728	193.8179684	191.2906673	159.2731625	181.748041	1.895	156.650043	191.4135948	1.895
31	19.403613631683	37.80402749	-122.4720265	1965.33023	135.2387304	160.2387304	182.8397697	1.895	62.08528942	206.250957	224.5225978	1.895	62.08528942	-70.682268	61.27572457	-69.62679307	62.09071752	61.28108189	158.7900689	182.179203	1.895	156.1956326	191.8152576	1.895
21	19.4018298476	37.80402749	-122.4720265	1965.33023	135.2387304	160.2387304	182.8397697	1.895	139.4239434	270.2992671	268.4301561	1.895	139.4239434	-77.70924104	137.6059166	-87.56358059	139.4047387	137.5869622	158.3305763	182.6836734	1.895	155.7455524	192.3079475	1.895
35	19.402285812621	37.80402749	-122.4720265	1965.33023	135.2387304	160.2387304	182.8397697	1.895	31.62412751	185.0034883	202.5068031	1.895	31.62412751	-64.82286485	31.21176281	-63.21820485	31.59165777	31.17971646	158.2398879	182.723566	1.895	155.6641528	192.3479466	1.895
15	19.406986507459	37.80402749	-122.4720265	1965.33023	135.2387304	160.2387304	182.8397697	1.895	187.5944739	313.8953156	290.4564062	1.895	187.5944739	-80.28689462	185.1483245	-78.3553382	187.5409536	185.0955021	158.5975737	182.2242866	1.895	156.0186567	191.8534582	1.895
27	19.4114122489	37.80402749	-122.4720265	1965.33023	135.2387304	160.2387304	182.8397697	1.895	93.06803649	231.3292184	242.9047505	1.895	93.06803649	-74.19850483	91.85447026	-70.30450962	93.0677398	91.85417744	158.047629	182.8204627	1.895	155.4873935	192.4285738	1.895
29	19.418052193243	37.80402749	-122.4720265	1965.33023	135.2387304	160.2387304	182.8397697	1.895	78.45904123	221.5405293	231.808235	1.895	78.45904123	-72.71535374	77.43596987	-72.78720551	78.43522671	77.41246587	157.7389423	183.094055	1.895	155.1928465	192.6892314	1.895
7	19.419802985189	37.80402749	-122.4720265	1965.33023	135.2387304	160.2387304	182.8397697	1.895	249.0888565	359.2048912	332.6987877	1.895	249.0888565	-82.74957978	245.8408474	-77.79368097	249.1737146	245.924599	157.1701215	184.09019	1.895	154.6209074	193.6844866	1.895
1	19.421182739839	37.80402749	-122.4720265	1965.33023	135.2387304	160.2387304	182.8397697	1.895	291.1665426	378.8930194	375.1110817	1.895	291.1665426	-84.10532319	287.3698591	-78.85774814	291.4565178	287.6560531	152.5117709	190.84837	1.895	150.101878	200.2399468	1.895
19	19.420237885194	37.80402749	-122.4720265	1965.33023	135.2387304	160.2387304	182.8397697	1.895	156.47907	286.8731037	274.760577	1.895	156.47907	-78.71161893	154.4386518	-83.19744159	156.4385439	154.3986542	152.4225943	190.8794522	1.895	150.011274	200.2738553	1.895
5	19.428797324758	37.80402749	-122.4720265	1965.33023	135.2387304	160.2387304	182.8397697	1.895	254.6149567	360.2585946	340.3860488	1.895	254.6149567	-82.94017203	251.2948897	-77.90406211	254.7198679	251.3984329	151.0414974	192.9940487	1.895	148.6573475	202.3456377	1.895
9	19.431111553067	37.80402749	-122.4720265	1965.33023	135.2387304	160.2387304	182.8397697	1.895	226.6641018	344.5789938	314.7309458	1.895	226.6641018	-81.93014868	223.7085017	-77.51012249	226.6630292	223.7074431	151.3319451	192.7230119	1.895	148.9320139	202.0942499	1.895
37	19.430545172829	37.80402749	-122.4720265	1965.33023	135.2387304	160.2387304	182.8397697	1.895	14.04587312	172.0805041	190.3935069	1.895	14.04587312	-57.77346862	13.86272112	-58.09601594	14.22380181	14.0383297	151.3140209	192.7114799	1.895	148.9117704	202.1007751	1.895
23	19.432710979809	37.80402749	-122.4720265	1965.33023	135.2387304	160.2387304	182.8397697	1.895	125.2772565	260.3580617	258.1425617	1.895	125.2772565	-76.77993848	123.6436962	-79.82405673	125.2436553	123.6105331	151.0204932	192.9733604	1.895	148.6222718	202.359509	1.895
11	19.438561273145	37.80402749	-122.4720265	1965.33023	135.2387304	160.2387304	182.8397697	1.895	216.7319575	335.4831555	310.3628376	1.895	216.7319575	-81.54095287	213.9058681	-77.50716052	216.714592	213.8887291	151.0324539	193.0404937	1.895	148.6311154	202.4296125	1.895
3	19.439957928192	37.80402749	-122.4720265	1965.33023	135.2387304	160.2387304	182.8397697	1.895	275.6291659	370.4412106	361.1270501	1.895	275.6291659	-83.62899722	272.0350828	-78.41570566	275.8980135	272.3004248	147.9316897	197.5810156	1.895	145.6238601	206.832686	1.895
17	19.444997126679	37.80402749	-122.4720265	1965.33023	135.2387304	160.2387304	182.8397697	1.895	170.2582068	296.8375418	284.4695965	1.895	170.2582068	-79.4446549	168.0381147	-80.12956189	170.2409699	168.0211026	147.6493555	197.9016003	1.895	145.3423948	207.1522863	1.895
25	19.443903970427	37.80402749	-122.4720265	1965.33023	135.2387304	160.2387304	182.8397697	1.895	103.3206105	241.7864792	246.2835496	1.895	103.3206105	-75.10623308	101.9733552	-71.80905182	103.3357298	101.9882774	147.2942064	198.233066	1.895	144.9978575	207.473436	1.895
33	19.443721218	37.80402749	-122.4720265	1965.33023	135.2387304	160.2387304	182.8397697	1.895	42.36648635	190.9581649	212.0157102	1.895	42.36648635	-67.36294275	41.81404601	-66.08259766	42.49862684	41.94446345	147.0705877	198.4332783	1.895	144.7962471	207.6543563	1.895
13	19.447984782106	37.80402749	-122.4720265	1965.33023	135.2387304	160.2387304	182.8397697	1.895	193.8467119	317.2445141	296.5311571	1.895	193.8467119	-80.57166258	191.3190361	-78.01759176	193.8251542	191.2977595	160.4284017	182.8039868	1.895	157.9318195	192.2843617	1.895
31	19.503613631683	37.80401726	-122.4720145	1964.201325	136.3022784	161.3022784	183.9686754	1.895	62.08487144	207.475588	225.4723709	1.895	62.08487144	-70.68220952	61.27531204	-69.62646221	62.0895483	61.27992792	159.9518914	183.2181855	1.895	157.481191	192.6725219	1.895
21	19.5018298476	37.80401726	-122.4720145	1964.201325	136.3022784	161.3022784	183.9686754	1.895	139.4384665	271.619385	269.2518621	1.895	139.4384665	-77.71014576	137.6202502	-87.56752898	139.4114842	137.5936198	159.5239792	183.6797202	1.895	157.0619305	193.12334	1.895
35	19.502285812621	37.80401726	-122.4720145	1964.201325	136.3022784	161.3022784	183.9686754	1.895	31.64572717	186.1813227	203.5259043	1.895	31.64572717	-64.82879539	31.23308082	-63.23252783	31.60247165	31.19038933	159.4311951	183.7228127	1.895	156.9790303	193.1655476	1.895
15	19.506986507459	37.80401726	-122.4720145	1964.201325	136.3022784	161.3022784	183.9686754	1.895	187.6344891	315.2377297	291.2560387	1.895	187.6344891	-80.28874718	185.1878179	-78.35279231	187.5596607	185.1139653	159.7686163	183.2518336	1.895	157.3129621	192.6997844	1.895
27	19.5114122489	37.80401726	-122.4720145	1964.201325	136.3022784	161.3022784	183.9686754	1.895	93.07012487	232.5908759	243.801643	1.895	93.07012487	-74.19869973	91.85653141	-70.30463207	93.06821682	91.85464823	159.2489294	183.8068796	1.895	156.810896	193.235218	1.895
29	19.518052193243	37.80401726	-122.4720145	1964.201325	136.3022784	161.3022784	183.9686754	1.895	78.48647973	222.7956973	232.7404596	1.895	78.48647973	-72.71839081	77.46305058	-72.77290114	78.44547731	77.42258281	158.9510683	184.0661174	1.895	156.5266587	193.4821981	1.895
7	19.519802985189	37.80401726	-122.4720145	1964.201325	136.3022784	161.3022784	183.9686754	1.895	249.0272346	360.055067	334.0083122	1.895	249.0272346	-82.74743072	245.7800291	-77.79252198	249.1444186	245.895685	158.3451906	185.1096009	1.895	155.9209398	194.5204101	1.895
1	19.521182739839	37.80401726	-122.4720145	1964.201325	136.3022784	161.3022784	183.9686754	1.895	290.9057462	379.259738	376.6360025	1.895	290.9057462	-84.0975398	287.1124633	-78.85001708	291.3463635	287.5473351	153.9057435	191.5567405	1.895	151.6257889	200.7573876	1.895
19	19.520237885194	37.80401726	-122.4720145	1964.201325	136.3022784	161.3022784	183.9686754	1.895	156.5110608	288.21831	275.5548811	1.895	156.5110608	-78.7133945	154.4702255	-83.18753673	156.4530473	154.4129684	153.8252725	191.5764751	1.895	151.5439737	200.7798389	1.895
5	19.528797324758	37.80401726	-122.4720145	1964.201325	136.3022784	161.3022784	183.9686754	1.895	254.5525421	361.1048692	341.6896993	1.895	254.5525421	-82.93804257	251.2332889	-77.90274781	254.6864027	251.3654041	152.4773249	193.6414752	1.895	150.2232369	202.8021243	1.895
9	19.531111553067	37.80401726	-122.4720145	1964.201325	136.3022784	161.3022784	183.9686754	1.895	226.6697407	345.6359751	315.8787191	1.895	226.6697407	-81.93036476	223.7140671	-77.5101505	226.6643715	223.7087679	152.704566	193.4556475	1.895	150.4373543	202.6323182	1.895
37	19.530545172829	37.80401726	-122.4720145	1964.201325	136.3022784	161.3022784	183.9686754	1.895	13.94863642	173.115512	191.3856808	1.895	13.94863642	-57.71312889	13.76675234	-58.20050268	14.16876873	13.98401422	152.6842833	193.4476632	1.895	150.4166664	202.6397298	1.895
23	19.532710979809	37.80401726	-122.4720145	1964.201325	136.3022784	161.3022784	183.9686754	1.895	125.3042151	261.6693118	258.9860396	1.895	125.3042151	-76.78180741	123.6703033	-79.83820182	125.2557673	123.6224872	152.4070041	193.6878228	1.895	150.143212	202.8770152	1.895
11	19.538561273145	37.80401726	-122.4720145	1964.201325	136.3022784	161.3022784	183.9686754	1.895	216.743195	336.6021628	311.4346045	1.895	216.743195	-81.54140322	213.9169591	-77.50710576	216.7203126	213.8943751	152.3889418	193.7949765	1.895	150.1231104	202.985665	1.895
3	19.539957928192	37.80401726	-122.4720145	1964.201325	136.3022784	161.3022784	183.9686754	1.895	275.461373	371.0118469	362.5768076	1.895	275.461373	-83.62370796	271.869478	-78.41117083	275.8106854	272.2142355	149.4156682	198.1533568	1.895	147.2392147	207.2126092	1.895
17	19.544997126679	37.80401726	-122.4720145	1964.201325	136.3022784	161.3022784	183.9686754	1.895	170.2817517	298.1831378	285.2578915	1.895	170.2817517	-79.44585598	168.0613526	-80.12595337	170.2491263	168.0291526	149.1600371	198.4377015	1.895	146.9842172	207.4962918	1.895
25	19.543903970427	37.80401726	-122.4720145	1964.201325	136.3022784	161.3022784	183.9686754	1.895	103.3108758	243.0726123	247.1093878	1.895	103.3108758	-75.10541467	101.9637474	-71.80688563	103.330759	101.9833714	148.8187693	198.7493217	1.895	146.6500764	207.8017255	1.895
33	19.543721218	37.80401726	-122.4720145	1964.201325	136.3022784	161.3022784	183.9686754	1.895	42.29274816	192.0746877	212.9813515	1.895	42.29274816	-67.34781193	41.74126934	-66.00613835	42.45745111	41.90382463	148.6016809	198.9408302	1.895	146.4544609	207.9746561	1.895
13	19.547984782106	37.80401726	-122.4720145	1964.201325	136.3022784	161.3022784	183.9686754	1.895	193.86644	318.5336509	297.3816026	1.895	193.86644	-80.57254651	191.3385069	-78.01670168	193.8334114	191.305909	161.3008873	183.9972805	1.895	158.9458248	193.2743531	1.895
31	19.603613631683	37.80400701	-122.4720025	1963.069972	137.3681314	162.3681314	185.1000278	1.895	62.08651704	208.7253782	226.4006484	1.895	62.08651704	-70.68243975	61.27693618	-69.62776492	62.08904309	61.2794293	161.0802445	184.2763137	1.895	158.7422835	193.5357476	1.895
21	19.6018298476	37.80400701	-122.4720025	1963.069972	137.3681314	162.3681314	185.1000278	1.895	139.4558384	272.9437855	270.0762338	1.895	139.4558384	-77.71122782	137.6373956	-87.57222112	139.4188766	137.6009158	160.4240089	185.0507629	1.895	158.0813098	194.3178913	1.895
35	19.602285812621	37.80400701	-122.4720025	1963.069972	137.3681314	162.3681314	185.1000278	1.895	31.67483073	187.3667653	204.5515883	1.895	31.67483073	-64.83677986	31.26180488	-63.25252649	31.6145315	31.20229192	160.3289173	185.0967271	1.895	157.9967326	194.362094	1.895
15	19.606986507459	37.80400701	-122.4720025	1963.069972	137.3681314	162.3681314	185.1000278	1.895	187.6709118	316.5380779	292.1140397	1.895	187.6709118	-80.29043308	185.2237657	-78.35047967	187.5782025	185.1322653	160.6420558	184.6593952	1.895	158.3054467	193.9312669	1.895
27	19.6114122489	37.80400701	-122.4720025	1963.069972	137.3681314	162.3681314	185.1000278	1.895	93.07533655	233.856997	244.7017087	1.895	93.07533655	-74.19918611	91.86167512	-70.30493804	93.06940344	91.85581938	160.1463723	185.1806115	1.895	157.8265097	194.4340926	1.895
29	19.618052193243	37.80400701	-122.4720025	1963.069972	137.3681314	162.3681314	185.1000278	1.895	78.51539487	224.0539577	233.6749809	1.895	78.51539487	-72.72159019	77.49158868	-72.75788484	78.45713024	77.43408379	159.8563853	185.4283591	1.895	157.5497215	194.6701637	1.895
7	19.619802985189	37.80400701	-122.4720025	1963.069972	137.3681314	162.3681314	185.1000278	1.895	248.9646689	360.9064427	335.3196848	1.895	248.9646689	-82.7452482	245.7182792	-77.79134696	249.1144603	245.8661174	159.2194326	186.5123094	1.895	156.9157012	195.7451053	1.895
1	19.621182739839	37.80400701	-122.4720025	1963.069972	137.3681314	162.3681314	185.1000278	1.895	290.6378779	379.6181881	378.1616474	1.895	290.6378779	-84.08953808	286.8480879	-78.84208589	291.2282825	287.4307939	154.9478867	192.7208964	1.895	152.7832589	201.7510355	1.895
19	19.620237885194	37.80400701	-122.4720025	1963.069972	137.3681314	162.3681314	185.1000278	1.895	156.5356802	289.558945	276.3464859	1.895	156.5356802	-78.7147607	154.4945238	-83.17992472	156.4668194	154.426561	155.1297197	192.3810174	1.895	152.9758107	201.3973604	1.895
5	19.628797324758	37.80400701	-122.4720025	1963.069972	137.3681314	162.3681314	185.1000278	1.895	254.4692167	361.9006063	343.0284095	1.895	254.4692167	-82.93519886	251.1510501	-77.90099548	254.6502051	251.3296785	153.8032352	194.4134759	1.895	151.6777711	203.3851995	1.895
9	19.631111553067	37.80400701	-122.4720025	1963.069972	137.3681314	162.3681314	185.1000278	1.895	226.6648338	346.6879404	317.0210455	1.895	226.6648338	-81.93017673	223.7092241	-77.51012613	226.6644486	223.7088439	153.9777277	194.2993846	1.895	151.8414201	203.2839903	1.895
37	19.630545172829	37.80400701	-122.4720025	1963.069972	137.3681314	162.3681314	185.1000278	1.895	13.84504257	174.1476878	192.3751399	1.895	13.84504257	-57.64837971	13.6645093	-58.21150697	14.11481437	13.9307634	153.9551366	194.2945462	1.895	151.8201226	203.2920696	1.895
23	19.632710979809	37.80400701	-122.4720025	1963.069972	137.3681314	162.3681314	185.1000278	1.895	125.3390976	262.9890749	259.8349936	1.895	125.3390976	-76.78422507	123.7047309	-79.85652276	125.2696556	123.6361945	153.6903483	194.5170968	1.895	151.5590076	203.511964	1.895
11	19.638561273145	37.80400701	-122.4720025	1963.069972	137.3681314	162.3681314	185.1000278	1.895	216.7584784	337.7265056	312.5114816	1.895	216.7584784	-81.54201568	213.9320433	-77.50703152	216.7266736	213.9006532	153.6468188	194.6586277	1.895	151.5143253	203.6537731	1.895
3	19.639957928192	37.80400701	-122.4720025	1963.069972	137.3681314	162.3681314	185.1000278	1.895	275.2889476	371.5814692	364.0239891	1.895	275.2889476	-83.61826931	271.6993008	-78.40651695	275.7237291	272.128413	150.7741633	198.8738136	1.895	148.7274304	207.7427804	1.895
17	19.644997126679	37.80400701	-122.4720025	1963.069972	137.3681314	162.3681314	185.1000278	1.895	170.2960263	299.5316463	286.0302352	1.895	170.2960263	-79.44658409	168.0754411	-80.12376772	170.2569429	168.0368673	150.5413491	199.1267481	1.895	148.4948505	207.9955929	1.895
25	19.643903970427	37.80400701	-122.4720025	1963.069972	137.3681314	162.3681314	185.1000278	1.895	103.3035406	244.3659825	247.9329325	1.895	103.3035406	-75.10479794	101.9565079	-71.80525422	103.3262226	101.9788941	150.2157886	199.4162019	1.895	148.1759088	208.2795334	1.895
33	19.643721218	37.80400701	-122.4720025	1963.069972	137.3681314	162.3681314	185.1000278	1.895	42.20495711	193.1826818	213.9396167	1.895	42.20495711	-67.32976307	41.65462305	-65.91766111	42.41536877	41.86229103	150.0032475	199.6009219	1.895	147.9841765	208.4464883	1.895
13	19.647984782106	37.80400701	-122.4720025	1963.069972	137.3681314	162.3681314	185.1000278	1.895	193.8872243	319.8258748	298.2340846	1.895	193.8872243	-80.57347767	191.3590202	-78.01576504	193.8423802	191.3147609	162.4158618	185.0810368	1.895	160.1943167	194.1622587	1.895
31	19.703613631683	37.80399679	-122.4719905	1961.94152	138.4312524	163.4312524	186.2284802	1.895	62.08644799	209.9696166	227.3248023	1.895	62.08644799	-70.68243009	61.27686803	-69.62771026	62.08867236	61.2790634	162.2118787	185.3405491	1.895	160.0066076	194.4052978	1.895
21	19.7018298476	37.80399679	-122.4719905	1961.94152	138.4312524	163.4312524	186.2284802	1.895	139.468568	274.2598906	270.8954421	1.895	139.468568	-77.71202064	137.6499593	-87.57563804	139.4259754	137.607922	161.5984231	186.0562037	1.895	159.3890087	195.1278557	1.895
35	19.702285812621	37.80399679	-122.4719905	1961.94152	138.4312524	163.4312524	186.2284802	1.895	31.70013229	188.54576	205.5716934	1.895	31.70013229	-64.84371529	31.28677651	-63.27056267	31.62676018	31.21436115	161.5018605	186.1042382	1.895	159.3033629	195.1734278	1.895
15	19.706986507459	37.80399679	-122.4719905	1961.94152	138.4312524	163.4312524	186.2284802	1.895	187.7185354	317.8439534	292.9756877	1.895	187.7185354	-80.29263695	185.2707683	-78.34746256	187.5982501	185.1520515	161.7908914	185.7002866	1.895	159.588322	194.7754815	1.895
27	19.7114122489	37.80399679	-122.4719905	1961.94152	138.4312524	163.4312524	186.2284802	1.895	93.08621519	235.1236966	245.6021857	1.895	93.08621519	-74.20020125	91.87241191	-70.3055785	93.07180512	91.85818974	161.3205	186.1867817	1.895	159.1337789	195.2448217	1.895
29	19.718052193243	37.80399679	-122.4719905	1961.94152	138.4312524	163.4312524	186.2284802	1.895	78.54982598	225.3286041	234.5895495	1.895	78.54982598	-72.72539835	77.52557082	-72.74008131	78.47037249	77.44715337	161.0397715	186.4218701	1.895	158.8649362	195.4697345	1.895
7	19.719802985189	37.80399679	-122.4719905	1961.94152	138.4312524	163.4312524	186.2284802	1.895	248.9001501	361.7542399	336.6255457	1.895	248.9001501	-82.74299697	245.6546016	-77.79013706	249.0838446	245.8359009	160.3828998	187.5300475	1.895	158.2131913	196.5659998	1.895
1	19.721182739839	37.80399679	-122.4719905	1961.94152	138.4312524	163.4312524	186.2284802	1.895	290.3770363	379.97693	379.6885348	1.895	290.3770363	-84.08173917	286.5906475	-78.83437207	291.1066759	287.310773	156.2909849	193.482942	1.895	154.2533473	202.326377	1.895
19	19.720237885194	37.80399679	-122.4719905	1961.94152	138.4312524	163.4312524	186.2284802	1.895	156.5715275	290.9048557	277.1412059	1.895	156.5715275	-78.71674957	154.5299037	-83.16885749	156.4817777	154.4413242	156.2235588	193.4850404	1.895	154.1847189	202.3310167	1.895
5	19.728797324758	37.80399679	-122.4719905	1961.94152	138.4312524	163.4312524	186.2284802	1.895	254.3667739	362.6404466	344.3997564	1.895	254.3667739	-82.93170144	251.0499432	-77.89884469	254.6097149	251.2897163	154.9192605	195.482481	1.895	152.9103077	204.2816803	1.895
9	19.731111553067	37.80399679	-122.4719905	1961.94152	138.4312524	163.4312524	186.2284802	1.895	226.6750777	347.7476831	318.1718174	1.895	226.6750777	-81.93056927	223.7193345	-77.51017704	226.665967	223.7103426	155.0468684	195.4313875	1.895	153.0289758	204.2408784	1.895
37	19.730545172829	37.80399679	-122.4719905	1961.94152	138.4312524	163.4312524	186.2284802	1.895	13.75653483	175.1876121	193.3720268	1.895	13.75653483	-57.59267484	13.57715567	-58.12186577	14.06363158	13.88024801	155.0226356	195.4291345	1.895	153.0075087	204.2495211	1.895
23	19.732710979809	37.80399679	-122.4719905	1961.94152	138.4312524	163.4312524	186.2284802	1.895	125.3716666	264.3026233	260.6799499	1.895	125.3716666	-76.78648179	123.7368753	-79.87364727	125.2842286	123.6505774	154.7700504	195.6351112	1.895	152.7584606	204.4530332	1.895
11	19.738561273145	37.80399679	-122.4719905	1961.94152	138.4312524	163.4312524	186.2284802	1.895	216.7728831	338.8473338	313.5849926	1.895	216.7728831	-81.54259288	213.9462602	-77.50696179	216.733275	213.9071684	154.7050115	195.8051181	1.895	152.6930267	204.622282	1.895
3	19.739957928192	37.80399679	-122.4719905	1961.94152	138.4312524	163.4312524	186.2284802	1.895	275.0995544	372.1119586	365.482846	1.895	275.0995544	-83.61229154	271.5123772	-78.40141232	275.6345613	272.0404079	151.9471868	199.8557225	1.895	150.0195229	208.5487679	1.895
17	19.744997126679	37.80399679	-122.4719905	1961.94152	138.4312524	163.4312524	186.2284802	1.895	170.316281	300.8808866	286.802998	1.895	170.316281	-79.44761711	168.0954316	-80.12066914	170.2654198	168.0452337	151.7359588	200.0793069	1.895	149.8084708	208.7723257	1.895
25	19.743903970427	37.80399679	-122.4719905	1961.94152	138.4312524	163.4312524	186.2284802	1.895	103.3050428	245.6623064	248.758358	1.895	103.3050428	-75.10492424	101.9579905	-71.80558825	103.3231969	101.9759079	151.4262729	200.3471735	1.895	149.5051146	209.0350813	1.895
33	19.743721218	37.80399679	-122.4719905	1961.94152	138.4312524	163.4312524	186.2284802	1.895	42.13020952	194.3093862	214.8902214	1.895	42.13020952	-67.31436618	41.58085013	-65.84453759	42.37463174	41.82208519	151.2174484	200.5262554	1.895	149.3162816	209.1972945	1.895
13	19.747984782106	37.80399679	-122.4719905	1961.94152	138.4312524	163.4312524	186.2284802	1.895	193.9171092	321.121881	299.0890618	1.895	193.9171092	-80.57481637	191.3885154	-78.01442026	193.8530558	191.3252972	163.3075466	186.4693161	1.895	161.2105263	195.3670443	1.895
31	19.803613631683	37.80398651	-122.4719784	1960.807095	139.4999998	164.4999998	187.3629048	1.895	62.07986027	211.2142156	228.2492239	1.895	62.07986027	-70.68150842	61.27036621	-69.62249697	62.08757085	61.27797625	163.113144	186.7150184	1.895	161.031823	195.5971705	1.895
21	19.8018298476	37.80398651	-122.4719784	1960.807095	139.4999998	164.4999998	187.3629048	1.895	139.4720409	275.5740283	271.7134258	1.895	139.4720409	-77.71223692	137.6533869	-87.57656711	139.4317336	137.6136051	162.7567557	187.0770097	1.895	160.6824052	195.9508632	1.895
35	19.802285812621	37.80398651	-122.4719784	1960.807095	139.4999998	164.4999998	187.3629048	1.895	31.72624362	189.730916	206.5971295	1.895	31.72624362	-64.8508669	31.31254736	-63.28980728	31.63919561	31.22663443	162.6583039	187.1270006	1.895	160.5952972	195.997788	1.895
15	19.806986507459	37.80398651	-122.4719784	1960.807095	139.4999998	164.4999998	187.3629048	1.895	187.7624852	319.1528896	293.8393553	1.895	187.7624852	-80.2946703	185.3141451	-78.34468494	187.6187795	185.1723132	162.9273379	186.7507055	1.895	160.8605211	195.6271249	1.895
27	19.8114122489	37.80398651	-122.4719784	1960.807095	139.4999998	164.4999998	187.3629048	1.895	93.09612437	236.3954355	246.506245	1.895	93.09612437	-74.20112583	91.88219188	-70.306164	93.07484502	91.86119001	162.4767735	187.2087236	1.895	160.4250796	196.0690214	1.895
29	19.818052193243	37.80398651	-122.4719784	1960.807095	139.4999998	164.4999998	187.3629048	1.895	78.57299581	226.604187	235.4959038	1.895	78.57299581	-72.72796004	77.54843853	-72.72814797	78.4832004	77.45981401	162.2036613	187.4322846	1.895	160.163237	196.2831849	1.895
7	19.819802985189	37.80398651	-122.4719784	1960.807095	139.4999998	164.4999998	187.3629048	1.895	248.833313	362.6052076	337.9362899	1.895	248.833313	-82.74066424	245.5886362	-77.78888563	249.0525281	245.8049928	161.5280356	188.5646904	1.895	159.4945312	197.4012926	1.895
1	19.821182739839	37.80398651	-122.4719784	1960.807095	139.4999998	164.4999998	187.3629048	1.895	290.1060427	380.3345576	381.2106792	1.895	290.1060427	-84.0736293	286.3231876	-78.82636785	290.9815968	287.1873248	157.5801941	194.3135841	1.895	155.6724038	202.9668095	1.895
19	19.820237885194	37.80398651	-122.4719784	1960.807095	139.4999998	164.4999998	187.3629048	1.895	156.6026007	292.2525432	277.936975	1.895	156.6026007	-78.7184732	154.5605717	-83.15927989	156.4968806	154.4562302	157.5176931	194.3085741	1.895	155.6087746	202.9642605	1.895
5	19.828797324758	37.80398651	-122.4719784	1960.807095	139.4999998	164.4999998	187.3629048	1.895	254.2441964	363.3737745	345.759032	1.895	254.2441964	-82.92751476	250.9289639	-77.8962764	254.5640251	251.2446222	156.2253935	196.2871564	1.895	154.3467045	204.895732	1.895
9	19.831111553067	37.80398651	-122.4719784	1960.807095	139.4999998	164.4999998	187.3629048	1.895	226.660155	348.7955821	319.3097282	1.895	226.660155	-81.92999743	223.7046064	-77.5101029	226.6652405	223.7096255	156.3133998	196.2899814	1.895	154.4274952	204.9064635	1.895
37	19.830545172829	37.80398651	-122.4719784	1960.807095	139.4999998	164.4999998	187.3629048	1.895	13.65481805	176.2230563	194.364619	1.895	13.65481805	-57.52821215	13.47676523	-57.91389666	14.01252989	13.82981267	156.287349	196.2900835	1.895	154.4054719	204.915572	1.895
23	19.832710979809	37.80398651	-122.4719784	1960.807095	139.4999998	164.4999998	187.3629048	1.895	125.4000104	265.618456	261.5263756	1.895	125.4000104	-76.78844525	123.7648494	-79.88856478	125.2987014	123.6648614	156.0443689	196.4820023	1.895	154.1659369	205.10518	1.895
11	19.838561273145	37.80398651	-122.4719784	1960.807095	139.4999998	164.4999998	187.3629048	1.895	216.7842733	339.97182	314.6620071	1.895	216.7842733	-81.54304926	213.9575018	-77.50690682	216.7396498	213.9134601	155.9606568	196.6772343	1.895	154.0824679	205.2987743	1.895
3	19.839957928192	37.80398651	-122.4719784	1960.807095	139.4999998	164.4999998	187.3629048	1.895	274.8851801	372.6134043	366.9476288	1.895	274.8851801	-83.60552033	271.3007983	-78.39564356	275.5408886	271.9479567	153.2871251	200.6077408	1.895	151.4913881	209.1078478	1.895
17	19.844997126679	37.80398651	-122.4719784	1960.807095	139.4999998	164.4999998	187.3629048	1.895	170.3253649	302.2263485	287.5735967	1.895	170.3253649	-79.44808036	168.1043971	-80.1192805	170.2729129	168.0526291	153.0939347	200.8063707	1.895	151.2983826	209.3064733	1.895
25	19.843903970427	37.80398651	-122.4719784	1960.807095	139.4999998	164.4999998	187.3629048	1.895	103.2997531	246.95853	249.5837195	1.895	103.2997531	-75.10447947	101.9527698	-71.80441213	103.3202664	101.9730156	152.7969065	201.0559287	1.895	151.0074847	209.5512357	1.895
33	19.843721218	37.80398651	-122.4719784	1960.807095	139.4999998	164.4999998	187.3629048	1.895	42.04998962	195.4597074	215.8180999	1.895	42.04998962	-67.29781166	41.50167627	-65.76834102	42.33405147	41.78203407	152.5889911	201.231943	1.895	150.8184107	209.7115534	1.895
13	19.847984782106	37.80398651	-122.4719784	1960.807095	139.4999998	164.4999998	187.3629048	1.895	193.9249292	322.4056277	299.9359514	1.895	193.9249292	-80.57516663	191.3962335	-78.01406875	193.86204	191.3341643	164.4295183	187.5496	1.895	162.465863	196.2513662	1.895
31	19.903613631683	37.80397623	-122.4719664	1959.672956	140.5684787	165.5684787	188.4970445	1.895	62.08306424	212.4654117	229.1785457	1.895	62.08306424	-70.68195669	61.27352841	-69.6250319	62.08707012	61.27748205	164.2430008	187.7819494	1.895	162.2945875	196.4689166	1.895
21	19.9018298476	37.80397623	-122.4719664	1959.672956	140.5684787	165.5684787	188.4970445	1.895	139.4871939	276.8968134	272.536792	1.895	139.4871939	-77.71318055	137.6683422	-87.58060507	139.4378958	137.619687	163.907441	188.1152161	1.895	161.9654956	196.7945874	1.895
35	19.902285812621	37.80397623	-122.4719664	1959.672956	140.5684787	165.5684787	188.4970445	1.895	31.7447071	190.9093924	207.6167861	1.895	31.7447071	-64.85592029	31.33077009	-63.30380071	31.65091911	31.23820506	163.8079283	188.1664994	1.895	161.8775712	196.842331	1.895
15	19.906986507459	37.80397623	-122.4719664	1959.672956	140.5684787	165.5684787	188.4970445	1.895	187.7983171	320.454156	294.6979621	1.895	187.7983171	-80.29632773	185.3495097	-78.34242515	187.6387281	185.1920017	164.0574516	187.8172157	1.895	162.1235359	196.4983181	1.895
27	19.9114122489	37.80397623	-122.4719664	1959.672956	140.5684787	165.5684787	188.4970445	1.895	93.10332809	237.6638211	247.4079205	1.895	93.10332809	-74.20179791	91.88930167	-70.3065909	93.07800981	91.86431353	163.627337	188.2468113	1.895	161.7077991	196.9128246	1.895
29	19.918052193243	37.80397623	-122.4719664	1959.672956	140.5684787	165.5684787	188.4970445	1.895	78.60089519	227.8823346	236.4040805	1.895	78.60089519	-72.73104365	77.57597411	-72.71382909	78.4962776	77.47272069	163.3628795	188.4582641	1.895	161.4542339	197.1153967	1.895
7	19.919802985189	37.80397623	-122.4719664	1959.672956	140.5684787	165.5684787	188.4970445	1.895	248.7651931	363.4550377	339.2452819	1.895	248.7651931	-82.73828609	245.5214045	-77.78761221	249.020602	245.773483	162.6770391	189.6021328	1.895	160.7767016	198.2431642	1.895
1	19.921182739839	37.80397623	-122.4719664	1959.672956	140.5684787	165.5684787	188.4970445	1.895	289.8424361	380.6935725	382.7387284	1.895	289.8424361	-84.06573323	286.0630183	-78.81859151	290.8550234	287.0624019	158.8872919	195.1263495	1.895	157.1061513	203.5933735	1.895
19	19.920237885194	37.80397623	-122.4719664	1959.672956	140.5684787	165.5684787	188.4970445	1.895	156.6350726	293.6000514	278.7326382	1.895	156.6350726	-78.72027406	154.5926202	-83.1492867	156.5122353	154.4713846	158.8294032	195.1151857	1.895	157.0471988	203.5845916	1.895
5	19.928797324758	37.80397623	-122.4719664	1959.672956	140.5684787	165.5684787	188.4970445	1.895	254.1292342	364.1105308	347.1246625	1.895	254.1292342	-82.92358636	250.8155008	-77.89387285	254.515715	251.1969421	157.5587634	197.0606001	1.895	155.8066461	205.4832485	1.895
9	19.931111553067	37.80397623	-122.4719664	1959.672956	140.5684787	165.5684787	188.4970445	1.895	226.6559254	349.8506134	320.455384	1.895	226.6559254	-81.92983534	223.7004319	-77.51008193	226.6642055	223.708604	157.6117287	197.1104474	1.895	155.8538097	205.5390844	1.895
37	19.930545172829	37.80397623	-122.4719664	1959.672956	140.5684787	165.5684787	188.4970445	1.895	13.56024923	177.2629301	195.3614575	1.895	13.56024923	-57.46784724	13.38342955	-57.65065506	13.96227648	13.78021454	157.5843205	197.1124961	1.895	155.8315422	205.5485706	1.895
23	19.932710979809	37.80397623	-122.4719664	1959.672956	140.5684787	165.5684787	188.4970445	1.895	125.4286462	266.933249	262.3721325	1.895	125.4286462	-76.7904285	123.7931119	-79.90364987	125.3131397	123.6791115	157.351341	197.2906105	1.895	155.601898	205.7245351	1.895
11	19.938561273145	37.80397623	-122.4719664	1959.672956	140.5684787	165.5684787	188.4970445	1.895	216.7877822	341.0568628	315.7792881	1.895	216.7877822	-81.54318985	213.9609649	-77.50688992	216.7449978	213.9187384	157.2475262	197.5122908	1.895	155.498656	205.9440083	1.895
3	19.939957928192	37.80397623	-122.4719664	1959.672956	140.5684787	165.5684787	188.4970445	1.895	274.6756027	373.1159761	368.4157012	1.895	274.6756027	-83.59889552	271.0939537	-78.39001336	275.4447457	271.8530675	154.6654274	201.3116964	1.895	152.9954036	209.627233	1.895
17	19.944997126679	37.80397623	-122.4719664	1959.672956	140.5684787	165.5684787	188.4970445	1.895	170.3416996	303.5767325	288.3470145	1.895	170.3416996	-79.44891332	168.1205188	-80.11678505	170.2805559	168.0601724	154.4893546	201.4870533	1.895	152.8194655	209.8026685	1.895
25	19.943903970427	37.80397623	-122.4719664	1959.672956	140.5684787	165.5684787	188.4970445	1.895	103.2992102	248.257237	250.4106624	1.895	103.2992102	-75.10443382	101.952234	-71.80429143	103.3179269	101.9707066	154.2052609	201.7187933	1.895	152.5412781	210.0299372	1.895
33	19.943721218	37.80397623	-122.4719664	1959.672956	140.5684787	165.5684787	188.4970445	1.895	41.96880164	196.6081729	216.7444815	1.895	41.96880164	-67.28102518	41.42154693	-65.69364924	42.29346816	41.74197995	154.0031225	201.8867292	1.895	152.3573953	210.1829453	1.895
13	19.947984782106	37.80397623	-122.4719664	1959.672956	140.5684787	165.5684787	188.4970445	1.895	193.9401443	323.6706485	300.8201653	1.895	193.9401443	-80.57584809	191.4112501	-78.01338529	193.8707182	191.3427294	165.5476409	188.6228301	1.895	163.7024679	197.1469663	1.895
31	20.003613631683	37.80396599	-122.4719543	1958.54273	141.6332704	166.6332704	189.6272703	1.895	62.09147923	213.7155216	230.1070605	1.895	62.09147923	-70.68313393	61.28183367	-69.63169492	62.08751103	61.27791721	165.3724527	188.8411534	1.895	163.541963	197.3513165	1.895
21	20.0018298476	37.80396599	-122.4719543	1958.54273	141.6332704	166.6332704	189.6272703	1.895	139.5064197	278.2175704	273.3588959	1.895	139.5064197	-77.71437766	137.6873174	-87.58569144	139.4447482	137.6264501	165.0570088	189.1470041	1.895	163.2325085	197.6502474	1.895
35	20.002285812621	37.80396599	-122.4719543	1958.54273	141.6332704	166.6332704	189.6272703	1.895	31.76883724	192.0875562	208.6361723	1.895	31.76883724	-64.8625202	31.35458558	-63.32256835	31.66271092	31.24984311	164.9569114	189.199146	1.895	163.1442238	197.6984586	1.895
15	20.006986507459	37.80396599	-122.4719543	1958.54273	141.6332704	166.6332704	189.6272703	1.895	187.8398982	321.7552646	295.5564649	1.895	187.8398982	-80.29825069	185.3905486	-78.33980816	187.6588451	185.2118564	165.1923112	188.869684	1.895	163.3762751	197.3739672	1.895
27	20.0114122489	37.80396599	-122.4719543	1958.54273	141.6332704	166.6332704	189.6272703	1.895	93.11779528	238.9329622	248.310133	1.895	93.11779528	-74.2031475	91.90358021	-70.30745145	93.08198836	91.86824019	164.7815596	189.2727155	1.895	162.9792054	197.7628655	1.895
29	20.018052193243	37.80396599	-122.4719543	1958.54273	141.6332704	166.6332704	189.6272703	1.895	78.63148773	229.1573739	237.3100486	1.895	78.63148773	-72.73442366	77.60616774	-72.69819112	78.50979862	77.48606539	164.5257757	189.4724396	1.895	162.7339248	197.9542212	1.895
7	20.019802985189	37.80396599	-122.4719543	1958.54273	141.6332704	166.6332704	189.6272703	1.895	248.7053669	364.3064239	340.5566708	1.895	248.7053669	-82.73619695	245.4623584	-77.78649553	248.9890785	245.7423705	163.8370123	190.616818	1.895	162.0543865	199.0813623	1.895
1	20.021182739839	37.80396599	-122.4719543	1958.54273	141.6332704	166.6332704	189.6272703	1.895	289.5770588	381.0500422	384.2559448	1.895	289.5770588	-84.05777686	285.8011014	-78.81077265	290.7272269	286.9362718	160.1956324	195.9269854	1.895	158.5260487	204.2264717	1.895
19	20.020237885194	37.80396599	-122.4719543	1958.54273	141.6332704	166.6332704	189.6272703	1.895	156.6670438	294.9415242	279.5247377	1.895	156.6670438	-78.72204678	154.6241745	-83.13946314	156.5277161	154.4866636	160.1440961	195.9076171	1.895	158.4734791	204.2094522	1.895
5	20.028797324758	37.80396599	-122.4719543	1958.54273	141.6332704	166.6332704	189.6272703	1.895	254.021432	364.847928	348.4914809	1.895	254.021432	-82.919901	250.7091043	-77.89162357	254.4662867	251.1481583	158.8982652	197.8143675	1.895	157.257374	206.0701233	1.895
9	20.031111553067	37.80396599	-122.4719543	1958.54273	141.6332704	166.6332704	189.6272703	1.895	226.6464748	350.8771753	321.6227553	1.895	226.6464748	-81.92947317	223.6911045	-77.51003511	226.6624324	223.7068541	158.9215048	197.9033622	1.895	157.275428	206.1641622	1.895
37	20.030545172829	37.80396599	-122.4719543	1958.54273	141.6332704	166.6332704	189.6272703	1.895	13.47044879	178.3019285	196.3574568	1.895	13.47044879	-57.41013511	13.29480007	-57.3773085	13.91309371	13.7316731	158.8929508	197.9071254	1.895	157.2529379	206.1739894	1.895
23	20.032710979809	37.80396599	-122.4719543	1958.54273	141.6332704	166.6332704	189.6272703	1.895	125.4670636	268.2508718	263.2197097	1.895	125.4670636	-76.79308848	123.8310283	-79.92390957	125.3285321	123.6943032	158.6705323	198.0710822	1.895	157.0336987	206.3360039	1.895
11	20.038561273145	37.80396599	-122.4719543	1958.54273	141.6332704	166.6332704	189.6272703	1.895	216.7796624	342.1052735	316.9182683	1.895	216.7796624	-81.54286451	213.952951	-77.50692906	216.7484643	213.9221597	158.5497846	198.3144996	1.895	156.9139731	206.5765269	1.895
3	20.039957928192	37.80396599	-122.4719543	1958.54273	141.6332704	166.6332704	189.6272703	1.895	274.4763927	373.6198962	369.8877121	1.895	274.4763927	-83.59259375	270.8973413	-78.3846704	275.3479104	271.7574949	156.0549776	201.9864811	1.895	154.4946489	210.1372882	1.895
17	20.044997126679	37.80396599	-122.4719543	1958.54273	141.6332704	166.6332704	189.6272703	1.895	170.3648981	304.9274272	289.1206103	1.895	170.3648981	-79.45009616	168.1434148	-80.11324455	170.2889901	168.0684966	155.8966389	202.1379595	1.895	154.3363685	210.2889642	1.895
25	20.043903970427	37.80396599	-122.4719543	1958.54273	141.6332704	166.6332704	189.6272703	1.895	103.2975131	249.5492842	251.2333647	1.895	103.2975131	-75.10429112	101.9505589	-71.80391416	103.3158855	101.9686918	155.6253376	202.3525202	1.895	154.070737	210.4993835	1.895
33	20.043721218	37.80396599	-122.4719543	1958.54273	141.6332704	166.6332704	189.6272703	1.895	41.90257642	197.7633247	217.6762565	1.895	41.90257642	-67.26730834	41.35618527	-65.63454337	42.25437898	41.70340048	155.4287479	202.5129424	1.895	153.8919695	210.6454876	1.895
13	20.047984782106	37.80396599	-122.4719543	1958.54273	141.6332704	166.6332704	189.6272703	1.895	193.9667992	324.9016464	301.7621906	1.895	193.9667992	-80.57704179	191.4375575	-78.01218941	193.8803263	191.3522122	166.6598471	189.6796877	1.895	164.9113946	198.0523887	1.895
31	20.103613631683	37.80395578	-122.4719424	1957.41615	142.6946271	167.6946271	190.75385	1.895	62.1063405	214.9658405	231.0357307	1.895	62.1063405	-70.6852126	61.29650115	-69.64348059	62.0892228	61.27960666	166.4936805	189.8865503	1.895	164.7594503	198.2459679	1.895
21	20.1018298476	37.80395578	-122.4719424	1957.41615	142.6946271	167.6946271	190.75385	1.895	139.5327661	279.5392134	274.1815512	1.895	139.5327661	-77.71601788	137.7133203	-87.59259439	139.4527498	137.6343474	166.1972006	190.1664184	1.895	164.4684883	198.5195799	1.895
35	20.102285812621	37.80395578	-122.4719424	1957.41615	142.6946271	167.6946271	190.75385	1.895	31.80555276	193.2709407	209.6600756	1.895	31.80555276	-64.87255276	31.39082235	-63.35216183	31.67569655	31.2626594	166.0963968	190.2194398	1.895	164.3797369	198.5683148	1.895
15	20.106986507459	37.80395578	-122.4719424	1957.41615	142.6946271	167.6946271	190.75385	1.895	187.8936776	323.0619048	296.4186175	1.895	187.8936776	-80.30073714	185.4436267	-78.33643199	187.6801935	185.2329264	166.3255337	189.8993669	1.895	164.6056467	198.2530392	1.895
27	20.1114122489	37.80395578	-122.4719424	1957.41615	142.6946271	167.6946271	190.75385	1.895	93.13356565	240.2049714	249.2013565	1.895	93.13356565	-74.20461841	91.91914494	-70.30839439	93.0866772	91.8728679	165.9315349	190.2791286	1.895	164.2242493	198.6200557	1.895
29	20.118052193243	37.80395578	-122.4719424	1957.41615	142.6946271	167.6946271	190.75385	1.895	78.66865114	230.4327739	238.216273	1.895	78.66865114	-72.73852788	77.64284655	-72.67928299	78.52423975	77.50031823	165.6833357	190.4684167	1.895	163.986206	198.8014383	1.895
7	20.119802985189	37.80395578	-122.4719424	1957.41615	142.6946271	167.6946271	190.75385	1.895	248.6104189	365.0595496	341.9299981	1.895	248.6104189	-82.73288031	245.3686485	-77.78472655	248.9546549	245.7083958	164.9854506	191.6206578	1.895	163.2984795	199.934735	1.895
1	20.121182739839	37.80395578	-122.4719424	1957.41615	142.6946271	167.6946271	190.75385	1.895	289.3264139	381.4086543	385.7822795	1.895	289.3264139	-84.05025548	285.5537248	-78.80339688	290.5998803	286.8105857	161.4683694	196.7465603	1.895	159.8895607	204.9028253	1.895
19	20.120237885194	37.80395578	-122.4719424	1957.41615	142.6946271	167.6946271	190.75385	1.895	156.7077671	296.2852747	280.3181822	1.895	156.7077671	-78.72430425	154.6643668	-83.12697266	156.5440844	154.5028184	161.4256858	196.7156466	1.895	159.8458064	204.8743117	1.895
5	20.128797324758	37.80395578	-122.4719424	1957.41615	142.6946271	167.6946271	190.75385	1.895	253.918218	365.5848253	349.8573725	1.895	253.918218	-82.91637103	250.6072362	-77.88947419	254.4164623	251.0989836	160.2039486	198.5836843	1.895	158.6533362	206.6970994	1.895
9	20.131111553067	37.80395578	-122.4719424	1957.41615	142.6946271	167.6946271	190.75385	1.895	226.6278233	351.8388107	322.8564234	1.895	226.6278233	-81.92875835	223.6726962	-77.50994293	226.6592861	223.7037488	160.1996527	198.7084346	1.895	158.6436214	206.8269367	1.895
37	20.130545172829	37.80395578	-122.4719424	1957.41615	142.6946271	167.6946271	190.75385	1.895	13.39598765	179.3481957	197.3604241	1.895	13.39598765	-57.36198857	13.22130986	-57.16025288	13.86608407	13.68527644	160.1699958	198.7137757	1.895	158.6208883	206.8371673	1.895
23	20.132710979809	37.80395578	-122.4719424	1957.41615	142.6946271	167.6946271	190.75385	1.895	125.5053093	269.5632531	264.0639153	1.895	125.5053093	-76.79573577	123.8687753	-79.94410363	125.3446027	123.7101643	159.9582368	198.8633051	1.895	158.4121383	206.984989	1.895
41	20.133773596655	37.80395578	-122.4719424	1957.41615	142.6946271	167.6946271	190.75385	1.895	15.54251748	157.0367638	179.4410342	1.895	15.54251748	-58.65292109	15.33984989	-59.26648059	15.54251748	15.33984989	166.881195	191.0133347	1.895	163.0005873	200.1346751	1.895
11	20.138561273145	37.80395578	-122.4719424	1957.41615	142.6946271	167.6946271	190.75385	1.895	216.7861822	343.1603974	318.0645417	1.895	216.7861822	-81.54312574	213.9593858	-77.50689763	216.7518932	213.9255439	168.2579999	189.4676703	1.895	164.3425337	198.6295033	1.895
3	20.139957928192	37.80395578	-122.4719424	1957.41615	142.6946271	167.6946271	190.75385	1.895	274.2847969	374.1242647	371.3610329	1.895	274.2847969	-83.58652852	270.7082439	-78.37953973	275.2512638	271.6621084	165.3512496	193.4068386	1.895	161.4934393	202.4876477	1.895
17	20.144997126679	37.80395578	-122.4719424	1957.41615	142.6946271	167.6946271	190.75385	1.895	170.3882743	306.2729233	289.8912287	1.895	170.3882743	-79.45128789	168.1664862	-80.10968111	170.298016	168.0774048	166.2535542	192.389238	1.895	162.3837726	201.4841126	1.895
25	20.143903970427	37.80395578	-122.4719424	1957.41615	142.6946271	167.6946271	190.75385	1.895	103.3064526	250.8449608	252.0583779	1.895	103.3064526	-75.10504277	101.9593819	-71.80590178	103.3150279	101.9678454	166.3987574	192.2511007	1.895	162.5134274	201.3641959	1.895
33	20.143721218	37.80395578	-122.4719424	1957.41615	142.6946271	167.6946271	190.75385	1.895	41.84190894	198.9181146	218.6077396	1.895	41.84190894	-67.2547236	41.29630886	-65.5818433	42.21688171	41.66639215	166.2579894	192.4361758	1.895	162.3820139	201.5363712	1.895
13	20.147984782106	37.80395578	-122.4719424	1957.41615	142.6946271	167.6946271	190.75385	1.895	193.9885849	326.1246176	302.6980734	1.895	193.9885849	-80.5780173	191.4590591	-78.01121335	193.890168	191.3619255	167.6486794	190.837151	1.895	163.7558141	199.9567818	1.895
31	20.203613631683	37.80394593	-122.4719297	1956.32939	143.8106895	168.8106895	191.84061	1.895	62.10656192	216.2163399	231.9645349	1.895	62.10656192	-70.68524357	61.29671969	-69.64365637	62.09066772	61.28103274	167.4649314	191.0715833	1.895	163.5715782	200.1907525	1.895
21	20.2018298476	37.80394593	-122.4719297	1956.32939	143.8106895	168.8106895	191.84061	1.895	139.5342529	280.8559241	275.0011364	1.895	139.5342529	-77.71611043	137.7147877	-87.59298162	139.4595418	137.6410507	167.6429501	190.9297125	1.895	163.7276899	200.0750108	1.895
35	20.202285812621	37.80394593	-122.4719297	1956.32939	143.8106895	168.8106895	191.84061	1.895	31.82384382	194.4553793	210.6848909	1.895	31.82384382	-64.87754649	31.4088749	-63.3673698	31.68804215	31.27484403	167.6171397	190.9679405	1.895	163.7079393	200.1046188	1.895
15	20.206986507459	37.80394593	-122.4719297	1956.32939	143.8106895	168.8106895	191.84061	1.895	187.9223961	324.3662201	297.2792361	1.895	187.9223961	-80.30206463	185.4719708	-78.33463303	187.7003771	185.2528468	169.4431253	188.8174059	1.895	165.5202629	197.970076	1.895
27	20.2114122489	37.80394593	-122.4719297	1956.32939	143.8106895	168.8106895	191.84061	1.895	93.12861688	241.5169346	250.0363247	1.895	93.12861688	-74.20415686	91.9142607	-70.30809795	93.09017217	91.8763173	169.276591	189.0644697	1.895	165.3396748	198.2333696	1.895
29	20.218052193243	37.80394593	-122.4719297	1956.32939	143.8106895	168.8106895	191.84061	1.895	78.68624088	231.7074179	239.1219601	1.895	78.68624088	-72.74046976	77.66020693	-72.67036746	78.53773985	77.51364229	169.2815666	189.0860661	1.895	165.3368532	198.2633662	1.895
7	20.219802985189	37.80394593	-122.4719297	1956.32939	143.8106895	168.8106895	191.84061	1.895	248.4859091	365.799611	343.3021954	1.895	248.4859091	-82.72852913	245.2457622	-77.78241289	248.9155928	245.669843	169.7786408	188.7070524	1.895	165.7803695	197.9453533	1.895
1	20.221182739839	37.80394593	-122.4719297	1956.32939	143.8106895	168.8106895	191.84061	1.895	289.0509081	381.756926	387.2998841	1.895	289.0509081	-84.04198056	285.2818114	-78.79529972	290.4707993	286.6831879	165.0024529	195.0226234	1.895	161.1221762	204.102587	1.895
19	20.220237885194	37.80394593	-122.4719297	1956.32939	143.8106895	168.8106895	191.84061	1.895	156.7325112	297.6334378	281.1142321	1.895	156.7325112	-78.72567564	154.6887882	-83.11939542	156.5597866	154.5183159	166.0142546	193.8539499	1.895	162.1199485	202.9504924	1.895
5	20.228797324758	37.80394593	-122.4719297	1956.32939	143.8106895	168.8106895	191.84061	1.895	253.8027322	366.324145	351.2277544	1.895	253.8027322	-82.91241966	250.4932563	-77.8870741	254.3653181	251.0485063	165.462003	194.7972447	1.895	161.5542371	203.9043234	1.895
9	20.231111553067	37.80394593	-122.4719297	1956.32939	143.8106895	168.8106895	191.84061	1.895	226.5831999	352.7973224	324.086084	1.895	226.5831999	-81.92704792	223.6286547	-77.50972359	226.6529456	223.697491	167.1047092	192.9396265	1.895	163.1397087	202.1143683	1.895
37	20.230545172829	37.80394593	-122.4719297	1956.32939	143.8106895	168.8106895	191.84061	1.895	13.29381019	180.3943201	198.3632545	1.895	13.29381019	-57.29548328	13.12046476	-56.91131268	13.81839458	13.6382088	167.1043167	192.9414327	1.895	163.1443887	202.1091957	1.895
23	20.232710979809	37.80394593	-122.4719297	1956.32939	143.8106895	168.8106895	191.84061	1.895	125.5314458	270.8879819	264.9047618	1.895	125.5314458	-76.79754442	123.894571	-79.95791821	125.360173	123.7255315	167.5283462	192.4750617	1.895	163.552548	201.6614238	1.895
41	20.233773596655	37.80394593	-122.4719297	1956.32939	143.8106895	168.8106895	191.84061	1.895	15.72757895	157.9771669	180.4392274	1.895	15.72757895	-58.75573128	15.52249824	-59.05533471	15.63504821	15.43117407	167.7401071	192.4033624	1.895	163.7307592	201.6757888	1.895
