0	2.129642230819	101.7714498	5.45243353	0	-546344.8951	-4182237.76	0	0	0	132.3722195	2103.237543	1.895	-546344.8951	-4182237.76	0	1590.040838	1590.040838	-98.85065938	1569.307406	-104.1841049	0	0	0	0	0	0	0	0	0	0	0	0
2	2.147857757716	101.7714498	5.45243353	0	-546344.8951	-4182237.76	0	0	0	126.0727827	2122.409344	1.895	-546344.8951	-4182237.76	0	412.9120536	412.9120536	-87.13964502	407.5278621	-82.78996138	0	0	0	0	0	0	0	0	0	0	0	0
0	2.229642230819	101.7714498	5.45243353	0	-546344.8951	-4182237.76	0	0	0	132.7357359	2101.276009	1.895	-546344.8951	-4182237.76	0	1589.479665	1589.479665	-98.84759333	1568.75355	-104.1781038	0	0	0	0	0	0	0	0	0	0	0	0
2	2.247857757716	102.0045569	7.439799183	0	-546344.8951	-4182237.76	0	1	0	126.3423245	2120.41713	1.895	-546344.8951	-4182237.76	0	413.0593778	413.0593778	-87.14274353	407.6732653	-82.79467761	0	0	0	0	0	0	0	0	0	0	0	0
0	2.329642230819	102.0045569	7.439799183	0	-546344.8951	-4182237.76	0	1	0	133.0984833	2099.318624	1.895	-546344.8951	-4182237.76	0	1589.394069	1589.394069	-98.84712556	1568.66907	-104.1771882	0	0	0	0	0	0	0	0	0	0	0	0
2	2.347857757716	102.2365289	9.417487311	0	-546344.8951	-4182237.76	0	1	0	126.623212	2118.427707	1.895	-546344.8951	-4182237.76	0	413.4738857	413.4738857	-87.15145551	408.0823682	-82.80794377	0	0	0	0	0	0	0	0	0	0	0	0
0	2.429642230819	102.2365289	9.417487311	0	-546344.8951	-4182237.76	0	1	0	133.4624256	2097.354792	1.895	-546344.8951	-4182237.76	0	1589.865872	1589.865872	-98.84970354	1569.134721	-104.1822341	0	0	0	0	0	0	0	0	0	0	0	0
2	2.447857757716	102.4685013	11.39517865	0	-546344.8951	-4182237.76	0	0	0	126.9300537	2116.445037	1.895	-546344.8951	-4182237.76	0	413.5900423	413.5900423	-87.15389528	408.1970102	-82.81166043	0	0	0	0	0	0	0	0	0	0	0	0
0	2.529642230819	102.4685013	11.39517865	0	-546344.8951	-4182237.76	0	0	0	133.8258261	2095.393882	1.895	-546344.8951	-4182237.76	0	1589.82743	1589.82743	-98.84949352	1569.09678	-104.181823	0	0	0	0	0	0	0	0	0	0	0	0
2	2.547857757716	102.7233678	13.37323156	0	-546344.8951	-4182237.76	0	0	0	127.2375927	2114.457862	1.895	-546344.8951	-4182237.76	0	413.907075	413.907075	-87.1605508	408.509909	-82.82180256	0	0	0	0	0	0	0	0	0	0	0	0
0	2.629642230819	102.7233678	13.37323156	0	-546344.8951	-4182237.76	0	0	0	134.190495	2093.426129	1.895	-546344.8951	-4182237.76	0	1590.438649	1590.438649	-98.85283222	1569.700029	-104.1883578	0	0	0	0	0	0	0	0	0	0	0	0
2	2.647857757716	102.9902314	15.34849823	0	-546344.8951	-4182237.76	0	0	0	127.5449893	2112.471608	1.895	-546344.8951	-4182237.76	0	414.3164255	414.3164255	-87.16913683	408.9139217	-82.83489373	0	0	0	0	0	0	0	0	0	0	0	0
0	2.729642230819	102.9902314	15.34849823	0	-546344.8951	-4182237.76	0	0	0	134.5581935	2091.46477	1.895	-546344.8951	-4182237.76	0	1589.86868	1589.86868	-98.84971888	1569.137492	-104.1822641	0	0	0	0	0	0	0	0	0	0	0	0
2	2.747857757716	103.258329	17.33289956	0	-546344.8951	-4182237.76	0	0	0	127.8515171	2110.490967	1.895	-546344.8951	-4182237.76	0	414.1306571	414.1306571	-87.16524143	408.7305756	-82.82895339	0	0	0	0	0	0	0	0	0	0	0	0
0	2.829642230819	103.258329	17.33289956	0	-546344.8951	-4182237.76	0	0	0	134.9460777	2089.501107	1.895	-546344.8951	-4182237.76	0	1590.393585	1590.393585	-98.85258611	1569.655553	-104.1878761	0	0	0	0	0	0	0	0	0	0	0	0
2	2.847857757716	103.5253622	19.30942174	0	-546344.8951	-4182237.76	0	0	0	128.1579923	2108.510665	1.895	-546344.8951	-4182237.76	0	414.2539219	414.2539219	-87.16782638	408.852233	-82.83289516	0	0	0	0	0	0	0	0	0	0	0	0
0	2.929642230819	103.5253622	19.30942174	0	-546344.8951	-4182237.76	0	0	0	135.3325798	2087.54444	1.895	-546344.8951	-4182237.76	0	1590.306249	1590.306249	-98.85210911	1569.569355	-104.1869425	0	0	0	0	0	0	0	0	0	0	0	0
2	2.947857757716	103.7925182	21.28685371	0	-546344.8951	-4182237.76	0	0	0	128.4644659	2106.530374	1.895	-546344.8951	-4182237.76	0	414.3429632	414.3429632	-87.16969315	408.9401133	-82.83574225	0	0	0	0	0	0	0	0	0	0	0	0
0	3.029642230819	103.7925182	21.28685371	0	-546344.8951	-4182237.76	0	0	0	135.7201069	2085.582584	1.895	-546344.8951	-4182237.76	0	1590.712936	1590.712936	-98.85433006	1569.970739	-104.1912896	0	0	0	0	0	0	0	0	0	0	0	0
2	3.047857757716	104.0596021	23.26375141	0	-546344.8951	-4182237.76	0	0	0	128.7773426	2104.54826	1.895	-546344.8951	-4182237.76	0	414.5273522	414.5273522	-87.17355765	409.1220979	-82.84163736	0	0	0	0	0	0	0	0	0	0	0	0
0	3.129642230819	104.0596021	23.26375141	0	-546344.8951	-4182237.76	0	0	0	136.106601	2083.625958	1.895	-546344.8951	-4182237.76	0	1590.407998	1590.407998	-98.85266482	1569.669777	-104.1880302	0	0	0	0	0	0	0	0	0	0	0	0
6	3.133742367255	104.0596021	23.26375141	0	-546344.8951	-4182237.76	0	0	0	123.4964282	2142.314683	1.895	-546344.8951	-4182237.76	0	409.9414998	409.9414998	-87.07693152	404.596043	-82.69473537	0	0	0	0	0	0	0	0	0	0	0	0
2	3.147857757716	104.3272167	25.24457747	0	-546344.8951	-4182237.76	0	0	0	129.142772	2102.574069	1.895	-546344.8951	-4182237.76	0	414.2116295	414.2116295	-87.16693956	408.8104922	-82.83154278	0	0	0	0	0	0	0	0	0	0	0	0
0	3.229642230819	104.3272167	25.24457747	0	-546344.8951	-4182237.76	0	0	0	136.494707	2081.661171	1.895	-546344.8951	-4182237.76	0	1590.568785	1590.568785	-98.8535429	1569.828468	-104.1897489	0	0	0	0	0	0	0	0	0	0	0	0
6	3.233742367255	104.3272167	25.24457747	0	-546344.8951	-4182237.76	0	0	1	123.7311643	2140.321126	1.895	-546344.8951	-4182237.76	0	409.9463582	409.9463582	-87.07703445	404.6008381	-82.69489132	0	0	0	0	0	0	0	0	0	0	0	0
2	3.247857757716	104.5952127	27.22822628	0	-546344.8951	-4182237.76	0	0	0	129.5067542	2100.607695	1.895	-546344.8951	-4182237.76	0	413.4825972	413.4825972	-87.15163851	408.0909661	-82.80822252	0	0	0	0	0	0	0	0	0	0	0	0
0	3.329642230819	104.5952127	27.22822628	0	-546344.8951	-4182237.76	0	0	0	136.8806447	2079.707361	1.895	-546344.8951	-4182237.76	0	1590.222459	1590.222459	-98.85165146	1569.486658	-104.1860467	0	0	0	0	0	0	0	0	0	0	0	0
6	3.333742367255	104.5952127	27.22822628	0	-546344.8951	-4182237.76	0	0	1	123.966315	2138.324049	1.895	-546344.8951	-4182237.76	0	409.6847103	409.6847103	-87.07148892	404.342602	-82.68649198	0	0	0	0	0	0	0	0	0	0	0	0
2	3.347857757716	104.8729802	29.20559978	0	-546344.8951	-4182237.76	0	0	0	129.8713892	2098.637794	1.895	-546344.8951	-4182237.76	0	413.17094	413.17094	-87.14508917	407.7833728	-82.7982486	0	0	0	0	0	0	0	0	0	0	0	0
0	3.429642230819	104.8729802	29.20559978	0	-546344.8951	-4182237.76	0	0	0	137.2687346	2077.742656	1.895	-546344.8951	-4182237.76	0	1590.264177	1590.264177	-98.85187932	1569.527832	-104.1864927	0	0	0	0	0	0	0	0	0	0	0	0
6	3.433742367255	104.8729802	29.20559978	0	-546344.8951	-4182237.76	0	0	0	124.2006922	2136.333542	1.895	-546344.8951	-4182237.76	0	410.0901118	410.0901118	-87.08007975	404.7427172	-82.69950524	0	0	0	0	0	0	0	0	0	0	0	0
2	3.447857757716	105.1795567	31.18441162	0	-546344.8951	-4182237.76	0	0	0	130.2374866	2096.659993	1.895	-546344.8951	-4182237.76	0	413.1331853	413.1331853	-87.14429543	407.7461104	-82.79704015	0	0	0	0	0	0	0	0	0	0	0	0
0	3.529642230819	105.1795567	31.18441162	0	-546344.8951	-4182237.76	0	0	0	137.705628	2075.794574	1.895	-546344.8951	-4182237.76	0	1589.799978	1589.799978	-98.84934354	1569.069686	-104.1815294	0	0	0	0	0	0	0	0	0	0	0	0
6	3.533742367255	105.1795567	31.18441162	0	-546344.8951	-4182237.76	0	0	0	124.4586383	2134.339665	1.895	-546344.8951	-4182237.76	0	410.0500262	410.0500262	-87.07923068	404.7031543	-82.69821871	0	0	0	0	0	0	0	0	0	0	0	0
2	3.547857757716	105.4859756	33.16220624	0	-546344.8951	-4182237.76	0	0	0	130.6013977	2094.694003	1.895	-546344.8951	-4182237.76	0	412.6634268	412.6634268	-87.13441341	407.2824773	-82.78200078	0	0	0	0	0	0	0	0	0	0	0	0
0	3.629642230819	105.4859756	33.16220624	0	-546344.8951	-4182237.76	0	0	0	138.1610093	2073.846983	1.895	-546344.8951	-4182237.76	0	1590.19708	1590.19708	-98.85151283	1569.46161	-104.1857754	0	0	0	0	0	0	0	0	0	0	0	0
6	3.633742367255	105.4859756	33.16220624	0	-546344.8951	-4182237.76	0	0	0	124.7276936	2132.351047	1.895	-546344.8951	-4182237.76	0	409.7862017	409.7862017	-87.07364042	404.44277	-82.68975025	0	0	0	0	0	0	0	0	0	0	0	0
2	3.647857757716	105.7912577	35.13266337	0	-546344.8951	-4182237.76	0	0	0	130.9655434	2092.726746	1.895	-546344.8951	-4182237.76	0	412.5504847	412.5504847	-87.13203584	407.171008	-82.77838399	0	0	0	0	0	0	0	0	0	0	0	0
0	3.729642230819	105.7912577	35.13266337	0	-546344.8951	-4182237.76	0	0	0	138.6143284	2071.908211	1.895	-546344.8951	-4182237.76	0	1589.301204	1589.301204	-98.84661805	1568.577416	-104.1761949	0	0	0	0	0	0	0	0	0	0	0	0
6	3.733742367255	105.7912577	35.13266337	0	-546344.8951	-4182237.76	0	0	0	124.9970085	2130.360511	1.895	-546344.8951	-4182237.76	0	409.7583752	409.7583752	-87.07305058	404.4153063	-82.68885694	0	0	0	0	0	0	0	0	0	0	0	0
2	3.747857757716	106.0977257	37.11077499	0	-546344.8951	-4182237.76	0	0	0	131.3347752	2090.760257	1.895	-546344.8951	-4182237.76	0	412.1042841	412.1042841	-87.12263639	406.7306256	-82.7640916	0	0	0	0	0	0	0	0	0	0	0	0
0	3.829642230819	106.0977257	37.11077499	0	-546344.8951	-4182237.76	0	0	0	139.0703211	2069.958005	1.895	-546344.8951	-4182237.76	0	1589.978421	1589.978421	-98.8503184	1569.245802	-104.1834375	0	0	0	0	0	0	0	0	0	0	0	0
6	3.833742367255	106.0977257	37.11077499	0	-546344.8951	-4182237.76	0	0	0	125.2651661	2128.378528	1.895	-546344.8951	-4182237.76	0	409.7809186	409.7809186	-87.07352843	404.4375557	-82.68958065	0	0	0	0	0	0	0	0	0	0	0	0
2	3.847857757716	106.4030574	39.08155262	0	-546344.8951	-4182237.76	0	0	0	131.7239917	2088.787239	1.895	-546344.8951	-4182237.76	0	412.2420527	412.2420527	-87.12553964	406.8665978	-82.76850511	0	0	0	0	0	0	0	0	0	0	0	0
0	3.929642230819	106.4030574	39.08155262	0	-546344.8951	-4182237.76	0	0	0	139.5255612	2068.011018	1.895	-546344.8951	-4182237.76	0	1589.939107	1589.939107	-98.85010363	1569.207001	-104.1830172	0	0	0	0	0	0	0	0	0	0	0	0
6	3.933742367255	106.4030574	39.08155262	0	-546344.8951	-4182237.76	0	0	0	125.5336949	2126.393802	1.895	-546344.8951	-4182237.76	0	409.9467319	409.9467319	-87.07704237	404.6012069	-82.69490331	0	0	0	0	0	0	0	0	0	0	0	0
2	3.947857757716	106.7093486	41.05852283	0	-546344.8951	-4182237.76	0	0	0	132.111789	2086.821416	1.895	-546344.8951	-4182237.76	0	411.848552	411.848552	-87.11724467	406.4782281	-82.75589762	0	0	0	0	0	0	0	0	0	0	0	0
0	4.029642230819	106.7093486	41.05852283	0	-546344.8951	-4182237.76	0	0	0	139.9804918	2066.065354	1.895	-546344.8951	-4182237.76	0	1589.640541	1589.640541	-98.84847241	1568.912328	-104.1798244	0	0	0	0	0	0	0	0	0	0	0	0
6	4.033742367255	106.7093486	41.05852283	0	-546344.8951	-4182237.76	0	0	0	125.8034373	2124.400105	1.895	-546344.8951	-4182237.76	0	409.8761474	409.8761474	-87.07554671	404.5315429	-82.69263762	0	0	0	0	0	0	0	0	0	0	0	0
2	4.047857757716	107.0209368	43.03693498	0	-546344.8951	-4182237.76	0	0	0	132.4998236	2084.854389	1.895	-546344.8951	-4182237.76	0	411.4540427	411.4540427	-87.10892048	406.0888631	-82.74325343	0	0	0	0	0	0	0	0	0	0	0	0
8	4.125135477225	107.0209368	43.03693498	0	-546344.8951	-4182237.76	0	0	0	126.7714498	2142.717566	1.895	-546344.8951	-4182237.76	0	1595.038896	1595.038896	-98.87791936	1574.24029	-104.2374639	0	0	0	0	0	0	0	0	0	0	0	0
0	4.129642230819	107.0209368	43.03693498	0	-546344.8951	-4182237.76	0	0	0	140.435662	2064.118666	1.895	-546344.8951	-4182237.76	0	1590.303752	1590.303752	-98.85209547	1569.566891	-104.1869158	0	0	0	0	0	0	0	0	0	0	0	0
6	4.133742367255	107.0209368	43.03693498	0	-546344.8951	-4182237.76	0	0	0	126.0727441	2122.409629	1.895	-546344.8951	-4182237.76	0	409.763172	409.763172	-87.07315226	404.4200405	-82.68901093	0	0	0	0	0	0	0	0	0	0	0	0
2	4.147857757716	107.3836407	44.99408511	0	-546344.8951	-4182237.76	0	0	0	132.887816	2082.887576	1.895	-546344.8951	-4182237.76	0	411.8708846	411.8708846	-87.11771565	406.5002695	-82.75661326	0	0	0	0	0	0	0	0	0	0	0	0
8	4.225135477225	107.3836407	44.99408511	0	-546344.8951	-4182237.76	0	0	1	127.0034385	2140.739736	1.895	-546344.8951	-4182237.76	0	1595.651662	1595.651662	-98.88125558	1574.845067	-104.2439946	0	0	0	0	0	0	0	0	0	0	0	0
0	4.229642230819	107.3836407	44.99408511	0	-546344.8951	-4182237.76	0	0	0	140.8897997	2062.176394	1.895	-546344.8951	-4182237.76	0	1589.859935	1589.859935	-98.84967111	1569.128862	-104.1821706	0	0	0	0	0	0	0	0	0	0	0	0
6	4.233742367255	107.3836407	44.99408511	0	-546344.8951	-4182237.76	0	0	0	126.3414896	2120.423301	1.895	-546344.8951	-4182237.76	0	410.2200444	410.2200444	-87.08283135	404.8709556	-82.70367508	0	0	0	0	0	0	0	0	0	0	0	0
2	4.247857757716	107.7480875	46.96064016	0	-546344.8951	-4182237.76	0	0	0	133.2762451	2080.91855	1.895	-546344.8951	-4182237.76	0	411.995909	411.995909	-87.12035187	406.6236637	-82.76061935	0	0	0	0	0	0	0	0	0	0	0	0
8	4.325135477225	107.7480875	46.96064016	0	-546344.8951	-4182237.76	0	0	1	127.2356148	2138.760306	1.895	-546344.8951	-4182237.76	0	1596.09422	1596.09422	-98.8836643	1575.281854	-104.2487098	0	0	0	0	0	0	0	0	0	0	0	0
0	4.329642230819	107.7480875	46.96064016	0	-546344.8951	-4182237.76	0	0	0	141.4075756	2060.243155	1.895	-546344.8951	-4182237.76	0	1589.857135	1589.857135	-98.84965581	1569.126098	-104.1821406	0	0	0	0	0	0	0	0	0	0	0	0
6	4.333742367255	107.7480875	46.96064016	0	-546344.8951	-4182237.76	0	0	0	126.6210187	2118.441879	1.895	-546344.8951	-4182237.76	0	410.7056165	410.7056165	-87.09310664	405.3501961	-82.71925404	0	0	0	0	0	0	0	0	0	0	0	0
2	4.347857757716	108.112359	48.92624905	0	-546344.8951	-4182237.76	0	0	0	133.6645405	2078.950201	1.895	-546344.8951	-4182237.76	0	412.1330545	412.1330545	-87.12324276	406.7590208	-82.76501332	0	0	0	0	0	0	0	0	0	0	0	0
8	4.425135477225	108.112359	48.92624905	0	-546344.8951	-4182237.76	0	0	0	127.4674921	2136.783425	1.895	-546344.8951	-4182237.76	0	1596.173174	1596.173174	-98.88409395	1575.359778	-104.2495509	0	0	0	0	0	0	0	0	0	0	0	0
0	4.429642230819	108.112359	48.92624905	0	-546344.8951	-4182237.76	0	0	0	141.9275687	2058.313102	1.895	-546344.8951	-4182237.76	0	1590.295455	1590.295455	-98.85205016	1569.558703	-104.1868271	0	0	0	0	0	0	0	0	0	0	0	0
6	4.433742367255	108.112359	48.92624905	0	-546344.8951	-4182237.76	0	0	0	126.9270032	2116.464749	1.895	-546344.8951	-4182237.76	0	410.7201961	410.7201961	-87.09341497	405.3645855	-82.7197217	0	0	0	0	0	0	0	0	0	0	0	0
2	4.447857757716	108.4752526	50.88442292	0	-546344.8951	-4182237.76	0	0	0	134.0522666	2076.984739	1.895	-546344.8951	-4182237.76	0	412.4569913	412.4569913	-87.13006719	407.0787336	-82.77538974	0	0	0	0	0	0	0	0	0	0	0	0
8	4.525135477225	108.4752526	50.88442292	0	-546344.8951	-4182237.76	0	0	0	127.7226555	2134.802041	1.895	-546344.8951	-4182237.76	0	1595.891943	1595.891943	-98.88256345	1575.082215	-104.2465549	0	0	0	0	0	0	0	0	0	0	0	0
0	4.529642230819	108.4752526	50.88442292	0	-546344.8951	-4182237.76	0	0	0	142.4478402	2056.382016	1.895	-546344.8951	-4182237.76	0	1590.624706	1590.624706	-98.85384828	1569.88366	-104.1903466	0	0	0	0	0	0	0	0	0	0	0	0
6	4.533742367255	108.4752526	50.88442292	0	-546344.8951	-4182237.76	0	0	0	127.2337427	2114.482739	1.895	-546344.8951	-4182237.76	0	410.6683559	410.6683559	-87.09231859	405.3134212	-82.71805881	0	0	0	0	0	0	0	0	0	0	0	0
2	4.547857757716	108.8387068	52.84562203	0	-546344.8951	-4182237.76	0	0	0	134.4931352	2075.03052	1.895	-546344.8951	-4182237.76	0	412.2689445	412.2689445	-87.12610623	406.8931389	-82.76936654	0	0	0	0	0	0	0	0	0	0	0	0
8	4.625135477225	108.8387068	52.84562203	0	-546344.8951	-4182237.76	0	0	0	127.9903208	2132.82084	1.895	-546344.8951	-4182237.76	0	1595.477264	1595.477264	-98.8803062	1574.672943	-104.2421362	0	0	0	0	0	0	0	0	0	0	0	0
0	4.629642230819	108.8387068	52.84562203	0	-546344.8951	-4182237.76	0	0	0	142.9664771	2054.456998	1.895	-546344.8951	-4182237.76	0	1590.520848	1590.520848	-98.85328112	1569.781156	-104.1892365	0	0	0	0	0	0	0	0	0	0	0	0
6	4.633742367255	108.8387068	52.84562203	0	-546344.8951	-4182237.76	0	0	0	127.541441	2112.494535	1.895	-546344.8951	-4182237.76	0	410.3656049	410.3656049	-87.08591286	405.014618	-82.70834589	0	0	0	0	0	0	0	0	0	0	0	0
2	4.647857757716	109.2021229	54.80661521	0	-546344.8951	-4182237.76	0	0	0	134.9500791	2073.077309	1.895	-546344.8951	-4182237.76	0	412.0843049	412.0843049	-87.12221528	406.7109069	-82.7634515	0	0	0	0	0	0	0	0	0	0	0	0
8	4.725135477225	109.2021229	54.80661521	0	-546344.8951	-4182237.76	0	0	0	128.2583249	2130.837131	1.895	-546344.8951	-4182237.76	0	1595.241555	1595.241555	-98.87902288	1574.440307	-104.2396241	0	0	0	0	0	0	0	0	0	0	0	0
0	4.729642230819	109.2021229	54.80661521	0	-546344.8951	-4182237.76	0	0	0	143.4871785	2052.524317	1.895	-546344.8951	-4182237.76	0	1590.712756	1590.712756	-98.85432907	1569.970561	-104.1912877	0	0	0	0	0	0	0	0	0	0	0	0
6	4.733742367255	109.2021229	54.80661521	0	-546344.8951	-4182237.76	0	0	0	127.8483248	2110.511594	1.895	-546344.8951	-4182237.76	0	410.499743	410.499743	-87.08875159	405.147007	-82.71264965	0	0	0	0	0	0	0	0	0	0	0	0
2	4.747857757716	109.5712415	56.77128513	0	-546344.8951	-4182237.76	0	0	0	135.4062106	2071.127571	1.895	-546344.8951	-4182237.76	0	411.6164659	411.6164659	-87.11234859	406.2491684	-82.74845969	0	0	0	0	0	0	0	0	0	0	0	0
8	4.825135477225	109.5712415	56.77128513	0	-546344.8951	-4182237.76	0	0	0	128.525933	2128.856353	1.895	-546344.8951	-4182237.76	0	1594.856708	1594.856708	-98.87692719	1574.060479	-104.2355217	0	0	0	0	0	0	0	0	0	0	0	0
0	4.829642230819	109.5712415	56.77128513	0	-546344.8951	-4182237.76	0	0	0	144.004964	2050.602458	1.895	-546344.8951	-4182237.76	0	1590.364861	1590.364861	-98.85242923	1569.627203	-104.1875691	0	0	0	0	0	0	0	0	0	0	0	0
6	4.833742367255	109.5712415	56.77128513	0	-546344.8951	-4182237.76	0	0	0	128.1549192	2108.530522	1.895	-546344.8951	-4182237.76	0	410.6487912	410.6487912	-87.09190478	405.2941117	-82.71743121	0	0	0	0	0	0	0	0	0	0	0	0
2	4.847857757716	109.9577462	58.72796504	0	-546344.8951	-4182237.76	0	0	0	135.8629265	2069.175334	1.895	-546344.8951	-4182237.76	0	411.5585334	411.5585334	-87.11112602	406.1919912	-82.74660283	0	0	0	0	0	0	0	0	0	0	0	0
8	4.925135477225	109.9577462	58.72796504	0	-546344.8951	-4182237.76	0	0	0	128.7936461	2126.874798	1.895	-546344.8951	-4182237.76	0	1594.190902	1594.190902	-98.87330033	1573.403354	-104.2284221	0	0	0	0	0	0	0	0	0	0	0	0
0	4.929642230819	109.9577462	58.72796504	0	-546344.8951	-4182237.76	0	0	0	144.5226987	2048.680788	1.895	-546344.8951	-4182237.76	0	1590.285656	1590.285656	-98.85199664	1569.549031	-104.1867223	0	0	0	0	0	0	0	0	0	0	0	0
6	4.933742367255	109.9577462	58.72796504	0	-546344.8951	-4182237.76	0	0	0	128.4619248	2106.546794	1.895	-546344.8951	-4182237.76	0	410.5805182	410.5805182	-87.09046057	405.2267289	-82.71524105	0	0	0	0	0	0	0	0	0	0	0	0
2	4.947857757716	110.3436494	60.68160017	0	-546344.8951	-4182237.76	0	0	0	136.3208584	2067.2179	1.895	-546344.8951	-4182237.76	0	411.8481169	411.8481169	-87.11723549	406.4777987	-82.75588368	0	0	0	0	0	0	0	0	0	0	0	0
8	5.025135477225	110.3436494	60.68160017	0	-546344.8951	-4182237.76	0	0	0	129.0609973	2124.895922	1.895	-546344.8951	-4182237.76	0	1593.953862	1593.953862	-98.87200873	1573.169405	-104.2258939	0	0	0	0	0	0	0	0	0	0	0	0
0	5.029642230819	110.3436494	60.68160017	0	-546344.8951	-4182237.76	0	0	0	145.0564617	2046.755069	1.895	-546344.8951	-4182237.76	0	1590.672774	1590.672774	-98.85411076	1569.931101	-104.1908604	0	0	0	0	0	0	0	0	0	0	0	0
6	5.033742367255	110.3436494	60.68160017	0	-546344.8951	-4182237.76	0	0	0	128.7750618	2104.560583	1.895	-546344.8951	-4182237.76	0	410.4387289	410.4387289	-87.08746048	405.0867886	-82.7106921	0	0	0	0	0	0	0	0	0	0	0	0
2	5.047857757716	110.7299983	62.63749116	0	-546344.8951	-4182237.76	0	0	0	136.777882	2065.264348	1.895	-546344.8951	-4182237.76	0	411.8964211	411.8964211	-87.11825417	406.525473	-82.75743154	0	0	0	0	0	0	0	0	0	0	0	0
10	5.118046723364	110.7299983	62.63749116	0	-546344.8951	-4182237.76	0	0	0	120.2223712	2141.902347	1.895	-546344.8951	-4182237.76	0	3654.663129	3654.663129	-106.0794408	3607.00793	-118.4681601	0	0	0	0	0	0	0	0	0	0	0	0
8	5.125135477225	110.7299983	62.63749116	0	-546344.8951	-4182237.76	0	0	0	129.3288724	2122.913168	1.895	-546344.8951	-4182237.76	0	1593.535885	1593.535885	-98.86973076	1572.756879	-104.2214348	0	0	0	0	0	0	0	0	0	0	0	0
0	5.129642230819	110.7299983	62.63749116	0	-546344.8951	-4182237.76	0	0	0	145.6013483	2044.83452	1.895	-546344.8951	-4182237.76	0	1590.813604	1590.813604	-98.85487973	1570.070095	-104.1923655	0	0	0	0	0	0	0	0	0	0	0	0
6	5.133742367255	110.7299983	62.63749116	0	-546344.8951	-4182237.76	0	0	0	129.1392367	2102.593167	1.895	-546344.8951	-4182237.76	0	410.3603338	410.3603338	-87.08580129	405.0094156	-82.70817676	0	0	0	0	0	0	0	0	0	0	0	0
2	5.147857757716	111.1165946	64.59463503	0	-546344.8951	-4182237.76	0	0	0	137.233553	2063.316577	1.895	-546344.8951	-4182237.76	0	411.6660785	411.6660785	-87.11339545	406.298134	-82.75004981	0	0	0	0	0	0	0	0	0	0	0	0
10	5.218046723364	111.1165946	64.59463503	0	-546344.8951	-4182237.76	0	0	1	123.7310995	2140.321677	1.895	-546344.8951	-4182237.76	0	3609.094769	3609.094769	-105.9704595	3562.033762	-118.2515394	0	0	0	0	0	0	0	0	0	0	0	0
8	5.225135477225	111.1165946	64.59463503	0	-546344.8951	-4182237.76	0	0	0	129.5963898	2120.933061	1.895	-546344.8951	-4182237.76	0	1593.27596	1593.27596	-98.86831387	1572.500343	-104.2186613	0	0	0	0	0	0	0	0	0	0	0	0
0	5.229642230819	111.1165946	64.59463503	0	-546344.8951	-4182237.76	0	0	0	146.1445598	2042.919876	1.895	-546344.8951	-4182237.76	0	1590.6023	1590.6023	-98.85372593	1569.861546	-104.1901071	0	0	0	0	0	0	0	0	0	0	0	0
6	5.233742367255	111.1165946	64.59463503	0	-546344.8951	-4182237.76	0	0	0	129.5051346	2100.616444	1.895	-546344.8951	-4182237.76	0	409.8628953	409.8628953	-87.07526587	404.5184635	-82.69221222	0	0	0	0	0	0	0	0	0	0	0	0
2	5.247857757716	111.5029856	66.55073947	0	-546344.8951	-4182237.76	0	0	0	137.6902178	2061.364559	1.895	-546344.8951	-4182237.76	0	411.6624494	411.6624494	-87.11331888	406.2945523	-82.7499335	0	0	0	0	0	0	0	0	0	0	0	0
10	5.318046723364	111.5029856	66.55073947	0	-546344.8951	-4182237.76	0	0	1	123.9658406	2138.328079	1.895	-546344.8951	-4182237.76	0	3609.656916	3609.656916	-105.9718123	3562.588578	-118.2542282	0	0	0	0	0	0	0	0	0	0	0	0
8	5.325135477225	111.5029856	66.55073947	0	-546344.8951	-4182237.76	0	0	0	129.8737393	2118.959501	1.895	-546344.8951	-4182237.76	0	1594.13029	1594.13029	-98.87297008	1573.343533	-104.2277757	0	0	0	0	0	0	0	0	0	0	0	0
0	5.329642230819	111.5029856	66.55073947	0	-546344.8951	-4182237.76	0	0	0	146.6904269	2040.995872	1.895	-546344.8951	-4182237.76	0	1590.512562	1590.512562	-98.85323587	1569.772978	-104.1891479	0	0	0	0	0	0	0	0	0	0	0	0
6	5.333742367255	111.5029856	66.55073947	0	-546344.8951	-4182237.76	0	0	0	129.8693137	2098.649007	1.895	-546344.8951	-4182237.76	0	410.0986025	410.0986025	-87.08025959	404.7510973	-82.69977775	0	0	0	0	0	0	0	0	0	0	0	0
2	5.347857757716	111.8910963	68.51554979	0	-546344.8951	-4182237.76	0	0	0	138.2108149	2059.421679	1.895	-546344.8951	-4182237.76	0	411.1066821	411.1066821	-87.10158452	405.7460319	-82.73211675	0	0	0	0	0	0	0	0	0	0	0	0
10	5.418046723364	111.8910963	68.51554979	0	-546344.8951	-4182237.76	0	0	0	124.2006213	2136.334144	1.895	-546344.8951	-4182237.76	0	3609.934494	3609.934494	-105.9724802	3562.862537	-118.2555557	0	0	0	0	0	0	0	0	0	0	0	0
8	5.425135477225	111.8910963	68.51554979	0	-546344.8951	-4182237.76	0	0	0	130.1800378	2116.982483	1.895	-546344.8951	-4182237.76	0	1594.131179	1594.131179	-98.87297492	1573.34441	-104.2277852	0	0	0	0	0	0	0	0	0	0	0	0
0	5.429642230819	111.8910963	68.51554979	0	-546344.8951	-4182237.76	0	0	0	147.2359117	2039.073215	1.895	-546344.8951	-4182237.76	0	1590.558262	1590.558262	-98.85348544	1569.818082	-104.1896364	0	0	0	0	0	0	0	0	0	0	0	0
6	5.433742367255	111.8910963	68.51554979	0	-546344.8951	-4182237.76	0	0	0	130.2351367	2096.672688	1.895	-546344.8951	-4182237.76	0	409.8776301	409.8776301	-87.07557813	404.5330062	-82.69268521	0	0	0	0	0	0	0	0	0	0	0	0
2	5.447857757716	112.2787347	70.47796967	0	-546344.8951	-4182237.76	0	0	0	138.7318613	2057.488287	1.895	-546344.8951	-4182237.76	0	410.3028083	410.3028083	-87.08458359	404.9526402	-82.70633092	0	0	0	0	0	0	0	0	0	0	0	0
10	5.518046723364	112.2787347	70.47796967	0	-546344.8951	-4182237.76	0	0	0	124.4572421	2134.349984	1.895	-546344.8951	-4182237.76	0	3610.106828	3610.106828	-105.9728949	3563.032624	-118.2563798	0	0	0	0	0	0	0	0	0	0	0	0
8	5.525135477225	112.2787347	70.47796967	0	-546344.8951	-4182237.76	0	0	0	130.4855098	2115.010801	1.895	-546344.8951	-4182237.76	0	1593.925262	1593.925262	-98.87185288	1573.141178	-104.2255888	0	0	0	0	0	0	0	0	0	0	0	0
0	5.529642230819	112.2787347	70.47796967	0	-546344.8951	-4182237.76	0	0	0	147.7804454	2037.153911	1.895	-546344.8951	-4182237.76	0	1590.716103	1590.716103	-98.85434735	1569.973865	-104.1913234	0	0	0	0	0	0	0	0	0	0	0	0
6	5.533742367255	112.2787347	70.47796967	0	-546344.8951	-4182237.76	0	0	0	130.600836	2094.697037	1.895	-546344.8951	-4182237.76	0	409.7343189	409.7343189	-87.07254063	404.3915637	-82.68808464	0	0	0	0	0	0	0	0	0	0	0	0
2	5.547857757716	112.7167184	72.42285793	0	-546344.8951	-4182237.76	0	0	0	139.2538771	2055.551298	1.895	-546344.8951	-4182237.76	0	410.2349548	410.2349548	-87.08314705	404.8856716	-82.70415356	0	0	0	0	0	0	0	0	0	0	0	0
10	5.618046723364	112.7167184	72.42285793	0	-546344.8951	-4182237.76	0	0	0	124.7269317	2132.356678	1.895	-546344.8951	-4182237.76	0	3608.594219	3608.594219	-105.9692548	3561.539738	-118.2491449	0	0	0	0	0	0	0	0	0	0	0	0
8	5.625135477225	112.7167184	72.42285793	0	-546344.8951	-4182237.76	0	0	0	130.7916343	2113.034906	1.895	-546344.8951	-4182237.76	0	1593.143836	1593.143836	-98.86759355	1572.369941	-104.2172514	0	0	0	0	0	0	0	0	0	0	0	0
0	5.629642230819	112.7167184	72.42285793	0	-546344.8951	-4182237.76	0	0	0	148.3236221	2035.239389	1.895	-546344.8951	-4182237.76	0	1590.679663	1590.679663	-98.85414838	1569.937901	-104.190934	0	0	0	0	0	0	0	0	0	0	0	0
6	5.633742367255	112.7167184	72.42285793	0	-546344.8951	-4182237.76	0	0	0	130.9655945	2092.726469	1.895	-546344.8951	-4182237.76	0	409.7893812	409.7893812	-87.07370781	404.4459081	-82.68985232	0	0	0	0	0	0	0	0	0	0	0	0
2	5.647857757716	113.169986	74.36140908	0	-546344.8951	-4182237.76	0	0	0	139.7757691	2053.614769	1.895	-546344.8951	-4182237.76	0	410.3689923	410.3689923	-87.08598456	405.0179612	-82.70845458	0	0	0	0	0	0	0	0	0	0	0	0
10	5.718046723364	113.169986	74.36140908	0	-546344.8951	-4182237.76	0	0	0	124.9954004	2130.372396	1.895	-546344.8951	-4182237.76	0	3609.077491	3609.077491	-105.9704179	3562.016709	-118.2514567	0	0	0	0	0	0	0	0	0	0	0	0
8	5.725135477225	113.169986	74.36140908	0	-546344.8951	-4182237.76	0	0	0	131.0978677	2111.058309	1.895	-546344.8951	-4182237.76	0	1592.90506	1592.90506	-98.86629164	1572.134279	-104.2147029	0	0	0	0	0	0	0	0	0	0	0	0
0	5.729642230819	113.169986	74.36140908	0	-546344.8951	-4182237.76	0	0	0	148.3980883	2033.307069	1.895	-546344.8951	-4182237.76	0	1582.098375	1582.098375	-98.80716349	1561.468508	-104.0989778	0	0	0	0	0	0	0	0	0	0	0	0
6	5.733742367255	113.169986	74.36140908	0	-546344.8951	-4182237.76	0	0	0	131.335522	2090.756472	1.895	-546344.8951	-4182237.76	0	410.0865355	410.0865355	-87.08000401	404.7391876	-82.69939047	0	0	0	0	0	0	0	0	0	0	0	0
2	5.747857757716	113.6248329	76.30671455	0	-546344.8951	-4182237.76	0	0	0	140.2964289	2051.682812	1.895	-546344.8951	-4182237.76	0	410.0457612	410.0457612	-87.07914034	404.698945	-82.69808183	0	0	0	0	0	0	0	0	0	0	0	0
10	5.818046723364	113.6248329	76.30671455	0	-546344.8951	-4182237.76	0	0	0	125.2638887	2128.387969	1.895	-546344.8951	-4182237.76	0	3609.881331	3609.881331	-105.9723523	3562.810067	-118.2553014	0	0	0	0	0	0	0	0	0	0	0	0
8	5.825135477225	113.6248329	76.30671455	0	-546344.8951	-4182237.76	0	0	0	131.4031734	2109.087699	1.895	-546344.8951	-4182237.76	0	1593.371999	1593.371999	-98.86883742	1572.595129	-104.2196861	0	0	0	0	0	0	0	0	0	0	0	0
0	5.829642230819	113.6248329	76.30671455	0	-546344.8951	-4182237.76	0	0	0	147.9502998	2031.356832	1.895	-546344.8951	-4182237.76	0	1565.475116	1565.475116	-98.71541718	1545.06201	-103.9194681	0	0	0	0	0	0	0	0	0	0	0	0
6	5.833742367255	113.6248329	76.30671455	0	-546344.8951	-4182237.76	0	0	0	131.7235145	2088.789658	1.895	-546344.8951	-4182237.76	0	410.3420585	410.3420585	-87.08541446	404.9913786	-82.70759036	0	0	0	0	0	0	0	0	0	0	0	0
2	5.847857757716	114.080183	78.25417243	0	-546344.8951	-4182237.76	0	0	0	140.8168178	2049.75186	1.895	-546344.8951	-4182237.76	0	409.6015023	409.6015023	-87.06972462	404.260479	-82.68382046	0	0	0	0	0	0	0	0	0	0	0	0
10	5.918046723364	114.080183	78.25417243	0	-546344.8951	-4182237.76	0	0	0	125.5331227	2126.398031	1.895	-546344.8951	-4182237.76	0	3609.859035	3609.859035	-105.9722987	3562.788062	-118.2551948	0	0	0	0	0	0	0	0	0	0	0	0
8	5.925135477225	114.080183	78.25417243	0	-546344.8951	-4182237.76	0	0	0	131.7086037	2107.116285	1.895	-546344.8951	-4182237.76	0	1593.664856	1593.664856	-98.87043371	1572.884168	-104.2228108	0	0	0	0	0	0	0	0	0	0	0	0
0	5.929642230819	114.080183	78.25417243	0	-546344.8951	-4182237.76	0	0	0	148.2895101	2029.425393	1.895	-546344.8951	-4182237.76	0	1562.346973	1562.346973	-98.69804361	1541.974656	-103.8854829	0	0	0	0	0	0	0	0	0	0	0	0
6	5.933742367255	114.080183	78.25417243	0	-546344.8951	-4182237.76	0	0	0	132.1117127	2086.821803	1.895	-546344.8951	-4182237.76	0	410.4870314	410.4870314	-87.08848262	405.1344612	-82.71224183	0	0	0	0	0	0	0	0	0	0	0	0
2	5.947857757716	114.5350902	80.19973584	0	-546344.8951	-4182237.76	0	0	0	141.3389318	2047.814506	1.895	-546344.8951	-4182237.76	0	409.5084176	409.5084176	-87.06775047	404.168608	-82.68083161	0	0	0	0	0	0	0	0	0	0	0	0
10	6.018046723364	114.5350902	80.19973584	0	-546344.8951	-4182237.76	0	0	0	125.8017159	2124.412829	1.895	-546344.8951	-4182237.76	0	3610.233827	3610.233827	-105.9732004	3563.157967	-118.2569871	0	0	0	0	0	0	0	0	0	0	0	0
8	6.025135477225	114.5350902	80.19973584	0	-546344.8951	-4182237.76	0	0	0	132.0186298	2105.145514	1.895	-546344.8951	-4182237.76	0	1593.816653	1593.816653	-98.87126101	1573.033985	-104.2244302	0	0	0	0	0	0	0	0	0	0	0	0
0	6.029642230819	114.5350902	80.19973584	0	-546344.8951	-4182237.76	0	0	0	148.8527885	2027.509896	1.895	-546344.8951	-4182237.76	0	1562.101697	1562.101697	-98.69667989	1541.732579	-103.8828154	0	0	0	0	0	0	0	0	0	0	0	0
6	6.033742367255	114.5350902	80.19973584	0	-546344.8951	-4182237.76	0	0	0	132.4992667	2084.857212	1.895	-546344.8951	-4182237.76	0	410.6921306	410.6921306	-87.09282143	405.336886	-82.71882145	0	0	0	0	0	0	0	0	0	0	0	0
2	6.047857757716	114.9895293	82.14329779	0	-546344.8951	-4182237.76	0	0	0	141.876402	2045.87645	1.895	-546344.8951	-4182237.76	0	409.5929482	409.5929482	-87.06954322	404.2520364	-82.68354581	0	0	0	0	0	0	0	0	0	0	0	0
10	6.118046723364	114.9895293	82.14329779	0	-546344.8951	-4182237.76	0	0	0	126.0703375	2122.427416	1.895	-546344.8951	-4182237.76	0	3611.458213	3611.458213	-105.9761457	3564.366387	-118.2628411	0	0	0	0	0	0	0	0	0	0	0	0
8	6.125135477225	114.9895293	82.14329779	0	-546344.8951	-4182237.76	0	0	0	132.3830621	2103.179037	1.895	-546344.8951	-4182237.76	0	1594.000248	1594.000248	-98.8722615	1573.215187	-104.2263886	0	0	0	0	0	0	0	0	0	0	0	0
0	6.129642230819	114.9895293	82.14329779	0	-546344.8951	-4182237.76	0	0	0	149.4174763	2025.589607	1.895	-546344.8951	-4182237.76	0	1561.748179	1561.748179	-98.69471397	1541.38367	-103.8789699	0	0	0	0	0	0	0	0	0	0	0	0
6	6.133742367255	114.9895293	82.14329779	0	-546344.8951	-4182237.76	0	0	0	132.887545	2082.88895	1.895	-546344.8951	-4182237.76	0	411.0255744	411.0255744	-87.0998707	405.6659818	-82.72951588	0	0	0	0	0	0	0	0	0	0	0	0
12	6.137873542123	114.9895293	82.14329779	0	-546344.8951	-4182237.76	0	0	0	126.7714498	2142.717566	1.895	-546344.8951	-4182237.76	0	6371.374844	6371.374844	-110.9071569	6288.29492	-128.0822419	0	0	0	0	0	0	0	0	0	0	0	0
2	6.147857757716	115.4454887	84.0933612	0	-546344.8951	-4182237.76	0	0	0	142.4253937	2043.943601	1.895	-546344.8951	-4182237.76	0	409.2592311	409.2592311	-87.06246348	403.9226709	-82.67282933	0	0	0	0	0	0	0	0	0	0	0	0
10	6.218046723364	115.4454887	84.0933612	0	-546344.8951	-4182237.76	0	0	0	126.3392091	2120.440157	1.895	-546344.8951	-4182237.76	0	3612.139231	3612.139231	-105.9777834	3565.038525	-118.2660963	0	0	0	0	0	0	0	0	0	0	0	0
8	6.225135477225	115.4454887	84.0933612	0	-546344.8951	-4182237.76	0	0	0	132.7470317	2101.215057	1.895	-546344.8951	-4182237.76	0	1594.142609	1594.142609	-98.8730372	1573.355691	-104.2279071	0	0	0	0	0	0	0	0	0	0	0	0
0	6.229642230819	115.4454887	84.0933612	0	-546344.8951	-4182237.76	0	0	0	149.9817293	2023.670796	1.895	-546344.8951	-4182237.76	0	1561.557092	1561.557092	-98.69365114	1541.195074	-103.876891	0	0	0	0	0	0	0	0	0	0	0	0
6	6.233742367255	115.4454887	84.0933612	0	-546344.8951	-4182237.76	0	0	0	133.2748796	2080.925472	1.895	-546344.8951	-4182237.76	0	411.431891	411.431891	-87.10845284	406.0670003	-82.74254333	0	0	0	0	0	0	0	0	0	0	0	0
12	6.237873542123	115.4454887	84.0933612	0	-546344.8951	-4182237.76	0	0	1	127.0035794	2140.738535	1.895	-546344.8951	-4182237.76	0	6372.469126	6372.469126	-110.9086486	6289.374934	-128.0852166	3123651.872	-10985617.05	1.895	3123651.872	-10985617.05	1.895	3123651.872	-10985617.05	1.895	3042717.014	-10700925.04	1.895
2	6.247857757716	115.9007029	86.04023781	0	-546344.8951	-4182237.76	0	0	0	142.9740025	2042.0121	1.895	-546344.8951	-4182237.76	0	409.018901	409.018901	-87.05736135	403.6854745	-82.66510984	3123651.872	-10985617.05	1.895	3123651.872	-10985617.05	1.895	3123651.872	-10985617.05	1.895	3042717.014	-10700925.04	1.895
10	6.318046723364	115.9007029	86.04023781	0	-546344.8951	-4182237.76	0	0	0	126.6191391	2118.454024	1.895	-546344.8951	-4182237.76	0	3612.001235	3612.001235	-105.9774516	3564.902328	-118.2654367	3123651.872	-10985617.05	1.895	3123651.872	-10985617.05	1.895	3123651.872	-10985617.05	1.895	3042717.014	-10700925.04	1.895
8	6.325135477225	115.9007029	86.04023781	0	-546344.8951	-4182237.76	0	0	0	133.1099287	2099.256865	1.895	-546344.8951	-4182237.76	0	1594.103226	1594.103226	-98.87282261	1573.316821	-104.227487	3123651.872	-10985617.05	1.895	3123651.872	-10985617.05	1.895	3123651.872	-10985617.05	1.895	3042717.014	-10700925.04	1.895
0	6.329642230819	115.9007029	86.04023781	0	-546344.8951	-4182237.76	0	0	0	150.5446484	2021.756522	1.895	-546344.8951	-4182237.76	0	1561.550696	1561.550696	-98.69361557	1541.188762	-103.8768214	3123651.872	-10985617.05	1.895	3123651.872	-10985617.05	1.895	3123651.872	-10985617.05	1.895	3042717.014	-10700925.04	1.895
6	6.333742367255	115.9007029	86.04023781	0	-546344.8951	-4182237.76	0	0	0	133.6625754	2078.960163	1.895	-546344.8951	-4182237.76	0	411.917383	411.917383	-87.11869619	406.5461616	-82.75810323	3123651.872	-10985617.05	1.895	3123651.872	-10985617.05	1.895	3123651.872	-10985617.05	1.895	3042717.014	-10700925.04	1.895
12	6.337873542123	115.9007029	86.04023781	0	-546344.8951	-4182237.76	0	0	1	127.2365293	2138.752509	1.895	-546344.8951	-4182237.76	0	6370.887907	6370.887907	-110.9064931	6287.814333	-128.080918	3042717.014	-10700925.04	1.895	3042717.014	-10700925.04	1.895	3042717.014	-10700925.04	1.895	3042717.014	-10700925.04	1.895
2	6.347857757716	116.4179643	87.96540508	0	-546344.8951	-4182237.76	0	0	0	143.5221444	2040.082243	1.895	-546344.8951	-4182237.76	0	409.3366245	409.3366245	-87.06410588	403.999055	-82.6753149	3042717.014	-10700925.04	1.895	3042717.014	-10700925.04	1.895	3042717.014	-10700925.04	1.895	3042717.014	-10700925.04	1.895
10	6.418046723364	116.4179643	87.96540508	0	-546344.8951	-4182237.76	0	0	0	126.9254606	2116.474716	1.895	-546344.8951	-4182237.76	0	3612.540452	3612.540452	-105.9787482	3565.434515	-118.2680138	3042717.014	-10700925.04	1.895	3042717.014	-10700925.04	1.895	3042717.014	-10700925.04	1.895	3042717.014	-10700925.04	1.895
8	6.425135477225	116.4179643	87.96540508	0	-546344.8951	-4182237.76	0	0	0	133.4733776	2097.295694	1.895	-546344.8951	-4182237.76	0	1594.236506	1594.236506	-98.8735488	1573.448364	-104.2289085	3042717.014	-10700925.04	1.895	3042717.014	-10700925.04	1.895	3042717.014	-10700925.04	1.895	3042717.014	-10700925.04	1.895
0	6.429642230819	116.4179643	87.96540508	0	-546344.8951	-4182237.76	0	0	0	151.1096263	2019.836977	1.895	-546344.8951	-4182237.76	0	1561.628253	1561.628253	-98.69404695	1541.265308	-103.8776652	3042717.014	-10700925.04	1.895	3042717.014	-10700925.04	1.895	3042717.014	-10700925.04	1.895	3042717.014	-10700925.04	1.895
6	6.433742367255	116.4179643	87.96540508	0	-546344.8951	-4182237.76	0	0	0	134.0519365	2076.986412	1.895	-546344.8951	-4182237.76	0	412.2916486	412.2916486	-87.12658456	406.915547	-82.77009382	3042717.014	-10700925.04	1.895	3042717.014	-10700925.04	1.895	3042717.014	-10700925.04	1.895	3042717.014	-10700925.04	1.895
12	6.437873542123	116.4179643	87.96540508	0	-546344.8951	-4182237.76	0	0	0	127.4691632	2136.769178	1.895	-546344.8951	-4182237.76	0	6370.628318	6370.628318	-110.9061392	6287.558128	-128.0802122	3042717.014	-10700925.04	1.895	3042717.014	-10700925.04	1.895	3042717.014	-10700925.04	1.895	3042717.014	-10700925.04	1.895
2	6.447857757716	116.9377522	89.89469594	0	-546344.8951	-4182237.76	0	0	0	144.0702308	2038.152581	1.895	-546344.8951	-4182237.76	0	409.4714429	409.4714429	-87.06696618	404.1321155	-82.67964433	3042717.014	-10700925.04	1.895	3042717.014	-10700925.04	1.895	3042717.014	-10700925.04	1.895	3042717.014	-10700925.04	1.895
10	6.518046723364	116.9377522	89.89469594	0	-546344.8951	-4182237.76	0	0	0	127.2317115	2114.495864	1.895	-546344.8951	-4182237.76	0	3613.607662	3613.607662	-105.9813138	3566.487809	-118.2731132	3042717.014	-10700925.04	1.895	3042717.014	-10700925.04	1.895	3042717.014	-10700925.04	1.895	3042717.014	-10700925.04	1.895
8	6.525135477225	116.9377522	89.89469594	0	-546344.8951	-4182237.76	0	0	0	133.837938	2095.328526	1.895	-546344.8951	-4182237.76	0	1594.183806	1594.183806	-98.87326166	1573.39635	-104.2283464	3042717.014	-10700925.04	1.895	3042717.014	-10700925.04	1.895	3042717.014	-10700925.04	1.895	3042717.014	-10700925.04	1.895
0	6.529642230819	116.9377522	89.89469594	0	-546344.8951	-4182237.76	0	0	0	151.6806335	2017.920145	1.895	-546344.8951	-4182237.76	0	1561.365288	1561.365288	-98.6925842	1541.005771	-103.874804	3042717.014	-10700925.04	1.895	3042717.014	-10700925.04	1.895	3042717.014	-10700925.04	1.895	3042717.014	-10700925.04	1.895
6	6.533742367255	116.9377522	89.89469594	0	-546344.8951	-4182237.76	0	0	0	134.492142	2075.034766	1.895	-546344.8951	-4182237.76	0	412.8431107	412.8431107	-87.13819464	407.4598183	-82.78775412	3042717.014	-10700925.04	1.895	3042717.014	-10700925.04	1.895	3042717.014	-10700925.04	1.895	3042717.014	-10700925.04	1.895
12	6.537873542123	116.9377522	89.89469594	0	-546344.8951	-4182237.76	0	0	0	127.7240182	2134.791955	1.895	-546344.8951	-4182237.76	0	6371.341087	6371.341087	-110.9071109	6288.261603	-128.0821501	3042717.014	-10700925.04	1.895	3042717.014	-10700925.04	1.895	3042717.014	-10700925.04	1.895	3042717.014	-10700925.04	1.895
2	6.547857757716	117.4583552	91.82701206	0	-546344.8951	-4182237.76	0	0	0	144.6171243	2036.227119	1.895	-546344.8951	-4182237.76	0	409.3084564	409.3084564	-87.06350815	403.9712543	-82.67441027	3042717.014	-10700925.04	1.895	3042717.014	-10700925.04	1.895	3042717.014	-10700925.04	1.895	3042717.014	-10700925.04	1.895
10	6.618046723364	117.4583552	91.82701206	0	-546344.8951	-4182237.76	0	0	0	127.5390406	2112.510046	1.895	-546344.8951	-4182237.76	0	3613.580465	3613.580465	-105.9812484	3566.460966	-118.2729832	3042717.014	-10700925.04	1.895	3042717.014	-10700925.04	1.895	3042717.014	-10700925.04	1.895	3042717.014	-10700925.04	1.895
8	6.625135477225	117.4583552	91.82701206	0	-546344.8951	-4182237.76	0	0	0	134.2012081	2093.368321	1.895	-546344.8951	-4182237.76	0	1594.516478	1594.516478	-98.87507404	1573.724685	-104.2318941	3042717.014	-10700925.04	1.895	3042717.014	-10700925.04	1.895	3042717.014	-10700925.04	1.895	3042717.014	-10700925.04	1.895
0	6.629642230819	117.4583552	91.82701206	0	-546344.8951	-4182237.76	0	0	0	152.2517197	2016.003047	1.895	-546344.8951	-4182237.76	0	1561.35829	1561.35829	-98.69254527	1540.998865	-103.8747279	3042717.014	-10700925.04	1.895	3042717.014	-10700925.04	1.895	3042717.014	-10700925.04	1.895	3042717.014	-10700925.04	1.895
6	6.633742367255	117.4583552	91.82701206	0	-546344.8951	-4182237.76	0	0	0	134.9499494	2073.077864	1.895	-546344.8951	-4182237.76	0	412.8126655	412.8126655	-87.13755407	407.4297701	-82.78677936	3042717.014	-10700925.04	1.895	3042717.014	-10700925.04	1.895	3042717.014	-10700925.04	1.895	3042717.014	-10700925.04	1.895
12	6.637873542123	117.4583552	91.82701206	0	-546344.8951	-4182237.76	0	0	0	127.9905529	2132.819122	1.895	-546344.8951	-4182237.76	0	6372.076686	6372.076686	-110.9081137	6288.98761	-128.0841498	3042717.014	-10700925.04	1.895	3042717.014	-10700925.04	1.895	3042717.014	-10700925.04	1.895	3042717.014	-10700925.04	1.895
