1	2.121182739839	132.0367638	1968.728966	0	-546344.8951	-4182237.76	0	0	0	181.474386	199.3986217	1.895	-546344.8951	-4182237.76	0	995.5026806	995.5026806	-94.78334248	982.5217638	-96.31168126	0	0	0	0	0	0	0	0	0	0	0	0
3	2.139957928192	132.0367638	1968.728966	0	-546344.8951	-4182237.76	0	0	0	167.673519	190.7314448	1.895	-546344.9226	-4182238.498	0	240.6139328	240.6139328	-82.44890923	237.476433	-77.65129073	0	0	0	0	0	0	0	0	0	0	0	0
1	2.221182739839	132.0367638	1968.728966	0	-546344.8951	-4182237.76	0	0	0	182.6275364	200.4510512	1.895	-546344.8951	-4182237.76	0	1008.292337	1008.292337	-94.89422314	995.1446491	-96.52320273	0	0	0	0	0	0	0	0	0	0	0	0
3	2.239957928192	132.9752219	1967.732837	0	-546344.8951	-4182237.76	0	0	0	168.7899276	191.8207326	1.895	-546344.9226	-4182238.498	0	246.5435174	246.5435174	-82.66036556	243.3286985	-77.74723158	0	0	0	0	0	0	0	0	0	0	0	0
1	2.321182739839	132.9752219	1967.732837	0	-546344.8951	-4182237.76	0	0	0	183.8078559	201.4723025	1.895	-546344.8951	-4182237.76	0	1020.503182	1020.503182	-94.99878107	1007.19627	-96.7228673	0	0	0	0	0	0	0	0	0	0	0	0
3	2.339957928192	133.9221163	1966.727754	0	-546344.8951	-4182237.76	0	0	0	169.9112243	192.8942549	1.895	-546344.9226	-4182238.498	0	251.9089924	251.9089924	-82.84736722	248.62421	-77.84846144	0	0	0	0	0	0	0	0	0	0	0	0
1	2.421182739839	133.9221163	1966.727754	0	-546344.8951	-4182237.76	0	0	0	184.9880194	202.4934189	1.895	-546344.8951	-4182237.76	0	1033.143721	1033.143721	-95.10570862	1019.671982	-96.92725767	0	0	0	0	0	0	0	0	0	0	0	0
3	2.439957928192	134.8654177	1965.726484	0	-546344.8951	-4182237.76	0	0	0	171.0349312	193.9700845	1.895	-546344.9226	-4182238.498	0	257.6198111	257.6198111	-83.04207895	254.2605621	-77.96902294	0	0	0	0	0	0	0	0	0	0	0	0
1	2.521182739839	134.8654177	1965.726484	0	-546344.8951	-4182237.76	0	0	0	186.1684491	203.5147656	1.895	-546344.8951	-4182237.76	0	1045.746476	1045.746476	-95.211022	1032.110402	-97.12875653	0	0	0	0	0	0	0	0	0	0	0	0
3	2.539957928192	135.8105785	1964.723241	0	-546344.8951	-4182237.76	0	0	0	172.16144	195.0485967	1.895	-546344.9226	-4182238.498	0	263.4446859	263.4446859	-83.23628265	260.0094831	-78.10361834	0	0	0	0	0	0	0	0	0	0	0	0
1	2.621182739839	135.8105785	1964.723241	0	-546344.8951	-4182237.76	0	0	0	187.3523813	204.5391428	1.895	-546344.8951	-4182237.76	0	1057.760322	1057.760322	-95.31023924	1043.967593	-97.31876371	0	0	0	0	0	0	0	0	0	0	0	0
3	2.639957928192	136.7664122	1963.708669	0	-546344.8951	-4182237.76	0	0	0	173.286543	196.1257629	1.895	-546344.9226	-4182238.498	0	268.7723759	268.7723759	-83.41018641	265.2677025	-78.23551052	0	0	0	0	0	0	0	0	0	0	0	0
1	2.721182739839	136.7664122	1963.708669	0	-546344.8951	-4182237.76	0	0	0	188.5350989	205.5624691	1.895	-546344.8951	-4182237.76	0	1069.592001	1069.592001	-95.40685673	1055.644992	-97.50394934	0	0	0	0	0	0	0	0	0	0	0	0
3	2.739957928192	137.7241713	1962.692053	0	-546344.8951	-4182237.76	0	0	0	174.4102105	197.2015549	1.895	-546344.9226	-4182238.498	0	274.0064869	274.0064869	-83.57771069	270.4335629	-78.37210117	0	0	0	0	0	0	0	0	0	0	0	0
1	2.821182739839	137.7241713	1962.692053	0	-546344.8951	-4182237.76	0	0	0	189.7200818	206.5877553	1.895	-546344.8951	-4182237.76	0	1082.110741	1082.110741	-95.50792796	1068.000493	-97.69783386	0	0	0	0	0	0	0	0	0	0	0	0
3	2.839957928192	138.6778241	1961.679796	0	-546344.8951	-4182237.76	0	0	0	175.5280297	198.2717478	1.895	-546344.9226	-4182238.498	0	279.2321387	279.2321387	-83.74180186	275.5910745	-78.51445411	0	0	0	0	0	0	0	0	0	0	0	0
1	2.921182739839	138.6778241	1961.679796	0	-546344.8951	-4182237.76	0	0	0	190.9046267	207.6126626	1.895	-546344.8951	-4182237.76	0	1094.918095	1094.918095	-95.61012647	1080.640845	-97.89404618	0	0	0	0	0	0	0	0	0	0	0	0
3	2.939957928192	139.6291722	1960.669985	0	-546344.8951	-4182237.76	0	0	0	176.6535922	199.3493539	1.895	-546344.9226	-4182238.498	0	284.9935034	284.9935034	-83.91919301	281.2773136	-78.67734588	0	0	0	0	0	0	0	0	0	0	0	0
1	3.021182739839	139.6291722	1960.669985	0	-546344.8951	-4182237.76	0	0	0	192.0901016	208.6383747	1.895	-546344.8951	-4182237.76	0	1106.618713	1106.618713	-95.702454	1092.188892	-98.07144703	0	0	0	0	0	0	0	0	0	0	0	0
3	3.039957928192	140.5940769	1959.645784	0	-546344.8951	-4182237.76	0	0	0	177.7762991	200.4242262	1.895	-546344.9226	-4182238.498	0	290.0167858	290.0167858	-84.0709565	286.2350946	-78.82373372	0	0	0	0	0	0	0	0	0	0	0	0
7	3.119802985189	140.5940769	1959.645784	0	-546344.8951	-4182237.76	0	0	0	159.4597544	177.2012743	1.895	-546344.9226	-4182238.498	0	202.7886881	202.7886881	-80.96336831	200.1444128	-77.70707049	0	0	0	0	0	0	0	0	0	0	0	0
1	3.121182739839	140.5940769	1959.645784	0	-546344.8951	-4182237.76	0	0	0	193.2757815	209.664264	1.895	-546344.8951	-4182237.76	0	1118.582849	1118.582849	-95.79585692	1103.997021	-98.25104663	0	0	0	0	0	0	0	0	0	0	0	0
3	3.139957928192	141.557441	1958.623219	0	-546344.8951	-4182237.76	0	0	0	178.9023384	201.5022889	1.895	-546344.9226	-4182238.498	0	295.3306636	295.3306636	-84.22866463	291.4796818	-78.98236971	0	0	0	0	0	0	0	0	0	0	0	0
7	3.219802985189	141.557441	1958.623219	0	-546344.8951	-4182237.76	0	0	0	160.5292707	178.3352463	1.895	-546344.9226	-4182238.498	0	198.7105874	198.7105874	-80.78691394	196.1194888	-77.82698388	0	0	0	0	0	0	0	0	0	0	0	0
1	3.221182739839	141.557441	1958.623219	0	-546344.8951	-4182237.76	0	0	0	194.4566825	210.6860184	1.895	-546344.8951	-4182237.76	0	1129.845425	1129.845425	-95.88287443	1115.112738	-98.41848562	0	0	0	0	0	0	0	0	0	0	0	0
3	3.239957928192	142.5247045	1957.596515	0	-546344.8951	-4182237.76	0	0	0	180.031841	202.5659166	1.895	-546344.9226	-4182238.498	0	300.2468724	300.2468724	-84.37206364	296.3317853	-79.13210336	0	0	0	0	0	0	0	0	0	0	0	0
7	3.319802985189	142.5247045	1957.596515	0	-546344.8951	-4182237.76	0	0	0	161.597545	179.4679016	1.895	-546344.9226	-4182238.498	0	194.2658198	194.2658198	-80.5904217	191.732679	-77.99889955	0	0	0	0	0	0	0	0	0	0	0	0
1	3.321182739839	142.5247045	1957.596515	0	-546344.8951	-4182237.76	0	0	0	195.6386998	211.7087388	1.895	-546344.8951	-4182237.76	0	1141.125022	1141.125022	-95.96915837	1126.245254	-98.58462294	0	0	0	0	0	0	0	0	0	0	0	0
3	3.339957928192	143.5219138	1956.605862	0	-546344.8951	-4182237.76	0	0	0	181.2024928	203.5783721	1.895	-546344.9226	-4182238.498	0	305.1389028	305.1389028	-84.51244541	301.1600258	-79.28352257	0	0	0	0	0	0	0	0	0	0	0	0
7	3.419802985189	143.5219138	1956.605862	0	-546344.8951	-4182237.76	0	0	0	162.6720278	180.6071394	1.895	-546344.9226	-4182238.498	0	189.529914	189.529914	-80.37604911	187.0585274	-78.23821037	0	0	0	0	0	0	0	0	0	0	0	0
1	3.421182739839	143.5219138	1956.605862	0	-546344.8951	-4182237.76	0	0	0	196.8453563	212.7033399	1.895	-546344.8951	-4182237.76	0	1152.201423	1152.201423	-96.05306195	1137.177224	-98.74627998	0	0	0	0	0	0	0	0	0	0	0	0
3	3.439957928192	144.5398694	1955.631278	0	-546344.8951	-4182237.76	0	0	0	182.37825	204.5952432	1.895	-546344.9226	-4182238.498	0	310.1837163	310.1837163	-84.6548737	306.1390571	-79.44182749	0	0	0	0	0	0	0	0	0	0	0	0
7	3.519802985189	144.5398694	1955.631278	0	-546344.8951	-4182237.76	0	0	0	163.7461958	181.7460436	1.895	-546344.9226	-4182238.498	0	185.2556597	185.2556597	-80.1779235	182.8400074	-78.513829	0	0	0	0	0	0	0	0	0	0	0	0
1	3.521182739839	144.5398694	1955.631278	0	-546344.8951	-4182237.76	0	0	0	198.0604745	213.6827874	1.895	-546344.8951	-4182237.76	0	1162.197419	1162.197419	-96.12809193	1147.042876	-98.89092484	0	0	0	0	0	0	0	0	0	0	0	0
3	3.539957928192	145.5685753	1954.646402	0	-546344.8951	-4182237.76	0	0	0	183.5549063	205.6128919	1.895	-546344.9226	-4182238.498	0	314.7958089	314.7958089	-84.78307264	310.6910101	-79.58818014	0	0	0	0	0	0	0	0	0	0	0	0
7	3.619802985189	145.5685753	1954.646402	0	-546344.8951	-4182237.76	0	0	0	164.8181396	182.8825895	1.895	-546344.9226	-4182238.498	0	181.3043227	181.3043227	-79.99065698	178.9401942	-78.82913672	0	0	0	0	0	0	0	0	0	0	0	0
1	3.621182739839	145.5685753	1954.646402	0	-546344.8951	-4182237.76	0	0	0	199.2768462	214.6632453	1.895	-546344.8951	-4182237.76	0	1171.884485	1171.884485	-96.20018989	1156.603627	-99.02999125	0	0	0	0	0	0	0	0	0	0	0	0
3	3.639957928192	146.6024824	1953.656546	0	-546344.8951	-4182237.76	0	0	0	184.7260846	206.6258029	1.895	-546344.9226	-4182238.498	0	318.9379214	318.9379214	-84.89661699	314.7791113	-79.72074272	0	0	0	0	0	0	0	0	0	0	0	0
7	3.719802985189	146.6024824	1953.656546	0	-546344.8951	-4182237.76	0	0	0	165.8899998	184.0190468	1.895	-546344.9226	-4182238.498	0	177.1689016	177.1689016	-79.79024366	174.8586971	-79.23413714	0	0	0	0	0	0	0	0	0	0	0	0
1	3.721182739839	146.6024824	1953.656546	0	-546344.8951	-4182237.76	0	0	0	200.4896041	215.6407903	1.895	-546344.8951	-4182237.76	0	1181.93945	1181.93945	-96.27439838	1166.52748	-99.17320312	0	0	0	0	0	0	0	0	0	0	0	0
3	3.739957928192	147.6298155	1952.672984	0	-546344.8951	-4182237.76	0	0	0	185.901275	207.6421838	1.895	-546344.9226	-4182238.498	0	323.6367303	323.6367303	-85.0236499	319.4166498	-79.87220741	0	0	0	0	0	0	0	0	0	0	0	0
7	3.819802985189	147.6298155	1952.672984	0	-546344.8951	-4182237.76	0	0	0	166.9658336	185.159717	1.895	-546344.9226	-4182238.498	0	173.1949397	173.1949397	-79.59319778	170.9365539	-79.71091325	0	0	0	0	0	0	0	0	0	0	0	0
1	3.821182739839	147.6298155	1952.672984	0	-546344.8951	-4182237.76	0	0	0	201.7031622	216.6189803	1.895	-546344.8951	-4182237.76	0	1191.434339	1191.434339	-96.34389606	1175.898559	-99.30739137	0	0	0	0	0	0	0	0	0	0	0	0
3	3.839957928192	148.6645428	1951.682343	0	-546344.8951	-4182237.76	0	0	0	187.0787326	208.6605255	1.895	-546344.9226	-4182238.498	0	328.1192025	328.1192025	-85.14312675	323.8406726	-80.01759592	0	0	0	0	0	0	0	0	0	0	0	0
7	3.919802985189	148.6645428	1951.682343	0	-546344.8951	-4182237.76	0	0	0	168.0375992	186.296074	1.895	-546344.9226	-4182238.498	0	169.5646194	169.5646194	-79.40919859	167.3535714	-80.23780953	0	0	0	0	0	0	0	0	0	0	0	0
1	3.921182739839	148.6645428	1951.682343	0	-546344.8951	-4182237.76	0	0	0	202.921233	217.6008076	1.895	-546344.8951	-4182237.76	0	1200.999271	1200.999271	-96.41334867	1185.338769	-99.44155691	0	0	0	0	0	0	0	0	0	0	0	0
3	3.939957928192	149.7034325	1950.687716	0	-546344.8951	-4182237.76	0	0	0	188.2506642	209.674088	1.895	-546344.9226	-4182238.498	0	332.1675785	332.1675785	-85.24963861	327.8362595	-80.14952297	0	0	0	0	0	0	0	0	0	0	0	0
7	4.019802985189	149.7034325	1950.687716	0	-546344.8951	-4182237.76	0	0	0	169.1085481	187.431565	1.895	-546344.9226	-4182238.498	0	165.7516365	165.7516365	-79.2116503	163.5903081	-80.90602375	0	0	0	0	0	0	0	0	0	0	0	0
1	4.021182739839	149.7034325	1950.687716	0	-546344.8951	-4182237.76	0	0	0	204.1418556	218.584692	1.895	-546344.8951	-4182237.76	0	1211.562806	1211.562806	-96.48941245	1195.76456	-99.58856626	0	0	0	0	0	0	0	0	0	0	0	0
3	4.039957928192	150.7349109	1949.700186	0	-546344.8951	-4182237.76	0	0	0	189.4292273	210.6933858	1.895	-546344.9226	-4182238.498	0	336.9499976	336.9499976	-85.37380295	332.5563179	-80.30597723	0	0	0	0	0	0	0	0	0	0	0	0
7	4.119802985189	150.7349109	1949.700186	0	-546344.8951	-4182237.76	0	0	0	170.1833355	188.5711259	1.895	-546344.9226	-4182238.498	0	162.1268779	162.1268779	-79.01959419	160.0128148	-81.67450481	0	0	0	0	0	0	0	0	0	0	0	0
1	4.121182739839	150.7349109	1949.700186	0	-546344.8951	-4182237.76	0	0	0	205.3595663	219.5662292	1.895	-546344.8951	-4182237.76	0	1221.148264	1221.148264	-96.55786173	1205.225028	-99.72092293	0	0	0	0	0	0	0	0	0	0	0	0
9	4.131111553067	151.7746331	1948.704762	0	-546344.8951	-4182237.76	0	0	0	159.4597544	177.2012743	1.895	-546344.8951	-4182237.76	0	795.4890932	795.4890932	-92.83517839	785.1162655	-92.63813175	0	0	0	0	0	0	0	0	0	0	0	0
3	4.139957928192	151.7746331	1948.704762	0	-546344.8951	-4182237.76	0	0	0	190.6025084	211.7081154	1.895	-546344.9226	-4182238.498	0	341.0981883	341.0981883	-85.48008206	336.6504181	-80.44209889	0	0	0	0	0	0	0	0	0	0	0	0
7	4.219802985189	151.7746331	1948.704762	0	-546344.8951	-4182237.76	0	0	0	171.3081647	189.6531309	1.895	-546344.9226	-4182238.498	0	159.1118163	159.1118163	-78.85654247	157.0370682	-82.43284606	0	0	0	0	0	0	0	0	0	0	0	0
1	4.221182739839	151.7746331	1948.704762	0	-546344.8951	-4182237.76	0	0	0	206.5720036	220.5435157	1.895	-546344.8951	-4182237.76	0	1230.384342	1230.384342	-96.62330972	1214.340672	-99.84753199	0	0	0	0	0	0	0	0	0	0	0	0
9	4.231111553067	152.8137202	1947.709947	0	-546344.8951	-4182237.76	0	0	0	160.4077134	178.2063633	1.895	-546344.8951	-4182237.76	0	798.1957764	798.1957764	-92.86468231	787.7876548	-92.6930644	0	0	0	0	0	0	0	0	0	0	0	0
3	4.239957928192	152.8137202	1947.709947	0	-546344.8951	-4182237.76	0	0	0	191.7739043	212.7212145	1.895	-546344.9226	-4182238.498	0	345.2228235	345.2228235	-85.58448381	340.7212699	-80.57773272	0	0	0	0	0	0	0	0	0	0	0	0
7	4.319802985189	152.8137202	1947.709947	0	-546344.8951	-4182237.76	0	0	0	172.4374295	190.7356609	1.895	-546344.9226	-4182238.498	0	156.0333453	156.0333453	-78.68684219	153.9987391	-83.33705716	0	0	0	0	0	0	0	0	0	0	0	0
1	4.321182739839	152.8137202	1947.709947	0	-546344.8951	-4182237.76	0	0	0	207.7858515	221.5219392	1.895	-546344.8951	-4182237.76	0	1239.880939	1239.880939	-96.69009347	1223.713437	-99.97678058	0	0	0	0	0	0	0	0	0	0	0	0
9	4.331111553067	153.8520538	1946.715853	0	-546344.8951	-4182237.76	0	0	0	161.3559197	179.2117144	1.895	-546344.8951	-4182237.76	0	800.840509	800.840509	-92.89341446	790.3979013	-92.74658383	0	0	0	0	0	0	0	0	0	0	0	0
3	4.339957928192	153.8520538	1946.715853	0	-546344.8951	-4182237.76	0	0	0	192.9444911	213.7336139	1.895	-546344.9226	-4182238.498	0	349.3820989	349.3820989	-85.68850679	344.82631	-80.71470801	0	0	0	0	0	0	0	0	0	0	0	0
7	4.419802985189	153.8520538	1946.715853	0	-546344.8951	-4182237.76	0	0	0	173.5650316	191.816597	1.895	-546344.9226	-4182238.498	0	153.0937832	153.0937832	-78.52164491	151.0975076	-84.33324088	0	0	0	0	0	0	0	0	0	0	0	0
1	4.421182739839	153.8520538	1946.715853	0	-546344.8951	-4182237.76	0	0	0	209.0040722	222.4972954	1.895	-546344.8951	-4182237.76	0	1249.306485	1249.306485	-96.75587369	1233.016078	-100.104141	0	0	0	0	0	0	0	0	0	0	0	0
9	4.431111553067	154.8952496	1945.722217	0	-546344.8951	-4182237.76	0	0	0	162.3063527	180.2194265	1.895	-546344.8951	-4182237.76	0	803.4691453	803.4691453	-92.92187788	792.9922613	-92.79962561	0	0	0	0	0	0	0	0	0	0	0	0
3	4.439957928192	154.8952496	1945.722217	0	-546344.8951	-4182237.76	0	0	0	194.1286812	214.7444601	1.895	-546344.9226	-4182238.498	0	353.7988342	353.7988342	-85.79762175	349.1854531	-80.86029698	0	0	0	0	0	0	0	0	0	0	0	0
7	4.519802985189	154.8952496	1945.722217	0	-546344.8951	-4182237.76	0	0	0	174.6923481	192.8972594	1.895	-546344.9226	-4182238.498	0	149.8299011	149.8299011	-78.33446366	147.8761852	-85.57357488	0	0	0	0	0	0	0	0	0	0	0	0
1	4.521182739839	154.8952496	1945.722217	0	-546344.8951	-4182237.76	0	0	0	210.2597869	223.429926	1.895	-546344.8951	-4182237.76	0	1258.209378	1258.209378	-96.81755216	1241.802881	-100.2236079	0	0	0	0	0	0	0	0	0	0	0	0
9	4.531111553067	155.9892012	1944.776096	0	-546344.8951	-4182237.76	0	0	0	163.2595386	181.2300574	1.895	-546344.8951	-4182237.76	0	805.5770148	805.5770148	-92.94463513	795.0726451	-92.84205022	0	0	0	0	0	0	0	0	0	0	0	0
3	4.539957928192	155.9892012	1944.776096	0	-546344.8951	-4182237.76	0	0	0	195.3377841	215.7197534	1.895	-546344.9226	-4182238.498	0	357.8084026	357.8084026	-85.8955045	353.1427385	-80.99251416	0	0	0	0	0	0	0	0	0	0	0	0
7	4.619802985189	155.9892012	1944.776096	0	-546344.8951	-4182237.76	0	0	0	175.8218798	193.9800453	1.895	-546344.9226	-4182238.498	0	146.7183367	146.7183367	-78.1521817	144.8051941	-86.77956878	0	0	0	0	0	0	0	0	0	0	0	0
1	4.621182739839	155.9892012	1944.776096	0	-546344.8951	-4182237.76	0	0	0	211.5169019	224.3635966	1.895	-546344.8951	-4182237.76	0	1266.719138	1266.719138	-96.87610044	1250.201677	-100.3370542	0	0	0	0	0	0	0	0	0	0	0	0
9	4.631111553067	157.0892486	1943.824704	0	-546344.8951	-4182237.76	0	0	0	164.215315	182.2434349	1.895	-546344.8951	-4182237.76	0	807.969768	807.969768	-92.97039602	797.4341978	-92.89009169	0	0	0	0	0	0	0	0	0	0	0	0
3	4.639957928192	157.0892486	1943.824704	0	-546344.8951	-4182237.76	0	0	0	196.5475233	216.69556	1.895	-546344.9226	-4182238.498	0	361.5707238	361.5707238	-85.98635897	356.8560007	-81.1165671	0	0	0	0	0	0	0	0	0	0	0	0
7	4.719802985189	157.0892486	1943.824704	0	-546344.8951	-4182237.76	0	0	0	176.9516884	195.0630966	1.895	-546344.9226	-4182238.498	0	143.7526861	143.7526861	-77.97481317	141.8782143	-87.66546039	0	0	0	0	0	0	0	0	0	0	0	0
1	4.721182739839	157.0892486	1943.824704	0	-546344.8951	-4182237.76	0	0	0	212.7710872	225.2950913	1.895	-546344.8951	-4182237.76	0	1274.650324	1274.650324	-96.93031502	1258.029445	-100.4421398	0	0	0	0	0	0	0	0	0	0	0	0
9	4.731111553067	158.1932232	1942.869915	0	-546344.8951	-4182237.76	0	0	0	165.1759536	183.2619676	1.895	-546344.8951	-4182237.76	0	810.300614	810.300614	-92.99541716	799.7346506	-92.93677118	0	0	0	0	0	0	0	0	0	0	0	0
3	4.739957928192	158.1932232	1942.869915	0	-546344.8951	-4182237.76	0	0	0	197.7531432	217.6680438	1.895	-546344.9226	-4182238.498	0	364.9576789	364.9576789	-86.06734392	360.1987914	-81.2281964	0	0	0	0	0	0	0	0	0	0	0	0
7	4.819802985189	158.1932232	1942.869915	0	-546344.8951	-4182237.76	0	0	0	178.0827469	196.147346	1.895	-546344.9226	-4182238.498	0	140.5809854	140.5809854	-77.78102546	138.7478712	-87.80214867	0	0	0	0	0	0	0	0	0	0	0	0
1	4.821182739839	158.1932232	1942.869915	0	-546344.8951	-4182237.76	0	0	0	214.0267227	226.2276632	1.895	-546344.8951	-4182237.76	0	1283.387518	1283.387518	-96.98965003	1266.65271	-100.5571901	0	0	0	0	0	0	0	0	0	0	0	0
9	4.831111553067	159.2904911	1941.920927	0	-546344.8951	-4182237.76	0	0	0	166.1368369	184.2807598	1.895	-546344.8951	-4182237.76	0	812.1619665	812.1619665	-93.01534675	801.5717319	-92.97396421	0	0	0	0	0	0	0	0	0	0	0	0
3	4.839957928192	159.2904911	1941.920927	0	-546344.8951	-4182237.76	0	0	0	198.967286	218.6474025	1.895	-546344.9226	-4182238.498	0	369.1268712	369.1268712	-86.16600703	364.3136193	-81.36550038	0	0	0	0	0	0	0	0	0	0	0	0
7	4.919802985189	159.2904911	1941.920927	0	-546344.8951	-4182237.76	0	0	0	179.2108332	197.2287463	1.895	-546344.9226	-4182238.498	0	137.8615757	137.8615757	-77.61135856	136.0639214	-87.01185228	0	0	0	0	0	0	0	0	0	0	0	0
1	4.921182739839	159.2904911	1941.920927	0	-546344.8951	-4182237.76	0	0	0	215.2784352	227.1573213	1.895	-546344.8951	-4182237.76	0	1290.806116	1290.806116	-97.03971409	1273.974572	-100.654296	0	0	0	0	0	0	0	0	0	0	0	0
9	4.931111553067	160.3985606	1940.962596	0	-546344.8951	-4182237.76	0	0	0	167.103213	185.3053758	1.895	-546344.8951	-4182237.76	0	814.4185719	814.4185719	-93.03944718	803.7989122	-93.01895546	0	0	0	0	0	0	0	0	0	0	0	0
3	4.939957928192	160.3985606	1940.962596	0	-546344.8951	-4182237.76	0	0	0	200.1807868	219.6262433	1.895	-546344.9226	-4182238.498	0	372.7417877	372.7417877	-86.25065548	367.8813988	-81.4844179	0	0	0	0	0	0	0	0	0	0	0	0
7	5.019802985189	160.3985606	1940.962596	0	-546344.8951	-4182237.76	0	0	0	180.3360569	198.3074025	1.895	-546344.9226	-4182238.498	0	135.1582953	135.1582953	-77.43934792	133.3958907	-85.61926756	0	0	0	0	0	0	0	0	0	0	0	0
1	5.021182739839	160.3985606	1940.962596	0	-546344.8951	-4182237.76	0	0	0	216.5281311	228.0854817	1.895	-546344.8951	-4182237.76	0	1298.422535	1298.422535	-97.09081469	1281.491676	-100.7534422	0	0	0	0	0	0	0	0	0	0	0	0
9	5.031111553067	161.5030782	1940.007338	0	-546344.8951	-4182237.76	0	0	0	168.0747881	186.3355041	1.895	-546344.8951	-4182237.76	0	816.0267083	816.0267083	-93.05658127	805.3860792	-93.05095143	0	0	0	0	0	0	0	0	0	0	0	0
3	5.039957928192	161.5030782	1940.007338	0	-546344.8951	-4182237.76	0	0	0	201.3942644	220.6050654	1.895	-546344.9226	-4182238.498	0	376.5608218	376.5608218	-86.33919646	371.6506344	-81.6098806	0	0	0	0	0	0	0	0	0	0	0	0
7	5.119802985189	161.5030782	1940.007338	0	-546344.8951	-4182237.76	0	0	0	181.4618651	199.386619	1.895	-546344.9226	-4182238.498	0	132.7357735	132.7357735	-77.2822535	131.0049574	-84.15597168	0	0	0	0	0	0	0	0	0	0	0	0
1	5.121182739839	161.5030782	1940.007338	0	-546344.8951	-4182237.76	0	0	0	217.7869865	229.0204449	1.895	-546344.8951	-4182237.76	0	1306.03602	1306.03602	-97.1415969	1289.005885	-100.852	0	0	0	0	0	0	0	0	0	0	0	0
9	5.131111553067	162.6167768	1939.044139	0	-546344.8951	-4182237.76	0	0	0	169.0402454	187.359146	1.895	-546344.8951	-4182237.76	0	818.8774037	818.8774037	-93.08687155	808.1996027	-93.10753457	0	0	0	0	0	0	0	0	0	0	0	0
11	5.138561273145	162.6167768	1939.044139	0	-546344.8951	-4182237.76	0	0	0	157.0367638	179.4410342	1.895	-546344.8951	-4182237.76	0	1816.326137	1816.326137	-100.0063705	1792.642044	-106.4510807	0	0	0	0	0	0	0	0	0	0	0	0
3	5.139957928192	162.6167768	1939.044139	0	-546344.8951	-4182237.76	0	0	0	202.6083675	221.584392	1.895	-546344.9226	-4182238.498	0	379.9627871	379.9627871	-86.41731509	375.0082395	-81.7214684	0	0	0	0	0	0	0	0	0	0	0	0
7	5.219802985189	162.6167768	1939.044139	0	-546344.8951	-4182237.76	0	0	0	182.6163133	200.4413406	1.895	-546344.9226	-4182238.498	0	130.5578761	130.5578761	-77.13855533	128.8554589	-82.82060226	0	0	0	0	0	0	0	0	0	0	0	0
1	5.221182739839	162.6167768	1939.044139	0	-546344.8951	-4182237.76	0	0	0	219.0423904	229.9528447	1.895	-546344.8951	-4182237.76	0	1313.065535	1313.065535	-97.18822185	1295.943738	-100.9425151	0	0	0	0	0	0	0	0	0	0	0	0
9	5.231111553067	163.7338089	1938.078057	0	-546344.8951	-4182237.76	0	0	0	170.009841	188.3871755	1.895	-546344.8951	-4182237.76	0	821.6838978	821.6838978	-93.11658933	810.9695014	-93.16307232	0	0	0	0	0	0	0	0	0	0	0	0
11	5.238561273145	163.7338089	1938.078057	0	-546344.8951	-4182237.76	0	0	0	158.106107	180.5760912	1.895	-546344.8951	-4182237.76	0	1809.241625	1809.241625	-99.97242522	1785.649911	-106.3843662	0	0	0	0	0	0	0	0	0	0	0	0
3	5.239957928192	163.7338089	1938.078057	0	-546344.8951	-4182237.76	0	0	0	203.8187418	222.5607108	1.895	-546344.9226	-4182238.498	0	383.0253736	383.0253736	-86.4870447	378.0308913	-81.82176563	0	0	0	0	0	0	0	0	0	0	0	0
7	5.319802985189	163.7338089	1938.078057	0	-546344.8951	-4182237.76	0	0	0	183.7940463	201.460354	1.895	-546344.9226	-4182238.498	0	128.7609318	128.7609318	-77.01817602	127.0819459	-81.75278903	0	0	0	0	0	0	0	0	0	0	0	0
1	5.321182739839	163.7338089	1938.078057	0	-546344.8951	-4182237.76	0	0	0	220.2987738	230.885972	1.895	-546344.8951	-4182237.76	0	1320.353775	1320.353775	-97.23630003	1303.136943	-101.0358768	0	0	0	0	0	0	0	0	0	0	0	0
9	5.331111553067	164.8494788	1937.113153	0	-546344.8951	-4182237.76	0	0	0	171.0244019	189.3811116	1.895	-546344.8951	-4182237.76	0	824.2210069	824.2210069	-93.14336739	813.4735277	-93.21313647	0	0	0	0	0	0	0	0	0	0	0	0
11	5.338561273145	164.8494788	1937.113153	0	-546344.8951	-4182237.76	0	0	0	159.1684587	181.7037271	1.895	-546344.8951	-4182237.76	0	1802.930624	1802.930624	-99.94207411	1779.421202	-106.3247216	0	0	0	0	0	0	0	0	0	0	0	0
3	5.339957928192	164.8494788	1937.113153	0	-546344.8951	-4182237.76	0	0	0	205.0233824	223.5324048	1.895	-546344.9226	-4182238.498	0	385.8869023	385.8869023	-86.55169456	380.8551069	-81.91532891	0	0	0	0	0	0	0	0	0	0	0	0
7	5.419802985189	164.8494788	1937.113153	0	-546344.8951	-4182237.76	0	0	0	184.9794028	202.4859635	1.895	-546344.9226	-4182238.498	0	126.5373655	126.5373655	-76.86686957	124.887374	-80.49839916	0	0	0	0	0	0	0	0	0	0	0	0
1	5.421182739839	164.8494788	1937.113153	0	-546344.8951	-4182237.76	0	0	0	221.5587314	231.8217538	1.895	-546344.8951	-4182237.76	0	1328.755607	1328.755607	-97.29139601	1311.429219	-101.1428976	0	0	0	0	0	0	0	0	0	0	0	0
9	5.431111553067	165.9573104	1936.155029	0	-546344.8951	-4182237.76	0	0	0	172.0476333	190.3619964	1.895	-546344.8951	-4182237.76	0	826.4272012	826.4272012	-93.16658587	815.6509542	-93.25656111	0	0	0	0	0	0	0	0	0	0	0	0
11	5.438561273145	165.9573104	1936.155029	0	-546344.8951	-4182237.76	0	0	0	160.2379336	182.838924	1.895	-546344.8951	-4182237.76	0	1794.921838	1794.921838	-99.90340463	1771.516848	-106.2487386	0	0	0	0	0	0	0	0	0	0	0	0
3	5.439957928192	165.9573104	1936.155029	0	-546344.8951	-4182237.76	0	0	0	206.2326081	224.5077971	1.895	-546344.9226	-4182238.498	0	389.4054196	389.4054196	-86.63053363	384.3277443	-82.03015878	0	0	0	0	0	0	0	0	0	0	0	0
7	5.519802985189	165.9573104	1936.155029	0	-546344.8951	-4182237.76	0	0	0	186.1587182	203.5063461	1.895	-546344.9226	-4182238.498	0	124.5263731	124.5263731	-76.72772058	122.902604	-79.43500844	0	0	0	0	0	0	0	0	0	0	0	0
1	5.521182739839	165.9573104	1936.155029	0	-546344.8951	-4182237.76	0	0	0	222.8185496	232.7574322	1.895	-546344.8951	-4182237.76	0	1337.120116	1337.120116	-97.34590225	1319.684659	-101.2488054	0	0	0	0	0	0	0	0	0	0	0	0
9	5.531111553067	167.0658934	1935.196254	0	-546344.8951	-4182237.76	0	0	0	173.0854616	191.3568741	1.895	-546344.8951	-4182237.76	0	827.545928	827.545928	-93.17833592	816.7550934	-93.27854225	0	0	0	0	0	0	0	0	0	0	0	0
11	5.538561273145	167.0658934	1935.196254	0	-546344.8951	-4182237.76	0	0	0	161.2996429	183.9658779	1.895	-546344.8951	-4182237.76	0	1788.018557	1788.018557	-99.86993424	1764.703582	-106.1829791	0	0	0	0	0	0	0	0	0	0	0	0
3	5.539957928192	167.0658934	1935.196254	0	-546344.8951	-4182237.76	0	0	0	207.4613028	225.4617607	1.895	-546344.9226	-4182238.498	0	392.9691531	392.9691531	-86.70966302	387.8450083	-82.14620392	0	0	0	0	0	0	0	0	0	0	0	0
7	5.619802985189	167.0658934	1935.196254	0	-546344.8951	-4182237.76	0	0	0	187.3390645	204.5276207	1.895	-546344.9226	-4182238.498	0	122.655002	122.655002	-76.59619908	121.0556348	-78.50636748	0	0	0	0	0	0	0	0	0	0	0	0
1	5.621182739839	167.0658934	1935.196254	0	-546344.8951	-4182237.76	0	0	0	224.0722743	233.6885848	1.895	-546344.8951	-4182237.76	0	1344.458115	1344.458115	-97.39343934	1326.926973	-101.3411981	0	0	0	0	0	0	0	0	0	0	0	0
9	5.631111553067	168.1798734	1934.232812	0	-546344.8951	-4182237.76	0	0	0	174.117161	192.3458764	1.895	-546344.8951	-4182237.76	0	829.5717321	829.5717321	-93.1995727	818.7544818	-93.31827969	0	0	0	0	0	0	0	0	0	0	0	0
11	5.638561273145	168.1798734	1934.232812	0	-546344.8951	-4182237.76	0	0	0	162.3674865	185.0993432	1.895	-546344.8951	-4182237.76	0	1781.02447	1781.02447	-99.83589153	1757.800695	-106.1161027	0	0	0	0	0	0	0	0	0	0	0	0
3	5.639957928192	168.1798734	1934.232812	0	-546344.8951	-4182237.76	0	0	0	208.7079125	226.3876758	1.895	-546344.9226	-4182238.498	0	396.1346504	396.1346504	-86.77935045	390.9692289	-82.24904644	0	0	0	0	0	0	0	0	0	0	0	0
7	5.719802985189	168.1798734	1934.232812	0	-546344.8951	-4182237.76	0	0	0	188.5239136	205.5527912	1.895	-546344.9226	-4182238.498	0	120.4685819	120.4685819	-76.43996976	118.8977246	-77.49285516	0	0	0	0	0	0	0	0	0	0	0	0
1	5.721182739839	168.1798734	1934.232812	0	-546344.8951	-4182237.76	0	0	0	225.3456461	234.6016585	1.895	-546344.8951	-4182237.76	0	1352.462728	1352.462728	-97.44499991	1334.827209	-101.4414382	0	0	0	0	0	0	0	0	0	0	0	0
9	5.731111553067	169.3022226	1933.285557	0	-546344.8951	-4182237.76	0	0	0	175.1552839	193.3410365	1.895	-546344.8951	-4182237.76	0	830.7236267	830.7236267	-93.21162505	819.8913562	-93.34083687	0	0	0	0	0	0	0	0	0	0	0	0
11	5.738561273145	169.3022226	1933.285557	0	-546344.8951	-4182237.76	0	0	0	163.4346719	186.2321098	1.895	-546344.8951	-4182237.76	0	1773.761888	1773.761888	-99.80040018	1750.632813	-106.0463884	0	0	0	0	0	0	0	0	0	0	0	0
3	5.739957928192	169.3022226	1933.285557	0	-546344.8951	-4182237.76	0	0	0	209.9529313	227.3124093	1.895	-546344.9226	-4182238.498	0	399.3990276	399.3990276	-86.85063387	394.1910401	-82.35485648	0	0	0	0	0	0	0	0	0	0	0	0
7	5.819802985189	169.3022226	1933.285557	0	-546344.8951	-4182237.76	0	0	0	189.710115	206.5791317	1.895	-546344.9226	-4182238.498	0	118.1746776	118.1746776	-76.27298232	116.6337318	-76.50757511	0	0	0	0	0	0	0	0	0	0	0	0
1	5.821182739839	169.3022226	1933.285557	0	-546344.8951	-4182237.76	0	0	0	226.6225172	235.5089282	1.895	-546344.8951	-4182237.76	0	1359.711261	1359.711261	-97.49142769	1341.981225	-101.5317235	0	0	0	0	0	0	0	0	0	0	0	0
9	5.831111553067	170.4505494	1932.359287	0	-546344.8951	-4182237.76	0	0	0	176.2003709	194.3428725	1.895	-546344.8951	-4182237.76	0	831.437543	831.437543	-93.21908642	820.5959633	-93.35480347	0	0	0	0	0	0	0	0	0	0	0	0
11	5.838561273145	170.4505494	1932.359287	0	-546344.8951	-4182237.76	0	0	0	164.4960065	187.3586661	1.895	-546344.8951	-4182237.76	0	1767.702693	1767.702693	-99.77067827	1744.652628	-105.9880132	0	0	0	0	0	0	0	0	0	0	0	0
3	5.839957928192	170.4505494	1932.359287	0	-546344.8951	-4182237.76	0	0	0	211.2008428	228.2392914	1.895	-546344.9226	-4182238.498	0	402.5413056	402.5413056	-86.91870282	397.2923441	-82.45646242	0	0	0	0	0	0	0	0	0	0	0	0
7	5.919802985189	170.4505494	1932.359287	0	-546344.8951	-4182237.76	0	0	0	190.8918082	207.6015716	1.895	-546344.9226	-4182238.498	0	116.0675028	116.0675028	-76.11670662	114.5540337	-75.66859533	0	0	0	0	0	0	0	0	0	0	0	0
1	5.921182739839	170.4505494	1932.359287	0	-546344.8951	-4182237.76	0	0	0	227.9001828	236.4167624	1.895	-546344.8951	-4182237.76	0	1366.91711	1366.91711	-97.53733739	1349.093112	-101.6210236	0	0	0	0	0	0	0	0	0	0	0	0
9	5.931111553067	171.6004493	1931.431749	0	-546344.8951	-4182237.76	0	0	0	177.2488943	195.3480026	1.895	-546344.8951	-4182237.76	0	832.0254303	832.0254303	-93.22522581	821.1761849	-93.36629662	0	0	0	0	0	0	0	0	0	0	0	0
11	5.938561273145	171.6004493	1931.431749	0	-546344.8951	-4182237.76	0	0	0	165.5572863	188.4851642	1.895	-546344.8951	-4182237.76	0	1761.914914	1761.914914	-99.74219244	1738.940319	-105.9320711	0	0	0	0	0	0	0	0	0	0	0	0
3	5.939957928192	171.6004493	1931.431749	0	-546344.8951	-4182237.76	0	0	0	212.4442916	229.1628588	1.895	-546344.9226	-4182238.498	0	405.398205	405.398205	-86.98013023	400.1119908	-82.548622	0	0	0	0	0	0	0	0	0	0	0	0
7	6.019802985189	171.6004493	1931.431749	0	-546344.8951	-4182237.76	0	0	0	192.0718034	208.6225424	1.895	-546344.9226	-4182238.498	0	114.034564	114.034564	-75.96322393	112.5476035	-74.9158882	0	0	0	0	0	0	0	0	0	0	0	0
1	6.021182739839	171.6004493	1931.431749	0	-546344.8951	-4182237.76	0	0	0	229.1702268	237.3191811	1.895	-546344.8951	-4182237.76	0	1373.434045	1373.434045	-97.57864997	1355.52507	-101.7014004	0	0	0	0	0	0	0	0	0	0	0	0
9	6.031111553067	172.7506711	1930.50395	0	-546344.8951	-4182237.76	0	0	0	178.2867376	196.3428946	1.895	-546344.8951	-4182237.76	0	833.5216564	833.5216564	-93.24083156	822.6529009	-93.39551555	0	0	0	0	0	0	0	0	0	0	0	0
11	6.038561273145	172.7506711	1930.50395	0	-546344.8951	-4182237.76	0	0	0	166.6212264	189.6144861	1.895	-546344.8951	-4182237.76	0	1755.932553	1755.932553	-99.71265041	1733.035965	-105.8740604	0	0	0	0	0	0	0	0	0	0	0	0
3	6.039957928192	172.7506711	1930.50395	0	-546344.8951	-4182237.76	0	0	0	213.6919276	230.0895361	1.895	-546344.9226	-4182238.498	0	408.4666699	408.4666699	-87.0456263	403.1404443	-82.64736598	0	0	0	0	0	0	0	0	0	0	0	0
7	6.119802985189	172.7506711	1930.50395	0	-546344.8951	-4182237.76	0	0	0	193.2501531	209.6420894	1.895	-546344.9226	-4182238.498	0	112.2325692	112.2325692	-75.8248719	110.7691059	-74.29334324	0	0	0	0	0	0	0	0	0	0	0	0
1	6.121182739839	172.7506711	1930.50395	0	-546344.8951	-4182237.76	0	0	0	230.4417406	238.2226442	1.895	-546344.8951	-4182237.76	0	1379.497718	1379.497718	-97.61691353	1361.509675	-101.7758608	0	0	0	0	0	0	0	0	0	0	0	0
9	6.131111553067	173.9074055	1929.570899	0	-546344.8951	-4182237.76	0	0	0	179.3316871	197.3445987	1.895	-546344.8951	-4182237.76	0	834.962635	834.962635	-93.25583462	824.0750897	-93.42361204	0	0	0	0	0	0	0	0	0	0	0	0
11	6.138561273145	173.9074055	1929.570899	0	-546344.8951	-4182237.76	0	0	0	167.6899647	190.7489011	1.895	-546344.8951	-4182237.76	0	1750.162267	1750.162267	-99.68406013	1727.340921	-105.8179243	0	0	0	0	0	0	0	0	0	0	0	0
3	6.139957928192	173.9074055	1929.570899	0	-546344.8951	-4182237.76	0	0	0	214.935112	231.0129071	1.895	-546344.9226	-4182238.498	0	410.9899464	410.9899464	-87.09911777	405.6308184	-82.72837334	0	0	0	0	0	0	0	0	0	0	0	0
13	6.147984782106	173.9074055	1929.570899	0	-546344.8951	-4182237.76	0	0	0	157.0367638	179.4410342	1.895	-546344.8951	-4182237.76	0	3286.504865	3286.504865	-105.1571794	3243.650288	-116.6357786	0	0	0	0	0	0	0	0	0	0	0	0
7	6.219802985189	173.9074055	1929.570899	0	-546344.8951	-4182237.76	0	0	0	194.4353651	210.6675739	1.895	-546344.9226	-4182238.498	0	110.2734168	110.2734168	-75.67191043	108.8355	-73.66275359	0	0	0	0	0	0	0	0	0	0	0	0
1	6.221182739839	173.9074055	1929.570899	0	-546344.8951	-4182237.76	0	0	0	231.711905	239.1251484	1.895	-546344.8951	-4182237.76	0	1385.431046	1385.431046	-97.65419211	1367.365635	-101.8484188	0	0	0	0	0	0	0	0	0	0	0	0
9	6.231111553067	175.0645135	1928.637546	0	-546344.8951	-4182237.76	0	0	0	180.37388	198.3436603	1.895	-546344.8951	-4182237.76	0	836.6860444	836.6860444	-93.27374431	825.7760266	-93.45715946	0	0	0	0	0	0	0	0	0	0	0	0
11	6.238561273145	175.0645135	1928.637546	0	-546344.8951	-4182237.76	0	0	0	168.799257	191.8296646	1.895	-546344.8951	-4182237.76	0	1744.960819	1744.960819	-99.6582074	1722.207298	-105.7671679	0	0	0	0	0	0	0	0	0	0	0	0
3	6.239957928192	175.0645135	1928.637546	0	-546344.8951	-4182237.76	0	0	0	216.1811831	231.9384223	1.895	-546344.9226	-4182238.498	0	413.6550791	413.6550791	-87.15526103	408.261199	-82.81374124	0	0	0	0	0	0	0	0	0	0	0	0
13	6.247984782106	175.0645135	1928.637546	0	-546344.8951	-4182237.76	0	0	0	157.9805546	180.4428233	1.895	-546344.8951	-4182237.76	0	3299.058847	3299.058847	-105.190295	3256.040572	-116.7015416	0	0	0	0	0	0	0	0	0	0	0	0
7	6.319802985189	175.0645135	1928.637546	0	-546344.8951	-4182237.76	0	0	0	195.6203042	211.6928223	1.895	-546344.9226	-4182238.498	0	108.2245156	108.2245156	-75.50900682	106.8133156	-73.05401301	0	0	0	0	0	0	0	0	0	0	0	0
1	6.321182739839	175.0645135	1928.637546	0	-546344.8951	-4182237.76	0	0	0	232.9881454	240.03197	1.895	-546344.8951	-4182237.76	0	1392.380133	1392.380133	-97.69765016	1374.224109	-101.9330221	0	0	0	0	0	0	0	0	0	0	0	0
9	6.331111553067	176.2170648	1927.707868	0	-546344.8951	-4182237.76	0	0	0	181.4208869	199.3473367	1.895	-546344.8951	-4182237.76	0	837.723225	837.723225	-93.28450492	826.7996829	-93.47731965	0	0	0	0	0	0	0	0	0	0	0	0
11	6.338561273145	176.2170648	1927.707868	0	-546344.8951	-4182237.76	0	0	0	169.9174602	192.900225	1.895	-546344.8951	-4182237.76	0	1739.323946	1739.323946	-99.63010332	1716.643927	-105.7119966	0	0	0	0	0	0	0	0	0	0	0	0
3	6.339957928192	176.2170648	1927.707868	0	-546344.8951	-4182237.76	0	0	0	217.4315565	232.8671329	1.895	-546344.9226	-4182238.498	0	416.7937972	416.7937972	-87.22091874	411.3589895	-82.91401728	0	0	0	0	0	0	0	0	0	0	0	0
13	6.347984782106	176.2170648	1927.707868	0	-546344.8951	-4182237.76	0	0	0	158.9224823	181.4426349	1.895	-546344.8951	-4182237.76	0	3311.352836	3311.352836	-105.222603	3268.174252	-116.765703	0	0	0	0	0	0	0	0	0	0	0	0
7	6.419802985189	176.2170648	1927.707868	0	-546344.8951	-4182237.76	0	0	0	196.8280829	212.6894167	1.895	-546344.9226	-4182238.498	0	106.719141	106.719141	-75.38734022	105.3275703	-72.63974037	0	0	0	0	0	0	0	0	0	0	0	0
1	6.421182739839	176.2170648	1927.707868	0	-546344.8951	-4182237.76	0	0	0	234.2654361	240.9395378	1.895	-546344.8951	-4182237.76	0	1398.399637	1398.399637	-97.73511985	1380.165121	-102.0059826	0	0	0	0	0	0	0	0	0	0	0	0
9	6.431111553067	177.3807105	1926.769242	0	-546344.8951	-4182237.76	0	0	0	182.4967763	200.3379132	1.895	-546344.8951	-4182237.76	0	839.0142738	839.0142738	-93.29788079	828.0738969	-93.50238371	0	0	0	0	0	0	0	0	0	0	0	0
11	6.438561273145	177.3807105	1926.769242	0	-546344.8951	-4182237.76	0	0	0	171.0405568	193.9754704	1.895	-546344.8951	-4182237.76	0	1734.351635	1734.351635	-99.60523688	1711.736453	-105.6631855	0	0	0	0	0	0	0	0	0	0	0	0
3	6.439957928192	177.3807105	1926.769242	0	-546344.8951	-4182237.76	0	0	0	218.6820135	233.7959056	1.895	-546344.9226	-4182238.498	0	419.3721631	419.3721631	-87.2744858	413.9037347	-82.99617469	0	0	0	0	0	0	0	0	0	0	0	0
13	6.447984782106	177.3807105	1926.769242	0	-546344.8951	-4182237.76	0	0	0	159.862383	182.4402948	1.895	-546344.8951	-4182237.76	0	3325.725875	3325.725875	-105.2602228	3282.359873	-116.8404165	0	0	0	0	0	0	0	0	0	0	0	0
7	6.519802985189	177.3807105	1926.769242	0	-546344.8951	-4182237.76	0	0	0	198.0461715	213.6712585	1.895	-546344.9226	-4182238.498	0	105.2650523	105.2650523	-75.26817801	103.8924424	-72.26636066	0	0	0	0	0	0	0	0	0	0	0	0
1	6.521182739839	177.3807105	1926.769242	0	-546344.8951	-4182237.76	0	0	0	235.5375229	241.843408	1.895	-546344.8951	-4182237.76	0	1404.357193	1404.357193	-97.77204546	1386.044993	-102.0778974	0	0	0	0	0	0	0	0	0	0	0	0
9	6.531111553067	178.5402964	1925.83389	0	-546344.8951	-4182237.76	0	0	0	183.6016828	201.2939148	1.895	-546344.8951	-4182237.76	0	840.3222759	840.3222759	-93.31141133	829.3648432	-93.52774229	0	0	0	0	0	0	0	0	0	0	0	0
11	6.538561273145	178.5402964	1925.83389	0	-546344.8951	-4182237.76	0	0	0	172.1627856	195.049885	1.895	-546344.8951	-4182237.76	0	1729.086234	1729.086234	-99.57882687	1706.539711	-105.6113491	0	0	0	0	0	0	0	0	0	0	0	0
3	6.539957928192	178.5402964	1925.83389	0	-546344.8951	-4182237.76	0	0	0	219.9334064	234.7253734	1.895	-546344.9226	-4182238.498	0	422.2279135	422.2279135	-87.33343262	416.7222473	-83.08693798	0	0	0	0	0	0	0	0	0	0	0	0
13	6.547984782106	178.5402964	1925.83389	0	-546344.8951	-4182237.76	0	0	0	160.8134205	183.4497759	1.895	-546344.8951	-4182237.76	0	3337.732872	3337.732872	-105.2915253	3294.210305	-116.9025863	0	0	0	0	0	0	0	0	0	0	0	0
7	6.619802985189	178.5402964	1925.83389	0	-546344.8951	-4182237.76	0	0	0	199.2605115	214.6500787	1.895	-546344.9226	-4182238.498	0	104.0913216	104.0913216	-75.17078425	102.7340166	-71.98448129	0	0	0	0	0	0	0	0	0	0	0	0
1	6.621182739839	178.5402964	1925.83389	0	-546344.8951	-4182237.76	0	0	0	236.8167738	242.7523687	1.895	-546344.8951	-4182237.76	0	1410.320374	1410.320374	-97.8088494	1391.930417	-102.1495886	0	0	0	0	0	0	0	0	0	0	0	0
9	6.631111553067	179.7069926	1924.892803	0	-546344.8951	-4182237.76	0	0	0	184.7047078	202.2482884	1.895	-546344.8951	-4182237.76	0	842.3063847	842.3063847	-93.33189566	831.3230802	-93.56614241	0	0	0	0	0	0	0	0	0	0	0	0
11	6.638561273145	179.7069926	1924.892803	0	-546344.8951	-4182237.76	0	0	0	173.285289	196.1245624	1.895	-546344.8951	-4182237.76	0	1724.589009	1724.589009	-99.55620608	1702.101128	-105.5669539	0	0	0	0	0	0	0	0	0	0	0	0
3	6.639957928192	179.7069926	1924.892803	0	-546344.8951	-4182237.76	0	0	0	221.184515	235.6546301	1.895	-546344.9226	-4182238.498	0	424.7096022	424.7096022	-87.3843354	419.1715759	-83.16561034	0	0	0	0	0	0	0	0	0	0	0	0
