1	2.121182739839	132.0367638	1968.728966	0	362.6780484	1701.718522	0	0	0	181.474386	199.3986217	1.895	362.6780484	1701.718522	0	3132977.536	3132977.536	-164.7416394	3092124.888	-235.7076144	0	0	0	0	0	0	0	0	0	0	0	0
3	2.139957928192	132.0367638	1968.728966	0	362.6780484	1701.718522	0	0	0	167.673519	190.7314448	1.895	362.6780484	1701.718522	0	3162548.754	3162548.754	-164.8232384	3121310.51	-235.8707545	0	0	0	0	0	0	0	0	0	0	0	0
1	2.221182739839	132.0367638	1968.728966	0	362.6780484	1701.718522	0	0	0	182.6275364	200.4510512	1.895	362.6780484	1701.718522	0	3125753.854	3125753.854	-164.7215893	3084995.399	-235.6681759	0	0	0	0	0	0	0	0	0	0	0	0
3	2.239957928192	132.9752219	1967.732837	0	362.6780484	1701.718522	0	0	0	168.7899276	191.8207326	1.895	362.6780484	1701.718522	0	3155150.087	3155150.087	-164.8028943	3114008.318	-235.8308389	0	0	0	0	0	0	0	0	0	0	0	0
1	2.321182739839	132.9752219	1967.732837	0	362.6780484	1701.718522	0	0	0	183.8078559	201.4723025	1.895	362.6780484	1701.718522	0	3118618.986	3118618.986	-164.7017402	3077953.567	-235.628982	0	0	0	0	0	0	0	0	0	0	0	0
3	2.339957928192	133.9221163	1966.727754	0	362.6780484	1701.718522	0	0	0	169.9112243	192.8942549	1.895	362.6780484	1701.718522	0	3147784.088	3147784.088	-164.7825925	3106738.369	-235.7910096	0	0	0	0	0	0	0	0	0	0	0	0
1	2.421182739839	133.9221163	1966.727754	0	362.6780484	1701.718522	0	0	0	184.9880194	202.4934189	1.895	362.6780484	1701.718522	0	3111506.708	3111506.708	-164.6819086	3070934.03	-235.5881027	0	0	0	0	0	0	0	0	0	0	0	0
3	2.439957928192	134.8654177	1965.726484	0	362.6780484	1701.718522	0	0	0	171.0349312	193.9700845	1.895	362.6780484	1701.718522	0	3140432.564	3140432.564	-164.7622832	3099482.705	-235.7494541	0	0	0	0	0	0	0	0	0	0	0	0
1	2.521182739839	134.8654177	1965.726484	0	362.6780484	1701.718522	0	0	0	186.1684491	203.5147656	1.895	362.6780484	1701.718522	0	3104394.799	3104394.799	-164.6620327	3063914.857	-235.5489713	0	0	0	0	0	0	0	0	0	0	0	0
3	2.539957928192	135.8105785	1964.723241	0	362.6780484	1701.718522	0	0	0	172.16144	195.0485967	1.895	362.6780484	1701.718522	0	3133073.322	3133073.322	-164.741905	3092219.425	-235.709639	0	0	0	0	0	0	0	0	0	0	0	0
1	2.621182739839	135.8105785	1964.723241	0	362.6780484	1701.718522	0	0	0	187.3523813	204.5391428	1.895	362.6780484	1701.718522	0	3097239.952	3097239.952	-164.6419909	3056853.306	-235.5097158	0	0	0	0	0	0	0	0	0	0	0	0
3	2.639957928192	136.7664122	1963.708669	0	362.6780484	1701.718522	0	0	0	173.286543	196.1257629	1.895	362.6780484	1701.718522	0	3125686.639	3125686.639	-164.7214025	3084929.061	-235.6679884	0	0	0	0	0	0	0	0	0	0	0	0
1	2.721182739839	136.7664122	1963.708669	0	362.6780484	1701.718522	0	0	0	188.5350989	205.5624691	1.895	362.6780484	1701.718522	0	3090089.715	3090089.715	-164.6219156	3049796.305	-235.4687348	0	0	0	0	0	0	0	0	0	0	0	0
3	2.739957928192	137.7241713	1962.692053	0	362.6780484	1701.718522	0	0	0	174.4102105	197.2015549	1.895	362.6780484	1701.718522	0	3118306.155	3118306.155	-164.7008688	3077644.815	-235.6263576	0	0	0	0	0	0	0	0	0	0	0	0
1	2.821182739839	137.7241713	1962.692053	0	362.6780484	1701.718522	0	0	0	189.7200818	206.5877553	1.895	362.6780484	1701.718522	0	3082956.973	3082956.973	-164.6018431	3042756.571	-235.4295367	0	0	0	0	0	0	0	0	0	0	0	0
3	2.839957928192	138.6778241	1961.679796	0	362.6780484	1701.718522	0	0	0	175.5280297	198.2717478	1.895	362.6780484	1701.718522	0	3110969.472	3110969.472	-164.6804088	3070403.799	-235.5865973	0	0	0	0	0	0	0	0	0	0	0	0
1	2.921182739839	138.6778241	1961.679796	0	362.6780484	1701.718522	0	0	0	190.9046267	207.6126626	1.895	362.6780484	1701.718522	0	3075842.738	3075842.738	-164.5817763	3035735.103	-235.38866	0	0	0	0	0	0	0	0	0	0	0	0
3	2.939957928192	139.6291722	1960.669985	0	362.6780484	1701.718522	0	0	0	176.6535922	199.3493539	1.895	362.6780484	1701.718522	0	3103624.764	3103624.764	-164.659878	3063154.863	-235.5450669	0	0	0	0	0	0	0	0	0	0	0	0
1	3.021182739839	139.6291722	1960.669985	0	362.6780484	1701.718522	0	0	0	192.0901016	208.6383747	1.895	362.6780484	1701.718522	0	3068682.38	3068682.38	-164.5615326	3028668.112	-235.3476552	0	0	0	0	0	0	0	0	0	0	0	0
3	3.039957928192	140.5940769	1959.645784	0	362.6780484	1701.718522	0	0	0	177.7762991	200.4242262	1.895	362.6780484	1701.718522	0	3096246.599	3096246.599	-164.6392047	3055872.906	-235.5034438	0	0	0	0	0	0	0	0	0	0	0	0
7	3.119802985189	140.5940769	1959.645784	0	362.6780484	1701.718522	0	0	0	159.4597544	177.2012743	1.895	362.6780484	1701.718522	0	3173788.229	3173788.229	-164.8540527	3132403.428	-235.9336809	0	0	0	0	0	0	0	0	0	0	0	0
1	3.121182739839	140.5940769	1959.645784	0	362.6780484	1701.718522	0	0	0	193.2757815	209.664264	1.895	362.6780484	1701.718522	0	3061535.804	3061535.804	-164.5412807	3021614.725	-235.3066916	0	0	0	0	0	0	0	0	0	0	0	0
3	3.139957928192	141.557441	1958.623219	0	362.6780484	1701.718522	0	0	0	178.9023384	201.5022889	1.895	362.6780484	1701.718522	0	3088872.196	3088872.196	-164.6184926	3048594.662	-235.4618322	0	0	0	0	0	0	0	0	0	0	0	0
7	3.219802985189	141.557441	1958.623219	0	362.6780484	1701.718522	0	0	0	160.5292707	178.3352463	1.895	362.6780484	1701.718522	0	3166098.417	3166098.417	-164.832982	3124813.887	-235.8911871	0	0	0	0	0	0	0	0	0	0	0	0
1	3.221182739839	141.557441	1958.623219	0	362.6780484	1701.718522	0	0	0	194.4566825	210.6860184	1.895	362.6780484	1701.718522	0	3054396.803	3054396.803	-164.5210029	3014568.813	-235.267465	0	0	0	0	0	0	0	0	0	0	0	0
3	3.239957928192	142.5247045	1957.596515	0	362.6780484	1701.718522	0	0	0	180.031841	202.5659166	1.895	362.6780484	1701.718522	0	3081542.777	3081542.777	-164.5978578	3041360.815	-235.420348	0	0	0	0	0	0	0	0	0	0	0	0
7	3.319802985189	142.5247045	1957.596515	0	362.6780484	1701.718522	0	0	0	161.597545	179.4679016	1.895	362.6780484	1701.718522	0	3158549.65	3158549.65	-164.812248	3117363.552	-235.8490837	0	0	0	0	0	0	0	0	0	0	0	0
1	3.321182739839	142.5247045	1957.596515	0	362.6780484	1701.718522	0	0	0	195.6386998	211.7087388	1.895	362.6780484	1701.718522	0	3047385.721	3047385.721	-164.5010424	3007649.152	-235.2268877	0	0	0	0	0	0	0	0	0	0	0	0
3	3.339957928192	143.5219138	1956.605862	0	362.6780484	1701.718522	0	0	0	181.2024928	203.5783721	1.895	362.6780484	1701.718522	0	3074528.797	3074528.797	-164.5780651	3034438.295	-235.3814839	0	0	0	0	0	0	0	0	0	0	0	0
7	3.419802985189	143.5219138	1956.605862	0	362.6780484	1701.718522	0	0	0	162.6720278	180.6071394	1.895	362.6780484	1701.718522	0	3151043.058	3151043.058	-164.7915806	3109954.844	-235.8088675	0	0	0	0	0	0	0	0	0	0	0	0
1	3.421182739839	143.5219138	1956.605862	0	362.6780484	1701.718522	0	0	0	196.8453563	212.7033399	1.895	362.6780484	1701.718522	0	3040537.252	3040537.252	-164.4815004	3000889.984	-235.1884852	0	0	0	0	0	0	0	0	0	0	0	0
3	3.439957928192	144.5398694	1955.631278	0	362.6780484	1701.718522	0	0	0	182.37825	204.5952432	1.895	362.6780484	1701.718522	0	3067562.529	3067562.529	-164.5583623	3027562.863	-235.3427517	0	0	0	0	0	0	0	0	0	0	0	0
7	3.519802985189	144.5398694	1955.631278	0	362.6780484	1701.718522	0	0	0	163.7461958	181.7460436	1.895	362.6780484	1701.718522	0	3143509.696	3143509.696	-164.7707899	3102519.713	-235.7668072	0	0	0	0	0	0	0	0	0	0	0	0
1	3.521182739839	144.5398694	1955.631278	0	362.6780484	1701.718522	0	0	0	198.0604745	213.6827874	1.895	362.6780484	1701.718522	0	3033713.296	3033713.296	-164.4619845	2994155.01	-235.1484473	0	0	0	0	0	0	0	0	0	0	0	0
3	3.539957928192	145.5685753	1954.646402	0	362.6780484	1701.718522	0	0	0	183.5549063	205.6128919	1.895	362.6780484	1701.718522	0	3060564.77	3060564.77	-164.5385253	3020656.353	-235.3022086	0	0	0	0	0	0	0	0	0	0	0	0
7	3.619802985189	145.5685753	1954.646402	0	362.6780484	1701.718522	0	0	0	164.8181396	182.8825895	1.895	362.6780484	1701.718522	0	3135975.805	3135975.805	-164.7499479	3095084.061	-235.7247471	0	0	0	0	0	0	0	0	0	0	0	0
1	3.621182739839	145.5685753	1954.646402	0	362.6780484	1701.718522	0	0	0	199.2768462	214.6632453	1.895	362.6780484	1701.718522	0	3026875.879	3026875.879	-164.4423861	2987406.749	-235.1100731	0	0	0	0	0	0	0	0	0	0	0	0
3	3.639957928192	146.6024824	1953.656546	0	362.6780484	1701.718522	0	0	0	184.7260846	206.6258029	1.895	362.6780484	1701.718522	0	3053573.416	3053573.416	-164.5186611	3013756.163	-235.2616873	0	0	0	0	0	0	0	0	0	0	0	0
7	3.719802985189	146.6024824	1953.656546	0	362.6780484	1701.718522	0	0	0	165.8899998	184.0190468	1.895	362.6780484	1701.718522	0	3128473.774	3128473.774	-164.7291442	3087679.853	-235.682777	0	0	0	0	0	0	0	0	0	0	0	0
1	3.721182739839	146.6024824	1953.656546	0	362.6780484	1701.718522	0	0	0	200.4896041	215.6407903	1.895	362.6780484	1701.718522	0	3020078.589	3020078.589	-164.4228587	2980698.093	-235.0701158	0	0	0	0	0	0	0	0	0	0	0	0
3	3.739957928192	147.6298155	1952.672984	0	362.6780484	1701.718522	0	0	0	185.901275	207.6421838	1.895	362.6780484	1701.718522	0	3046600.788	3046600.788	-164.4988048	3006874.455	-235.2229322	0	0	0	0	0	0	0	0	0	0	0	0
7	3.819802985189	147.6298155	1952.672984	0	362.6780484	1701.718522	0	0	0	166.9658336	185.159717	1.895	362.6780484	1701.718522	0	3120940.715	3120940.715	-164.7082042	3080245.021	-235.6407214	0	0	0	0	0	0	0	0	0	0	0	0
1	3.821182739839	147.6298155	1952.672984	0	362.6780484	1701.718522	0	0	0	201.7031622	216.6189803	1.895	362.6780484	1701.718522	0	3013261.557	3013261.557	-164.4032304	2973969.953	-235.0317958	0	0	0	0	0	0	0	0	0	0	0	0
3	3.839957928192	148.6645428	1951.682343	0	362.6780484	1701.718522	0	0	0	187.0787326	208.6605255	1.895	362.6780484	1701.718522	0	3039604.296	3039604.296	-164.4788348	2999969.194	-235.1823981	0	0	0	0	0	0	0	0	0	0	0	0
7	3.919802985189	148.6645428	1951.682343	0	362.6780484	1701.718522	0	0	0	168.0375992	186.296074	1.895	362.6780484	1701.718522	0	3113417.6	3113417.6	-164.6872413	3072820.005	-235.600441	0	0	0	0	0	0	0	0	0	0	0	0
1	3.921182739839	148.6645428	1951.682343	0	362.6780484	1701.718522	0	0	0	202.921233	217.6008076	1.895	362.6780484	1701.718522	0	3006425.958	3006425.958	-164.3835041	2967223.487	-234.9917302	0	0	0	0	0	0	0	0	0	0	0	0
3	3.939957928192	149.7034325	1950.687716	0	362.6780484	1701.718522	0	0	0	188.2506642	209.674088	1.895	362.6780484	1701.718522	0	3032617.934	3032617.934	-164.4588478	2993073.931	-235.1418953	0	0	0	0	0	0	0	0	0	0	0	0
7	4.019802985189	149.7034325	1950.687716	0	362.6780484	1701.718522	0	0	0	169.1085481	187.431565	1.895	362.6780484	1701.718522	0	3105931.872	3105931.872	-164.6663323	3065431.888	-235.5567712	0	0	0	0	0	0	0	0	0	0	0	0
1	4.021182739839	149.7034325	1950.687716	0	362.6780484	1701.718522	0	0	0	204.1418556	218.584692	1.895	362.6780484	1701.718522	0	2999616.745	2999616.745	-164.3638092	2960503.062	-234.9534267	0	0	0	0	0	0	0	0	0	0	0	0
3	4.039957928192	150.7349109	1949.700186	0	362.6780484	1701.718522	0	0	0	189.4292273	210.6933858	1.895	362.6780484	1701.718522	0	3025645.491	3025645.491	-164.4388546	2986192.405	-235.1031323	0	0	0	0	0	0	0	0	0	0	0	0
7	4.119802985189	150.7349109	1949.700186	0	362.6780484	1701.718522	0	0	0	170.1833355	188.5711259	1.895	362.6780484	1701.718522	0	3098412.889	3098412.889	-164.6452796	3058010.949	-235.5147548	0	0	0	0	0	0	0	0	0	0	0	0
1	4.121182739839	150.7349109	1949.700186	0	362.6780484	1701.718522	0	0	0	205.3595663	219.5662292	1.895	362.6780484	1701.718522	0	2992795.003	2992795.003	-164.3440332	2953770.273	-234.9134019	0	0	0	0	0	0	0	0	0	0	0	0
9	4.131111553067	151.7746331	1948.704762	0	362.6780484	1701.718522	0	0	0	159.4597544	177.2012743	1.895	362.6780484	1701.718522	0	3138287.26	3138287.26	-164.7563477	3097365.375	-235.7382119	0	0	0	0	0	0	0	0	0	0	0	0
3	4.139957928192	151.7746331	1948.704762	0	362.6780484	1701.718522	0	0	0	190.6025084	211.7081154	1.895	362.6780484	1701.718522	0	3018668.546	3018668.546	-164.4188024	2979306.437	-235.0626562	0	0	0	0	0	0	0	0	0	0	0	0
7	4.219802985189	151.7746331	1948.704762	0	362.6780484	1701.718522	0	0	0	171.3081647	189.6531309	1.895	362.6780484	1701.718522	0	3091109.405	3091109.405	-164.6247813	3050802.698	-235.4750796	0	0	0	0	0	0	0	0	0	0	0	0
1	4.221182739839	151.7746331	1948.704762	0	362.6780484	1701.718522	0	0	0	206.5720036	220.5435157	1.895	362.6780484	1701.718522	0	2985997.426	2985997.426	-164.3242824	2947061.333	-234.8734492	0	0	0	0	0	0	0	0	0	0	0	0
9	4.231111553067	152.8137202	1947.709947	0	362.6780484	1701.718522	0	0	0	160.4077134	178.2063633	1.895	362.6780484	1701.718522	0	3131204.193	3131204.193	-164.7367216	3090374.668	-235.6991636	0	0	0	0	0	0	0	0	0	0	0	0
3	4.239957928192	152.8137202	1947.709947	0	362.6780484	1701.718522	0	0	0	191.7739043	212.7212145	1.895	362.6780484	1701.718522	0	3011707.389	3011707.389	-164.3987493	2972436.05	-235.022227	0	0	0	0	0	0	0	0	0	0	0	0
7	4.319802985189	152.8137202	1947.709947	0	362.6780484	1701.718522	0	0	0	172.4374295	190.7356609	1.895	362.6780484	1701.718522	0	3083815.443	3083815.443	-164.6042614	3043603.847	-235.4336941	0	0	0	0	0	0	0	0	0	0	0	0
1	4.321182739839	152.8137202	1947.709947	0	362.6780484	1701.718522	0	0	0	207.7858515	221.5219392	1.895	362.6780484	1701.718522	0	2979206.486	2979206.486	-164.3045059	2940358.945	-234.8335175	0	0	0	0	0	0	0	0	0	0	0	0
9	4.331111553067	153.8520538	1946.715853	0	362.6780484	1701.718522	0	0	0	161.3559197	179.2117144	1.895	362.6780484	1701.718522	0	3124130.78	3124130.78	-164.7170779	3083393.489	-235.6583877	0	0	0	0	0	0	0	0	0	0	0	0
3	4.339957928192	153.8520538	1946.715853	0	362.6780484	1701.718522	0	0	0	192.9444911	213.7336139	1.895	362.6780484	1701.718522	0	3004759.251	3004759.251	-164.3786874	2965578.513	-234.9818366	0	0	0	0	0	0	0	0	0	0	0	0
7	4.419802985189	153.8520538	1946.715853	0	362.6780484	1701.718522	0	0	0	173.5650316	191.816597	1.895	362.6780484	1701.718522	0	3076537.074	3076537.074	-164.5837369	3036420.385	-235.3923538	0	0	0	0	0	0	0	0	0	0	0	0
1	4.421182739839	153.8520538	1946.715853	0	362.6780484	1701.718522	0	0	0	209.0040722	222.4972954	1.895	362.6780484	1701.718522	0	2972435.485	2972435.485	-164.2847425	2933676.234	-234.7936455	0	0	0	0	0	0	0	0	0	0	0	0
9	4.431111553067	154.8952496	1945.722217	0	362.6780484	1701.718522	0	0	0	162.3063527	180.2194265	1.895	362.6780484	1701.718522	0	3117058.617	3117058.617	-164.6973932	3076413.545	-235.6193705	0	0	0	0	0	0	0	0	0	0	0	0
3	4.439957928192	154.8952496	1945.722217	0	362.6780484	1701.718522	0	0	0	194.1286812	214.7444601	1.895	362.6780484	1701.718522	0	2997826.847	2997826.847	-164.3586247	2958736.504	-234.9431747	0	0	0	0	0	0	0	0	0	0	0	0
7	4.519802985189	154.8952496	1945.722217	0	362.6780484	1701.718522	0	0	0	174.6923481	192.8972594	1.895	362.6780484	1701.718522	0	3069432.858	3069432.858	-164.5636566	3029408.804	-235.351509	0	0	0	0	0	0	0	0	0	0	0	0
1	4.521182739839	154.8952496	1945.722217	0	362.6780484	1701.718522	0	0	0	210.2597869	223.429926	1.895	362.6780484	1701.718522	0	2965981.526	2965981.526	-164.2658626	2927306.432	-234.7563705	0	0	0	0	0	0	0	0	0	0	0	0
9	4.531111553067	155.9892012	1944.776096	0	362.6780484	1701.718522	0	0	0	163.2595386	181.2300574	1.895	362.6780484	1701.718522	0	3110151.08	3110151.08	-164.6781235	3069596.079	-235.5808128	0	0	0	0	0	0	0	0	0	0	0	0
3	4.539957928192	155.9892012	1944.776096	0	362.6780484	1701.718522	0	0	0	195.3377841	215.7197534	1.895	362.6780484	1701.718522	0	2991187.739	2991187.739	-164.3393672	2952183.967	-234.9036821	0	0	0	0	0	0	0	0	0	0	0	0
7	4.619802985189	155.9892012	1944.776096	0	362.6780484	1701.718522	0	0	0	175.8218798	193.9800453	1.895	362.6780484	1701.718522	0	3062310.832	3062310.832	-164.5434792	3022379.646	-235.3123344	0	0	0	0	0	0	0	0	0	0	0	0
1	4.621182739839	155.9892012	1944.776096	0	362.6780484	1701.718522	0	0	0	211.5169019	224.3635966	1.895	362.6780484	1701.718522	0	2959512.46	2959512.46	-164.2468973	2920921.72	-234.7190485	0	0	0	0	0	0	0	0	0	0	0	0
9	4.631111553067	157.0892486	1943.824704	0	362.6780484	1701.718522	0	0	0	164.215315	182.2434349	1.895	362.6780484	1701.718522	0	3103222.939	3103222.939	-164.6587533	3062758.278	-235.5421967	0	0	0	0	0	0	0	0	0	0	0	0
3	4.639957928192	157.0892486	1943.824704	0	362.6780484	1701.718522	0	0	0	196.5475233	216.69556	1.895	362.6780484	1701.718522	0	2984535.626	2984535.626	-164.3200292	2945618.595	-234.8658301	0	0	0	0	0	0	0	0	0	0	0	0
7	4.719802985189	157.0892486	1943.824704	0	362.6780484	1701.718522	0	0	0	176.9516884	195.0630966	1.895	362.6780484	1701.718522	0	3055184.146	3055184.146	-164.5232416	3015345.889	-235.2714261	0	0	0	0	0	0	0	0	0	0	0	0
1	4.721182739839	157.0892486	1943.824704	0	362.6780484	1701.718522	0	0	0	212.7710872	225.2950913	1.895	362.6780484	1701.718522	0	2953045.609	2953045.609	-164.2278969	2914539.194	-234.6800728	0	0	0	0	0	0	0	0	0	0	0	0
9	4.731111553067	158.1932232	1942.869915	0	362.6780484	1701.718522	0	0	0	165.1759536	183.2619676	1.895	362.6780484	1701.718522	0	3096272.478	3096272.478	-164.6392773	3055898.448	-235.5035167	0	0	0	0	0	0	0	0	0	0	0	0
