0	3.129642230819	98.49642816	5.85531744	0	-546344.8951	-4182237.76	0	0	0	136.106601	2083.625958	1.895	-546344.8951	-4182237.76	0	3603.3829	3603.3829	-105.9567021	3556.396373	-118.2241955	0	0	0	0	0	0	0	0	0	0	0	0
4	3.143255128199	98.49642816	5.85531744	0	-546344.8951	-4182237.76	0	0	0	129.3272167	2122.925423	1.895	-546344.8951	-4182237.76	0	409.9414998	409.9414998	-87.07693152	404.596043	-82.69473537	0	0	0	0	0	0	0	0	0	0	0	0
2	3.147857757716	98.49642816	5.85531744	0	-546344.8951	-4182237.76	0	0	0	129.142772	2102.574069	1.895	-546344.8951	-4182237.76	0	1611.197602	1611.197602	-98.96546994	1590.188294	-104.4088757	0	0	0	0	0	0	0	0	0	0	0	0
0	3.229642230819	98.49642816	5.85531744	0	-546344.8951	-4182237.76	0	0	0	136.494707	2081.661171	1.895	-546344.8951	-4182237.76	0	3603.898362	3603.898362	-105.9579445	3556.905113	-118.2266649	0	0	0	0	0	0	0	0	0	0	0	0
4	3.243255128199	98.73116434	7.848874	0	-546344.8951	-4182237.76	0	1	0	129.5952127	2120.941774	1.895	-546344.8951	-4182237.76	0	409.9463582	409.9463582	-87.07703445	404.6008381	-82.69489132	0	0	0	0	0	0	0	0	0	0	0	0
2	3.247857757716	98.73116434	7.848874	0	-546344.8951	-4182237.76	0	1	0	129.5067542	2100.607695	1.895	-546344.8951	-4182237.76	0	1610.514069	1610.514069	-98.96178426	1589.513674	-104.4016585	0	0	0	0	0	0	0	0	0	0	0	0
0	3.329642230819	98.73116434	7.848874	0	-546344.8951	-4182237.76	0	1	0	136.8806447	2079.707361	1.895	-546344.8951	-4182237.76	0	3602.696024	3602.696024	-105.9550462	3555.718454	-118.2209044	0	0	0	0	0	0	0	0	0	0	0	0
4	3.343255128199	98.966315	9.845950607	0	-546344.8951	-4182237.76	0	1	0	129.8729802	2118.9644	1.895	-546344.8951	-4182237.76	0	409.6847103	409.6847103	-87.07148892	404.342602	-82.68649198	0	0	0	0	0	0	0	0	0	0	0	0
2	3.347857757716	98.966315	9.845950607	0	-546344.8951	-4182237.76	0	1	0	129.8713892	2098.637794	1.895	-546344.8951	-4182237.76	0	1609.868802	1609.868802	-98.95830349	1588.876821	-104.3948426	0	0	0	0	0	0	0	0	0	0	0	0
0	3.429642230819	98.966315	9.845950607	0	-546344.8951	-4182237.76	0	1	0	137.2687346	2077.742656	1.895	-546344.8951	-4182237.76	0	3603.665586	3603.665586	-105.9573835	3556.675373	-118.2255498	0	0	0	0	0	0	0	0	0	0	0	0
4	3.443255128199	99.20069221	11.83645848	0	-546344.8951	-4182237.76	0	0	0	130.1795567	2116.985588	1.895	-546344.8951	-4182237.76	0	410.0901118	410.0901118	-87.08007975	404.7427172	-82.69950524	0	0	0	0	0	0	0	0	0	0	0	0
2	3.447857757716	99.20069221	11.83645848	0	-546344.8951	-4182237.76	0	0	0	130.2374866	2096.659993	1.895	-546344.8951	-4182237.76	0	1610.433342	1610.433342	-98.96134887	1589.434	-104.4008059	0	0	0	0	0	0	0	0	0	0	0	0
0	3.529642230819	99.20069221	11.83645848	0	-546344.8951	-4182237.76	0	0	0	137.705628	2075.794574	1.895	-546344.8951	-4182237.76	0	3603.010363	3603.010363	-105.955804	3556.028693	-118.2224106	0	0	0	0	0	0	0	0	0	0	0	0
4	3.543255128199	99.45863828	13.83033539	0	-546344.8951	-4182237.76	0	0	0	130.4859756	2115.007794	1.895	-546344.8951	-4182237.76	0	410.0500262	410.0500262	-87.07923068	404.7031543	-82.69821871	0	0	0	0	0	0	0	0	0	0	0	0
2	3.547857757716	99.45863828	13.83033539	0	-546344.8951	-4182237.76	0	0	0	130.6013977	2094.694003	1.895	-546344.8951	-4182237.76	0	1609.511997	1609.511997	-98.95637817	1588.524669	-104.3910725	0	0	0	0	0	0	0	0	0	0	0	0
0	3.629642230819	99.45863828	13.83033539	0	-546344.8951	-4182237.76	0	0	0	138.1610093	2073.846983	1.895	-546344.8951	-4182237.76	0	3603.179462	3603.179462	-105.9562117	3556.195588	-118.2232208	0	0	0	0	0	0	0	0	0	0	0	0
4	3.643255128199	99.72769364	15.8189534	0	-546344.8951	-4182237.76	0	0	0	130.7912577	2113.037337	1.895	-546344.8951	-4182237.76	0	409.7862017	409.7862017	-87.07364042	404.44277	-82.68975025	0	0	0	0	0	0	0	0	0	0	0	0
2	3.647857757716	99.72769364	15.8189534	0	-546344.8951	-4182237.76	0	0	0	130.9655434	2092.726746	1.895	-546344.8951	-4182237.76	0	1608.996001	1608.996001	-98.9535931	1588.015401	-104.385619	0	0	0	0	0	0	0	0	0	0	0	0
0	3.729642230819	99.72769364	15.8189534	0	-546344.8951	-4182237.76	0	0	0	138.6143284	2071.908211	1.895	-546344.8951	-4182237.76	0	3602.102713	3602.102713	-105.9536157	3555.132879	-118.2180611	0	0	0	0	0	0	0	0	0	0	0	0
4	3.743255128199	99.99700849	17.80948942	0	-546344.8951	-4182237.76	0	0	0	131.0977257	2111.059225	1.895	-546344.8951	-4182237.76	0	409.7583752	409.7583752	-87.07305058	404.4153063	-82.68885694	0	0	0	0	0	0	0	0	0	0	0	0
2	3.747857757716	99.99700849	17.80948942	0	-546344.8951	-4182237.76	0	0	0	131.3347752	2090.760257	1.895	-546344.8951	-4182237.76	0	1608.34735	1608.34735	-98.95009076	1587.375208	-104.3787611	0	0	0	0	0	0	0	0	0	0	0	0
0	3.829642230819	99.99700849	17.80948942	0	-546344.8951	-4182237.76	0	0	0	139.0703211	2069.958005	1.895	-546344.8951	-4182237.76	0	3603.539758	3603.539758	-105.9570802	3556.551186	-118.224947	0	0	0	0	0	0	0	0	0	0	0	0
4	3.843255128199	100.2651661	19.79147205	0	-546344.8951	-4182237.76	0	0	0	131.4030574	2109.088447	1.895	-546344.8951	-4182237.76	0	409.7809186	409.7809186	-87.07352843	404.4375557	-82.68958065	0	0	0	0	0	0	0	0	0	0	0	0
2	3.847857757716	100.2651661	19.79147205	0	-546344.8951	-4182237.76	0	0	0	131.7239917	2088.787239	1.895	-546344.8951	-4182237.76	0	1609.186574	1609.186574	-98.95462181	1588.203489	-104.3876334	0	0	0	0	0	0	0	0	0	0	0	0
0	3.929642230819	100.2651661	19.79147205	0	-546344.8951	-4182237.76	0	0	0	139.5255612	2068.011018	1.895	-546344.8951	-4182237.76	0	3604.321767	3604.321767	-105.9589649	3557.322998	-118.228693	0	0	0	0	0	0	0	0	0	0	0	0
4	3.943255128199	100.5336949	21.77619845	0	-546344.8951	-4182237.76	0	0	0	131.7093486	2107.111477	1.895	-546344.8951	-4182237.76	0	409.9467319	409.9467319	-87.07704237	404.6012069	-82.69490331	0	0	0	0	0	0	0	0	0	0	0	0
2	3.947857757716	100.5336949	21.77619845	0	-546344.8951	-4182237.76	0	0	0	132.111789	2086.821416	1.895	-546344.8951	-4182237.76	0	1609.245042	1609.245042	-98.9549374	1588.261195	-104.3882513	0	0	0	0	0	0	0	0	0	0	0	0
0	4.029642230819	100.5336949	21.77619845	0	-546344.8951	-4182237.76	0	0	0	139.9804918	2066.065354	1.895	-546344.8951	-4182237.76	0	3603.932075	3603.932075	-105.9580257	3556.938387	-118.2268264	0	0	0	0	0	0	0	0	0	0	0	0
4	4.043255128199	100.8034373	23.76989453	0	-546344.8951	-4182237.76	0	0	0	132.0209368	2105.133065	1.895	-546344.8951	-4182237.76	0	409.8761474	409.8761474	-87.07554671	404.5315429	-82.69263762	0	0	0	0	0	0	0	0	0	0	0	0
2	4.047857757716	100.8034373	23.76989453	0	-546344.8951	-4182237.76	0	0	0	132.4998236	2084.854389	1.895	-546344.8951	-4182237.76	0	1608.705298	1608.705298	-98.95202365	1587.728489	-104.3825459	0	0	0	0	0	0	0	0	0	0	0	0
8	4.125135477225	100.8034373	23.76989453	0	-546344.8951	-4182237.76	0	0	0	126.7714498	2142.717566	1.895	-546344.8951	-4182237.76	0	412.9005157	412.9005157	-87.13940231	407.5164747	-82.78959199	0	0	0	0	0	0	0	0	0	0	0	0
0	4.129642230819	100.8034373	23.76989453	0	-546344.8951	-4182237.76	0	0	0	140.435662	2064.118666	1.895	-546344.8951	-4182237.76	0	3604.129793	3604.129793	-105.9585023	3557.133527	-118.2277735	0	0	0	0	0	0	0	0	0	0	0	0
4	4.143255128199	101.0727441	25.76037104	0	-546344.8951	-4182237.76	0	0	0	132.3836407	2103.175915	1.895	-546344.8951	-4182237.76	0	409.763172	409.763172	-87.07315226	404.4200405	-82.68901093	0	0	0	0	0	0	0	0	0	0	0	0
2	4.147857757716	101.0727441	25.76037104	0	-546344.8951	-4182237.76	0	0	0	132.887816	2082.887576	1.895	-546344.8951	-4182237.76	0	1608.437869	1608.437869	-98.95057959	1587.464547	-104.3797183	0	0	0	0	0	0	0	0	0	0	0	0
8	4.225135477225	101.0727441	25.76037104	0	-546344.8951	-4182237.76	0	0	1	127.0034385	2140.739736	1.895	-546344.8951	-4182237.76	0	413.1957095	413.1957095	-87.14560987	407.8078193	-82.79904139	0	0	0	0	0	0	0	0	0	0	0	0
0	4.229642230819	101.0727441	25.76037104	0	-546344.8951	-4182237.76	0	0	0	140.8897997	2062.176394	1.895	-546344.8951	-4182237.76	0	3604.355594	3604.355594	-105.9590464	3557.356383	-118.228855	0	0	0	0	0	0	0	0	0	0	0	0
4	4.243255128199	101.3414896	27.74669866	0	-546344.8951	-4182237.76	0	0	0	132.7480875	2101.20936	1.895	-546344.8951	-4182237.76	0	410.2200444	410.2200444	-87.08283135	404.8709556	-82.70367508	0	0	0	0	0	0	0	0	0	0	0	0
2	4.247857757716	101.3414896	27.74669866	0	-546344.8951	-4182237.76	0	0	0	133.2762451	2080.91855	1.895	-546344.8951	-4182237.76	0	1608.716201	1608.716201	-98.95208251	1587.73925	-104.3826611	0	0	0	0	0	0	0	0	0	0	0	0
8	4.325135477225	101.3414896	27.74669866	0	-546344.8951	-4182237.76	0	0	1	127.2356148	2138.760306	1.895	-546344.8951	-4182237.76	0	413.2161937	413.2161937	-87.14604046	407.8280364	-82.79969702	0	0	0	0	0	0	0	0	0	0	0	0
0	4.329642230819	101.3414896	27.74669866	0	-546344.8951	-4182237.76	0	0	0	141.4075756	2060.243155	1.895	-546344.8951	-4182237.76	0	3605.733779	3605.733779	-105.962367	3558.716598	-118.2354549	0	0	0	0	0	0	0	0	0	0	0	0
4	4.343255128199	101.6210187	29.72812106	0	-546344.8951	-4182237.76	0	0	0	133.112359	2099.243751	1.895	-546344.8951	-4182237.76	0	410.7056165	410.7056165	-87.09310664	405.3501961	-82.71925404	0	0	0	0	0	0	0	0	0	0	0	0
2	4.347857757716	101.6210187	29.72812106	0	-546344.8951	-4182237.76	0	0	0	133.6645405	2078.950201	1.895	-546344.8951	-4182237.76	0	1609.203787	1609.203787	-98.95471472	1588.220478	-104.3878153	0	0	0	0	0	0	0	0	0	0	0	0
8	4.425135477225	101.6210187	29.72812106	0	-546344.8951	-4182237.76	0	0	0	127.4674921	2136.783425	1.895	-546344.8951	-4182237.76	0	413.1407319	413.1407319	-87.14445409	407.7535585	-82.7972817	0	0	0	0	0	0	0	0	0	0	0	0
0	4.429642230819	101.6210187	29.72812106	0	-546344.8951	-4182237.76	0	0	0	141.9275687	2058.313102	1.895	-546344.8951	-4182237.76	0	3606.630976	3606.630976	-105.964528	3559.602095	-118.23975	0	0	0	0	0	0	0	0	0	0	0	0
4	4.443255128199	101.9270032	31.70525126	0	-546344.8951	-4182237.76	0	0	0	133.4752526	2097.285577	1.895	-546344.8951	-4182237.76	0	410.7201961	410.7201961	-87.09341497	405.3645855	-82.7197217	0	0	0	0	0	0	0	0	0	0	0	0
2	4.447857757716	101.9270032	31.70525126	0	-546344.8951	-4182237.76	0	0	0	134.0522666	2076.984739	1.895	-546344.8951	-4182237.76	0	1609.440586	1609.440586	-98.95599278	1588.454189	-104.3903179	0	0	0	0	0	0	0	0	0	0	0	0
8	4.525135477225	101.9270032	31.70525126	0	-546344.8951	-4182237.76	0	0	0	127.7226555	2134.802041	1.895	-546344.8951	-4182237.76	0	413.1130516	413.1130516	-87.14387212	407.7262393	-82.7963957	0	0	0	0	0	0	0	0	0	0	0	0
0	4.529642230819	101.9270032	31.70525126	0	-546344.8951	-4182237.76	0	0	0	142.4478402	2056.382016	1.895	-546344.8951	-4182237.76	0	3607.162758	3607.162758	-105.9658086	3560.126943	-118.2422953	0	0	0	0	0	0	0	0	0	0	0	0
4	4.543255128199	102.2337427	33.68726079	0	-546344.8951	-4182237.76	0	0	0	133.8387068	2095.324378	1.895	-546344.8951	-4182237.76	0	410.6683559	410.6683559	-87.09231859	405.3134212	-82.71805881	0	0	0	0	0	0	0	0	0	0	0	0
2	4.547857757716	102.2337427	33.68726079	0	-546344.8951	-4182237.76	0	0	0	134.4931352	2075.03052	1.895	-546344.8951	-4182237.76	0	1609.176373	1609.176373	-98.95456675	1588.193421	-104.3875255	0	0	0	0	0	0	0	0	0	0	0	0
8	4.625135477225	102.2337427	33.68726079	0	-546344.8951	-4182237.76	0	0	0	127.9903208	2132.82084	1.895	-546344.8951	-4182237.76	0	413.3601582	413.3601582	-87.1490661	407.9701237	-82.80430445	0	0	0	0	0	0	0	0	0	0	0	0
0	4.629642230819	102.2337427	33.68726079	0	-546344.8951	-4182237.76	0	0	0	142.9664771	2054.456998	1.895	-546344.8951	-4182237.76	0	3606.287495	3606.287495	-105.9637007	3559.263093	-118.2381058	0	0	0	0	0	0	0	0	0	0	0	0
4	4.643255128199	102.541441	35.67546467	0	-546344.8951	-4182237.76	0	0	0	134.2021229	2093.363385	1.895	-546344.8951	-4182237.76	0	410.3656049	410.3656049	-87.08591286	405.014618	-82.70834589	0	0	0	0	0	0	0	0	0	0	0	0
2	4.647857757716	102.541441	35.67546467	0	-546344.8951	-4182237.76	0	0	0	134.9500791	2073.077309	1.895	-546344.8951	-4182237.76	0	1608.605641	1608.605641	-98.95148555	1587.630132	-104.3814922	0	0	0	0	0	0	0	0	0	0	0	0
8	4.725135477225	102.541441	35.67546467	0	-546344.8951	-4182237.76	0	0	0	128.2583249	2130.837131	1.895	-546344.8951	-4182237.76	0	413.2955558	413.2955558	-87.14770851	407.9063637	-82.80223699	0	0	0	0	0	0	0	0	0	0	0	0
0	4.729642230819	102.541441	35.67546467	0	-546344.8951	-4182237.76	0	0	0	143.4871785	2052.524317	1.895	-546344.8951	-4182237.76	0	3607.098014	3607.098014	-105.9656527	3560.063043	-118.2419854	0	0	0	0	0	0	0	0	0	0	0	0
4	4.743255128199	102.8483248	37.65840639	0	-546344.8951	-4182237.76	0	0	0	134.5712415	2091.398715	1.895	-546344.8951	-4182237.76	0	410.499743	410.499743	-87.08875159	405.147007	-82.71264965	0	0	0	0	0	0	0	0	0	0	0	0
2	4.747857757716	102.8483248	37.65840639	0	-546344.8951	-4182237.76	0	0	0	135.4062106	2071.127571	1.895	-546344.8951	-4182237.76	0	1608.222911	1608.222911	-98.9494187	1587.252392	-104.3774452	0	0	0	0	0	0	0	0	0	0	0	0
8	4.825135477225	102.8483248	37.65840639	0	-546344.8951	-4182237.76	0	0	0	128.525933	2128.856353	1.895	-546344.8951	-4182237.76	0	413.2770686	413.2770686	-87.14731997	407.8881175	-82.80164533	0	0	0	0	0	0	0	0	0	0	0	0
0	4.829642230819	102.8483248	37.65840639	0	-546344.8951	-4182237.76	0	0	0	144.004964	2050.602458	1.895	-546344.8951	-4182237.76	0	3606.884474	3606.884474	-105.9651384	3559.852288	-118.2409633	0	0	0	0	0	0	0	0	0	0	0	0
4	4.843255128199	103.1549192	39.63947802	0	-546344.8951	-4182237.76	0	0	0	134.9577462	2089.442035	1.895	-546344.8951	-4182237.76	0	410.6487912	410.6487912	-87.09190478	405.2941117	-82.71743121	0	0	0	0	0	0	0	0	0	0	0	0
2	4.847857757716	103.1549192	39.63947802	0	-546344.8951	-4182237.76	0	0	0	135.8629265	2069.175334	1.895	-546344.8951	-4182237.76	0	1608.244225	1608.244225	-98.94953381	1587.273428	-104.3776706	0	0	0	0	0	0	0	0	0	0	0	0
8	4.925135477225	103.1549192	39.63947802	0	-546344.8951	-4182237.76	0	0	0	128.7936461	2126.874798	1.895	-546344.8951	-4182237.76	0	413.3377893	413.3377893	-87.14859605	407.9480465	-82.8035886	0	0	0	0	0	0	0	0	0	0	0	0
0	4.929642230819	103.1549192	39.63947802	0	-546344.8951	-4182237.76	0	0	0	144.5226987	2048.680788	1.895	-546344.8951	-4182237.76	0	3606.423058	3606.423058	-105.9640272	3559.396889	-118.2387547	0	0	0	0	0	0	0	0	0	0	0	0
4	4.943255128199	103.4619248	41.62320612	0	-546344.8951	-4182237.76	0	0	0	135.3436494	2087.4884	1.895	-546344.8951	-4182237.76	0	410.5805182	410.5805182	-87.09046057	405.2267289	-82.71524105	0	0	0	0	0	0	0	0	0	0	0	0
2	4.947857757716	103.4619248	41.62320612	0	-546344.8951	-4182237.76	0	0	0	136.3208584	2067.2179	1.895	-546344.8951	-4182237.76	0	1608.524763	1608.524763	-98.95104882	1587.550308	-104.3806371	0	0	0	0	0	0	0	0	0	0	0	0
8	5.025135477225	103.4619248	41.62320612	0	-546344.8951	-4182237.76	0	0	0	129.0609973	2124.895922	1.895	-546344.8951	-4182237.76	0	413.6077873	413.6077873	-87.15426794	408.2145238	-82.81222818	0	0	0	0	0	0	0	0	0	0	0	0
0	5.029642230819	103.4619248	41.62320612	0	-546344.8951	-4182237.76	0	0	0	145.0564617	2046.755069	1.895	-546344.8951	-4182237.76	0	3606.561395	3606.561395	-105.9643604	3559.533422	-118.2394169	0	0	0	0	0	0	0	0	0	0	0	0
4	5.043255128199	103.7750618	43.60941749	0	-546344.8951	-4182237.76	0	0	0	135.7299983	2085.532509	1.895	-546344.8951	-4182237.76	0	410.4387289	410.4387289	-87.08746048	405.0867886	-82.7106921	0	0	0	0	0	0	0	0	0	0	0	0
2	5.047857757716	103.7750618	43.60941749	0	-546344.8951	-4182237.76	0	0	0	136.777882	2065.264348	1.895	-546344.8951	-4182237.76	0	1608.239211	1608.239211	-98.94950673	1587.268479	-104.3776175	0	0	0	0	0	0	0	0	0	0	0	0
10	5.118046723364	103.7750618	43.60941749	0	-546344.8951	-4182237.76	0	0	0	120.2223712	2141.902347	1.895	-546344.8951	-4182237.76	0	1624.72206	1624.72206	-99.03807535	1603.5364	-104.551072	0	0	0	0	0	0	0	0	0	0	0	0
8	5.125135477225	103.7750618	43.60941749	0	-546344.8951	-4182237.76	0	0	0	129.3288724	2122.913168	1.895	-546344.8951	-4182237.76	0	412.9383668	412.9383668	-87.14019852	407.5538322	-82.79080378	0	0	0	0	0	0	0	0	0	0	0	0
0	5.129642230819	103.7750618	43.60941749	0	-546344.8951	-4182237.76	0	0	0	145.6013483	2044.83452	1.895	-546344.8951	-4182237.76	0	3607.062446	3607.062446	-105.965567	3560.027939	-118.2418152	0	0	0	0	0	0	0	0	0	0	0	0
4	5.143255128199	104.1392367	45.57683255	0	-546344.8951	-4182237.76	0	0	0	136.1165946	2083.575365	1.895	-546344.8951	-4182237.76	0	410.3603338	410.3603338	-87.08580129	405.0094156	-82.70817676	0	0	0	0	0	0	0	0	0	0	0	0
2	5.147857757716	104.1392367	45.57683255	0	-546344.8951	-4182237.76	0	0	0	137.233553	2063.316577	1.895	-546344.8951	-4182237.76	0	1608.168499	1608.168499	-98.94912482	1587.198689	-104.3768697	0	0	0	0	0	0	0	0	0	0	0	0
10	5.218046723364	104.1392367	45.57683255	0	-546344.8951	-4182237.76	0	0	1	123.7310995	2140.321677	1.895	-546344.8951	-4182237.76	0	1609.845011	1609.845011	-98.95817512	1588.853341	-104.3945912	0	0	0	0	0	0	0	0	0	0	0	0
8	5.225135477225	104.1392367	45.57683255	0	-546344.8951	-4182237.76	0	0	0	129.5963898	2120.933061	1.895	-546344.8951	-4182237.76	0	412.7732502	412.7732502	-87.1367247	407.3908687	-82.78551735	0	0	0	0	0	0	0	0	0	0	0	0
0	5.229642230819	104.1392367	45.57683255	0	-546344.8951	-4182237.76	0	0	0	146.1445598	2042.919876	1.895	-546344.8951	-4182237.76	0	3605.764398	3605.764398	-105.9624407	3558.746817	-118.2356014	0	0	0	0	0	0	0	0	0	0	0	0
4	5.243255128199	104.5051346	47.55355606	0	-546344.8951	-4182237.76	0	0	0	136.5029856	2081.619261	1.895	-546344.8951	-4182237.76	0	409.8628953	409.8628953	-87.07526587	404.5184635	-82.69221222	0	0	0	0	0	0	0	0	0	0	0	0
2	5.247857757716	104.5051346	47.55355606	0	-546344.8951	-4182237.76	0	0	0	137.6902178	2061.364559	1.895	-546344.8951	-4182237.76	0	1607.706048	1607.706048	-98.94662671	1586.742269	-104.3719783	0	0	0	0	0	0	0	0	0	0	0	0
10	5.318046723364	104.5051346	47.55355606	0	-546344.8951	-4182237.76	0	0	1	123.9658406	2138.328079	1.895	-546344.8951	-4182237.76	0	1609.279759	1609.279759	-98.95512478	1588.295459	-104.3886182	0	0	0	0	0	0	0	0	0	0	0	0
8	5.325135477225	104.5051346	47.55355606	0	-546344.8951	-4182237.76	0	0	0	129.8737393	2118.959501	1.895	-546344.8951	-4182237.76	0	412.5161896	412.5161896	-87.13131375	407.13716	-82.77728567	0	0	0	0	0	0	0	0	0	0	0	0
0	5.329642230819	104.5051346	47.55355606	0	-546344.8951	-4182237.76	0	0	0	146.6904269	2040.995872	1.895	-546344.8951	-4182237.76	0	3606.833796	3606.833796	-105.9650164	3559.80227	-118.2407208	0	0	0	0	0	0	0	0	0	0	0	0
4	5.343255128199	104.8693137	49.52099341	0	-546344.8951	-4182237.76	0	0	0	136.8910963	2079.65445	1.895	-546344.8951	-4182237.76	0	410.0986025	410.0986025	-87.08025959	404.7510973	-82.69977775	0	0	0	0	0	0	0	0	0	0	0	0
2	5.347857757716	104.8693137	49.52099341	0	-546344.8951	-4182237.76	0	0	0	138.2108149	2059.421679	1.895	-546344.8951	-4182237.76	0	1608.36386	1608.36386	-98.95017992	1587.391503	-104.3789357	0	0	0	0	0	0	0	0	0	0	0	0
10	5.418046723364	104.8693137	49.52099341	0	-546344.8951	-4182237.76	0	0	0	124.2006213	2136.334144	1.895	-546344.8951	-4182237.76	0	1609.446451	1609.446451	-98.95602443	1588.459978	-104.3903799	0	0	0	0	0	0	0	0	0	0	0	0
8	5.425135477225	104.8693137	49.52099341	0	-546344.8951	-4182237.76	0	0	0	130.1800378	2116.982483	1.895	-546344.8951	-4182237.76	0	412.4908234	412.4908234	-87.13077963	407.1121246	-82.77647329	0	0	0	0	0	0	0	0	0	0	0	0
0	5.429642230819	104.8693137	49.52099341	0	-546344.8951	-4182237.76	0	0	0	147.2359117	2039.073215	1.895	-546344.8951	-4182237.76	0	3606.725601	3606.725601	-105.9647559	3559.695486	-118.2402029	0	0	0	0	0	0	0	0	0	0	0	0
4	5.443255128199	105.2351367	51.49731223	0	-546344.8951	-4182237.76	0	0	0	137.2787347	2077.69203	1.895	-546344.8951	-4182237.76	0	409.8776301	409.8776301	-87.07557813	404.5330062	-82.69268521	0	0	0	0	0	0	0	0	0	0	0	0
2	5.447857757716	105.2351367	51.49731223	0	-546344.8951	-4182237.76	0	0	0	138.7318613	2057.488287	1.895	-546344.8951	-4182237.76	0	1607.611567	1607.611567	-98.94611625	1586.64902	-104.3709787	0	0	0	0	0	0	0	0	0	0	0	0
10	5.518046723364	105.2351367	51.49731223	0	-546344.8951	-4182237.76	0	0	0	124.4572421	2134.349984	1.895	-546344.8951	-4182237.76	0	1610.099936	1610.099936	-98.95955046	1589.104942	-104.3972843	0	0	0	0	0	0	0	0	0	0	0	0
8	5.525135477225	105.2351367	51.49731223	0	-546344.8951	-4182237.76	0	0	0	130.4855098	2115.010801	1.895	-546344.8951	-4182237.76	0	412.6622736	412.6622736	-87.13438913	407.2813391	-82.78196385	0	0	0	0	0	0	0	0	0	0	0	0
0	5.529642230819	105.2351367	51.49731223	0	-546344.8951	-4182237.76	0	0	0	147.7804454	2037.153911	1.895	-546344.8951	-4182237.76	0	3606.35041	3606.35041	-105.9638523	3559.325188	-118.2384069	0	0	0	0	0	0	0	0	0	0	0	0
4	5.543255128199	105.600836	53.47296253	0	-546344.8951	-4182237.76	0	0	0	137.7167184	2075.747142	1.895	-546344.8951	-4182237.76	0	409.7343189	409.7343189	-87.07254063	404.3915637	-82.68808464	0	0	0	0	0	0	0	0	0	0	0	0
2	5.547857757716	105.600836	53.47296253	0	-546344.8951	-4182237.76	0	0	0	139.2538771	2055.551298	1.895	-546344.8951	-4182237.76	0	1607.264001	1607.264001	-98.94423816	1586.305986	-104.3673014	0	0	0	0	0	0	0	0	0	0	0	0
10	5.618046723364	105.600836	53.47296253	0	-546344.8951	-4182237.76	0	0	0	124.7269317	2132.356678	1.895	-546344.8951	-4182237.76	0	1609.474357	1609.474357	-98.95617503	1588.48752	-104.3906748	0	0	0	0	0	0	0	0	0	0	0	0
8	5.625135477225	105.600836	53.47296253	0	-546344.8951	-4182237.76	0	0	0	130.7916343	2113.034906	1.895	-546344.8951	-4182237.76	0	412.4628441	412.4628441	-87.13019044	407.0845102	-82.77557719	0	0	0	0	0	0	0	0	0	0	0	0
0	5.629642230819	105.600836	53.47296253	0	-546344.8951	-4182237.76	0	0	0	148.3236221	2035.239389	1.895	-546344.8951	-4182237.76	0	3606.065531	3606.065531	-105.9631661	3559.044023	-118.2370432	0	0	0	0	0	0	0	0	0	0	0	0
4	5.643255128199	105.9655945	55.44353064	0	-546344.8951	-4182237.76	0	0	0	138.169986	2073.808591	1.895	-546344.8951	-4182237.76	0	409.7893812	409.7893812	-87.07370781	404.4459081	-82.68985232	0	0	0	0	0	0	0	0	0	0	0	0
2	5.647857757716	105.9655945	55.44353064	0	-546344.8951	-4182237.76	0	0	0	139.7757691	2053.614769	1.895	-546344.8951	-4182237.76	0	1607.344299	1607.344299	-98.94467209	1586.385237	-104.368151	0	0	0	0	0	0	0	0	0	0	0	0
10	5.718046723364	105.9655945	55.44353064	0	-546344.8951	-4182237.76	0	0	0	124.9954004	2130.372396	1.895	-546344.8951	-4182237.76	0	1609.618639	1609.618639	-98.95695365	1588.62992	-104.3921994	0	0	0	0	0	0	0	0	0	0	0	0
8	5.725135477225	105.9655945	55.44353064	0	-546344.8951	-4182237.76	0	0	0	131.0978677	2111.058309	1.895	-546344.8951	-4182237.76	0	412.2210735	412.2210735	-87.1250976	406.8458921	-82.76783306	0	0	0	0	0	0	0	0	0	0	0	0
0	5.729642230819	105.9655945	55.44353064	0	-546344.8951	-4182237.76	0	0	0	148.3980883	2033.307069	1.895	-546344.8951	-4182237.76	0	3591.565066	3591.565066	-105.9281686	3544.732638	-118.1674846	0	0	0	0	0	0	0	0	0	0	0	0
4	5.743255128199	106.335522	57.41352841	0	-546344.8951	-4182237.76	0	0	0	138.6248329	2071.863285	1.895	-546344.8951	-4182237.76	0	410.0865355	410.0865355	-87.08000401	404.7391876	-82.69939047	0	0	0	0	0	0	0	0	0	0	0	0
2	5.747857757716	106.335522	57.41352841	0	-546344.8951	-4182237.76	0	0	0	140.2964289	2051.682812	1.895	-546344.8951	-4182237.76	0	1607.048764	1607.048764	-98.9430749	1586.093555	-104.3650237	0	0	0	0	0	0	0	0	0	0	0	0
10	5.818046723364	106.335522	57.41352841	0	-546344.8951	-4182237.76	0	0	0	125.2638887	2128.387969	1.895	-546344.8951	-4182237.76	0	1609.752988	1609.752988	-98.9576786	1588.762517	-104.3936189	0	0	0	0	0	0	0	0	0	0	0	0
8	5.825135477225	106.335522	57.41352841	0	-546344.8951	-4182237.76	0	0	0	131.4031734	2109.087699	1.895	-546344.8951	-4182237.76	0	412.1130795	412.1130795	-87.12282177	406.7393063	-82.76437338	0	0	0	0	0	0	0	0	0	0	0	0
0	5.829642230819	106.335522	57.41352841	0	-546344.8951	-4182237.76	0	0	0	147.9502998	2031.356832	1.895	-546344.8951	-4182237.76	0	3561.838107	3561.838107	-105.8559773	3515.393306	-118.0240102	0	0	0	0	0	0	0	0	0	0	0	0
4	5.843255128199	106.7235145	59.38034168	0	-546344.8951	-4182237.76	0	0	0	139.080183	2069.915828	1.895	-546344.8951	-4182237.76	0	410.3420585	410.3420585	-87.08541446	404.9913786	-82.70759036	0	0	0	0	0	0	0	0	0	0	0	0
2	5.847857757716	106.7235145	59.38034168	0	-546344.8951	-4182237.76	0	0	0	140.8168178	2049.75186	1.895	-546344.8951	-4182237.76	0	1606.637889	1606.637889	-98.94085389	1585.688038	-104.3606749	0	0	0	0	0	0	0	0	0	0	0	0
10	5.918046723364	106.7235145	59.38034168	0	-546344.8951	-4182237.76	0	0	0	125.5331227	2126.398031	1.895	-546344.8951	-4182237.76	0	1609.55571	1609.55571	-98.95661406	1588.567812	-104.3915344	0	0	0	0	0	0	0	0	0	0	0	0
8	5.925135477225	106.7235145	59.38034168	0	-546344.8951	-4182237.76	0	0	0	131.7086037	2107.116285	1.895	-546344.8951	-4182237.76	0	412.0285258	412.0285258	-87.12103949	406.6558551	-82.7616644	0	0	0	0	0	0	0	0	0	0	0	0
0	5.929642230819	106.7235145	59.38034168	0	-546344.8951	-4182237.76	0	0	0	148.2895101	2029.425393	1.895	-546344.8951	-4182237.76	0	3556.068971	3556.068971	-105.8418973	3509.699397	-117.9960286	0	0	0	0	0	0	0	0	0	0	0	0
4	5.943255128199	107.1117127	61.34819749	0	-546344.8951	-4182237.76	0	0	0	139.5350902	2067.970264	1.895	-546344.8951	-4182237.76	0	410.4870314	410.4870314	-87.08848262	405.1344612	-82.71224183	0	0	0	0	0	0	0	0	0	0	0	0
2	5.947857757716	107.1117127	61.34819749	0	-546344.8951	-4182237.76	0	0	0	141.3389318	2047.814506	1.895	-546344.8951	-4182237.76	0	1606.710726	1606.710726	-98.94124766	1585.759926	-104.3614459	0	0	0	0	0	0	0	0	0	0	0	0
10	6.018046723364	107.1117127	61.34819749	0	-546344.8951	-4182237.76	0	0	0	125.8017159	2124.412829	1.895	-546344.8951	-4182237.76	0	1609.504012	1609.504012	-98.95633507	1588.516788	-104.3909881	0	0	0	0	0	0	0	0	0	0	0	0
8	6.025135477225	107.1117127	61.34819749	0	-546344.8951	-4182237.76	0	0	0	132.0186298	2105.145514	1.895	-546344.8951	-4182237.76	0	411.8462006	411.8462006	-87.11719508	406.4759074	-82.75582227	0	0	0	0	0	0	0	0	0	0	0	0
0	6.029642230819	107.1117127	61.34819749	0	-546344.8951	-4182237.76	0	0	0	148.8527885	2027.509896	1.895	-546344.8951	-4182237.76	0	3556.15228	3556.15228	-105.8421008	3509.78162	-117.996433	0	0	0	0	0	0	0	0	0	0	0	0
4	6.043255128199	107.4992667	63.31278806	0	-546344.8951	-4182237.76	0	0	0	139.9895293	2066.026702	1.895	-546344.8951	-4182237.76	0	410.6921306	410.6921306	-87.09282143	405.336886	-82.71882145	0	0	0	0	0	0	0	0	0	0	0	0
2	6.047857757716	107.4992667	63.31278806	0	-546344.8951	-4182237.76	0	0	0	141.876402	2045.87645	1.895	-546344.8951	-4182237.76	0	1607.430458	1607.430458	-98.94513767	1586.470272	-104.3690626	0	0	0	0	0	0	0	0	0	0	0	0
10	6.118046723364	107.4992667	63.31278806	0	-546344.8951	-4182237.76	0	0	0	126.0703375	2122.427416	1.895	-546344.8951	-4182237.76	0	1609.764622	1609.764622	-98.95774137	1588.773999	-104.3937419	0	0	0	0	0	0	0	0	0	0	0	0
8	6.125135477225	107.4992667	63.31278806	0	-546344.8951	-4182237.76	0	0	0	132.3830621	2103.179037	1.895	-546344.8951	-4182237.76	0	411.9421145	411.9421145	-87.11921768	406.5705706	-82.75889569	0	0	0	0	0	0	0	0	0	0	0	0
0	6.129642230819	107.4992667	63.31278806	0	-546344.8951	-4182237.76	0	0	0	149.4174763	2025.589607	1.895	-546344.8951	-4182237.76	0	3556.453365	3556.453365	-105.8428362	3510.078779	-117.9978944	0	0	0	0	0	0	0	0	0	0	0	0
12	6.137873542123	107.887545	65.28104977	0	-546344.8951	-4182237.76	0	0	0	126.7714498	2142.717566	1.895	-546344.8951	-4182237.76	0	3616.869941	3616.869941	-105.9891516	3569.707549	-118.2886918	0	0	0	0	0	0	0	0	0	0	0	0
4	6.143255128199	107.887545	65.28104977	0	-546344.8951	-4182237.76	0	0	0	140.4454887	2064.076639	1.895	-546344.8951	-4182237.76	0	411.0255744	411.0255744	-87.0998707	405.6659818	-82.72951588	0	0	0	0	0	0	0	0	0	0	0	0
2	6.147857757716	107.887545	65.28104977	0	-546344.8951	-4182237.76	0	0	0	142.4253937	2043.943601	1.895	-546344.8951	-4182237.76	0	1607.710777	1607.710777	-98.94665226	1586.746936	-104.3720283	0	0	0	0	0	0	0	0	0	0	0	0
10	6.218046723364	107.887545	65.28104977	0	-546344.8951	-4182237.76	0	0	0	126.3392091	2120.440157	1.895	-546344.8951	-4182237.76	0	1609.513841	1609.513841	-98.95638812	1588.526489	-104.391092	0	0	0	0	0	0	0	0	0	0	0	0
8	6.225135477225	107.887545	65.28104977	0	-546344.8951	-4182237.76	0	0	0	132.7470317	2101.215057	1.895	-546344.8951	-4182237.76	0	411.9458726	411.9458726	-87.11929692	406.5742797	-82.75901611	0	0	0	0	0	0	0	0	0	0	0	0
0	6.229642230819	107.887545	65.28104977	0	-546344.8951	-4182237.76	0	0	0	149.9817293	2023.670796	1.895	-546344.8951	-4182237.76	0	3557.216715	3557.216715	-105.8447003	3510.832175	-118.001599	0	0	0	0	0	0	0	0	0	0	0	0
12	6.237873542123	108.2748796	67.24452793	0	-546344.8951	-4182237.76	0	0	1	127.0035794	2140.738535	1.895	-546344.8951	-4182237.76	0	3616.931645	3616.931645	-105.9892998	3569.768448	-118.2889863	0	0	0	0	0	0	0	0	0	0	0	0
4	6.243255128199	108.2748796	67.24452793	0	-546344.8951	-4182237.76	0	0	0	140.9007029	2062.129762	1.895	-546344.8951	-4182237.76	0	411.431891	411.431891	-87.10845284	406.0670003	-82.74254333	0	0	0	0	0	0	0	0	0	0	0	0
2	6.247857757716	108.2748796	67.24452793	0	-546344.8951	-4182237.76	0	0	0	142.9740025	2042.0121	1.895	-546344.8951	-4182237.76	0	1608.323506	1608.323506	-98.94996199	1587.351676	-104.378509	0	0	0	0	0	0	0	0	0	0	0	0
10	6.318046723364	108.2748796	67.24452793	0	-546344.8951	-4182237.76	0	0	0	126.6191391	2118.454024	1.895	-546344.8951	-4182237.76	0	1609.375082	1609.375082	-98.95563926	1588.389539	-104.3896256	0	0	0	0	0	0	0	0	0	0	0	0
8	6.325135477225	108.2748796	67.24452793	0	-546344.8951	-4182237.76	0	0	0	133.1099287	2099.256865	1.895	-546344.8951	-4182237.76	0	412.2615244	412.2615244	-87.1259499	406.8858156	-82.76912886	0	0	0	0	0	0	0	0	0	0	0	0
0	6.329642230819	108.2748796	67.24452793	0	-546344.8951	-4182237.76	0	0	0	150.5446484	2021.756522	1.895	-546344.8951	-4182237.76	0	3557.260941	3557.260941	-105.8448083	3510.875824	-118.0018136	0	0	0	0	0	0	0	0	0	0	0	0
12	6.337873542123	108.6625754	69.2098372	0	-546344.8951	-4182237.76	0	0	1	127.2365293	2138.752509	1.895	-546344.8951	-4182237.76	0	3616.418736	3616.418736	-105.988068	3569.262227	-118.2865379	0	0	0	0	0	0	0	0	0	0	0	0
4	6.343255128199	108.6625754	69.2098372	0	-546344.8951	-4182237.76	0	0	0	141.4179643	2060.204595	1.895	-546344.8951	-4182237.76	0	411.917383	411.917383	-87.11869619	406.5461616	-82.75810323	0	0	0	0	0	0	0	0	0	0	0	0
2	6.347857757716	108.6625754	69.2098372	0	-546344.8951	-4182237.76	0	0	0	143.5221444	2040.082243	1.895	-546344.8951	-4182237.76	0	1608.703755	1608.703755	-98.95201532	1587.726967	-104.3825296	0	0	0	0	0	0	0	0	0	0	0	0
10	6.418046723364	108.6625754	69.2098372	0	-546344.8951	-4182237.76	0	0	0	126.9254606	2116.474716	1.895	-546344.8951	-4182237.76	0	1610.112816	1610.112816	-98.95961994	1589.117654	-104.3974204	0	0	0	0	0	0	0	0	0	0	0	0
8	6.425135477225	108.6625754	69.2098372	0	-546344.8951	-4182237.76	0	0	0	133.4733776	2097.295694	1.895	-546344.8951	-4182237.76	0	412.801687	412.801687	-87.13732307	407.4189347	-82.78642785	0	0	0	0	0	0	0	0	0	0	0	0
0	6.429642230819	108.6625754	69.2098372	0	-546344.8951	-4182237.76	0	0	0	151.1096263	2019.836977	1.895	-546344.8951	-4182237.76	0	3557.022685	3557.022685	-105.8442265	3510.640675	-118.0006574	0	0	0	0	0	0	0	0	0	0	0	0
12	6.437873542123	109.0519365	71.18358804	0	-546344.8951	-4182237.76	0	0	0	127.4691632	2136.769178	1.895	-546344.8951	-4182237.76	0	3617.312022	3617.312022	-105.9902132	3570.143866	-118.2908018	0	0	0	0	0	0	0	0	0	0	0	0
4	6.443255128199	109.0519365	71.18358804	0	-546344.8951	-4182237.76	0	0	0	141.9377522	2058.275304	1.895	-546344.8951	-4182237.76	0	412.2916486	412.2916486	-87.12658456	406.915547	-82.77009382	0	0	0	0	0	0	0	0	0	0	0	0
2	6.447857757716	109.0519365	71.18358804	0	-546344.8951	-4182237.76	0	0	0	144.0702308	2038.152581	1.895	-546344.8951	-4182237.76	0	1608.432638	1608.432638	-98.95055134	1587.459384	-104.379663	0	0	0	0	0	0	0	0	0	0	0	0
10	6.518046723364	109.0519365	71.18358804	0	-546344.8951	-4182237.76	0	0	0	127.2317115	2114.495864	1.895	-546344.8951	-4182237.76	0	1609.89212	1609.89212	-98.95842929	1588.899835	-104.3950889	0	0	0	0	0	0	0	0	0	0	0	0
8	6.525135477225	109.0519365	71.18358804	0	-546344.8951	-4182237.76	0	0	0	133.837938	2095.328526	1.895	-546344.8951	-4182237.76	0	412.264707	412.264707	-87.12601695	406.8889567	-82.7692308	0	0	0	0	0	0	0	0	0	0	0	0
0	6.529642230819	109.0519365	71.18358804	0	-546344.8951	-4182237.76	0	0	0	151.6806335	2017.920145	1.895	-546344.8951	-4182237.76	0	3557.524159	3557.524159	-105.845451	3511.13561	-118.0030908	0	0	0	0	0	0	0	0	0	0	0	0
12	6.537873542123	109.492142	73.13523427	0	-546344.8951	-4182237.76	0	0	0	127.7240182	2134.791955	1.895	-546344.8951	-4182237.76	0	3616.729143	3616.729143	-105.9888135	3569.568587	-118.2880197	0	0	0	0	0	0	0	0	0	0	0	0
4	6.543255128199	109.492142	73.13523427	0	-546344.8951	-4182237.76	0	0	0	142.4583552	2056.342988	1.895	-546344.8951	-4182237.76	0	412.8431107	412.8431107	-87.13819464	407.4598183	-82.78775412	0	0	0	0	0	0	0	0	0	0	0	0
2	6.547857757716	109.492142	73.13523427	0	-546344.8951	-4182237.76	0	0	0	144.6171243	2036.227119	1.895	-546344.8951	-4182237.76	0	1608.548691	1608.548691	-98.95117804	1587.573924	-104.3808901	0	0	0	0	0	0	0	0	0	0	0	0
10	6.618046723364	109.492142	73.13523427	0	-546344.8951	-4182237.76	0	0	0	127.5390406	2112.510046	1.895	-546344.8951	-4182237.76	0	1609.818544	1609.818544	-98.95803232	1588.827219	-104.3943116	0	0	0	0	0	0	0	0	0	0	0	0
8	6.625135477225	109.492142	73.13523427	0	-546344.8951	-4182237.76	0	0	0	134.2012081	2093.368321	1.895	-546344.8951	-4182237.76	0	412.2632777	412.2632777	-87.12598684	406.887546	-82.76918502	0	0	0	0	0	0	0	0	0	0	0	0
0	6.629642230819	109.492142	73.13523427	0	-546344.8951	-4182237.76	0	0	0	152.2517197	2016.003047	1.895	-546344.8951	-4182237.76	0	3556.885945	3556.885945	-105.8438926	3510.505718	-117.9999938	0	0	0	0	0	0	0	0	0	0	0	0
12	6.637873542123	109.9499494	75.09213645	0	-546344.8951	-4182237.76	0	0	0	127.9905529	2132.819122	1.895	-546344.8951	-4182237.76	0	3617.451108	3617.451108	-105.9905472	3570.281137	-118.2914656	0	0	0	0	0	0	0	0	0	0	0	0
