0	3.129642230819	98.49642816	5.85531744	0	100.0351298	37.04802561	0	0	1	136.106601	2083.625958	1.895	105.0521677	64.53384541	0	4318548.949	4318548.949	-167.5292507	4262236.971	-241.2864245	0	0	0	0	0	0	0	0	0	0	0	0
4	3.143255128199	98.49642816	5.85531744	0	100.0351298	37.04802561	0	0	0	129.3272167	2122.925423	1.895	100.0351298	37.04802561	0	4482939.958	4482939.958	-167.8537522	4424484.394	-241.9331279	0	0	0	0	0	0	0	0	0	0	0	0
2	3.147857757716	98.49642816	5.85531744	0	100.0351298	37.04802561	0	0	1	129.142772	2102.574069	1.895	101.6329155	46.94556434	0	4397172.311	4397172.311	-167.6859635	4339835.119	-241.5953255	0	0	0	0	0	0	0	0	0	0	0	0
0	3.229642230819	98.49642816	5.85531744	0	100.0351298	37.04802561	0	0	1	136.494707	2081.661171	1.895	105.4402752	66.49863185	0	4310417.401	4310417.401	-167.5128803	4254211.455	-241.250623	0	0	0	0	0	0	0	0	0	0	0	0
4	3.243255128199	98.73116434	7.848874	0	100.0351298	37.04802561	0	0	0	129.5952127	2120.941774	1.895	100.0351298	37.04802561	0	4466117.783	4466117.783	-167.8210972	4407881.573	-241.8652049	0	0	0	0	0	0	0	0	0	0	0	0
2	3.247857757716	98.73116434	7.848874	0	100.0351298	37.04802561	0	0	1	129.5067542	2100.607695	1.895	101.9968983	48.91193813	0	4380590.209	4380590.209	-167.6531464	4323469.241	-241.5328355	0	0	0	0	0	0	0	0	0	0	0	0
0	3.329642230819	98.73116434	7.848874	0	100.0351298	37.04802561	0	0	1	136.8806447	2079.707361	1.895	105.8262143	68.45244099	0	4294056.566	4294056.566	-167.479849	4238063.958	-241.1836753	0	0	0	0	0	0	0	0	0	0	0	0
4	3.343255128199	98.966315	9.845950607	0	100.0351298	37.04802561	0	0	0	129.8729802	2118.9644	1.895	100.0351298	37.04802561	0	4449339.447	4449339.447	-167.7884046	4391322.019	-241.8023785	0	0	0	0	0	0	0	0	0	0	0	0
2	3.347857757716	98.966315	9.845950607	0	100.0351298	37.04802561	0	0	1	129.8713892	2098.637794	1.895	102.3615339	50.88183906	0	4364010.078	4364010.078	-167.6202087	4307105.307	-241.465426	0	0	0	0	0	0	0	0	0	0	0	0
0	3.429642230819	98.966315	9.845950607	0	100.0351298	37.04802561	0	0	1	137.2687346	2077.742656	1.895	106.2143057	70.41714597	0	4277667.451	4277667.451	-167.4466342	4221888.55	-241.1166749	0	0	0	0	0	0	0	0	0	0	0	0
4	3.443255128199	99.20069221	11.83645848	0	100.0351298	37.04802561	0	0	0	130.1795567	2116.985588	1.895	100.0351298	37.04802561	0	4432616.14	4432616.14	-167.7556963	4374816.777	-241.7396402	0	0	0	0	0	0	0	0	0	0	0	0
2	3.447857757716	99.20069221	11.83645848	0	100.0351298	37.04802561	0	0	1	130.2374866	2096.659993	1.895	102.7276318	52.85963958	0	4347456.044	4347456.044	-167.5871978	4290767.13	-241.3980788	0	0	0	0	0	0	0	0	0	0	0	0
0	3.529642230819	99.20069221	11.83645848	0	100.0351298	37.04802561	0	0	1	137.705628	2075.794574	1.895	106.6512005	72.36522767	0	4261409.324	4261409.324	-167.4135588	4205842.422	-241.0499449	0	0	0	0	0	0	0	0	0	0	0	0
4	3.543255128199	99.45863828	13.83033539	0	100.0351298	37.04802561	0	0	0	130.4859756	2115.007794	1.895	100.0351298	37.04802561	0	4415912.998	4415912.998	-167.722904	4358331.436	-241.6719626	0	0	0	0	0	0	0	0	0	0	0	0
2	3.547857757716	99.45863828	13.83033539	0	100.0351298	37.04802561	0	0	1	130.6013977	2094.694003	1.895	103.0915436	54.82562965	0	4330967.065	4330967.065	-167.5541914	4274493.16	-241.330871	0	0	0	0	0	0	0	0	0	0	0	0
0	3.629642230819	99.45863828	13.83033539	0	100.0351298	37.04802561	0	0	1	138.1610093	2073.846983	1.895	107.1065833	74.31281869	0	4245170.052	4245170.052	-167.3803956	4189814.903	-240.9832562	0	0	0	0	0	0	0	0	0	0	0	0
4	3.643255128199	99.72769364	15.8189534	0	100.0351298	37.04802561	0	0	0	130.7912577	2113.037337	1.895	100.0351298	37.04802561	0	4399293.483	4399293.483	-167.6901525	4341928.632	-241.6044651	0	0	0	0	0	0	0	0	0	0	0	0
2	3.647857757716	99.72769364	15.8189534	0	100.0351298	37.04802561	0	0	1	130.9655434	2092.726746	1.895	103.4556899	56.79288672	0	4314525.371	4314525.371	-167.5211543	4258265.859	-241.2686075	0	0	0	0	0	0	0	0	0	0	0	0
0	3.729642230819	99.72769364	15.8189534	0	100.0351298	37.04802561	0	0	1	138.6143284	2071.908211	1.895	107.5599038	76.25158991	0	4229018.797	4229018.797	-167.3472861	4173874.253	-240.9167498	0	0	0	0	0	0	0	0	0	0	0	0
4	3.743255128199	99.99700849	17.80948942	0	100.0351298	37.04802561	0	0	0	131.0977257	2111.059225	1.895	100.0351298	37.04802561	0	4382665.301	4382665.301	-167.6572599	4325517.275	-241.536964	0	0	0	0	0	0	0	0	0	0	0	0
2	3.747857757716	99.99700849	17.80948942	0	100.0351298	37.04802561	0	0	1	131.3347752	2090.760257	1.895	103.8249223	58.75937492	0	4298110.533	4298110.533	-167.4880454	4242065.063	-241.2015441	0	0	0	0	0	0	0	0	0	0	0	0
0	3.829642230819	99.99700849	17.80948942	0	100.0351298	37.04802561	0	0	1	139.0703211	2069.958005	1.895	108.0158979	78.2017953	0	4212843.846	4212843.846	-167.314001	4157910.217	-240.8549224	0	0	0	0	0	0	0	0	0	0	0	0
4	3.843255128199	100.2651661	19.79147205	0	100.0351298	37.04802561	0	0	1	131.4030574	2109.088447	1.895	100.340463	39.018803	0	4366135.01	4366135.01	-167.624437	4309202.531	-241.4745688	0	0	0	0	0	0	0	0	0	0	0	0
2	3.847857757716	100.2651661	19.79147205	0	100.0351298	37.04802561	0	0	1	131.7239917	2088.787239	1.895	104.2141394	60.73239286	0	4281736.733	4281736.733	-167.454893	4225904.771	-241.1345689	0	0	0	0	0	0	0	0	0	0	0	0
0	3.929642230819	100.2651661	19.79147205	0	100.0351298	37.04802561	0	0	1	139.5255612	2068.011018	1.895	108.4711395	80.1487826	0	4196748.277	4196748.277	-167.2807522	4142024.527	-240.7885122	0	0	0	0	0	0	0	0	0	0	0	0
4	3.943255128199	100.5336949	21.77619845	0	100.0351298	37.04802561	0	0	1	131.7093486	2107.111477	1.895	100.6467556	40.99577297	0	4349598.737	4349598.737	-167.5914777	4292881.884	-241.407254	0	0	0	0	0	0	0	0	0	0	0	0
2	3.947857757716	100.5336949	21.77619845	0	100.0351298	37.04802561	0	0	1	132.111789	2086.821416	1.895	104.6019372	62.69821622	0	4265412.516	4265412.516	-167.4217146	4209793.414	-241.0676983	0	0	0	0	0	0	0	0	0	0	0	0
0	4.029642230819	100.5336949	21.77619845	0	100.0351298	37.04802561	0	0	1	139.9804918	2066.065354	1.895	108.9260715	82.09444576	0	4180677.793	4180677.793	-167.2474278	4126163.595	-240.7198054	0	0	0	0	0	0	0	0	0	0	0	0
4	4.043255128199	100.8034373	23.76989453	0	100.0351298	37.04802561	0	0	1	132.0209368	2105.133065	1.895	100.9583452	42.97418488	0	4333050.771	4333050.771	-167.5583694	4276549.696	-241.3399247	0	0	0	0	0	0	0	0	0	0	0	0
2	4.047857757716	100.8034373	23.76989453	0	100.0351298	37.04802561	0	0	1	132.4998236	2084.854389	1.895	104.9899725	64.66524303	0	4249077.544	4249077.544	-167.3883869	4193671.443	-241.0008077	0	0	0	0	0	0	0	0	0	0	0	0
8	4.125135477225	100.8034373	23.76989453	0	100.0351298	37.04802561	0	0	0	126.7714498	2142.717566	1.895	100.0351298	37.04802561	0	4490617.165	4490617.165	-167.8686144	4432061.494	-241.963152	0	0	0	0	0	0	0	0	0	0	0	0
0	4.129642230819	100.8034373	23.76989453	0	100.0351298	37.04802561	0	0	1	140.435662	2064.118666	1.895	109.3812431	84.04113383	0	4164597.413	4164597.413	-167.2139543	4110292.895	-240.6534289	0	0	0	0	0	0	0	0	0	0	0	0
4	4.143255128199	101.0727441	25.76037104	0	100.0351298	37.04802561	0	0	1	132.3836407	2103.175915	1.895	101.3210506	44.93133472	0	4316639.305	4316639.305	-167.525409	4260352.228	-241.2728777	0	0	0	0	0	0	0	0	0	0	0	0
2	4.147857757716	101.0727441	25.76037104	0	100.0351298	37.04802561	0	0	1	132.887816	2082.887576	1.895	105.3779655	66.63205561	0	4232788.128	4232788.128	-167.3550244	4177594.433	-240.9340107	0	0	0	0	0	0	0	0	0	0	0	0
8	4.225135477225	101.0727441	25.76037104	0	100.0351298	37.04802561	0	0	0	127.0034385	2140.739736	1.895	100.0351298	37.04802561	0	4473813.708	4473813.708	-167.8360517	4415477.146	-241.9002815	0	0	0	0	0	0	0	0	0	0	0	0
0	4.229642230819	101.0727441	25.76037104	0	100.0351298	37.04802561	0	0	1	140.8897997	2062.176394	1.895	109.8353822	85.98340576	0	4148579.206	4148579.206	-167.1804815	4094483.559	-240.5848489	0	0	0	0	0	0	0	0	0	0	0	0
4	4.243255128199	101.3414896	27.74669866	0	100.0351298	37.04802561	0	0	1	132.7480875	2101.20936	1.895	101.6854988	46.89788949	0	4300237.373	4300237.373	-167.4923424	4244164.17	-241.210682	0	0	0	0	0	0	0	0	0	0	0	0
2	4.247857757716	101.3414896	27.74669866	0	100.0351298	37.04802561	0	0	1	133.2762451	2080.91855	1.895	105.7663951	68.60108143	0	4216538.071	4216538.071	-167.3216143	4161556.271	-240.8672938	0	0	0	0	0	0	0	0	0	0	0	0
8	4.325135477225	101.3414896	27.74669866	0	100.0351298	37.04802561	0	0	0	127.2356148	2138.760306	1.895	100.0351298	37.04802561	0	4457052.546	4457052.546	-167.8034489	4398934.542	-241.8324719	0	0	0	0	0	0	0	0	0	0	0	0
0	4.329642230819	101.3414896	27.74669866	0	100.0351298	37.04802561	0	0	1	141.4075756	2060.243155	1.895	110.3531595	87.91664433	0	4132650.726	4132650.726	-167.1470678	4078762.779	-240.5187876	0	0	0	0	0	0	0	0	0	0	0	0
4	4.343255128199	101.6210187	29.72812106	0	100.0351298	37.04802561	0	0	1	133.112359	2099.243751	1.895	102.0497717	48.8634981	0	4283890.238	4283890.238	-167.4592605	4228030.195	-241.1437588	0	0	0	0	0	0	0	0	0	0	0	0
2	4.347857757716	101.6210187	29.72812106	0	100.0351298	37.04802561	0	0	1	133.6645405	2078.950201	1.895	106.1546911	70.56942996	0	4200341.513	4200341.513	-167.2881859	4145570.908	-240.8006852	0	0	0	0	0	0	0	0	0	0	0	0
8	4.425135477225	101.6210187	29.72812106	0	100.0351298	37.04802561	0	0	0	127.4674921	2136.783425	1.895	100.0351298	37.04802561	0	4440353.685	4440353.685	-167.7708451	4382453.427	-241.764803	0	0	0	0	0	0	0	0	0	0	0	0
0	4.429642230819	101.6210187	29.72812106	0	100.0351298	37.04802561	0	0	1	141.9275687	2058.313102	1.895	110.8731541	89.84669644	0	4116785.234	4116785.234	-167.113658	4063104.167	-240.452852	0	0	0	0	0	0	0	0	0	0	0	0
4	4.443255128199	101.9270032	31.70525126	0	100.0351298	37.04802561	0	0	1	133.4752526	2097.285577	1.895	102.4126668	50.82167169	0	4267620.965	4267620.965	-167.4262106	4211973.066	-241.0769986	0	0	0	0	0	0	0	0	0	0	0	0
2	4.447857757716	101.9270032	31.70525126	0	100.0351298	37.04802561	0	0	1	134.0522666	2076.984739	1.895	106.5424178	72.5348928	0	4184203.805	4184203.805	-167.2547504	4129643.628	-240.7341954	0	0	0	0	0	0	0	0	0	0	0	0
8	4.525135477225	101.9270032	31.70525126	0	100.0351298	37.04802561	0	0	0	127.7226555	2134.802041	1.895	100.0351298	37.04802561	0	4423685.113	4423685.113	-167.7381779	4366002.206	-241.7021747	0	0	0	0	0	0	0	0	0	0	0	0
0	4.529642230819	101.9270032	31.70525126	0	100.0351298	37.04802561	0	0	1	142.4478402	2056.382016	1.895	111.393427	91.77778176	0	4100961.532	4100961.532	-167.0802077	4047486.799	-240.3846953	0	0	0	0	0	0	0	0	0	0	0	0
4	4.543255128199	102.2337427	33.68726079	0	100.0351298	37.04802561	0	0	1	133.8387068	2095.324378	1.895	102.7761225	52.78287052	0	4251350.068	4251350.068	-167.3930312	4195914.334	-241.0102382	0	0	0	0	0	0	0	0	0	0	0	0
2	4.547857757716	102.2337427	33.68726079	0	100.0351298	37.04802561	0	0	1	134.4931352	2075.03052	1.895	106.983287	74.4891111	0	4168126.562	4168126.562	-167.2213118	4113776.026	-240.6678273	0	0	0	0	0	0	0	0	0	0	0	0
8	4.625135477225	102.2337427	33.68726079	0	100.0351298	37.04802561	0	0	0	127.9903208	2132.82084	1.895	100.0351298	37.04802561	0	4407028.776	4407028.776	-167.7054115	4349563.06	-241.6346028	0	0	0	0	0	0	0	0	0	0	0	0
0	4.629642230819	102.2337427	33.68726079	0	100.0351298	37.04802561	0	0	1	142.9664771	2054.456998	1.895	111.9120653	93.70279986	0	4085173.077	4085173.077	-167.046703	4031904.218	-240.3189139	0	0	0	0	0	0	0	0	0	0	0	0
4	4.643255128199	102.541441	35.67546467	0	100.0351298	37.04802561	0	0	1	134.2021229	2093.363385	1.895	103.13954	54.74386342	0	4235085.566	4235085.566	-167.3597376	4179861.915	-240.9434922	0	0	0	0	0	0	0	0	0	0	0	0
2	4.647857757716	102.541441	35.67546467	0	100.0351298	37.04802561	0	0	1	134.9500791	2073.077309	1.895	107.4402315	76.44232192	0	4152060.187	4152060.187	-167.1877666	4097919.149	-240.6014761	0	0	0	0	0	0	0	0	0	0	0	0
8	4.725135477225	102.541441	35.67546467	0	100.0351298	37.04802561	0	0	0	128.2583249	2130.837131	1.895	100.0351298	37.04802561	0	4390367.356	4390367.356	-167.672511	4333118.898	-241.5719616	0	0	0	0	0	0	0	0	0	0	0	0
0	4.729642230819	102.541441	35.67546467	0	100.0351298	37.04802561	0	0	1	143.4871785	2052.524317	1.895	112.4327681	95.63548052	0	4069359.437	4069359.437	-167.0130148	4016296.781	-240.2507836	0	0	0	0	0	0	0	0	0	0	0	0
