1	3.121182739839	134.4597544	1970.968726	0	-546344.9226	-4182238.498	0	0	0	193.2757815	209.664264	1.895	-546344.8951	-4182237.76	0	2197.369392	2197.369392	-101.6605552	2168.716662	-109.7100315	0	0	0	0	0	0	0	0	0	0	0	0
5	3.128797324758	134.4597544	1970.968726	0	-546344.9226	-4182238.498	0	0	0	166.557441	189.5467809	1.895	-546344.8951	-4182237.76	0	202.7886881	202.7886881	-80.96336831	200.1444128	-77.70707049	0	0	0	0	0	0	0	0	0	0	0	0
3	3.139957928192	134.4597544	1970.968726	0	-546344.9226	-4182238.498	0	0	0	178.9023384	201.5022889	1.895	-546344.9226	-4182238.498	0	968.5533825	968.5533825	-94.54496504	955.9238726	-95.85772218	0	0	0	0	0	0	0	0	0	0	0	0
1	3.221182739839	135.5292707	1969.834754	0	-546344.9226	-4182238.498	0	0	0	194.4566825	210.6860184	1.895	-546344.8951	-4182237.76	0	2197.641728	2197.641728	-101.6616317	2168.985447	-109.7121567	0	0	0	0	0	0	0	0	0	0	0	0
5	3.228797324758	135.5292707	1969.834754	0	-546344.9226	-4182238.498	0	0	0	167.5247045	190.5734853	1.895	-546344.8951	-4182237.76	0	198.7105874	198.7105874	-80.78691394	196.1194888	-77.82698388	0	0	0	0	0	0	0	0	0	0	0	0
3	3.239957928192	135.5292707	1969.834754	0	-546344.9226	-4182238.498	0	0	0	180.031841	202.5659166	1.895	-546344.9226	-4182238.498	0	967.4756323	967.4756323	-94.53529451	954.8601758	-95.839329	0	0	0	0	0	0	0	0	0	0	0	0
1	3.321182739839	136.597545	1968.702098	0	-546344.9226	-4182238.498	0	0	0	195.6386998	211.7087388	1.895	-546344.8951	-4182237.76	0	2198.271805	2198.271805	-101.6641216	2169.607308	-109.7170727	0	0	0	0	0	0	0	0	0	0	0	0
5	3.328797324758	136.597545	1968.702098	0	-546344.9226	-4182238.498	0	0	0	168.5219138	191.564138	1.895	-546344.8951	-4182237.76	0	194.2658198	194.2658198	-80.5904217	191.732679	-77.99889955	0	0	0	0	0	0	0	0	0	0	0	0
3	3.339957928192	136.597545	1968.702098	0	-546344.9226	-4182238.498	0	0	0	181.2024928	203.5783721	1.895	-546344.9226	-4182238.498	0	965.6687658	965.6687658	-94.51905749	953.0768701	-95.80845063	0	0	0	0	0	0	0	0	0	0	0	0
1	3.421182739839	137.6720278	1967.562861	0	-546344.9226	-4182238.498	0	0	0	196.8453563	212.7033399	1.895	-546344.8951	-4182237.76	0	2197.982466	2197.982466	-101.6629783	2169.321742	-109.7148154	0	0	0	0	0	0	0	0	0	0	0	0
5	3.428797324758	137.6720278	1967.562861	0	-546344.9226	-4182238.498	0	0	0	169.5398694	192.5387221	1.895	-546344.8951	-4182237.76	0	189.529914	189.529914	-80.37604911	187.0585274	-78.23821037	0	0	0	0	0	0	0	0	0	0	0	0
3	3.439957928192	137.6720278	1967.562861	0	-546344.9226	-4182238.498	0	0	0	182.37825	204.5952432	1.895	-546344.9226	-4182238.498	0	963.7643166	963.7643166	-94.50191065	951.1972541	-95.77584766	0	0	0	0	0	0	0	0	0	0	0	0
1	3.521182739839	138.7461958	1966.423956	0	-546344.9226	-4182238.498	0	0	0	198.0604745	213.6827874	1.895	-546344.8951	-4182237.76	0	2197.425325	2197.425325	-101.6607763	2168.771866	-109.710468	0	0	0	0	0	0	0	0	0	0	0	0
5	3.528797324758	138.7461958	1966.423956	0	-546344.9226	-4182238.498	0	0	0	170.5685753	193.5235984	1.895	-546344.8951	-4182237.76	0	185.2556597	185.2556597	-80.1779235	182.8400074	-78.513829	0	0	0	0	0	0	0	0	0	0	0	0
3	3.539957928192	138.7461958	1966.423956	0	-546344.9226	-4182238.498	0	0	0	183.5549063	205.6128919	1.895	-546344.9226	-4182238.498	0	962.011459	962.011459	-94.48609871	949.467253	-95.74578801	0	0	0	0	0	0	0	0	0	0	0	0
1	3.621182739839	139.8181396	1965.28741	0	-546344.9226	-4182238.498	0	0	0	199.2768462	214.6632453	1.895	-546344.8951	-4182237.76	0	2197.412536	2197.412536	-101.6607258	2168.759244	-109.7103682	0	0	0	0	0	0	0	0	0	0	0	0
5	3.628797324758	139.8181396	1965.28741	0	-546344.9226	-4182238.498	0	0	0	171.6024824	194.5134543	1.895	-546344.8951	-4182237.76	0	181.3043227	181.3043227	-79.99065698	178.9401942	-78.82913672	0	0	0	0	0	0	0	0	0	0	0	0
3	3.639957928192	139.8181396	1965.28741	0	-546344.9226	-4182238.498	0	0	0	184.7260846	206.6258029	1.895	-546344.9226	-4182238.498	0	960.0664519	960.0664519	-94.46851969	947.5476079	-95.71237484	0	0	0	0	0	0	0	0	0	0	0	0
1	3.721182739839	140.8899998	1964.150953	0	-546344.9226	-4182238.498	0	0	0	200.4896041	215.6407903	1.895	-546344.8951	-4182237.76	0	2197.067283	2197.067283	-101.6593609	2168.418492	-109.7076737	0	0	0	0	0	0	0	0	0	0	0	0
5	3.728797324758	140.8899998	1964.150953	0	-546344.9226	-4182238.498	0	0	0	172.6298155	195.4970164	1.895	-546344.8951	-4182237.76	0	177.1689016	177.1689016	-79.79024366	174.8586971	-79.23413714	0	0	0	0	0	0	0	0	0	0	0	0
3	3.739957928192	140.8899998	1964.150953	0	-546344.9226	-4182238.498	0	0	0	185.901275	207.6421838	1.895	-546344.9226	-4182238.498	0	958.5037398	958.5037398	-94.45437004	946.0052729	-95.68548449	0	0	0	0	0	0	0	0	0	0	0	0
1	3.821182739839	141.9658336	1963.010283	0	-546344.9226	-4182238.498	0	0	0	201.7031622	216.6189803	1.895	-546344.8951	-4182237.76	0	2196.367246	2196.367246	-101.656593	2167.727583	-109.7022089	0	0	0	0	0	0	0	0	0	0	0	0
5	3.828797324758	141.9658336	1963.010283	0	-546344.9226	-4182238.498	0	0	0	173.6645428	196.4876575	1.895	-546344.8951	-4182237.76	0	173.1949397	173.1949397	-79.59319778	170.9365539	-79.71091325	0	0	0	0	0	0	0	0	0	0	0	0
3	3.839957928192	141.9658336	1963.010283	0	-546344.9226	-4182238.498	0	0	0	187.0787326	208.6605255	1.895	-546344.9226	-4182238.498	0	956.8167021	956.8167021	-94.43906876	944.3402334	-95.65641005	0	0	0	0	0	0	0	0	0	0	0	0
1	3.921182739839	143.0375992	1961.873926	0	-546344.9226	-4182238.498	0	0	0	202.921233	217.6008076	1.895	-546344.8951	-4182237.76	0	2196.854248	2196.854248	-101.6585187	2168.208236	-109.7060108	0	0	0	0	0	0	0	0	0	0	0	0
5	3.928797324758	143.0375992	1961.873926	0	-546344.9226	-4182238.498	0	0	0	174.7034325	197.4822837	1.895	-546344.8951	-4182237.76	0	169.5646194	169.5646194	-79.40919859	167.3535714	-80.23780953	0	0	0	0	0	0	0	0	0	0	0	0
3	3.939957928192	143.0375992	1961.873926	0	-546344.9226	-4182238.498	0	0	0	188.2506642	209.674088	1.895	-546344.9226	-4182238.498	0	955.0995299	955.0995299	-94.42346643	942.6454524	-95.62676842	0	0	0	0	0	0	0	0	0	0	0	0
1	4.021182739839	144.1085481	1960.738435	0	-546344.9226	-4182238.498	0	0	0	204.1418556	218.584692	1.895	-546344.8951	-4182237.76	0	2197.849963	2197.849963	-101.6624546	2169.190967	-109.7137816	0	0	0	0	0	0	0	0	0	0	0	0
5	4.028797324758	144.1085481	1960.738435	0	-546344.9226	-4182238.498	0	0	0	175.7349109	198.4698145	1.895	-546344.8951	-4182237.76	0	165.7516365	165.7516365	-79.2116503	163.5903081	-80.90602375	0	0	0	0	0	0	0	0	0	0	0	0
3	4.039957928192	144.1085481	1960.738435	0	-546344.9226	-4182238.498	0	0	0	189.4292273	210.6933858	1.895	-546344.9226	-4182238.498	0	954.0423131	954.0423131	-94.41384654	941.6020212	-95.60849478	0	0	0	0	0	0	0	0	0	0	0	0
1	4.121182739839	145.1833355	1959.598874	0	-546344.9226	-4182238.498	0	0	0	205.3595663	219.5662292	1.895	-546344.8951	-4182237.76	0	2198.063646	2198.063646	-101.6632991	2169.401864	-109.7154488	0	0	0	0	0	0	0	0	0	0	0	0
5	4.128797324758	145.1833355	1959.598874	0	-546344.9226	-4182238.498	0	0	0	176.7746331	199.4652377	1.895	-546344.8951	-4182237.76	0	162.1268779	162.1268779	-79.01959419	160.0128148	-81.67450481	0	0	0	0	0	0	0	0	0	0	0	0
9	4.131111553067	145.1833355	1959.598874	0	-546344.9226	-4182238.498	0	0	0	159.4597544	177.2012743	1.895	-546344.8951	-4182237.76	0	244.2687161	244.2687161	-82.5798508	241.0835596	-77.70830203	0	0	0	0	0	0	0	0	0	0	0	0
3	4.139957928192	145.1833355	1959.598874	0	-546344.9226	-4182238.498	0	0	0	190.6025084	211.7081154	1.895	-546344.9226	-4182238.498	0	952.2629071	952.2629071	-94.39763116	939.8458179	-95.57769679	0	0	0	0	0	0	0	0	0	0	0	0
1	4.221182739839	146.3081647	1958.516869	0	-546344.9226	-4182238.498	0	0	0	206.5720036	220.5435157	1.895	-546344.8951	-4182237.76	0	2197.754209	2197.754209	-101.6620762	2169.096461	-109.7130344	0	0	0	0	0	0	0	0	0	0	0	0
5	4.228797324758	146.3081647	1958.516869	0	-546344.9226	-4182238.498	0	0	0	177.8137202	200.4600529	1.895	-546344.8951	-4182237.76	0	159.1118163	159.1118163	-78.85654247	157.0370682	-82.43284606	0	0	0	0	0	0	0	0	0	0	0	0
9	4.231111553067	146.3081647	1958.516869	0	-546344.9226	-4182238.498	0	0	0	160.4077134	178.2063633	1.895	-546344.8951	-4182237.76	0	249.8483278	249.8483278	-82.77602274	246.5904156	-77.80810114	0	0	0	0	0	0	0	0	0	0	0	0
3	4.239957928192	146.3081647	1958.516869	0	-546344.9226	-4182238.498	0	0	0	191.7739043	212.7212145	1.895	-546344.9226	-4182238.498	0	950.9829793	950.9829793	-94.38594868	938.5825798	-95.55551147	0	0	0	0	0	0	0	0	0	0	0	0
1	4.321182739839	147.4374295	1957.434339	0	-546344.9226	-4182238.498	0	0	0	207.7858515	221.5219392	1.895	-546344.8951	-4182237.76	0	2197.30587	2197.30587	-101.6603041	2168.653968	-109.7095358	0	0	0	0	0	0	0	0	0	0	0	0
5	4.328797324758	147.4374295	1957.434339	0	-546344.9226	-4182238.498	0	0	0	178.8520538	201.4541468	1.895	-546344.8951	-4182237.76	0	156.0333453	156.0333453	-78.68684219	153.9987391	-83.33705716	0	0	0	0	0	0	0	0	0	0	0	0
9	4.331111553067	147.4374295	1957.434339	0	-546344.9226	-4182238.498	0	0	0	161.3559197	179.2117144	1.895	-546344.8951	-4182237.76	0	255.6012028	255.6012028	-82.97375166	252.2682756	-77.92502278	0	0	0	0	0	0	0	0	0	0	0	0
3	4.339957928192	147.4374295	1957.434339	0	-546344.9226	-4182238.498	0	0	0	192.9444911	213.7336139	1.895	-546344.9226	-4182238.498	0	949.4454153	949.4454153	-94.37189384	937.065065	-95.52882463	0	0	0	0	0	0	0	0	0	0	0	0
1	4.421182739839	148.5650316	1956.353403	0	-546344.9226	-4182238.498	0	0	0	209.0040722	222.4972954	1.895	-546344.8951	-4182237.76	0	2197.230848	2197.230848	-101.6600076	2168.579925	-109.7089503	0	0	0	0	0	0	0	0	0	0	0	0
5	4.428797324758	148.5650316	1956.353403	0	-546344.9226	-4182238.498	0	0	0	179.8952496	202.4477834	1.895	-546344.8951	-4182237.76	0	153.0937832	153.0937832	-78.52164491	151.0975076	-84.33324088	0	0	0	0	0	0	0	0	0	0	0	0
9	4.431111553067	148.5650316	1956.353403	0	-546344.9226	-4182238.498	0	0	0	162.3063527	180.2194265	1.895	-546344.8951	-4182237.76	0	261.252216	261.252216	-83.16369346	257.8456021	-78.0516959	0	0	0	0	0	0	0	0	0	0	0	0
3	4.439957928192	148.5650316	1956.353403	0	-546344.9226	-4182238.498	0	0	0	194.1286812	214.7444601	1.895	-546344.9226	-4182238.498	0	948.5505902	948.5505902	-94.36370377	936.181908	-95.51327549	0	0	0	0	0	0	0	0	0	0	0	0
1	4.521182739839	149.6923481	1955.272741	0	-546344.9226	-4182238.498	0	0	0	210.2597869	223.429926	1.895	-546344.8951	-4182237.76	0	2197.286434	2197.286434	-101.6602273	2168.634786	-109.7093841	0	0	0	0	0	0	0	0	0	0	0	0
5	4.528797324758	149.6923481	1955.272741	0	-546344.9226	-4182238.498	0	0	0	180.9892012	203.3939037	1.895	-546344.8951	-4182237.76	0	149.8299011	149.8299011	-78.33446366	147.8761852	-85.57357488	0	0	0	0	0	0	0	0	0	0	0	0
9	4.531111553067	149.6923481	1955.272741	0	-546344.9226	-4182238.498	0	0	0	163.2595386	181.2300574	1.895	-546344.8951	-4182237.76	0	266.8327328	266.8327328	-83.34727588	263.3533514	-78.18660233	0	0	0	0	0	0	0	0	0	0	0	0
3	4.539957928192	149.6923481	1955.272741	0	-546344.9226	-4182238.498	0	0	0	195.3377841	215.7197534	1.895	-546344.9226	-4182238.498	0	947.1002617	947.1002617	-94.35041293	934.7504911	-95.48804523	0	0	0	0	0	0	0	0	0	0	0	0
1	4.621182739839	150.8218798	1954.189955	0	-546344.9226	-4182238.498	0	0	0	211.5169019	224.3635966	1.895	-546344.8951	-4182237.76	0	2197.2948	2197.2948	-101.6602604	2168.643043	-109.7094494	0	0	0	0	0	0	0	0	0	0	0	0
5	4.628797324758	150.8218798	1954.189955	0	-546344.9226	-4182238.498	0	0	0	182.0892486	204.3452961	1.895	-546344.8951	-4182237.76	0	146.7183367	146.7183367	-78.1521817	144.8051941	-86.77956878	0	0	0	0	0	0	0	0	0	0	0	0
9	4.631111553067	150.8218798	1954.189955	0	-546344.9226	-4182238.498	0	0	0	164.215315	182.2434349	1.895	-546344.8951	-4182237.76	0	272.4603675	272.4603675	-83.52856056	268.9076042	-78.331089	0	0	0	0	0	0	0	0	0	0	0	0
3	4.639957928192	150.8218798	1954.189955	0	-546344.9226	-4182238.498	0	0	0	196.5475233	216.69556	1.895	-546344.9226	-4182238.498	0	945.5469056	945.5469056	-94.33615536	933.2173901	-95.4609838	0	0	0	0	0	0	0	0	0	0	0	0
1	4.721182739839	151.9516884	1953.106903	0	-546344.9226	-4182238.498	0	0	0	212.7710872	225.2950913	1.895	-546344.8951	-4182237.76	0	2197.002838	2197.002838	-101.6591062	2168.354888	-109.7071707	0	0	0	0	0	0	0	0	0	0	0	0
5	4.728797324758	151.9516884	1953.106903	0	-546344.9226	-4182238.498	0	0	0	183.1932232	205.3000849	1.895	-546344.8951	-4182237.76	0	143.7526861	143.7526861	-77.97481317	141.8782143	-87.66546039	0	0	0	0	0	0	0	0	0	0	0	0
9	4.731111553067	151.9516884	1953.106903	0	-546344.9226	-4182238.498	0	0	0	165.1759536	183.2619676	1.895	-546344.8951	-4182237.76	0	277.9345738	277.9345738	-83.70134529	274.3104293	-78.47859577	0	0	0	0	0	0	0	0	0	0	0	0
3	4.739957928192	151.9516884	1953.106903	0	-546344.9226	-4182238.498	0	0	0	197.7531432	217.6680438	1.895	-546344.9226	-4182238.498	0	943.6841611	943.6841611	-94.31902712	931.3789349	-95.42847927	0	0	0	0	0	0	0	0	0	0	0	0
1	4.821182739839	153.0827469	1952.022654	0	-546344.9226	-4182238.498	0	0	0	214.0267227	226.2276632	1.895	-546344.8951	-4182237.76	0	2196.794882	2196.794882	-101.658284	2168.149643	-109.7055474	0	0	0	0	0	0	0	0	0	0	0	0
5	4.828797324758	153.0827469	1952.022654	0	-546344.9226	-4182238.498	0	0	0	184.2904911	206.2490734	1.895	-546344.8951	-4182237.76	0	140.5809854	140.5809854	-77.78102546	138.7478712	-87.80214867	0	0	0	0	0	0	0	0	0	0	0	0
9	4.831111553067	153.0827469	1952.022654	0	-546344.9226	-4182238.498	0	0	0	166.1368369	184.2807598	1.895	-546344.8951	-4182237.76	0	283.520634	283.520634	-83.87418723	279.8236497	-78.63516225	0	0	0	0	0	0	0	0	0	0	0	0
3	4.839957928192	153.0827469	1952.022654	0	-546344.9226	-4182238.498	0	0	0	198.967286	218.6474025	1.895	-546344.9226	-4182238.498	0	942.4165162	942.4165162	-94.30735158	930.1278196	-95.40632586	0	0	0	0	0	0	0	0	0	0	0	0
1	4.921182739839	154.2108332	1950.941254	0	-546344.9226	-4182238.498	0	0	0	215.2784352	227.1573213	1.895	-546344.8951	-4182237.76	0	2196.591519	2196.591519	-101.6574799	2167.948932	-109.7039598	0	0	0	0	0	0	0	0	0	0	0	0
5	4.928797324758	154.2108332	1950.941254	0	-546344.9226	-4182238.498	0	0	0	185.3985606	207.2074038	1.895	-546344.8951	-4182237.76	0	137.8615757	137.8615757	-77.61135856	136.0639214	-87.01185228	0	0	0	0	0	0	0	0	0	0	0	0
9	4.931111553067	154.2108332	1950.941254	0	-546344.9226	-4182238.498	0	0	0	167.103213	185.3053758	1.895	-546344.8951	-4182237.76	0	288.7612294	288.7612294	-84.03327144	284.9959101	-78.78679762	0	0	0	0	0	0	0	0	0	0	0	0
3	4.939957928192	154.2108332	1950.941254	0	-546344.9226	-4182238.498	0	0	0	200.1807868	219.6262433	1.895	-546344.9226	-4182238.498	0	941.386829	941.386829	-94.29785616	929.1115591	-95.38831114	0	0	0	0	0	0	0	0	0	0	0	0
1	5.021182739839	155.3360569	1949.862597	0	-546344.9226	-4182238.498	0	0	0	216.5281311	228.0854817	1.895	-546344.8951	-4182237.76	0	2196.60023	2196.60023	-101.6575143	2167.95753	-109.7040278	0	0	0	0	0	0	0	0	0	0	0	0
5	5.028797324758	155.3360569	1949.862597	0	-546344.9226	-4182238.498	0	0	0	186.5030782	208.1626622	1.895	-546344.8951	-4182237.76	0	135.1582953	135.1582953	-77.43934792	133.3958907	-85.61926756	0	0	0	0	0	0	0	0	0	0	0	0
9	5.031111553067	155.3360569	1949.862597	0	-546344.9226	-4182238.498	0	0	0	168.0747881	186.3355041	1.895	-546344.8951	-4182237.76	0	293.6650651	293.6650651	-84.1795395	289.8358019	-78.93226333	0	0	0	0	0	0	0	0	0	0	0	0
3	5.039957928192	155.3360569	1949.862597	0	-546344.9226	-4182238.498	0	0	0	201.3942644	220.6050654	1.895	-546344.9226	-4182238.498	0	940.6338699	940.6338699	-94.29090605	928.3684182	-95.37512657	0	0	0	0	0	0	0	0	0	0	0	0
1	5.121182739839	156.4618651	1948.783381	0	-546344.9226	-4182238.498	0	0	0	217.7869865	229.0204449	1.895	-546344.8951	-4182237.76	0	2197.678082	2197.678082	-101.6617753	2169.021327	-109.7124404	0	0	0	0	0	0	0	0	0	0	0	0
5	5.128797324758	156.4618651	1948.783381	0	-546344.9226	-4182238.498	0	0	0	187.6167768	209.125861	1.895	-546344.8951	-4182237.76	0	132.7357735	132.7357735	-77.2822535	131.0049574	-84.15597168	0	0	0	0	0	0	0	0	0	0	0	0
9	5.131111553067	156.4618651	1948.783381	0	-546344.9226	-4182238.498	0	0	0	169.0402454	187.359146	1.895	-546344.8951	-4182237.76	0	298.9567434	298.9567434	-84.33466088	295.058479	-79.09255809	0	0	0	0	0	0	0	0	0	0	0	0
11	5.138561273145	156.4618651	1948.783381	0	-546344.9226	-4182238.498	0	0	0	157.0367638	179.4410342	1.895	-546344.8951	-4182237.76	0	994.4119247	994.4119247	-94.77382027	981.4452309	-96.29352681	0	0	0	0	0	0	0	0	0	0	0	0
3	5.139957928192	156.4618651	1948.783381	0	-546344.9226	-4182238.498	0	0	0	202.6083675	221.584392	1.895	-546344.9226	-4182238.498	0	939.9156925	939.9156925	-94.28427181	927.6596055	-95.36254213	0	0	0	0	0	0	0	0	0	0	0	0
1	5.221182739839	157.6163133	1947.728659	0	-546344.9226	-4182238.498	0	0	0	219.0423904	229.9528447	1.895	-546344.8951	-4182237.76	0	2197.787968	2197.787968	-101.6622096	2169.12978	-109.7132979	0	0	0	0	0	0	0	0	0	0	0	0
5	5.228797324758	157.6163133	1947.728659	0	-546344.9226	-4182238.498	0	0	0	188.7338089	210.0919429	1.895	-546344.8951	-4182237.76	0	130.5578761	130.5578761	-77.13855533	128.8554589	-82.82060226	0	0	0	0	0	0	0	0	0	0	0	0
9	5.231111553067	157.6163133	1947.728659	0	-546344.9226	-4182238.498	0	0	0	170.009841	188.3871755	1.895	-546344.8951	-4182237.76	0	304.2260389	304.2260389	-84.48642146	300.2590653	-79.25510084	0	0	0	0	0	0	0	0	0	0	0	0
11	5.238561273145	157.6163133	1947.728659	0	-546344.9226	-4182238.498	0	0	0	158.106107	180.5760912	1.895	-546344.8951	-4182237.76	0	995.3783487	995.3783487	-94.7822576	982.3990531	-96.3096128	0	0	0	0	0	0	0	0	0	0	0	0
3	5.239957928192	157.6163133	1947.728659	0	-546344.9226	-4182238.498	0	0	0	203.8187418	222.5607108	1.895	-546344.9226	-4182238.498	0	938.8095109	938.8095109	-94.27404342	926.567848	-95.34314176	0	0	0	0	0	0	0	0	0	0	0	0
1	5.321182739839	158.7940463	1946.709646	0	-546344.9226	-4182238.498	0	0	0	220.2987738	230.885972	1.895	-546344.8951	-4182237.76	0	2198.462116	2198.462116	-101.6648735	2169.795138	-109.7185572	0	0	0	0	0	0	0	0	0	0	0	0
5	5.328797324758	158.7940463	1946.709646	0	-546344.9226	-4182238.498	0	0	0	189.8494788	211.0568466	1.895	-546344.8951	-4182237.76	0	128.7609318	128.7609318	-77.01817602	127.0819459	-81.75278903	0	0	0	0	0	0	0	0	0	0	0	0
9	5.331111553067	158.7940463	1946.709646	0	-546344.9226	-4182238.498	0	0	0	171.0244019	189.3811116	1.895	-546344.8951	-4182237.76	0	308.9719157	308.9719157	-84.62087391	304.9430579	-79.40362041	0	0	0	0	0	0	0	0	0	0	0	0
11	5.338561273145	158.7940463	1946.709646	0	-546344.9226	-4182238.498	0	0	0	159.1684587	181.7037271	1.895	-546344.8951	-4182237.76	0	996.743877	996.743877	-94.79416533	983.7467756	-96.33231749	0	0	0	0	0	0	0	0	0	0	0	0
3	5.339957928192	158.7940463	1946.709646	0	-546344.9226	-4182238.498	0	0	0	205.0233824	223.5324048	1.895	-546344.9226	-4182238.498	0	937.8601347	937.8601347	-94.26525532	925.6308513	-95.32647497	0	0	0	0	0	0	0	0	0	0	0	0
1	5.421182739839	159.9794028	1945.684036	0	-546344.9226	-4182238.498	0	0	0	221.5587314	231.8217538	1.895	-546344.8951	-4182237.76	0	2198.635874	2198.635874	-101.66556	2169.96663	-109.7199125	0	0	0	0	0	0	0	0	0	0	0	0
5	5.428797324758	159.9794028	1945.684036	0	-546344.9226	-4182238.498	0	0	0	190.9573104	212.0149711	1.895	-546344.8951	-4182237.76	0	126.5373655	126.5373655	-76.86686957	124.887374	-80.49839916	0	0	0	0	0	0	0	0	0	0	0	0
9	5.431111553067	159.9794028	1945.684036	0	-546344.9226	-4182238.498	0	0	0	172.0476333	190.3619964	1.895	-546344.8951	-4182237.76	0	314.2212397	314.2212397	-84.76720456	310.1239331	-79.56987166	0	0	0	0	0	0	0	0	0	0	0	0
11	5.438561273145	159.9794028	1945.684036	0	-546344.9226	-4182238.498	0	0	0	160.2379336	182.838924	1.895	-546344.8951	-4182237.76	0	998.1464597	998.1464597	-94.80637922	985.1310691	-96.35560864	0	0	0	0	0	0	0	0	0	0	0	0
3	5.439957928192	159.9794028	1945.684036	0	-546344.9226	-4182238.498	0	0	0	206.2326081	224.5077971	1.895	-546344.9226	-4182238.498	0	936.6598891	936.6598891	-94.25413226	924.4462564	-95.30538218	0	0	0	0	0	0	0	0	0	0	0	0
1	5.521182739839	161.1587182	1944.663654	0	-546344.9226	-4182238.498	0	0	0	222.8185496	232.7574322	1.895	-546344.8951	-4182237.76	0	2199.569277	2199.569277	-101.6692467	2170.887861	-109.7271913	0	0	0	0	0	0	0	0	0	0	0	0
5	5.528797324758	161.1587182	1944.663654	0	-546344.9226	-4182238.498	0	0	0	192.0658934	212.9737456	1.895	-546344.8951	-4182237.76	0	124.5263731	124.5263731	-76.72772058	122.902604	-79.43500844	0	0	0	0	0	0	0	0	0	0	0	0
9	5.531111553067	161.1587182	1944.663654	0	-546344.9226	-4182238.498	0	0	0	173.0854616	191.3568741	1.895	-546344.8951	-4182237.76	0	318.5197084	318.5197084	-84.88521999	314.3663515	-79.70731495	0	0	0	0	0	0	0	0	0	0	0	0
11	5.538561273145	161.1587182	1944.663654	0	-546344.9226	-4182238.498	0	0	0	161.2996429	183.9658779	1.895	-546344.8951	-4182237.76	0	999.8035183	999.8035183	-94.82078702	986.7665205	-96.38308702	0	0	0	0	0	0	0	0	0	0	0	0
3	5.539957928192	161.1587182	1944.663654	0	-546344.9226	-4182238.498	0	0	0	207.4613028	225.4617607	1.895	-546344.9226	-4182238.498	0	935.8403453	935.8403453	-94.24652909	923.6373991	-95.29096569	0	0	0	0	0	0	0	0	0	0	0	0
1	5.621182739839	162.3390645	1943.642379	0	-546344.9226	-4182238.498	0	0	0	224.0722743	233.6885848	1.895	-546344.8951	-4182237.76	0	2199.690528	2199.690528	-101.6697255	2171.007531	-109.7281366	0	0	0	0	0	0	0	0	0	0	0	0
5	5.628797324758	162.3390645	1943.642379	0	-546344.9226	-4182238.498	0	0	0	193.1798734	213.9371878	1.895	-546344.8951	-4182237.76	0	122.655002	122.655002	-76.59619908	121.0556348	-78.50636748	0	0	0	0	0	0	0	0	0	0	0	0
9	5.631111553067	162.3390645	1943.642379	0	-546344.9226	-4182238.498	0	0	0	174.117161	192.3458764	1.895	-546344.8951	-4182237.76	0	323.2136261	323.2136261	-85.01228703	318.9990627	-79.85852658	0	0	0	0	0	0	0	0	0	0	0	0
11	5.638561273145	162.3390645	1943.642379	0	-546344.9226	-4182238.498	0	0	0	162.3674865	185.0993432	1.895	-546344.8951	-4182237.76	0	1001.037676	1001.037676	-94.83150227	987.984585	-96.40352549	0	0	0	0	0	0	0	0	0	0	0	0
3	5.639957928192	162.3390645	1943.642379	0	-546344.9226	-4182238.498	0	0	0	208.7079125	226.3876758	1.895	-546344.9226	-4182238.498	0	934.4896757	934.4896757	-94.23398395	922.3043416	-95.2671813	0	0	0	0	0	0	0	0	0	0	0	0
1	5.721182739839	163.5239136	1942.617209	0	-546344.9226	-4182238.498	0	0	0	225.3456461	234.6016585	1.895	-546344.8951	-4182237.76	0	2199.676679	2199.676679	-101.6696708	2170.993863	-109.7280287	0	0	0	0	0	0	0	0	0	0	0	0
5	5.728797324758	163.5239136	1942.617209	0	-546344.9226	-4182238.498	0	0	0	194.3022226	214.884443	1.895	-546344.8951	-4182237.76	0	120.4685819	120.4685819	-76.43996976	118.8977246	-77.49285516	0	0	0	0	0	0	0	0	0	0	0	0
9	5.731111553067	163.5239136	1942.617209	0	-546344.9226	-4182238.498	0	0	0	175.1552839	193.3410365	1.895	-546344.8951	-4182237.76	0	327.8472112	327.8472112	-85.13592368	323.5722279	-80.00875202	0	0	0	0	0	0	0	0	0	0	0	0
11	5.738561273145	163.5239136	1942.617209	0	-546344.9226	-4182238.498	0	0	0	163.4346719	186.2321098	1.895	-546344.8951	-4182237.76	0	1002.758777	1002.758777	-94.84642324	989.6832441	-96.43198957	0	0	0	0	0	0	0	0	0	0	0	0
3	5.739957928192	163.5239136	1942.617209	0	-546344.9226	-4182238.498	0	0	0	209.9529313	227.3124093	1.895	-546344.9226	-4182238.498	0	932.6837815	932.6837815	-94.2171823	920.5219955	-95.23533211	0	0	0	0	0	0	0	0	0	0	0	0
1	5.821182739839	164.710115	1941.590868	0	-546344.9226	-4182238.498	0	0	0	226.6225172	235.5089282	1.895	-546344.8951	-4182237.76	0	2199.45856	2199.45856	-101.6688095	2170.778588	-109.7263281	0	0	0	0	0	0	0	0	0	0	0	0
5	5.828797324758	164.710115	1941.590868	0	-546344.9226	-4182238.498	0	0	0	195.4505494	215.8107128	1.895	-546344.8951	-4182237.76	0	118.1746776	118.1746776	-76.27298232	116.6337318	-76.50757511	0	0	0	0	0	0	0	0	0	0	0	0
9	5.831111553067	164.710115	1941.590868	0	-546344.9226	-4182238.498	0	0	0	176.2003709	194.3428725	1.895	-546344.8951	-4182237.76	0	332.2392249	332.2392249	-85.2515119	327.9069717	-80.15186235	0	0	0	0	0	0	0	0	0	0	0	0
11	5.838561273145	164.710115	1941.590868	0	-546344.9226	-4182238.498	0	0	0	164.4960065	187.3586661	1.895	-546344.8951	-4182237.76	0	1005.177566	1005.177566	-94.86734955	992.0704929	-96.47191662	0	0	0	0	0	0	0	0	0	0	0	0
3	5.839957928192	164.710115	1941.590868	0	-546344.9226	-4182238.498	0	0	0	211.2008428	228.2392914	1.895	-546344.9226	-4182238.498	0	931.0138986	931.0138986	-94.20161709	918.8738871	-95.20583203	0	0	0	0	0	0	0	0	0	0	0	0
1	5.921182739839	165.8918082	1940.568428	0	-546344.9226	-4182238.498	0	0	0	227.9001828	236.4167624	1.895	-546344.8951	-4182237.76	0	2199.935016	2199.935016	-101.6706908	2171.248831	-109.7300426	0	0	0	0	0	0	0	0	0	0	0	0
5	5.928797324758	165.8918082	1940.568428	0	-546344.9226	-4182238.498	0	0	0	196.6004493	216.7382515	1.895	-546344.8951	-4182237.76	0	116.0675028	116.0675028	-76.11670662	114.5540337	-75.66859533	0	0	0	0	0	0	0	0	0	0	0	0
9	5.931111553067	165.8918082	1940.568428	0	-546344.9226	-4182238.498	0	0	0	177.2488943	195.3480026	1.895	-546344.8951	-4182237.76	0	336.2790529	336.2790529	-85.35649011	331.894122	-80.28399361	0	0	0	0	0	0	0	0	0	0	0	0
11	5.938561273145	165.8918082	1940.568428	0	-546344.9226	-4182238.498	0	0	0	165.5572863	188.4851642	1.895	-546344.8951	-4182237.76	0	1007.275032	1007.275032	-94.88545518	994.1406091	-96.50646834	0	0	0	0	0	0	0	0	0	0	0	0
3	5.939957928192	165.8918082	1940.568428	0	-546344.9226	-4182238.498	0	0	0	212.4442916	229.1628588	1.895	-546344.9226	-4182238.498	0	929.3986468	929.3986468	-94.18653452	917.2796975	-95.17725155	0	0	0	0	0	0	0	0	0	0	0	0
1	6.021182739839	167.0718034	1939.547458	0	-546344.9226	-4182238.498	0	0	0	229.1702268	237.3191811	1.895	-546344.8951	-4182237.76	0	2199.790084	2199.790084	-101.6701186	2171.105789	-109.7289128	0	0	0	0	0	0	0	0	0	0	0	0
5	6.028797324758	167.0718034	1939.547458	0	-546344.9226	-4182238.498	0	0	0	197.7506711	217.6660498	1.895	-546344.8951	-4182237.76	0	114.034564	114.034564	-75.96322393	112.5476035	-74.9158882	0	0	0	0	0	0	0	0	0	0	0	0
9	6.031111553067	167.0718034	1939.547458	0	-546344.9226	-4182238.498	0	0	0	178.2867376	196.3428946	1.895	-546344.8951	-4182237.76	0	340.8177905	340.8177905	-85.47293893	336.3736765	-80.43288765	0	0	0	0	0	0	0	0	0	0	0	0
11	6.038561273145	167.0718034	1939.547458	0	-546344.9226	-4182238.498	0	0	0	166.6212264	189.6144861	1.895	-546344.8951	-4182237.76	0	1009.038074	1009.038074	-94.90064488	995.8806617	-96.53546005	0	0	0	0	0	0	0	0	0	0	0	0
3	6.039957928192	167.0718034	1939.547458	0	-546344.9226	-4182238.498	0	0	0	213.6919276	230.0895361	1.895	-546344.9226	-4182238.498	0	928.2615875	928.2615875	-94.17590139	916.1574649	-95.15710536	0	0	0	0	0	0	0	0	0	0	0	0
1	6.121182739839	168.2501531	1938.527911	0	-546344.9226	-4182238.498	0	0	0	230.4417406	238.2226442	1.895	-546344.8951	-4182237.76	0	2200.062293	2200.062293	-101.6711934	2171.374449	-109.7310347	0	0	0	0	0	0	0	0	0	0	0	0
5	6.128797324758	168.2501531	1938.527911	0	-546344.9226	-4182238.498	0	0	0	198.9074055	218.5991014	1.895	-546344.8951	-4182237.76	0	112.2325692	112.2325692	-75.8248719	110.7691059	-74.29334324	0	0	0	0	0	0	0	0	0	0	0	0
9	6.131111553067	168.2501531	1938.527911	0	-546344.9226	-4182238.498	0	0	0	179.3316871	197.3445987	1.895	-546344.8951	-4182237.76	0	344.9519711	344.9519711	-85.57766642	340.4539492	-80.56881904	0	0	0	0	0	0	0	0	0	0	0	0
11	6.138561273145	168.2501531	1938.527911	0	-546344.9226	-4182238.498	0	0	0	167.6899647	190.7489011	1.895	-546344.8951	-4182237.76	0	1010.275792	1010.275792	-94.91129273	997.1022402	-96.55578551	0	0	0	0	0	0	0	0	0	0	0	0
3	6.139957928192	168.2501531	1938.527911	0	-546344.9226	-4182238.498	0	0	0	214.935112	231.0129071	1.895	-546344.9226	-4182238.498	0	926.9492932	926.9492932	-94.16361335	914.8622823	-95.13382668	0	0	0	0	0	0	0	0	0	0	0	0
13	6.147984782106	168.2501531	1938.527911	0	-546344.9226	-4182238.498	0	0	0	157.0367638	179.4410342	1.895	-546344.8951	-4182237.76	0	2223.513296	2223.513296	-101.7632884	2194.519662	-109.9128819	0	0	0	0	0	0	0	0	0	0	0	0
1	6.221182739839	169.4353651	1937.502426	0	-546344.9226	-4182238.498	0	0	0	231.711905	239.1251484	1.895	-546344.8951	-4182237.76	0	2199.373973	2199.373973	-101.6684754	2170.695105	-109.7256686	0	0	0	0	0	0	0	0	0	0	0	0
5	6.228797324758	169.4353651	1937.502426	0	-546344.9226	-4182238.498	0	0	0	200.0645135	219.5324543	1.895	-546344.8951	-4182237.76	0	110.2734168	110.2734168	-75.67191043	108.8355	-73.66275359	0	0	0	0	0	0	0	0	0	0	0	0
9	6.231111553067	169.4353651	1937.502426	0	-546344.9226	-4182238.498	0	0	0	180.37388	198.3436603	1.895	-546344.8951	-4182237.76	0	349.6042114	349.6042114	-85.69402691	345.0455264	-80.72202691	0	0	0	0	0	0	0	0	0	0	0	0
11	6.238561273145	169.4353651	1937.502426	0	-546344.9226	-4182238.498	0	0	0	168.799257	191.8296646	1.895	-546344.8951	-4182237.76	0	1012.07686	1012.07686	-94.92676371	998.8798232	-96.58532136	0	0	0	0	0	0	0	0	0	0	0	0
3	6.239957928192	169.4353651	1937.502426	0	-546344.9226	-4182238.498	0	0	0	216.1811831	231.9384223	1.895	-546344.9226	-4182238.498	0	925.3295923	925.3295923	-94.14842283	913.2637017	-95.1050539	0	0	0	0	0	0	0	0	0	0	0	0
13	6.247984782106	169.4353651	1937.502426	0	-546344.9226	-4182238.498	0	0	0	157.9805546	180.4428233	1.895	-546344.8951	-4182237.76	0	2242.488751	2242.488751	-101.8370993	2213.247685	-110.0586529	0	0	0	0	0	0	0	0	0	0	0	0
1	6.321182739839	170.6203042	1936.477178	0	-546344.9226	-4182238.498	0	0	0	232.9881454	240.03197	1.895	-546344.8951	-4182237.76	0	2199.462847	2199.462847	-101.6688264	2170.782819	-109.7263615	0	0	0	0	0	0	0	0	0	0	0	0
5	6.328797324758	170.6203042	1936.477178	0	-546344.9226	-4182238.498	0	0	0	201.2170648	220.4621316	1.895	-546344.8951	-4182237.76	0	108.2245156	108.2245156	-75.50900682	106.8133156	-73.05401301	0	0	0	0	0	0	0	0	0	0	0	0
9	6.331111553067	170.6203042	1936.477178	0	-546344.9226	-4182238.498	0	0	0	181.4208869	199.3473367	1.895	-546344.8951	-4182237.76	0	354.0344658	354.0344658	-85.80340467	349.4180122	-80.86806638	0	0	0	0	0	0	0	0	0	0	0	0
11	6.338561273145	170.6203042	1936.477178	0	-546344.9226	-4182238.498	0	0	0	169.9174602	192.900225	1.895	-546344.8951	-4182237.76	0	1013.797902	1013.797902	-94.94152157	1000.578424	-96.61349982	0	0	0	0	0	0	0	0	0	0	0	0
3	6.339957928192	170.6203042	1936.477178	0	-546344.9226	-4182238.498	0	0	0	217.4315565	232.8671329	1.895	-546344.9226	-4182238.498	0	924.0821569	924.0821569	-94.13670549	912.0325323	-95.08286315	0	0	0	0	0	0	0	0	0	0	0	0
13	6.347984782106	170.6203042	1936.477178	0	-546344.9226	-4182238.498	0	0	0	158.9224823	181.4426349	1.895	-546344.8951	-4182237.76	0	2261.803969	2261.803969	-101.911593	2232.311041	-110.2057968	0	0	0	0	0	0	0	0	0	0	0	0
1	6.421182739839	171.8280829	1935.480583	0	-546344.9226	-4182238.498	0	0	0	234.2654361	240.9395378	1.895	-546344.8951	-4182237.76	0	2199.624751	2199.624751	-101.6694658	2170.942612	-109.7276238	0	0	0	0	0	0	0	0	0	0	0	0
5	6.428797324758	171.8280829	1935.480583	0	-546344.9226	-4182238.498	0	0	0	202.3807105	221.400758	1.895	-546344.8951	-4182237.76	0	106.719141	106.719141	-75.38734022	105.3275703	-72.63974037	0	0	0	0	0	0	0	0	0	0	0	0
9	6.431111553067	171.8280829	1935.480583	0	-546344.9226	-4182238.498	0	0	0	182.4967763	200.3379132	1.895	-546344.8951	-4182237.76	0	357.9459891	357.9459891	-85.89884381	353.278531	-80.99705121	0	0	0	0	0	0	0	0	0	0	0	0
11	6.438561273145	171.8280829	1935.480583	0	-546344.9226	-4182238.498	0	0	0	171.0405568	193.9754704	1.895	-546344.8951	-4182237.76	0	1015.208288	1015.208288	-94.9535969	1001.970419	-96.63655921	0	0	0	0	0	0	0	0	0	0	0	0
3	6.439957928192	171.8280829	1935.480583	0	-546344.9226	-4182238.498	0	0	0	218.6820135	233.7959056	1.895	-546344.9226	-4182238.498	0	923.0781569	923.0781569	-94.12726329	911.041624	-95.06498327	0	0	0	0	0	0	0	0	0	0	0	0
13	6.447984782106	171.8280829	1935.480583	0	-546344.9226	-4182238.498	0	0	0	159.862383	182.4402948	1.895	-546344.8951	-4182237.76	0	2281.47235	2281.47235	-101.986798	2251.722955	-110.3543697	0	0	0	0	0	0	0	0	0	0	0	0
1	6.521182739839	173.0461715	1934.498741	0	-546344.9226	-4182238.498	0	0	0	235.5375229	241.843408	1.895	-546344.8951	-4182237.76	0	2199.271429	2199.271429	-101.6680704	2170.593898	-109.724869	0	0	0	0	0	0	0	0	0	0	0	0
5	6.528797324758	173.0461715	1934.498741	0	-546344.9226	-4182238.498	0	0	0	203.5402964	222.3361096	1.895	-546344.8951	-4182237.76	0	105.2650523	105.2650523	-75.26817801	103.8924424	-72.26636066	0	0	0	0	0	0	0	0	0	0	0	0
9	6.531111553067	173.0461715	1934.498741	0	-546344.9226	-4182238.498	0	0	0	183.6016828	201.2939148	1.895	-546344.8951	-4182237.76	0	361.8418937	361.8418937	-85.99287075	357.1236347	-81.12550658	0	0	0	0	0	0	0	0	0	0	0	0
11	6.538561273145	173.0461715	1934.498741	0	-546344.9226	-4182238.498	0	0	0	172.1627856	195.049885	1.895	-546344.8951	-4182237.76	0	1016.705218	1016.705218	-94.96639485	1003.447829	-96.66100139	0	0	0	0	0	0	0	0	0	0	0	0
3	6.539957928192	173.0461715	1934.498741	0	-546344.9226	-4182238.498	0	0	0	219.9334064	234.7253734	1.895	-546344.9226	-4182238.498	0	922.3268034	922.3268034	-94.1201904	910.3000678	-95.0515912	0	0	0	0	0	0	0	0	0	0	0	0
13	6.547984782106	173.0461715	1934.498741	0	-546344.9226	-4182238.498	0	0	0	160.8134205	183.4497759	1.895	-546344.8951	-4182237.76	0	2299.615762	2299.615762	-102.0555993	2269.629785	-110.4903128	0	0	0	0	0	0	0	0	0	0	0	0
1	6.621182739839	174.2605115	1933.519921	0	-546344.9226	-4182238.498	0	0	0	236.8167738	242.7523687	1.895	-546344.8951	-4182237.76	0	2200.211544	2200.211544	-101.6717826	2171.521754	-109.7321981	0	0	0	0	0	0	0	0	0	0	0	0
5	6.628797324758	174.2605115	1933.519921	0	-546344.9226	-4182238.498	0	0	0	204.7069926	223.2771967	1.895	-546344.8951	-4182237.76	0	104.0913216	104.0913216	-75.17078425	102.7340166	-71.98448129	0	0	0	0	0	0	0	0	0	0	0	0
9	6.631111553067	174.2605115	1933.519921	0	-546344.9226	-4182238.498	0	0	0	184.7047078	202.2482884	1.895	-546344.8951	-4182237.76	0	365.6758253	365.6758253	-86.08441881	360.9075735	-81.25185676	0	0	0	0	0	0	0	0	0	0	0	0
11	6.638561273145	174.2605115	1933.519921	0	-546344.9226	-4182238.498	0	0	0	173.285289	196.1245624	1.895	-546344.8951	-4182237.76	0	1017.906939	1017.906939	-94.9766553	1004.63388	-96.68059943	0	0	0	0	0	0	0	0	0	0	0	0
3	6.639957928192	174.2605115	1933.519921	0	-546344.9226	-4182238.498	0	0	0	221.184515	235.6546301	1.895	-546344.9226	-4182238.498	0	921.8531108	921.8531108	-94.11572831	909.832552	-95.04314309	0	0	0	0	0	0	0	0	0	0	0	0
