0	4.129642230819	101.7714498	5.45243353	0	100.0351298	37.04802561	0	0	1	140.435662	2064.118666	1.895	109.3812431	84.04113383	0	4239605.168	4239605.168	-167.3690021	4184322.583	-240.9623005	0	0	0	0	0	0	0	0	0	0	0	0
6	4.133742367255	101.7714498	5.45243353	0	100.0351298	37.04802561	0	0	0	126.0727441	2122.409629	1.895	100.0351298	37.04802561	0	4482101.911	4482101.911	-167.8521283	4423657.275	-241.9314981	0	0	0	0	0	0	0	0	0	0	0	0
4	4.143255128199	101.7714498	5.45243353	0	100.0351298	37.04802561	0	0	1	132.3836407	2103.175915	1.895	101.3210506	44.93133472	0	4401384.502	4401384.502	-167.69428	4343992.385	-241.6135459	0	0	0	0	0	0	0	0	0	0	0	0
2	4.147857757716	101.7714498	5.45243353	0	100.0351298	37.04802561	0	0	1	132.887816	2082.887576	1.895	105.3779655	66.63205561	0	4316708.591	4316708.591	-167.5255484	4260420.611	-241.2730176	0	0	0	0	0	0	0	0	0	0	0	0
0	4.229642230819	102.0034385	7.43026361	0	100.0351298	37.04802561	0	0	1	140.8897997	2062.176394	1.895	109.8353822	85.98340576	0	4223497.399	4223497.399	-167.3359384	4168424.851	-240.8958767	0	0	0	0	0	0	0	0	0	0	0	0
6	4.233742367255	102.0034385	7.43026361	0	100.0351298	37.04802561	0	0	0	126.3414896	2120.423301	1.895	100.0351298	37.04802561	0	4465335.509	4465335.509	-167.8195757	4407109.499	-241.8636778	0	0	0	0	0	0	0	0	0	0	0	0
4	4.243255128199	102.0034385	7.43026361	0	100.0351298	37.04802561	0	0	1	132.7480875	2101.20936	1.895	101.6854988	46.89788949	0	4384859.728	4384859.728	-167.6616079	4327683.087	-241.5462464	0	0	0	0	0	0	0	0	0	0	0	0
2	4.247857757716	102.0034385	7.43026361	0	100.0351298	37.04802561	0	0	1	133.2762451	2080.91855	1.895	105.7663951	68.60108143	0	4300335.254	4300335.254	-167.4925401	4244260.775	-241.2108805	0	0	0	0	0	0	0	0	0	0	0	0
0	4.329642230819	102.2356148	9.409694317	0	100.0351298	37.04802561	0	0	1	141.4075756	2060.243155	1.895	110.3531595	87.91664433	0	4207455.915	4207455.915	-167.3028853	4152592.542	-240.8295906	0	0	0	0	0	0	0	0	0	0	0	0
6	4.333742367255	102.2356148	9.409694317	0	100.0351298	37.04802561	0	0	0	126.6210187	2118.441879	1.895	100.0351298	37.04802561	0	4448614.995	4448614.995	-167.7869902	4390607.013	-241.7959667	0	0	0	0	0	0	0	0	0	0	0	0
4	4.343255128199	102.2356148	9.409694317	0	100.0351298	37.04802561	0	0	1	133.112359	2099.243751	1.895	102.0497717	48.8634981	0	4368363.349	4368363.349	-167.6288689	4311401.813	-241.4839186	0	0	0	0	0	0	0	0	0	0	0	0
2	4.347857757716	102.2356148	9.409694317	0	100.0351298	37.04802561	0	0	1	133.6645405	2078.950201	1.895	106.1546911	70.56942996	0	4283989.279	4283989.279	-167.4594613	4228127.944	-241.1439604	0	0	0	0	0	0	0	0	0	0	0	0
0	4.429642230819	102.4674921	11.38657503	0	100.0351298	37.04802561	0	0	1	141.9275687	2058.313102	1.895	110.8731541	89.84669644	0	4191468.896	4191468.896	-167.2698188	4136813.986	-240.7657693	0	0	0	0	0	0	0	0	0	0	0	0
6	4.433742367255	102.4674921	11.38657503	0	100.0351298	37.04802561	0	0	0	126.9270032	2116.464749	1.895	100.0351298	37.04802561	0	4431955.976	4431955.976	-167.7544026	4374165.221	-241.7333667	0	0	0	0	0	0	0	0	0	0	0	0
4	4.443255128199	102.4674921	11.38657503	0	100.0351298	37.04802561	0	0	1	133.4752526	2097.285577	1.895	102.4126668	50.82167169	0	4351939.719	4351939.719	-167.5961512	4295192.34	-241.4168271	0	0	0	0	0	0	0	0	0	0	0	0
2	4.447857757716	102.4674921	11.38657503	0	100.0351298	37.04802561	0	0	1	134.0522666	2076.984739	1.895	106.5424178	72.5348928	0	4267696.962	4267696.962	-167.4263653	4212048.072	-241.0771539	0	0	0	0	0	0	0	0	0	0	0	0
0	4.529642230819	102.7226555	13.36795923	0	100.0351298	37.04802561	0	0	1	142.4478402	2056.382016	1.895	111.393427	91.77778176	0	4175488.119	4175488.119	-167.2366388	4121041.592	-240.6972554	0	0	0	0	0	0	0	0	0	0	0	0
6	4.533742367255	102.7226555	13.36795923	0	100.0351298	37.04802561	0	0	0	127.2337427	2114.482739	1.895	100.0351298	37.04802561	0	4415287.703	4415287.703	-167.721674	4357714.295	-241.6707281	0	0	0	0	0	0	0	0	0	0	0	0
4	4.543255128199	102.7226555	13.36795923	0	100.0351298	37.04802561	0	0	1	133.8387068	2095.324378	1.895	102.7761225	52.78287052	0	4335514.329	4335514.329	-167.5633063	4278981.13	-241.3497429	0	0	0	0	0	0	0	0	0	0	0	0
2	4.547857757716	102.7226555	13.36795923	0	100.0351298	37.04802561	0	0	1	134.4931352	2075.03052	1.895	106.983287	74.4891111	0	4251465.469	4251465.469	-167.3932669	4196028.231	-241.0104749	0	0	0	0	0	0	0	0	0	0	0	0
0	4.629642230819	102.9903208	15.34915991	0	100.0351298	37.04802561	0	0	1	142.9664771	2054.456998	1.895	111.9120653	93.70279986	0	4159562.459	4159562.459	-167.2034468	4105323.595	-240.6312057	0	0	0	0	0	0	0	0	0	0	0	0
6	4.633742367255	102.9903208	15.34915991	0	100.0351298	37.04802561	0	0	0	127.541441	2112.494535	1.895	100.0351298	37.04802561	0	4398625.074	4398625.074	-167.6888327	4341268.939	-241.6031405	0	0	0	0	0	0	0	0	0	0	0	0
4	4.643255128199	102.9903208	15.34915991	0	100.0351298	37.04802561	0	0	1	134.2021229	2093.363385	1.895	103.13954	54.74386342	0	4319120.886	4319120.886	-167.530401	4262801.451	-241.282732	0	0	0	0	0	0	0	0	0	0	0	0
2	4.647857757716	102.9903208	15.34915991	0	100.0351298	37.04802561	0	0	1	134.9500791	2073.077309	1.895	107.4402315	76.44232192	0	4235270.153	4235270.153	-167.3601162	4180044.094	-240.9438722	0	0	0	0	0	0	0	0	0	0	0	0
0	4.729642230819	103.2583249	17.33286936	0	100.0351298	37.04802561	0	0	1	143.4871785	2052.524317	1.895	112.4327681	95.63548052	0	4143626.179	4143626.179	-167.1701052	4089595.118	-240.5651292	0	0	0	0	0	0	0	0	0	0	0	0
