0	4.129642230819	101.7714498	5.45243353	0	100.0351298	37.04802561	0	0	1	140.435662	2064.118666	1.895	109.3812431	84.04113383	0	6364.497877	6364.497877	-110.8977767	6281.507626	-128.063536	0	0	0	0	0	0	0	0	0	0	0	0
6	4.133742367255	101.7714498	5.45243353	0	100.0351298	37.04802561	0	0	0	126.0727441	2122.409629	1.895	100.0351298	37.04802561	0	412.9005157	412.9005157	-87.13940231	407.5164747	-82.78959199	0	0	0	0	0	0	0	0	0	0	0	0
4	4.143255128199	101.7714498	5.45243353	0	100.0351298	37.04802561	0	0	1	132.3836407	2103.175915	1.895	101.3210506	44.93133472	0	1595.038896	1595.038896	-98.87791936	1574.24029	-104.2374639	0	0	0	0	0	0	0	0	0	0	0	0
2	4.147857757716	101.7714498	5.45243353	0	100.0351298	37.04802561	0	0	1	132.887816	2082.887576	1.895	105.3779655	66.63205561	0	3617.037686	3617.037686	-105.9895545	3569.873106	-118.2894925	0	0	0	0	0	0	0	0	0	0	0	0
0	4.229642230819	102.0034385	7.43026361	0	100.0351298	37.04802561	0	0	1	140.8897997	2062.176394	1.895	109.8353822	85.98340576	0	6365.029867	6365.029867	-110.8985027	6282.032679	-128.0649838	0	0	0	0	0	0	0	0	0	0	0	0
6	4.233742367255	102.0034385	7.43026361	0	100.0351298	37.04802561	0	0	0	126.3414896	2120.423301	1.895	100.0351298	37.04802561	0	413.1957095	413.1957095	-87.14560987	407.8078193	-82.79904139	0	0	0	0	0	0	0	0	0	0	0	0
4	4.243255128199	102.0034385	7.43026361	0	100.0351298	37.04802561	0	0	1	132.7480875	2101.20936	1.895	101.6854988	46.89788949	0	1595.651662	1595.651662	-98.88125558	1574.845067	-104.2439946	0	0	0	0	0	0	0	0	0	0	0	0
2	4.247857757716	102.0034385	7.43026361	0	100.0351298	37.04802561	0	0	1	133.2762451	2080.91855	1.895	105.7663951	68.60108143	0	3617.922427	3617.922427	-105.9916788	3570.746311	-118.2937148	0	0	0	0	0	0	0	0	0	0	0	0
0	4.329642230819	102.2356148	9.409694317	0	100.0351298	37.04802561	0	0	1	141.4075756	2060.243155	1.895	110.3531595	87.91664433	0	6365.787488	6365.787488	-110.8995365	6282.780421	-128.0670454	0	0	0	0	0	0	0	0	0	0	0	0
6	4.333742367255	102.2356148	9.409694317	0	100.0351298	37.04802561	0	0	0	126.6210187	2118.441879	1.895	100.0351298	37.04802561	0	413.2161937	413.2161937	-87.14604046	407.8280364	-82.79969702	0	0	0	0	0	0	0	0	0	0	0	0
4	4.343255128199	102.2356148	9.409694317	0	100.0351298	37.04802561	0	0	1	133.112359	2099.243751	1.895	102.0497717	48.8634981	0	1596.09422	1596.09422	-98.8836643	1575.281854	-104.2487098	0	0	0	0	0	0	0	0	0	0	0	0
2	4.347857757716	102.2356148	9.409694317	0	100.0351298	37.04802561	0	0	1	133.6645405	2078.950201	1.895	106.1546911	70.56942996	0	3618.57965	3618.57965	-105.9932565	3571.394964	-118.2968507	0	0	0	0	0	0	0	0	0	0	0	0
0	4.429642230819	102.4674921	11.38657503	0	100.0351298	37.04802561	0	0	1	141.9275687	2058.313102	1.895	110.8731541	89.84669644	0	6366.685389	6366.685389	-110.9007616	6283.666614	-128.0694884	0	0	0	0	0	0	0	0	0	0	0	0
6	4.433742367255	102.4674921	11.38657503	0	100.0351298	37.04802561	0	0	0	126.9270032	2116.464749	1.895	100.0351298	37.04802561	0	413.1407319	413.1407319	-87.14445409	407.7535585	-82.7972817	0	0	0	0	0	0	0	0	0	0	0	0
4	4.443255128199	102.4674921	11.38657503	0	100.0351298	37.04802561	0	0	1	133.4752526	2097.285577	1.895	102.4126668	50.82167169	0	1596.173174	1596.173174	-98.88409395	1575.359778	-104.2495509	0	0	0	0	0	0	0	0	0	0	0	0
2	4.447857757716	102.4674921	11.38657503	0	100.0351298	37.04802561	0	0	1	134.0522666	2076.984739	1.895	106.5424178	72.5348928	0	3619.242156	3619.242156	-105.9948466	3572.048831	-118.3000113	0	0	0	0	0	0	0	0	0	0	0	0
0	4.529642230819	102.7226555	13.36795923	0	100.0351298	37.04802561	0	0	1	142.4478402	2056.382016	1.895	111.393427	91.77778176	0	6366.531293	6366.531293	-110.9005514	6283.514527	-128.0690691	0	0	0	0	0	0	0	0	0	0	0	0
6	4.533742367255	102.7226555	13.36795923	0	100.0351298	37.04802561	0	0	0	127.2337427	2114.482739	1.895	100.0351298	37.04802561	0	413.1130516	413.1130516	-87.14387212	407.7262393	-82.7963957	0	0	0	0	0	0	0	0	0	0	0	0
4	4.543255128199	102.7226555	13.36795923	0	100.0351298	37.04802561	0	0	1	133.8387068	2095.324378	1.895	102.7761225	52.78287052	0	1595.891943	1595.891943	-98.88256345	1575.082215	-104.2465549	0	0	0	0	0	0	0	0	0	0	0	0
2	4.547857757716	102.7226555	13.36795923	0	100.0351298	37.04802561	0	0	1	134.4931352	2075.03052	1.895	106.983287	74.4891111	0	3618.47408	3618.47408	-105.9930031	3571.290771	-118.2963471	0	0	0	0	0	0	0	0	0	0	0	0
0	4.629642230819	102.9903208	15.34915991	0	100.0351298	37.04802561	0	0	1	142.9664771	2054.456998	1.895	111.9120653	93.70279986	0	6365.177026	6365.177026	-110.8987035	6282.177919	-128.0653842	0	0	0	0	0	0	0	0	0	0	0	0
6	4.633742367255	102.9903208	15.34915991	0	100.0351298	37.04802561	0	0	0	127.541441	2112.494535	1.895	100.0351298	37.04802561	0	413.3601582	413.3601582	-87.1490661	407.9701237	-82.80430445	0	0	0	0	0	0	0	0	0	0	0	0
4	4.643255128199	102.9903208	15.34915991	0	100.0351298	37.04802561	0	0	1	134.2021229	2093.363385	1.895	103.13954	54.74386342	0	1595.477264	1595.477264	-98.8803062	1574.672943	-104.2421362	0	0	0	0	0	0	0	0	0	0	0	0
2	4.647857757716	102.9903208	15.34915991	0	100.0351298	37.04802561	0	0	1	134.9500791	2073.077309	1.895	107.4402315	76.44232192	0	3617.727729	3617.727729	-105.9912114	3570.554152	-118.2927857	0	0	0	0	0	0	0	0	0	0	0	0
0	4.729642230819	103.2583249	17.33286936	0	100.0351298	37.04802561	0	0	1	143.4871785	2052.524317	1.895	112.4327681	95.63548052	0	6364.81479	6364.81479	-110.8982092	6281.820406	-128.0643984	0	0	0	0	0	0	0	0	0	0	0	0
