7	4.119802985189	134.4597544	1970.968726	0	362.6780484	1701.718522	0	0	0	170.1833355	188.5711259	1.895	362.6780484	1701.718522	0	244.2687161	244.2687161	-82.5798508	241.0835596	-77.70830203	0	0	0	0	0	0	0	0	0	0	0	0
1	4.121182739839	134.4597544	1970.968726	0	362.6780484	1701.718522	0	0	0	205.3595663	219.5662292	1.895	362.6780484	1701.718522	0	3901.582139	3901.582139	-106.6473089	3850.707225	-119.5972721	0	0	0	0	0	0	0	0	0	0	0	0
5	4.128797324758	134.4597544	1970.968726	0	362.6780484	1701.718522	0	0	0	176.7746331	199.4652377	1.895	362.6780484	1701.718522	0	795.4890932	795.4890932	-92.83517839	785.1162655	-92.63813175	0	0	0	0	0	0	0	0	0	0	0	0
3	4.139957928192	134.4597544	1970.968726	0	362.6780484	1701.718522	0	0	0	190.6025084	211.7081154	1.895	362.6780484	1701.718522	0	2160.59321	2160.59321	-101.5139539	2132.420025	-109.420645	0	0	0	0	0	0	0	0	0	0	0	0
7	4.219802985189	134.4597544	1970.968726	0	362.6780484	1701.718522	0	0	0	171.3081647	189.6531309	1.895	362.6780484	1701.718522	0	249.8483278	249.8483278	-82.77602274	246.5904156	-77.80810114	0	0	0	0	0	0	0	0	0	0	0	0
1	4.221182739839	134.4597544	1970.968726	0	362.6780484	1701.718522	0	0	0	206.5720036	220.5435157	1.895	362.6780484	1701.718522	0	3923.576169	3923.576169	-106.6961356	3872.414462	-119.6943835	0	0	0	0	0	0	0	0	0	0	0	0
5	4.228797324758	134.4597544	1970.968726	0	362.6780484	1701.718522	0	0	0	177.8137202	200.4600529	1.895	362.6780484	1701.718522	0	798.1957764	798.1957764	-92.86468231	787.7876548	-92.6930644	0	0	0	0	0	0	0	0	0	0	0	0
3	4.239957928192	135.4077134	1969.963637	0	362.6780484	1701.718522	0	0	0	191.7739043	212.7212145	1.895	362.6780484	1701.718522	0	2175.112889	2175.112889	-101.5721298	2146.750374	-109.5354707	0	0	0	0	0	0	0	0	0	0	0	0
7	4.319802985189	135.4077134	1969.963637	0	362.6780484	1701.718522	0	0	0	172.4374295	190.7356609	1.895	362.6780484	1701.718522	0	255.6012028	255.6012028	-82.97375166	252.2682756	-77.92502278	0	0	0	0	0	0	0	0	0	0	0	0
1	4.321182739839	135.4077134	1969.963637	0	362.6780484	1701.718522	0	0	0	207.7858515	221.5219392	1.895	362.6780484	1701.718522	0	3945.893692	3945.893692	-106.7454014	3894.440975	-119.7923726	0	0	0	0	0	0	0	0	0	0	0	0
5	4.328797324758	135.4077134	1969.963637	0	362.6780484	1701.718522	0	0	0	178.8520538	201.4541468	1.895	362.6780484	1701.718522	0	800.840509	800.840509	-92.89341446	790.3979013	-92.74658383	0	0	0	0	0	0	0	0	0	0	0	0
3	4.339957928192	136.3559197	1968.958286	0	362.6780484	1701.718522	0	0	0	192.9444911	213.7336139	1.895	362.6780484	1701.718522	0	2189.599386	2189.599386	-101.6297871	2161.047973	-109.6492879	0	0	0	0	0	0	0	0	0	0	0	0
7	4.419802985189	136.3559197	1968.958286	0	362.6780484	1701.718522	0	0	0	173.5650316	191.816597	1.895	362.6780484	1701.718522	0	261.252216	261.252216	-83.16369346	257.8456021	-78.0516959	0	0	0	0	0	0	0	0	0	0	0	0
1	4.421182739839	136.3559197	1968.958286	0	362.6780484	1701.718522	0	0	0	209.0040722	222.4972954	1.895	362.6780484	1701.718522	0	3968.095205	3968.095205	-106.7941355	3916.35299	-119.8893082	0	0	0	0	0	0	0	0	0	0	0	0
5	4.428797324758	136.3559197	1968.958286	0	362.6780484	1701.718522	0	0	0	179.8952496	202.4477834	1.895	362.6780484	1701.718522	0	803.4691453	803.4691453	-92.92187788	792.9922613	-92.79962561	0	0	0	0	0	0	0	0	0	0	0	0
3	4.439957928192	137.3063527	1967.950574	0	362.6780484	1701.718522	0	0	0	194.1286812	214.7444601	1.895	362.6780484	1701.718522	0	2204.63854	2204.63854	-101.6892417	2175.891024	-109.7666693	0	0	0	0	0	0	0	0	0	0	0	0
7	4.519802985189	137.3063527	1967.950574	0	362.6780484	1701.718522	0	0	0	174.6923481	192.8972594	1.895	362.6780484	1701.718522	0	266.8327328	266.8327328	-83.34727588	263.3533514	-78.18660233	0	0	0	0	0	0	0	0	0	0	0	0
1	4.521182739839	137.3063527	1967.950574	0	362.6780484	1701.718522	0	0	0	210.2597869	223.429926	1.895	362.6780484	1701.718522	0	3989.852242	3989.852242	-106.8416301	3937.826324	-119.9837823	0	0	0	0	0	0	0	0	0	0	0	0
5	4.528797324758	137.3063527	1967.950574	0	362.6780484	1701.718522	0	0	0	180.9892012	203.3939037	1.895	362.6780484	1701.718522	0	805.5770148	805.5770148	-92.94463513	795.0726451	-92.84205022	0	0	0	0	0	0	0	0	0	0	0	0
3	4.539957928192	138.2595386	1966.939943	0	362.6780484	1701.718522	0	0	0	195.3377841	215.7197534	1.895	362.6780484	1701.718522	0	2218.552959	2218.552959	-101.7438898	2189.624005	-109.874575	0	0	0	0	0	0	0	0	0	0	0	0
7	4.619802985189	138.2595386	1966.939943	0	362.6780484	1701.718522	0	0	0	175.8218798	193.9800453	1.895	362.6780484	1701.718522	0	272.4603675	272.4603675	-83.52856056	268.9076042	-78.331089	0	0	0	0	0	0	0	0	0	0	0	0
1	4.621182739839	138.2595386	1966.939943	0	362.6780484	1701.718522	0	0	0	211.5169019	224.3635966	1.895	362.6780484	1701.718522	0	4011.548146	4011.548146	-106.888734	3959.239324	-120.0774831	0	0	0	0	0	0	0	0	0	0	0	0
5	4.628797324758	138.2595386	1966.939943	0	362.6780484	1701.718522	0	0	0	182.0892486	204.3452961	1.895	362.6780484	1701.718522	0	807.969768	807.969768	-92.97039602	797.4341978	-92.89009169	0	0	0	0	0	0	0	0	0	0	0	0
3	4.639957928192	139.215315	1965.926565	0	362.6780484	1701.718522	0	0	0	196.5475233	216.69556	1.895	362.6780484	1701.718522	0	2232.320608	2232.320608	-101.7976252	2203.21213	-109.9806915	0	0	0	0	0	0	0	0	0	0	0	0
7	4.719802985189	139.215315	1965.926565	0	362.6780484	1701.718522	0	0	0	176.9516884	195.0630966	1.895	362.6780484	1701.718522	0	277.9345738	277.9345738	-83.70134529	274.3104293	-78.47859577	0	0	0	0	0	0	0	0	0	0	0	0
1	4.721182739839	139.215315	1965.926565	0	362.6780484	1701.718522	0	0	0	212.7710872	225.2950913	1.895	362.6780484	1701.718522	0	4032.080229	4032.080229	-106.9330771	3979.503678	-120.1656955	0	0	0	0	0	0	0	0	0	0	0	0
5	4.728797324758	139.215315	1965.926565	0	362.6780484	1701.718522	0	0	0	183.1932232	205.3000849	1.895	362.6780484	1701.718522	0	810.300614	810.300614	-92.99541716	799.7346506	-92.93677118	0	0	0	0	0	0	0	0	0	0	0	0
