1.119172076066	1	(26.6976,416.34,1.895)	20.0333	-61.9146
1.219172076066	1	(26.7149,414.484,1.895)	20.183	-61.8831
1.319172076066	1	(26.7323,412.619,1.895)	20.3183	-61.7605
1.419172076066	1	(26.7497,410.759,1.895)	20.458	-61.5676
1.519172076066	1	(26.767,408.9,1.895)	20.606	-61.3248
1.619172076066	1	(26.7844,407.036,1.895)	20.7436	-61.093
1.719172076066	1	(26.8019,405.169,1.895)	20.8822	-60.8772
1.819172076066	1	(26.8193,403.296,1.895)	21.0134	-60.7042
1.919172076066	1	(26.8368,401.426,1.895)	21.1437	-60.5725
2.019172076066	1	(26.8543,399.552,1.895)	21.28	-60.4839
2.104964017577	2	(23.3976,416.3,1.895)	40.2068	-64.7283
2.119172076066	1	(26.8719,397.669,1.895)	21.4079	-60.4501
2.204964017577	2	(23.4163,414.293,1.895)	40.2009	-64.7274
2.219172076066	1	(26.8894,395.788,1.895)	21.5279	-60.4631
2.304964017577	2	(23.435,412.291,1.895)	40.2092	-64.7287
2.319172076066	1	(26.9069,393.911,1.895)	21.6617	-60.5286
2.404964017577	2	(23.4537,410.291,1.895)	40.2078	-64.7284
2.419172076066	1	(26.9246,392.019,1.895)	21.7692	-60.6194
2.504964017577	2	(23.4724,408.289,1.895)	40.2078	-64.7285
2.519172076066	1	(26.9422,390.135,1.895)	21.886	-60.755
2.604964017577	2	(23.4911,406.284,1.895)	40.2045	-64.7279
2.619172076066	1	(26.9598,388.249,1.895)	22.0017	-60.9251
2.704964017577	2	(23.5098,404.274,1.895)	40.1968	-64.7268
2.719172076066	1	(26.9774,386.359,1.895)	22.1152	-61.1235
2.804964017577	2	(23.5286,402.269,1.895)	40.2025	-64.7276
2.819172076066	1	(26.9951,384.466,1.895)	22.232	-61.3564
2.904964017577	2	(23.5472,400.27,1.895)	40.205	-64.728
2.919172076066	1	(27.0128,382.564,1.895)	22.3321	-61.5752
3.004964017577	2	(23.566,398.259,1.895)	40.201	-64.7274
3.019172076066	1	(27.0306,380.666,1.895)	22.4408	-61.8282
3.104964017577	2	(23.5847,396.251,1.895)	40.2021	-64.7276
3.119172076066	1	(27.0483,378.767,1.895)	22.5506	-62.0937
3.125066219154	3	(26.6976,416.34,1.895)	60.1258	-68.2452
3.204964017577	2	(23.6035,394.245,1.895)	40.2052	-64.7281
3.219172076066	1	(27.0661,376.859,1.895)	22.6526	-62.3432
3.225066219154	3	(26.7164,414.33,1.895)	60.1247	-68.2446
3.304964017577	2	(23.6222,392.233,1.895)	40.2013	-64.7275
3.319172076066	1	(27.0839,374.951,1.895)	22.7523	-62.5827
3.325066219154	3	(26.7351,412.32,1.895)	60.1224	-68.2433
3.404964017577	2	(23.6409,390.229,1.895)	40.2064	-64.7282
3.419172076066	1	(27.1017,373.043,1.895)	22.8525	-62.8123
3.425066219154	3	(26.7539,410.313,1.895)	60.1246	-68.2445
3.504964017577	2	(23.6596,388.23,1.895)	40.207	-64.7283
3.519172076066	1	(27.1195,371.132,1.895)	22.9417	-63.0012
3.525066219154	3	(26.7726,408.307,1.895)	60.1187	-68.2412
3.604964017577	2	(23.6783,386.222,1.895)	40.2038	-64.7278
3.619172076066	1	(27.1374,369.223,1.895)	23.0372	-63.1813
3.625066219154	3	(26.7912,406.307,1.895)	60.1224	-68.2433
3.704964017577	2	(23.697,384.22,1.895)	40.2116	-64.729
3.719172076066	1	(27.1553,367.305,1.895)	23.1295	-63.328
3.725066219154	3	(26.8099,404.307,1.895)	60.1338	-68.2497
3.804964017577	2	(23.7157,382.216,1.895)	40.2118	-64.7291
3.819172076066	1	(27.1732,365.387,1.895)	23.2151	-63.4362
3.825066219154	3	(26.8287,402.298,1.895)	60.1275	-68.2461
3.904964017577	2	(23.7345,380.207,1.895)	40.2099	-64.7288
3.919172076066	1	(27.1911,363.466,1.895)	23.302	-63.5157
3.925066219154	3	(26.8473,400.295,1.895)	60.1326	-68.249
4.004964017577	2	(23.7532,378.199,1.895)	40.2062	-64.7282
4.019172076066	1	(27.209,361.544,1.895)	23.3837	-63.5612
4.025066219154	3	(26.8661,398.288,1.895)	60.1289	-68.2469
4.104964017577	2	(23.7719,376.195,1.895)	40.2131	-64.7293
4.119172076066	1	(27.2269,359.624,1.895)	23.475	-63.5782
4.125066219154	3	(26.8848,396.284,1.895)	60.1367	-68.2513
4.141651904734	4	(26.6976,416.34,1.895)	80.1937	-72.0822
4.204964017577	2	(23.7906,374.195,1.895)	40.2243	-64.7311
4.219172076066	1	(27.2449,357.699,1.895)	23.5602	-63.5627
4.225066219154	3	(26.9035,394.275,1.895)	60.138	-68.2521
4.241651904734	4	(26.7149,414.487,1.895)	80.3515	-72.0174
4.304964017577	2	(23.8093,372.186,1.895)	40.2135	-64.7293
4.319172076066	1	(27.2629,355.772,1.895)	23.6329	-63.5272
4.325066219154	3	(26.9222,392.27,1.895)	60.1327	-68.2491
4.341651904734	4	(26.7323,412.622,1.895)	80.4849	-71.9637
4.404964017577	2	(23.8281,370.179,1.895)	40.2129	-64.7292
4.419172076066	1	(27.2808,353.852,1.895)	23.7186	-63.4616
4.425066219154	3	(26.941,390.262,1.895)	60.1298	-68.2474
4.441651904734	4	(26.7497,410.762,1.895)	80.6315	-71.9061
4.504964017577	2	(23.8468,368.169,1.895)	40.2106	-64.7289
4.519172076066	1	(27.2989,351.92,1.895)	23.7937	-63.3855
4.525066219154	3	(26.9597,388.258,1.895)	60.1342	-68.2499
4.541651904734	4	(26.7671,408.897,1.895)	80.7734	-71.8515
4.604964017577	2	(23.8656,366.162,1.895)	40.213	-64.7293
4.619172076066	1	(27.3168,349.993,1.895)	23.8773	-63.2841
4.625066219154	3	(26.9784,386.249,1.895)	60.1349	-68.2503
4.641651904734	4	(26.7844,407.037,1.895)	80.9239	-71.7949
4.704964017577	2	(23.8843,364.154,1.895)	40.2093	-64.7287
4.719172076066	1	(27.3348,348.063,1.895)	23.9509	-63.1831
4.725066219154	3	(26.9972,384.237,1.895)	60.1265	-68.2456
4.741651904734	4	(26.802,405.158,1.895)	81.0482	-71.7492
4.804964017577	2	(23.903,362.151,1.895)	40.2065	-64.7283
4.819172076066	1	(27.3528,346.136,1.895)	24.0246	-63.0738
4.825066219154	3	(27.016,382.227,1.895)	60.1168	-68.2401
4.841651904734	4	(26.8194,403.286,1.895)	81.177	-71.7028
4.904964017577	2	(23.9217,360.151,1.895)	40.2079	-64.7285
4.919172076066	1	(27.3708,344.206,1.895)	24.0955	-62.9631
4.925066219154	3	(27.0347,380.221,1.895)	60.1121	-68.2374
4.941651904734	4	(26.8369,401.412,1.895)	81.3035	-71.6581
5.004964017577	2	(23.9404,358.14,1.895)	40.2008	-64.7274
5.019172076066	1	(27.3889,342.276,1.895)	24.1689	-62.8454
5.025066219154	3	(27.0534,378.219,1.895)	60.1138	-68.2384
5.041651904734	4	(26.8545,399.527,1.895)	81.4231	-71.6167
5.104964017577	2	(23.9592,356.129,1.895)	40.1956	-64.7266
5.119172076066	1	(27.4069,340.338,1.895)	24.2379	-62.7336
5.120336667087	5	(23.3976,416.3,1.895)	100.288	-71.1917
5.125066219154	3	(27.0721,376.22,1.895)	60.1208	-68.2424
5.141651904734	4	(26.8721,397.644,1.895)	81.5465	-71.5748
5.204964017577	2	(23.978,354.121,1.895)	40.198	-64.7269
5.219172076066	1	(27.425,338.403,1.895)	24.3134	-62.6122
5.220336667087	5	(23.4163,414.295,1.895)	100.293	-71.1925
5.225066219154	3	(27.0908,374.212,1.895)	60.1234	-68.2438
5.241651904734	4	(26.8896,395.772,1.895)	81.6843	-71.529
5.304964017577	2	(23.9967,352.114,1.895)	40.2026	-64.7276
5.319172076066	1	(27.4432,336.457,1.895)	24.3784	-62.5093
5.320336667087	5	(23.435,412.295,1.895)	100.304	-71.1945
5.325066219154	3	(27.1095,372.209,1.895)	60.1316	-68.2484
5.341651904734	4	(26.9072,393.885,1.895)	81.8088	-71.4886
5.404964017577	2	(24.0154,350.11,1.895)	40.2065	-64.7282
5.419172076066	1	(27.4613,334.513,1.895)	24.4429	-62.4104
5.420336667087	5	(23.4537,410.294,1.895)	100.312	-71.1959
5.425066219154	3	(27.1282,370.204,1.895)	60.1349	-68.2503
5.441651904734	4	(26.9247,392.005,1.895)	81.9371	-71.4477
5.504964017577	2	(24.0342,348.099,1.895)	40.2003	-64.7273
5.519172076066	1	(27.4795,332.565,1.895)	24.4987	-62.3277
5.520336667087	5	(23.4723,408.294,1.895)	100.317	-71.1967
5.525066219154	3	(27.1469,368.204,1.895)	60.1395	-68.2529
5.541651904734	4	(26.9424,390.112,1.895)	82.0488	-71.4129
5.604964017577	2	(24.0529,346.091,1.895)	40.1958	-64.7266
5.619172076066	1	(27.4976,330.628,1.895)	24.5655	-62.2332
5.620336667087	5	(23.4911,406.282,1.895)	100.308	-71.1952
5.625066219154	3	(27.1656,366.194,1.895)	60.1325	-68.249
5.641651904734	4	(26.96,388.227,1.895)	82.1665	-71.3769
5.704964017577	2	(24.0716,344.089,1.895)	40.2014	-64.7275
5.719172076066	1	(27.5157,328.684,1.895)	24.6295	-62.1479
5.720336667087	5	(23.5098,404.281,1.895)	100.315	-71.1965
5.725066219154	3	(27.1844,364.184,1.895)	60.1312	-68.2482
5.741651904734	4	(26.9777,386.327,1.895)	82.2747	-71.3444
5.804964017577	2	(24.0903,342.084,1.895)	40.2088	-64.7286
5.819172076066	1	(27.5339,326.733,1.895)	24.6903	-62.0719
5.820336667087	5	(23.5285,402.277,1.895)	100.322	-71.1977
5.825066219154	3	(27.2031,362.183,1.895)	60.1417	-68.2542
5.841651904734	4	(26.9955,384.425,1.895)	82.3845	-71.3121
5.904964017577	2	(24.1091,340.073,1.895)	40.2001	-64.7273
5.919172076066	1	(27.5521,324.783,1.895)	24.7438	-62.0096
5.920336667087	5	(23.5472,400.267,1.895)	100.315	-71.1965
5.925066219154	3	(27.2218,360.174,1.895)	60.1364	-68.2512
5.941651904734	4	(27.0131,382.532,1.895)	82.4953	-71.2801
6.004964017577	2	(24.1278,338.07,1.895)	40.1973	-64.7268
6.019172076066	1	(27.5703,322.838,1.895)	24.798	-61.9511
6.020336667087	5	(23.566,398.258,1.895)	100.307	-71.1949
6.025066219154	3	(27.2406,358.166,1.895)	60.1271	-68.2459
6.041651904734	4	(27.0309,380.632,1.895)	82.5947	-71.2519
6.104964017577	2	(24.1465,336.066,1.895)	40.1971	-64.7268
6.119172076066	1	(27.5884,320.901,1.895)	24.865	-61.8853
6.120336667087	5	(23.5847,396.252,1.895)	100.304	-71.1945
6.125066219154	3	(27.2593,356.161,1.895)	60.1268	-68.2458
6.130111458793	6	(26.6976,416.34,1.895)	120.308	-77.3491
6.141651904734	4	(27.0486,378.729,1.895)	82.6951	-71.224
6.204964017577	2	(24.1651,334.066,1.895)	40.1999	-64.7272
6.219172076066	1	(27.6065,318.953,1.895)	24.9197	-61.8372
6.220336667087	5	(23.6034,394.252,1.895)	100.308	-71.1951
6.225066219154	3	(27.278,354.155,1.895)	60.1238	-68.2441
6.230111458793	6	(26.7163,414.341,1.895)	120.312	-77.3508
6.241651904734	4	(27.0664,376.829,1.895)	82.7986	-71.1957
6.304964017577	2	(24.1838,332.063,1.895)	40.2051	-64.728
6.319172076066	1	(27.6247,317.008,1.895)	24.9836	-61.7878
6.320336667087	5	(23.6221,392.242,1.895)	100.305	-71.1947
6.325066219154	3	(27.2967,352.154,1.895)	60.1305	-68.2479
6.330111458793	6	(26.735,412.334,1.895)	120.313	-77.3514
6.341651904734	4	(27.0842,374.92,1.895)	82.8981	-71.169
6.404964017577	2	(24.2025,330.06,1.895)	40.2107	-64.7289
6.419172076066	1	(27.6429,315.056,1.895)	25.0402	-61.75
6.420336667087	5	(23.6408,390.241,1.895)	100.314	-71.1962
6.425066219154	3	(27.3154,350.146,1.895)	60.1314	-68.2483
6.430111458793	6	(26.7536,410.335,1.895)	120.323	-77.3555
6.441651904734	4	(27.1019,373.02,1.895)	83.0065	-71.1404
6.504964017577	2	(24.2212,328.057,1.895)	40.2103	-64.7288
6.519172076066	1	(27.6611,313.104,1.895)	25.0902	-61.7216
6.520336667087	5	(23.6595,388.237,1.895)	100.312	-71.1959
6.525066219154	3	(27.3341,348.14,1.895)	60.1285	-68.2467
6.530111458793	6	(26.7723,408.335,1.895)	120.326	-77.3568
6.541651904734	4	(27.1198,371.108,1.895)	83.0966	-71.1171
6.604964017577	2	(24.24,326.048,1.895)	40.2083	-64.7285
6.619172076066	1	(27.6793,311.152,1.895)	25.1455	-61.6955
6.620336667087	5	(23.6782,386.234,1.895)	100.315	-71.1965
6.625066219154	3	(27.3528,346.137,1.895)	60.1314	-68.2483
6.630111458793	6	(26.791,406.329,1.895)	120.327	-77.3573
6.641651904734	4	(27.1376,369.196,1.895)	83.1923	-71.0927
6.704964017577	2	(24.2587,324.036,1.895)	40.2047	-64.728
6.719172076066	1	(27.6976,309.2,1.895)	25.2013	-61.6749
6.720336667087	5	(23.6969,384.228,1.895)	100.317	-71.1969
6.725066219154	3	(27.3715,344.133,1.895)	60.136	-68.251
6.730111458793	6	(26.8098,404.321,1.895)	120.327	-77.3572
6.741651904734	4	(27.1555,367.281,1.895)	83.2845	-71.0697
6.804964017577	2	(24.2775,322.029,1.895)	40.2	-64.7272
6.819172076066	1	(27.7158,307.242,1.895)	25.2455	-61.6628
6.820336667087	5	(23.7157,382.224,1.895)	100.316	-71.1966
6.825066219154	3	(27.3902,342.133,1.895)	60.1377	-68.2519
6.830111458793	6	(26.8285,402.311,1.895)	120.318	-77.3535
6.841651904734	4	(27.1734,365.362,1.895)	83.3677	-71.0492
6.904964017577	2	(24.2962,320.021,1.895)	40.1965	-64.7267
6.919172076066	1	(27.7341,305.287,1.895)	25.295	-61.6535
6.920336667087	5	(23.7344,380.213,1.895)	100.31	-71.1955
6.925066219154	3	(27.4089,340.128,1.895)	60.138	-68.2521
6.930111458793	6	(26.8472,400.306,1.895)	120.318	-77.3535
6.941651904734	4	(27.1912,363.449,1.895)	83.4595	-71.027
7.004964017577	2	(24.315,318.01,1.895)	40.1844	-64.725
7.019172076066	1	(27.7523,303.333,1.895)	25.3403	-61.6491
7.020336667087	5	(23.7531,378.21,1.895)	100.306	-71.1948
7.025066219154	3	(27.4276,338.121,1.895)	60.1296	-68.2473
7.030111458793	6	(26.866,398.297,1.895)	120.309	-77.3493
7.041651904734	4	(27.2092,361.53,1.895)	83.5396	-71.0079
7.104964017577	2	(24.3337,316.01,1.895)	40.1913	-64.726
7.119172076066	1	(27.7706,301.375,1.895)	25.3897	-61.6486
7.120336667087	5	(23.7719,376.2,1.895)	100.303	-71.1942
7.125066219154	3	(27.4464,336.114,1.895)	60.1304	-68.2478
7.130111458793	6	(26.8847,396.297,1.895)	120.315	-77.3523
7.141651904734	4	(27.2271,359.613,1.895)	83.63	-70.9868
7.149149505596	7	(26.6976,416.34,1.895)	140.36	-87.7667
7.204964017577	2	(24.3523,314.008,1.895)	40.1927	-64.7262
7.219172076066	1	(27.7889,299.414,1.895)	25.4318	-61.6519
7.220336667087	5	(23.7906,374.195,1.895)	100.301	-71.1939
7.225066219154	3	(27.4651,334.104,1.895)	60.1226	-68.2434
7.230111458793	6	(26.9033,394.297,1.895)	120.318	-77.3535
7.241651904734	4	(27.2451,357.684,1.895)	83.7042	-70.9697
7.249149505596	7	(26.7149,414.487,1.895)	140.509	-87.7949
7.304964017577	2	(24.371,312.006,1.895)	40.1891	-64.7256
7.319172076066	1	(27.8071,297.462,1.895)	25.4781	-61.6593
7.320336667087	5	(23.8093,372.189,1.895)	100.294	-71.1926
7.325066219154	3	(27.4839,332.094,1.895)	60.1116	-68.2371
7.330111458793	6	(26.922,392.296,1.895)	120.317	-77.3527
7.341651904734	4	(27.263,355.761,1.895)	83.7796	-70.9525
7.349149505596	7	(26.7323,412.627,1.895)	140.648	-87.8187
7.404964017577	2	(24.3898,309.996,1.895)	40.1833	-64.7248
7.419172076066	1	(27.8254,295.503,1.895)	25.5229	-61.6703
7.420336667087	5	(23.828,370.184,1.895)	100.292	-71.1924
7.425066219154	3	(27.5027,330.083,1.895)	60.1052	-68.2335
7.430111458793	6	(26.9407,390.295,1.895)	120.32	-77.3541
7.441651904734	4	(27.281,353.835,1.895)	83.8574	-70.9352
7.449149505596	7	(26.7495,410.774,1.895)	140.8	-87.8421
7.504964017577	2	(24.4085,307.994,1.895)	40.1864	-64.7252
7.519172076066	1	(27.8437,293.538,1.895)	25.5629	-61.6833
7.520336667087	5	(23.8468,368.177,1.895)	100.29	-71.1921
7.525066219154	3	(27.5214,328.077,1.895)	60.1031	-68.2324
7.530111458793	6	(26.9595,388.284,1.895)	120.313	-77.3512
7.541651904734	4	(27.2991,351.897,1.895)	83.9241	-70.9204
7.549149505596	7	(26.7669,408.92,1.895)	140.95	-87.8625
7.604964017577	2	(24.4272,305.992,1.895)	40.1896	-64.7257
7.619172076066	1	(27.8621,291.576,1.895)	25.6069	-61.7009
7.620336667087	5	(23.8655,366.17,1.895)	100.289	-71.1919
7.625066219154	3	(27.5401,326.074,1.895)	60.1066	-68.2343
7.630111458793	6	(26.9781,386.283,1.895)	120.318	-77.3536
7.641651904734	4	(27.3171,349.961,1.895)	83.9944	-70.9052
7.649149505596	7	(26.7843,407.046,1.895)	141.082	-87.8783
7.704964017577	2	(24.4458,303.992,1.895)	40.1912	-64.7259
7.719172076066	1	(27.8804,289.609,1.895)	25.641	-61.7171
7.720336667087	5	(23.8843,364.159,1.895)	100.279	-71.1899
7.725066219154	3	(27.5589,324.062,1.895)	60.0956	-68.2281
7.730111458793	6	(26.9969,384.276,1.895)	120.312	-77.3507
7.741651904734	4	(27.3351,348.037,1.895)	84.0709	-70.8888
7.749149505596	7	(26.8017,405.186,1.895)	141.223	-87.8928
7.804964017577	2	(24.4645,301.99,1.895)	40.1985	-64.727
7.819172076066	1	(27.8987,287.648,1.895)	25.6892	-61.7436
7.820336667087	5	(23.903,362.156,1.895)	100.286	-71.1913
7.825066219154	3	(27.5776,322.057,1.895)	60.1001	-68.2307
7.830111458793	6	(27.0156,382.265,1.895)	120.31	-77.3501
7.841651904734	4	(27.3532,346.099,1.895)	84.1433	-70.8735
7.849149505596	7	(26.8192,403.31,1.895)	141.356	-87.9043
7.904964017577	2	(24.4833,299.981,1.895)	40.2009	-64.7274
7.919172076066	1	(27.9171,285.676,1.895)	25.7289	-61.7685
7.920336667087	5	(23.9217,360.147,1.895)	100.288	-71.1917
7.925066219154	3	(27.5963,320.056,1.895)	60.1102	-68.2364
7.930111458793	6	(27.0344,380.256,1.895)	120.313	-77.3512
7.941651904734	4	(27.3712,344.166,1.895)	84.2216	-70.8572
7.949149505596	7	(26.8367,401.434,1.895)	141.492	-87.9139
8.004964017577	2	(24.502,297.973,1.895)	40.1934	-64.7263
8.019172076066	1	(27.9355,283.707,1.895)	25.7601	-61.7901
8.020336667087	5	(23.9404,358.147,1.895)	100.289	-71.1917
8.025066219154	3	(27.6149,318.053,1.895)	60.1073	-68.2347
8.030111458793	6	(27.0532,378.244,1.895)	120.301	-77.3461
8.041651904734	4	(27.3892,342.236,1.895)	84.2915	-70.8429
8.049149505596	7	(26.8542,399.557,1.895)	141.615	-87.9206
8.104964017577	2	(24.5208,295.963,1.895)	40.1875	-64.7254
8.105159656343	8	(23.3976,416.3,1.895)	160.428	-82.2037
8.119172076066	1	(27.9539,281.74,1.895)	25.7972	-61.818
8.120336667087	5	(23.9591,356.142,1.895)	100.287	-71.1914
8.125066219154	3	(27.6337,316.048,1.895)	60.1067	-68.2344
8.130111458793	6	(27.0719,376.235,1.895)	120.296	-77.3439
8.141651904734	4	(27.4073,340.305,1.895)	84.3644	-70.8282
8.149149505596	7	(26.8718,397.677,1.895)	141.739	-87.9256
8.204964017577	2	(24.5395,293.955,1.895)	40.1841	-64.7249
8.205159656343	8	(23.4163,414.297,1.895)	160.43	-82.2032
8.219172076066	1	(27.9722,279.78,1.895)	25.842	-61.855
8.220336667087	5	(23.9778,354.138,1.895)	100.288	-71.1916
8.225066219154	3	(27.6524,314.044,1.895)	60.1074	-68.2348
8.230111458793	6	(27.0906,374.233,1.895)	120.299	-77.345
8.241651904734	4	(27.4253,338.372,1.895)	84.4363	-70.8139
8.249149505596	7	(26.8893,395.797,1.895)	141.864	-87.9288
8.304964017577	2	(24.5583,291.947,1.895)	40.1854	-64.7251
8.305159656343	8	(23.435,412.29,1.895)	160.432	-82.2025
8.319172076066	1	(27.9905,277.81,1.895)	25.8807	-61.8898
8.320336667087	5	(23.9965,352.133,1.895)	100.293	-71.1924
8.325066219154	3	(27.6711,312.035,1.895)	60.1076	-68.2349
8.330111458793	6	(27.1093,372.224,1.895)	120.299	-77.3451
8.341651904734	4	(27.4434,336.43,1.895)	84.5038	-70.8007
8.349149505596	7	(26.9069,393.92,1.895)	141.996	-87.9302
8.404964017577	2	(24.577,289.943,1.895)	40.1865	-64.7253
8.405159656343	8	(23.4537,410.284,1.895)	160.432	-82.2027
8.419172076066	1	(28.0089,275.845,1.895)	25.9215	-61.9293
8.420336667087	5	(24.0152,350.131,1.895)	100.296	-71.193
8.425066219154	3	(27.6899,310.026,1.895)	60.1041	-68.233
8.430111458793	6	(27.1281,370.215,1.895)	120.296	-77.3437
8.441651904734	4	(27.4615,334.49,1.895)	84.5689	-70.7881
8.449149505596	7	(26.9246,392.023,1.895)	142.105	-87.9298
8.504964017577	2	(24.5957,287.932,1.895)	40.181	-64.7245
8.505159656343	8	(23.4725,408.278,1.895)	160.431	-82.2028
8.519172076066	1	(28.0273,273.874,1.895)	25.9559	-61.9648
8.520336667087	5	(24.034,348.12,1.895)	100.29	-71.192
8.525066219154	3	(27.7085,308.025,1.895)	60.1092	-68.2358
8.530111458793	6	(27.1468,368.216,1.895)	120.302	-77.3465
8.541651904734	4	(27.4797,332.548,1.895)	84.6331	-70.7759
8.549149505596	7	(26.9422,390.129,1.895)	142.216	-87.928
8.604964017577	2	(24.6144,285.928,1.895)	40.1887	-64.7256
8.605159656343	8	(23.4912,406.273,1.895)	160.438	-82.2011
8.619172076066	1	(28.0456,271.909,1.895)	26.0028	-62.0164
8.620336667087	5	(24.0527,346.11,1.895)	100.292	-71.1924
8.625066219154	3	(27.7273,306.014,1.895)	60.1098	-68.2361
8.630111458793	6	(27.1655,366.213,1.895)	120.311	-77.3503
8.641651904734	4	(27.4977,330.613,1.895)	84.7098	-70.7615
8.649149505596	7	(26.9599,388.241,1.895)	142.34	-87.9244
8.704964017577	2	(24.6332,283.922,1.895)	40.1868	-64.7253
8.705159656343	8	(23.5099,404.268,1.895)	160.437	-82.2013
8.719172076066	1	(28.064,269.939,1.895)	26.0368	-62.0561
8.720336667087	5	(24.0714,344.107,1.895)	100.293	-71.1926
8.725066219154	3	(27.746,304.012,1.895)	60.1112	-68.2369
8.730111458793	6	(27.1842,364.207,1.895)	120.309	-77.3495
8.741651904734	4	(27.5158,328.671,1.895)	84.7719	-70.75
8.749149505596	7	(26.9776,386.345,1.895)	142.448	-87.9198
8.804964017577	2	(24.6519,281.916,1.895)	40.1893	-64.7257
8.805159656343	8	(23.5286,402.268,1.895)	160.445	-82.1991
8.819172076066	1	(28.0824,267.965,1.895)	26.071	-62.0979
8.820336667087	5	(24.0901,342.104,1.895)	100.299	-71.1935
8.825066219154	3	(27.7648,302,1.895)	60.108	-68.2352
8.830111458793	6	(27.2029,362.205,1.895)	120.316	-77.3523
8.841651904734	4	(27.534,326.725,1.895)	84.8344	-70.7386
8.849149505596	7	(26.9952,384.453,1.895)	142.565	-87.9134
8.904964017577	2	(24.6706,279.908,1.895)	40.1852	-64.7251
8.905159656343	8	(23.5473,400.261,1.895)	160.442	-82.2
8.919172076066	1	(28.1008,265.992,1.895)	26.1018	-62.1371
8.920336667087	5	(24.1088,340.104,1.895)	100.302	-71.1941
8.925066219154	3	(27.7835,299.992,1.895)	60.1039	-68.2328
8.930111458793	6	(27.2216,360.2,1.895)	120.314	-77.3516
8.941651904734	4	(27.5522,324.778,1.895)	84.8911	-70.7284
8.949149505596	7	(27.0129,382.559,1.895)	142.674	-87.906
9.004964017577	2	(24.6894,277.896,1.895)	40.1817	-64.7246
9.005159656343	8	(23.566,398.254,1.895)	160.443	-82.1999
9.019172076066	1	(28.1192,264.02,1.895)	26.1388	-62.1863
9.020336667087	5	(24.1275,338.103,1.895)	100.31	-71.1955
9.025066219154	3	(27.8022,297.991,1.895)	60.1107	-68.2366
9.030111458793	6	(27.2403,358.19,1.895)	120.313	-77.3511
9.041651904734	4	(27.5703,322.834,1.895)	84.9554	-70.717
9.049149505596	7	(27.0306,380.661,1.895)	142.784	-87.8973
9.104964017577	2	(24.7081,275.897,1.895)	40.1878	-64.7254
9.105159656343	8	(23.5847,396.251,1.895)	160.445	-82.1992
9.110420700861	9	(26.6976,416.34,1.895)	180.471	-78.9704
9.119172076066	1	(28.1377,262.042,1.895)	26.1657	-62.2234
9.120336667087	5	(24.1462,336.097,1.895)	100.31	-71.1955
9.125066219154	3	(27.8209,295.989,1.895)	60.1147	-68.2389
9.130111458793	6	(27.2591,356.181,1.895)	120.309	-77.3496
9.141651904734	4	(27.5884,320.895,1.895)	85.0218	-70.7054
9.149149505596	7	(27.0484,378.757,1.895)	142.886	-87.8881
9.204964017577	2	(24.7268,273.888,1.895)	40.1787	-64.7241
9.205159656343	8	(23.6035,394.241,1.895)	160.436	-82.2016
9.210420700861	9	(26.7164,414.33,1.895)	180.461	-78.9713
9.219172076066	1	(28.1561,260.068,1.895)	26.192	-62.2608
9.220336667087	5	(24.1649,334.089,1.895)	100.301	-71.194
9.225066219154	3	(27.8396,293.983,1.895)	60.1083	-68.2353
9.230111458793	6	(27.2778,354.179,1.895)	120.306	-77.3482
9.241651904734	4	(27.6066,318.943,1.895)	85.0688	-70.6972
9.249149505596	7	(27.0662,376.845,1.895)	142.974	-87.8793
9.304964017577	2	(24.7455,271.882,1.895)	40.1759	-64.7237
9.305159656343	8	(23.6222,392.234,1.895)	160.432	-82.2025
9.310420700861	9	(26.735,412.329,1.895)	180.463	-78.9711
9.319172076066	1	(28.1745,258.099,1.895)	26.2264	-62.3111
9.320336667087	5	(24.1836,332.087,1.895)	100.302	-71.1942
9.325066219154	3	(27.8583,291.974,1.895)	60.1027	-68.2322
9.330111458793	6	(27.2965,352.169,1.895)	120.3	-77.3456
9.341651904734	4	(27.6249,316.989,1.895)	85.1187	-70.6887
9.349149505596	7	(27.084,374.942,1.895)	143.074	-87.8682
9.404964017577	2	(24.7642,269.881,1.895)	40.1784	-64.7241
9.405159656343	8	(23.641,390.224,1.895)	160.425	-82.2044
9.410420700861	9	(26.7537,410.326,1.895)	180.463	-78.9711
9.419172076066	1	(28.1929,256.127,1.895)	26.257	-62.3575
9.420336667087	5	(24.2023,330.085,1.895)	100.303	-71.1944
9.425066219154	3	(27.8771,289.966,1.895)	60.0976	-68.2293
9.430111458793	6	(27.3153,350.159,1.895)	120.294	-77.3427
9.441651904734	4	(27.6432,315.03,1.895)	85.1626	-70.6813
9.449149505596	7	(27.1018,373.032,1.895)	143.168	-87.857
9.504964017577	2	(24.7829,267.874,1.895)	40.1727	-64.7233
9.505159656343	8	(23.6597,388.22,1.895)	160.421	-82.2053
9.510420700861	9	(26.7725,408.316,1.895)	180.454	-78.972
9.519172076066	1	(28.2114,254.15,1.895)	26.2809	-62.3946
9.520336667087	5	(24.221,328.079,1.895)	100.299	-71.1935
9.525066219154	3	(27.8958,287.956,1.895)	60.0893	-68.2246
9.530111458793	6	(27.334,348.15,1.895)	120.285	-77.3389
9.541651904734	4	(27.6614,313.07,1.895)	85.2041	-70.6743
9.549149505596	7	(27.1197,371.118,1.895)	143.254	-87.8458
9.604964017577	2	(24.8017,265.867,1.895)	40.177	-64.7239
9.605159656343	8	(23.6784,386.22,1.895)	160.433	-82.2022
9.610420700861	9	(26.7912,406.306,1.895)	180.456	-78.9718
9.619172076066	1	(28.2297,252.181,1.895)	26.3242	-62.464
9.620336667087	5	(24.2397,326.076,1.895)	100.308	-71.1951
9.625066219154	3	(27.9145,285.954,1.895)	60.0986	-68.2299
9.630111458793	6	(27.3528,346.139,1.895)	120.286	-77.3392
9.641651904734	4	(27.6797,311.117,1.895)	85.2624	-70.6647
9.649149505596	7	(27.1375,369.207,1.895)	143.355	-87.8319
9.704964017577	2	(24.8204,263.856,1.895)	40.1686	-64.7227
9.705159656343	8	(23.6971,384.215,1.895)	160.431	-82.2028
9.710420700861	9	(26.81,404.298,1.895)	180.45	-78.9723
9.719172076066	1	(28.2482,250.201,1.895)	26.3466	-62.501
9.720336667087	5	(24.2584,324.074,1.895)	100.308	-71.1951
9.725066219154	3	(27.9333,283.943,1.895)	60.0897	-68.2248
9.730111458793	6	(27.3716,344.13,1.895)	120.279	-77.3362
9.741651904734	4	(27.6978,309.171,1.895)	85.3192	-70.6554
9.749149505596	7	(27.1554,367.285,1.895)	143.436	-87.8201
9.804964017577	2	(24.8392,261.847,1.895)	40.171	-64.7231
9.805159656343	8	(23.7158,382.205,1.895)	160.432	-82.2027
9.810420700861	9	(26.8287,402.297,1.895)	180.46	-78.9714
9.819172076066	1	(28.2667,248.221,1.895)	26.3774	-62.5528
9.820336667087	5	(24.2771,322.071,1.895)	100.316	-71.1966
9.825066219154	3	(27.952,281.938,1.895)	60.0961	-68.2284
9.830111458793	6	(27.3903,342.118,1.895)	120.278	-77.3359
9.841651904734	4	(27.7161,307.216,1.895)	85.3755	-70.6464
9.849149505596	7	(27.1733,365.368,1.895)	143.53	-87.8055
9.904964017577	2	(24.8579,259.846,1.895)	40.1721	-64.7232
9.905159656343	8	(23.7346,380.196,1.895)	160.426	-82.2041
9.910420700861	9	(26.8474,400.293,1.895)	180.459	-78.9715
9.919172076066	1	(28.2852,246.24,1.895)	26.3996	-62.5909
9.920336667087	5	(24.2957,320.072,1.895)	100.32	-71.1972
9.925066219154	3	(27.9708,279.929,1.895)	60.0893	-68.2246
9.930111458793	6	(27.4091,340.112,1.895)	120.276	-77.3348
9.941651904734	4	(27.7344,305.255,1.895)	85.4168	-70.6398
9.949149505596	7	(27.1913,363.444,1.895)	143.609	-87.7925
10.004964017577	2	(24.8765,257.846,1.895)	40.1769	-64.7239
10.005159656343	8	(23.7532,378.196,1.895)	160.43	-82.2032
10.010420700861	9	(26.866,398.292,1.895)	180.462	-78.9712
10.019172076066	1	(28.3036,244.263,1.895)	26.4262	-62.6375
10.020336667087	5	(24.3144,318.07,1.895)	100.322	-71.1977
10.025066219154	3	(27.9895,277.919,1.895)	60.0843	-68.2218
10.030111458793	6	(27.4278,338.106,1.895)	120.274	-77.334
10.041651904734	4	(27.7526,303.3,1.895)	85.466	-70.632
10.049149505596	7	(27.2092,361.522,1.895)	143.69	-87.7787
10.104964017577	2	(24.8952,255.847,1.895)	40.18	-64.7243
10.105159656343	8	(23.7719,376.196,1.895)	160.433	-82.2024
10.110420700861	9	(26.8848,396.287,1.895)	180.459	-78.9714
10.119172076066	1	(28.3221,242.29,1.895)	26.4558	-62.6905
10.120336667087	5	(24.3331,316.065,1.895)	100.319	-71.1972
10.125066219154	3	(28.0082,275.914,1.895)	60.0813	-68.2201
10.130111458793	6	(27.4465,336.104,1.895)	120.274	-77.3339
10.141651904734	4	(27.7709,301.34,1.895)	85.5089	-70.6254
10.149149505596	7	(27.2271,359.605,1.895)	143.776	-87.7634
10.204964017577	2	(24.9139,253.839,1.895)	40.1814	-64.7245
10.205159656343	8	(23.7906,374.195,1.895)	160.441	-82.2002
10.210420700861	9	(26.9034,394.286,1.895)	180.468	-78.9706
10.219172076066	1	(28.3405,240.315,1.895)	26.4905	-62.7538
10.220336667087	5	(24.3518,314.064,1.895)	100.328	-71.1987
10.225066219154	3	(28.0269,273.912,1.895)	60.0888	-68.2243
10.230111458793	6	(27.4651,334.104,1.895)	120.284	-77.3384
10.241651904734	4	(27.7893,299.375,1.895)	85.5526	-70.6186
10.249149505596	7	(27.2451,357.682,1.895)	143.863	-87.7472
10.304964017577	2	(24.9327,251.829,1.895)	40.1706	-64.723
10.305159656343	8	(23.8092,372.196,1.895)	160.441	-82.2002
10.310420700861	9	(26.9222,392.278,1.895)	180.459	-78.9715
10.319172076066	1	(28.359,238.332,1.895)	26.5069	-62.7843
10.320336667087	5	(24.3705,312.062,1.895)	100.325	-71.1982
10.325066219154	3	(28.0456,271.91,1.895)	60.0858	-68.2227
10.330111458793	6	(27.4839,332.092,1.895)	120.271	-77.3328
10.341651904734	4	(27.8075,297.418,1.895)	85.5947	-70.6122
10.349149505596	7	(27.263,355.765,1.895)	143.945	-87.7314
10.404964017577	2	(24.9514,249.822,1.895)	40.1698	-64.7229
10.405159656343	8	(23.828,370.186,1.895)	160.438	-82.2012
10.410420700861	9	(26.9409,390.267,1.895)	180.455	-78.9719
10.419172076066	1	(28.3774,236.362,1.895)	26.5431	-62.8526
10.420336667087	5	(24.3892,310.056,1.895)	100.325	-71.1982
10.425066219154	3	(28.0644,269.902,1.895)	60.0841	-68.2217
10.430111458793	6	(27.5026,330.086,1.895)	120.271	-77.3326
10.441651904734	4	(27.8259,295.455,1.895)	85.639	-70.6055
10.449149505596	7	(27.281,353.834,1.895)	144.02	-87.7163
10.504964017577	2	(24.9702,247.813,1.895)	40.1675	-64.7226
10.505159656343	8	(23.8468,368.175,1.895)	160.434	-82.2022
10.510420700861	9	(26.9596,388.265,1.895)	180.46	-78.9714
10.519172076066	1	(28.3958,234.386,1.895)	26.5735	-62.9112
10.520336667087	5	(24.4079,308.056,1.895)	100.332	-71.1995
10.525066219154	3	(28.0831,267.897,1.895)	60.0862	-68.2229
10.530111458793	6	(27.5214,328.078,1.895)	120.27	-77.3323
10.541651904734	4	(27.8441,293.498,1.895)	85.688	-70.5982
10.549149505596	7	(27.2989,351.911,1.895)	144.104	-87.699
10.604964017577	2	(24.9889,245.813,1.895)	40.1747	-64.7236
10.605159656343	8	(23.8655,366.174,1.895)	160.439	-82.2008
10.610420700861	9	(26.9783,386.264,1.895)	180.465	-78.9709
10.619172076066	1	(28.4143,232.402,1.895)	26.5969	-62.9569
10.620336667087	5	(24.4266,306.05,1.895)	100.333	-71.1997
10.625066219154	3	(28.1018,265.89,1.895)	60.0868	-68.2232
10.630111458793	6	(27.5401,326.07,1.895)	120.269	-77.332
10.641651904734	4	(27.8625,291.531,1.895)	85.728	-70.5923
10.649149505596	7	(27.317,349.979,1.895)	144.179	-87.6829
10.704964017577	2	(25.0076,243.804,1.895)	40.1735	-64.7234
10.705159656343	8	(23.8842,364.163,1.895)	160.437	-82.2014
10.710420700861	9	(26.997,384.259,1.895)	180.468	-78.9706
10.719172076066	1	(28.4329,230.414,1.895)	26.6162	-62.9949
10.720336667087	5	(24.4453,304.05,1.895)	100.341	-71.2011
10.725066219154	3	(28.1205,263.891,1.895)	60.0949	-68.2278
10.730111458793	6	(27.5589,324.058,1.895)	120.265	-77.3302
10.741651904734	4	(27.8808,289.569,1.895)	85.7743	-70.5856
10.749149505596	7	(27.3351,348.04,1.895)	144.247	-87.6679
10.804964017577	2	(25.0263,241.802,1.895)	40.1721	-64.7232
10.805159656343	8	(23.903,362.153,1.895)	160.427	-82.2039
10.810420700861	9	(27.0157,382.257,1.895)	180.467	-78.9707
10.819172076066	1	(28.4515,228.425,1.895)	26.6278	-63.018
10.820336667087	5	(24.464,302.042,1.895)	100.333	-71.1997
10.825066219154	3	(28.1392,261.882,1.895)	60.0867	-68.2232
10.830111458793	6	(27.5776,322.055,1.895)	120.263	-77.329
10.841651904734	4	(27.8991,287.605,1.895)	85.8103	-70.5803
10.849149505596	7	(27.3531,346.105,1.895)	144.313	-87.6532
10.904964017577	2	(25.045,239.793,1.895)	40.1656	-64.7223
10.905159656343	8	(23.9217,360.147,1.895)	160.423	-82.205
10.910420700861	9	(27.0345,380.246,1.895)	180.458	-78.9715
10.919172076066	1	(28.4699,226.448,1.895)	26.653	-63.0687
10.920336667087	5	(24.4828,300.036,1.895)	100.329	-71.199
10.925066219154	3	(28.1579,259.881,1.895)	60.0877	-68.2237
10.930111458793	6	(27.5963,320.048,1.895)	120.258	-77.3269
10.941651904734	4	(27.9174,285.642,1.895)	85.8496	-70.5747
10.949149505596	7	(27.3711,344.176,1.895)	144.387	-87.6362
11.004964017577	2	(25.0638,237.785,1.895)	40.1615	-64.7218
11.005159656343	8	(23.9405,358.137,1.895)	160.417	-82.2065
11.010420700861	9	(27.0532,378.241,1.895)	180.457	-78.9717
11.019172076066	1	(28.4885,224.462,1.895)	26.6719	-63.1071
11.020336667087	5	(24.5015,298.027,1.895)	100.325	-71.1982
11.025066219154	3	(28.1766,257.875,1.895)	60.0862	-68.2229
11.030111458793	6	(27.615,318.043,1.895)	120.256	-77.3263
11.041651904734	4	(27.9358,283.677,1.895)	85.8893	-70.5691
11.049149505596	7	(27.3892,342.237,1.895)	144.452	-87.6209
11.104964017577	2	(25.0825,235.779,1.895)	40.1617	-64.7218
11.105159656343	8	(23.9592,356.134,1.895)	160.42	-82.2057
11.110420700861	9	(27.0719,376.239,1.895)	180.462	-78.9712
11.119172076066	1	(28.5069,222.483,1.895)	26.6991	-63.1628
11.120336667087	5	(24.5202,296.022,1.895)	100.326	-71.1984
11.125066219154	3	(28.1953,255.874,1.895)	60.0915	-68.2259
11.130111458793	6	(27.6338,316.036,1.895)	120.256	-77.3262
11.141651904734	4	(27.9542,281.708,1.895)	85.9261	-70.5639
11.149149505596	7	(27.4073,340.299,1.895)	144.52	-87.6045
11.204964017577	2	(25.1013,233.769,1.895)	40.163	-64.722
11.205159656343	8	(23.9778,354.132,1.895)	160.429	-82.2033
11.210420700861	9	(27.0905,374.238,1.895)	180.472	-78.9703
11.219172076066	1	(28.5255,220.494,1.895)	26.7205	-63.2071
11.220336667087	5	(24.5389,294.017,1.895)	100.332	-71.1994
11.225066219154	3	(28.214,253.871,1.895)	60.099	-68.2301
11.230111458793	6	(27.6525,314.027,1.895)	120.258	-77.3269
11.241651904734	4	(27.9725,279.747,1.895)	85.9763	-70.557
11.249149505596	7	(27.4254,338.365,1.895)	144.597	-87.5857
11.304964017577	2	(25.1199,231.767,1.895)	40.1708	-64.723
11.305159656343	8	(23.9966,352.124,1.895)	160.43	-82.203
11.310420700861	9	(27.1092,372.238,1.895)	180.481	-78.9694
11.319172076066	1	(28.5441,218.504,1.895)	26.7406	-63.2492
11.320336667087	5	(24.5576,292.014,1.895)	100.338	-71.2006
11.325066219154	3	(28.2327,251.86,1.895)	60.0976	-68.2293
11.330111458793	6	(27.6713,312.015,1.895)	120.256	-77.326
11.341651904734	4	(27.9908,277.782,1.895)	86.0211	-70.5508
11.349149505596	7	(27.4435,336.42,1.895)	144.662	-87.5695
11.404964017577	2	(25.1387,229.76,1.895)	40.1656	-64.7223
11.405159656343	8	(24.0153,350.114,1.895)	160.423	-82.205
11.410420700861	9	(27.1279,370.232,1.895)	180.477	-78.9698
11.419172076066	1	(28.5626,216.517,1.895)	26.7546	-63.2787
11.420336667087	5	(24.5764,290.004,1.895)	100.33	-71.1991
11.425066219154	3	(28.2514,249.86,1.895)	60.0995	-68.2303
11.430111458793	6	(27.69,310.013,1.895)	120.255	-77.3256
11.441651904734	4	(28.0093,275.803,1.895)	86.0437	-70.5478
11.449149505596	7	(27.4616,334.479,1.895)	144.722	-87.554
11.504964017577	2	(25.1574,227.749,1.895)	40.1552	-64.7209
11.505159656343	8	(24.0341,348.109,1.895)	160.418	-82.2062
11.510420700861	9	(27.1467,368.223,1.895)	180.468	-78.9706
11.519172076066	1	(28.5811,214.533,1.895)	26.7715	-63.3142
11.520336667087	5	(24.5951,287.998,1.895)	100.325	-71.1981
11.525066219154	3	(28.2701,247.854,1.895)	60.0944	-68.2275
11.530111458793	6	(27.7087,308.006,1.895)	120.249	-77.3229
11.541651904734	4	(28.0276,273.84,1.895)	86.0808	-70.5428
11.549149505596	7	(27.4797,332.546,1.895)	144.79	-87.5365
11.604964017577	2	(25.1761,225.746,1.895)	40.1534	-64.7207
11.605159656343	8	(24.0528,346.098,1.895)	160.408	-82.2087
11.610420700861	9	(27.1655,366.213,1.895)	180.46	-78.9714
11.619172076066	1	(28.5996,212.552,1.895)	26.792	-63.3578
11.620336667087	5	(24.6138,285.992,1.895)	100.321	-71.1974
11.625066219154	3	(28.2888,245.85,1.895)	60.0914	-68.2258
11.630111458793	6	(27.7275,305.996,1.895)	120.241	-77.3194
11.641651904734	4	(28.046,271.87,1.895)	86.1127	-70.5385
11.649149505596	7	(27.4978,330.603,1.895)	144.848	-87.521
11.704964017577	2	(25.1948,223.743,1.895)	40.1553	-64.7209
11.705159656343	8	(24.0716,344.089,1.895)	160.405	-82.2095
11.710420700861	9	(27.1842,364.203,1.895)	180.455	-78.9719
11.719172076066	1	(28.6182,210.565,1.895)	26.8103	-63.397
11.720336667087	5	(24.6325,283.989,1.895)	100.322	-71.1977
11.725066219154	3	(28.3076,243.842,1.895)	60.0886	-68.2242
11.730111458793	6	(27.7462,303.986,1.895)	120.235	-77.3171
11.741651904734	4	(28.0644,269.899,1.895)	86.1464	-70.534
11.749149505596	7	(27.5159,328.661,1.895)	144.912	-87.504
11.804964017577	2	(25.2136,221.733,1.895)	40.1503	-64.7203
11.805159656343	8	(24.0903,342.089,1.895)	160.409	-82.2084
11.810420700861	9	(27.203,362.192,1.895)	180.448	-78.9725
11.819172076066	1	(28.6367,208.581,1.895)	26.8306	-63.4406
11.820336667087	5	(24.6513,281.978,1.895)	100.316	-71.1967
11.825066219154	3	(28.3263,241.831,1.895)	60.0823	-68.2207
11.830111458793	6	(27.7649,301.986,1.895)	120.24	-77.319
11.841651904734	4	(28.0828,267.925,1.895)	86.1772	-70.53
11.849149505596	7	(27.5341,326.717,1.895)	144.972	-87.4875
11.904964017577	2	(25.2323,219.727,1.895)	40.1449	-64.7196
11.905159656343	8	(24.1089,340.087,1.895)	160.407	-82.2089
11.910420700861	9	(27.2217,360.186,1.895)	180.443	-78.973
11.919172076066	1	(28.6552,206.595,1.895)	26.8451	-63.4721
11.920336667087	5	(24.67,279.977,1.895)	100.315	-71.1965
11.925066219154	3	(28.3451,239.82,1.895)	60.0721	-68.215
11.930111458793	6	(27.7836,299.98,1.895)	120.234	-77.3164
11.941651904734	4	(28.1012,265.954,1.895)	86.2068	-70.5261
11.949149505596	7	(27.5522,324.778,1.895)	145.034	-87.4706
12.004964017577	2	(25.251,217.725,1.895)	40.1448	-64.7196
12.005159656343	8	(24.1277,338.079,1.895)	160.402	-82.2102
12.010420700861	9	(27.2404,358.184,1.895)	180.444	-78.9729
12.019172076066	1	(28.6737,204.617,1.895)	26.8693	-63.5246
12.020336667087	5	(24.6887,277.973,1.895)	100.314	-71.1962
12.025066219154	3	(28.3639,237.809,1.895)	60.0632	-68.21
12.030111458793	6	(27.8023,297.977,1.895)	120.234	-77.3165
12.041651904734	4	(28.1196,263.979,1.895)	86.2343	-70.5226
12.049149505596	7	(27.5704,322.827,1.895)	145.085	-87.4563
12.104964017577	2	(25.2698,215.715,1.895)	40.1429	-64.7193
12.105159656343	8	(24.1464,336.078,1.895)	160.409	-82.2086
12.110420700861	9	(27.259,356.185,1.895)	180.452	-78.9721
12.119172076066	1	(28.6921,202.639,1.895)	26.8993	-63.5901
12.120336667087	5	(24.7075,275.961,1.895)	100.31	-71.1955
12.125066219154	3	(28.3826,235.8,1.895)	60.0622	-68.2094
12.130111458793	6	(27.821,295.972,1.895)	120.237	-77.3176
12.141651904734	4	(28.1381,262,1.895)	86.2634	-70.5189
12.149149505596	7	(27.5885,320.882,1.895)	145.148	-87.4384
12.204964017577	2	(25.2884,213.714,1.895)	40.1528	-64.7206
12.205159656343	8	(24.1651,334.072,1.895)	160.414	-82.2073
12.210420700861	9	(27.2778,354.175,1.895)	180.453	-78.9721
12.219172076066	1	(28.7106,200.656,1.895)	26.9271	-63.651
12.220336667087	5	(24.7262,273.956,1.895)	100.316	-71.1966
12.225066219154	3	(28.4013,233.796,1.895)	60.069	-68.2132
12.230111458793	6	(27.8397,293.971,1.895)	120.247	-77.322
12.241651904734	4	(28.1565,260.024,1.895)	86.2984	-70.5144
12.249149505596	7	(27.6067,318.937,1.895)	145.213	-87.4197
12.304964017577	2	(25.3071,211.714,1.895)	40.1635	-64.722
12.305159656343	8	(24.1838,332.07,1.895)	160.423	-82.2049
12.310420700861	9	(27.2965,352.175,1.895)	180.464	-78.971
12.319172076066	1	(28.7293,198.66,1.895)	26.9419	-63.6838
12.320336667087	5	(24.7448,271.957,1.895)	100.328	-71.1987
12.325066219154	3	(28.4201,231.785,1.895)	60.0691	-68.2133
12.330111458793	6	(27.8584,291.967,1.895)	120.254	-77.3251
12.341651904734	4	(28.1749,258.053,1.895)	86.3378	-70.5095
12.349149505596	7	(27.6249,316.989,1.895)	145.276	-87.4014
12.404964017577	2	(25.3259,209.703,1.895)	40.1586	-64.7214
12.405159656343	8	(24.2025,330.064,1.895)	160.423	-82.2049
12.410420700861	9	(27.3152,350.167,1.895)	180.462	-78.9712
12.419172076066	1	(28.7479,196.665,1.895)	26.9529	-63.7081
12.420336667087	5	(24.7635,269.957,1.895)	100.334	-71.1998
12.425066219154	3	(28.4388,229.783,1.895)	60.0728	-68.2153
12.430111458793	6	(27.8771,289.965,1.895)	120.258	-77.3268
12.441651904734	4	(28.1934,256.078,1.895)	86.3691	-70.5056
12.449149505596	7	(27.6431,315.032,1.895)	145.326	-87.3867
12.504964017577	2	(25.3445,207.704,1.895)	40.1653	-64.7223
12.505159656343	8	(24.2212,328.057,1.895)	160.422	-82.2052
12.510420700861	9	(27.3339,348.166,1.895)	180.467	-78.9707
12.519172076066	1	(28.7665,194.674,1.895)	26.9689	-63.7435
12.520336667087	5	(24.7823,267.947,1.895)	100.33	-71.1991
12.525066219154	3	(28.4575,227.776,1.895)	60.0721	-68.215
12.530111458793	6	(27.8958,287.96,1.895)	120.259	-77.3273
12.541651904734	4	(28.2118,254.099,1.895)	86.3958	-70.5023
12.549149505596	7	(27.6614,313.078,1.895)	145.378	-87.3712
12.604964017577	2	(25.3633,205.697,1.895)	40.1618	-64.7218
12.605159656343	8	(24.2399,326.057,1.895)	160.425	-82.2044
12.610420700861	9	(27.3527,346.155,1.895)	180.46	-78.9714
12.619172076066	1	(28.7851,192.68,1.895)	26.9782	-63.7639
12.620336667087	5	(24.801,265.942,1.895)	100.328	-71.1988
12.625066219154	3	(28.4762,225.772,1.895)	60.0712	-68.2145
12.630111458793	6	(27.9146,285.949,1.895)	120.251	-77.324
12.641651904734	4	(28.2302,252.127,1.895)	86.4274	-70.4984
12.649149505596	7	(27.6796,311.13,1.895)	145.433	-87.3548
12.704964017577	2	(25.382,203.691,1.895)	40.1666	-64.7224
12.705159656343	8	(24.2586,324.049,1.895)	160.428	-82.2036
12.710420700861	9	(27.3714,344.15,1.895)	180.465	-78.9709
12.719172076066	1	(28.8037,190.691,1.895)	26.9992	-63.8106
12.720336667087	5	(24.8197,263.931,1.895)	100.328	-71.1987
12.725066219154	3	(28.495,223.763,1.895)	60.0731	-68.2155
12.730111458793	6	(27.9333,283.948,1.895)	120.261	-77.3283
12.741651904734	4	(28.2487,250.153,1.895)	86.4642	-70.4939
12.749149505596	7	(27.6979,309.165,1.895)	145.479	-87.3409
12.804964017577	2	(25.4008,201.679,1.895)	40.1584	-64.7213
12.805159656343	8	(24.2774,322.043,1.895)	160.425	-82.2043
12.810420700861	9	(27.3901,342.146,1.895)	180.465	-78.971
12.819172076066	1	(28.8223,188.692,1.895)	27.0041	-63.8214
12.820336667087	5	(24.8385,261.926,1.895)	100.326	-71.1984
12.825066219154	3	(28.5137,221.758,1.895)	60.0717	-68.2148
12.830111458793	6	(27.952,281.937,1.895)	120.253	-77.3248
12.841651904734	4	(28.2672,248.17,1.895)	86.4843	-70.4915
12.849149505596	7	(27.7161,307.21,1.895)	145.527	-87.3262
12.904964017577	2	(25.4195,199.671,1.895)	40.1569	-64.7211
12.905159656343	8	(24.2961,320.033,1.895)	160.422	-82.2051
12.910420700861	9	(27.4088,340.137,1.895)	180.463	-78.9711
12.919172076066	1	(28.8409,186.699,1.895)	27.0177	-63.8515
12.920336667087	5	(24.8571,259.924,1.895)	100.331	-71.1993
12.925066219154	3	(28.5324,219.753,1.895)	60.0732	-68.2156
12.930111458793	6	(27.9707,279.938,1.895)	120.261	-77.3282
12.941651904734	4	(28.2857,246.187,1.895)	86.5091	-70.4886
12.949149505596	7	(27.7344,305.25,1.895)	145.574	-87.3117
13.004964017577	2	(25.4382,197.671,1.895)	40.1689	-64.7228
13.005159656343	8	(24.3148,318.034,1.895)	160.435	-82.2019
13.010420700861	9	(27.4275,338.136,1.895)	180.473	-78.9702
13.019172076066	1	(28.8595,184.707,1.895)	27.0375	-63.8957
13.020336667087	5	(24.8759,257.917,1.895)	100.336	-71.2001
13.025066219154	3	(28.5511,217.745,1.895)	60.0767	-68.2175
13.030111458793	6	(27.9894,277.936,1.895)	120.271	-77.3327
13.041651904734	4	(28.3042,244.205,1.895)	86.5378	-70.4852
13.049149505596	7	(27.7526,303.3,1.895)	145.635	-87.2926
13.104964017577	2	(25.4569,195.666,1.895)	40.1706	-64.723
13.105159656343	8	(24.3334,316.035,1.895)	160.443	-82.1998
13.110420700861	9	(27.4463,336.125,1.895)	180.469	-78.9706
13.119172076066	1	(28.8782,182.707,1.895)	27.0449	-63.9121
13.120336667087	5	(24.8946,255.913,1.895)	100.339	-71.2007
13.125066219154	3	(28.5699,215.737,1.895)	60.076	-68.2171
13.130111458793	6	(28.008,275.935,1.895)	120.277	-77.3352
13.141651904734	4	(28.3226,242.228,1.895)	86.5679	-70.4816
13.149149505596	7	(27.7709,301.343,1.895)	145.685	-87.277
13.204964017577	2	(25.4756,193.657,1.895)	40.1688	-64.7228
13.205159656343	8	(24.3521,314.031,1.895)	160.446	-82.1989
13.210420700861	9	(27.4649,334.124,1.895)	180.475	-78.97
13.219172076066	1	(28.8968,180.713,1.895)	27.0577	-63.9406
13.220336667087	5	(24.9133,253.91,1.895)	100.343	-71.2015
13.225066219154	3	(28.5886,213.733,1.895)	60.0792	-68.219
13.230111458793	6	(28.0267,273.935,1.895)	120.284	-77.3383
13.241651904734	4	(28.3411,240.249,1.895)	86.5959	-70.4784
13.249149505596	7	(27.7892,299.387,1.895)	145.737	-87.2607
13.304964017577	2	(25.4944,191.651,1.895)	40.1688	-64.7228
13.305159656343	8	(24.3708,312.027,1.895)	160.448	-82.1984
13.310420700861	9	(27.4837,332.118,1.895)	180.475	-78.97
13.319172076066	1	(28.9154,178.719,1.895)	27.0704	-63.9687
13.320336667087	5	(24.932,251.905,1.895)	100.344	-71.2016
13.325066219154	3	(28.6073,211.732,1.895)	60.0844	-68.2219
13.330111458793	6	(28.0454,271.933,1.895)	120.288	-77.3401
13.341651904734	4	(28.3596,238.273,1.895)	86.6267	-70.4748
13.349149505596	7	(27.8074,297.431,1.895)	145.787	-87.2447
13.404964017577	2	(25.5131,189.643,1.895)	40.1688	-64.7228
13.405159656343	8	(24.3895,310.025,1.895)	160.454	-82.1969
13.410420700861	9	(27.5024,330.112,1.895)	180.476	-78.9699
13.419172076066	1	(28.9339,176.734,1.895)	27.0924	-64.0177
13.420336667087	5	(24.9506,249.906,1.895)	100.352	-71.203
13.425066219154	3	(28.626,209.725,1.895)	60.0848	-68.2221
13.430111458793	6	(28.0641,269.93,1.895)	120.293	-77.3422
13.441651904734	4	(28.3781,236.29,1.895)	86.6512	-70.472
13.449149505596	7	(27.8257,295.469,1.895)	145.833	-87.23
13.504964017577	2	(25.5318,187.636,1.895)	40.1701	-64.7229
13.505159656343	8	(24.4082,308.024,1.895)	160.462	-82.195
13.510420700861	9	(27.5211,328.111,1.895)	180.485	-78.9691
13.519172076066	1	(28.9524,174.749,1.895)	27.1155	-64.069
13.520336667087	5	(24.9693,247.906,1.895)	100.361	-71.2046
13.525066219154	3	(28.6447,207.718,1.895)	60.0864	-68.223
13.530111458793	6	(28.0828,267.927,1.895)	120.298	-77.3447
13.541651904734	4	(28.3965,234.315,1.895)	86.6842	-70.4682
13.549149505596	7	(27.844,293.516,1.895)	145.888	-87.2122
13.604964017577	2	(25.5506,185.628,1.895)	40.1708	-64.723
13.605159656343	8	(24.4269,306.025,1.895)	160.471	-82.1925
13.610420700861	9	(27.5397,326.111,1.895)	180.493	-78.9683
13.619172076066	1	(28.9711,172.752,1.895)	27.1277	-64.096
13.620336667087	5	(24.9881,245.896,1.895)	100.359	-71.2044
13.625066219154	3	(28.6635,205.709,1.895)	60.0863	-68.2229
13.630111458793	6	(28.1015,265.922,1.895)	120.302	-77.3462
13.641651904734	4	(28.415,232.327,1.895)	86.7055	-70.4658
13.649149505596	7	(27.8622,291.562,1.895)	145.942	-87.1945
13.704964017577	2	(25.5693,183.619,1.895)	40.1689	-64.7228
13.705159656343	8	(24.4455,304.022,1.895)	160.475	-82.1914
13.710420700861	9	(27.5584,324.107,1.895)	180.496	-78.968
13.719172076066	1	(28.9897,170.753,1.895)	27.1352	-64.1125
13.720336667087	5	(25.0068,243.888,1.895)	100.359	-71.2043
13.725066219154	3	(28.6821,203.709,1.895)	60.0932	-68.2268
13.730111458793	6	(28.1203,263.911,1.895)	120.298	-77.3446
13.741651904734	4	(28.4335,230.346,1.895)	86.731	-70.463
13.749149505596	7	(27.8805,289.603,1.895)	145.991	-87.1786
13.804964017577	2	(25.5881,181.611,1.895)	40.1676	-64.7226
13.805159656343	8	(24.4643,302.015,1.895)	160.475	-82.1914
13.810420700861	9	(27.5771,322.106,1.895)	180.502	-78.9675
13.819172076066	1	(29.0084,168.759,1.895)	27.1483	-64.1414
13.820336667087	5	(25.0256,241.878,1.895)	100.356	-71.2038
13.825066219154	3	(28.7009,201.701,1.895)	60.0925	-68.2264
13.830111458793	6	(28.139,261.908,1.895)	120.302	-77.3464
13.841651904734	4	(28.452,228.371,1.895)	86.7638	-70.4593
13.849149505596	7	(27.8989,287.631,1.895)	146.026	-87.1669
13.904964017577	2	(25.6068,179.601,1.895)	40.1661	-64.7224
13.905159656343	8	(24.483,300.009,1.895)	160.478	-82.1909
13.910420700861	9	(27.5958,320.103,1.895)	180.508	-78.9669
13.919172076066	1	(29.027,166.763,1.895)	27.1611	-64.1697
13.920336667087	5	(25.0443,239.873,1.895)	100.359	-71.2042
13.925066219154	3	(28.7196,199.701,1.895)	60.1002	-68.2307
13.930111458793	6	(28.1577,259.901,1.895)	120.303	-77.3467
13.941651904734	4	(28.4704,226.391,1.895)	86.7918	-70.4562
13.949149505596	7	(27.9172,285.665,1.895)	146.068	-87.1531
14.004964017577	2	(25.6256,177.596,1.895)	40.17	-64.7229
14.005159656343	8	(24.5017,298.01,1.895)	160.487	-82.1884
14.010420700861	9	(27.6145,318.096,1.895)	180.51	-78.9668
14.019172076066	1	(29.0456,164.771,1.895)	27.1784	-64.2078
14.020336667087	5	(25.063,237.868,1.895)	100.363	-71.2051
14.025066219154	3	(28.7383,197.696,1.895)	60.1047	-68.2333
14.030111458793	6	(28.1764,257.896,1.895)	120.307	-77.3485
14.041651904734	4	(28.4889,224.417,1.895)	86.8271	-70.4524
14.049149505596	7	(27.9355,283.703,1.895)	146.116	-87.1371
14.104964017577	2	(25.6442,175.594,1.895)	40.1779	-64.724
14.105159656343	8	(24.5204,296.007,1.895)	160.494	-82.1865
14.110420700861	9	(27.6332,316.093,1.895)	180.517	-78.9661
14.119172076066	1	(29.0641,162.782,1.895)	27.1994	-64.2538
14.120336667087	5	(25.0818,235.857,1.895)	100.362	-71.2048
14.125066219154	3	(28.757,195.686,1.895)	60.1045	-68.2332
14.130111458793	6	(28.1951,255.893,1.895)	120.314	-77.3517
14.141651904734	4	(28.5073,222.441,1.895)	86.8606	-70.4488
14.149149505596	7	(27.9539,281.737,1.895)	146.159	-87.1226
14.204964017577	2	(25.663,173.583,1.895)	40.1701	-64.7229
14.205159656343	8	(24.5391,293.999,1.895)	160.49	-82.1878
14.210420700861	9	(27.652,314.086,1.895)	180.513	-78.9664
14.219172076066	1	(29.0828,160.782,1.895)	27.202	-64.2596
14.220336667087	5	(25.1005,233.853,1.895)	100.361	-71.2047
14.225066219154	3	(28.7758,193.68,1.895)	60.1016	-68.2315
14.230111458793	6	(28.2138,253.89,1.895)	120.314	-77.3518
14.241651904734	4	(28.5259,220.452,1.895)	86.8747	-70.4473
14.249149505596	7	(27.9723,279.767,1.895)	146.192	-87.1113
14.304964017577	2	(25.6817,171.579,1.895)	40.1656	-64.7223
14.305159656343	8	(24.5578,291.992,1.895)	160.482	-82.1897
14.310420700861	9	(27.6706,312.087,1.895)	180.513	-78.9664
14.319172076066	1	(29.1013,158.796,1.895)	27.2161	-64.2902
14.320336667087	5	(25.1192,231.842,1.895)	100.35	-71.2027
14.325066219154	3	(28.7945,191.669,1.895)	60.09	-68.225
14.330111458793	6	(28.2326,251.878,1.895)	120.302	-77.3465
14.341651904734	4	(28.5444,218.473,1.895)	86.8952	-70.4451
14.349149505596	7	(27.9906,277.802,1.895)	146.227	-87.0997
14.404964017577	2	(25.7005,169.57,1.895)	40.1658	-64.7223
14.405159656343	8	(24.5765,289.988,1.895)	160.486	-82.1886
14.410420700861	9	(27.6893,310.087,1.895)	180.523	-78.9656
14.419172076066	1	(29.1198,156.814,1.895)	27.242	-64.3466
14.420336667087	5	(25.138,229.832,1.895)	100.349	-71.2024
14.425066219154	3	(28.8133,189.66,1.895)	60.0895	-68.2247
14.430111458793	6	(28.2513,249.874,1.895)	120.306	-77.3483
14.441651904734	4	(28.5629,216.482,1.895)	86.913	-70.4432
14.449149505596	7	(28.009,275.829,1.895)	146.262	-87.0876
14.504964017577	2	(25.7192,167.562,1.895)	40.1568	-64.7211
14.505159656343	8	(24.5953,287.982,1.895)	160.48	-82.1903
14.510420700861	9	(27.708,308.085,1.895)	180.519	-78.9659
14.519172076066	1	(29.1385,154.817,1.895)	27.2444	-64.3518
14.520336667087	5	(25.1568,227.824,1.895)	100.34	-71.2008
14.525066219154	3	(28.8321,187.648,1.895)	60.0772	-68.2178
14.530111458793	6	(28.2699,247.874,1.895)	120.305	-77.3478
14.541651904734	4	(28.5815,214.49,1.895)	86.9207	-70.4424
14.549149505596	7	(28.0274,273.86,1.895)	146.293	-87.077
14.604964017577	2	(25.7379,165.554,1.895)	40.1493	-64.7202
14.605159656343	8	(24.614,285.974,1.895)	160.473	-82.192
14.610420700861	9	(27.7267,306.077,1.895)	180.512	-78.9666
14.619172076066	1	(29.157,152.829,1.895)	27.2569	-64.3787
14.620336667087	5	(25.1755,225.815,1.895)	100.332	-71.1994
14.625066219154	3	(28.8508,185.636,1.895)	60.0659	-68.2115
14.630111458793	6	(28.2886,245.87,1.895)	120.302	-77.3463
14.641651904734	4	(28.6001,212.503,1.895)	86.9335	-70.441
14.649149505596	7	(28.0458,271.893,1.895)	146.326	-87.0659
14.704964017577	2	(25.7566,163.554,1.895)	40.1592	-64.7215
14.705159656343	8	(24.6327,283.974,1.895)	160.482	-82.1897
14.710420700861	9	(27.7454,304.077,1.895)	180.521	-78.9657
14.719172076066	1	(29.1756,150.834,1.895)	27.2715	-64.4102
14.720336667087	5	(25.1942,223.816,1.895)	100.342	-71.2013
14.725066219154	3	(28.8695,183.636,1.895)	60.0754	-68.2168
14.730111458793	6	(28.3074,243.862,1.895)	120.304	-77.3472
14.741651904734	4	(28.6187,210.508,1.895)	86.9489	-70.4394
14.749149505596	7	(28.0642,269.923,1.895)	146.366	-87.0522
14.804964017577	2	(25.7754,161.544,1.895)	40.154	-64.7208
14.805159656343	8	(24.6514,281.966,1.895)	160.48	-82.1902
14.810420700861	9	(27.7641,302.077,1.895)	180.527	-78.9652
14.819172076066	1	(29.1943,148.84,1.895)	27.2828	-64.4343
14.820336667087	5	(25.2129,221.811,1.895)	100.342	-71.2013
14.825066219154	3	(28.8882,181.629,1.895)	60.0738	-68.2159
14.830111458793	6	(28.3261,241.857,1.895)	120.304	-77.3473
14.841651904734	4	(28.6372,208.529,1.895)	86.9745	-70.4368
14.849149505596	7	(28.0826,267.951,1.895)	146.4	-87.0405
14.904964017577	2	(25.7941,159.541,1.895)	40.1544	-64.7208
14.905159656343	8	(24.6702,279.957,1.895)	160.474	-82.1918
14.910420700861	9	(27.7828,300.069,1.895)	180.522	-78.9656
14.919172076066	1	(29.2129,146.844,1.895)	27.2901	-64.4499
14.920336667087	5	(25.2315,219.81,1.895)	100.345	-71.2018
14.925066219154	3	(28.9069,179.626,1.895)	60.0733	-68.2157
14.930111458793	6	(28.3448,239.852,1.895)	120.303	-77.3466
14.941651904734	4	(28.6557,206.543,1.895)	86.9919	-70.435
14.949149505596	7	(28.1009,265.985,1.895)	146.436	-87.0278
15.004964017577	2	(25.8128,157.536,1.895)	40.1504	-64.7203
15.005159656343	8	(24.6889,277.949,1.895)	160.467	-82.1937
15.010420700861	9	(27.8015,298.063,1.895)	180.516	-78.9661
15.019172076066	1	(29.2315,144.846,1.895)	27.2927	-64.4554
15.020336667087	5	(25.2503,217.801,1.895)	100.336	-71.2002
15.025066219154	3	(28.9256,177.622,1.895)	60.0704	-68.2141
15.030111458793	6	(28.3636,237.844,1.895)	120.295	-77.3434
15.041651904734	4	(28.6742,204.56,1.895)	87.0098	-70.4331
15.049149505596	7	(28.1194,264.006,1.895)	146.458	-87.0201
15.104964017577	2	(25.8315,155.529,1.895)	40.1481	-64.72
15.105159656343	8	(24.7076,275.944,1.895)	160.466	-82.1938
15.110420700861	9	(27.8203,296.053,1.895)	180.511	-78.9666
15.119172076066	1	(29.2501,142.861,1.895)	27.3126	-64.4976
15.120336667087	5	(25.2691,215.789,1.895)	100.329	-71.1989
15.125066219154	3	(28.9444,175.615,1.895)	60.0679	-68.2126
15.130111458793	6	(28.3823,235.839,1.895)	120.295	-77.3431
15.141651904734	4	(28.6928,202.569,1.895)	87.0231	-70.4318
15.149149505596	7	(28.1378,262.03,1.895)	146.487	-87.0102
15.204964017577	2	(25.8503,153.517,1.895)	40.1367	-64.7186
15.205159656343	8	(24.7264,273.937,1.895)	160.459	-82.1956
15.210420700861	9	(27.839,294.05,1.895)	180.508	-78.9669
15.219172076066	1	(29.2687,140.869,1.895)	27.3205	-64.5143
15.220336667087	5	(25.2878,213.783,1.895)	100.323	-71.1978
15.225066219154	3	(28.9631,173.603,1.895)	60.0562	-68.2061
15.230111458793	6	(28.4009,233.839,1.895)	120.295	-77.3434
15.241651904734	4	(28.7114,200.577,1.895)	87.0311	-70.431
15.249149505596	7	(28.1563,260.052,1.895)	146.509	-87.0023
15.304964017577	2	(25.8691,151.507,1.895)	40.1345	-64.7183
15.305159656343	8	(24.7451,271.932,1.895)	160.463	-82.1947
15.310420700861	9	(27.8577,292.043,1.895)	180.51	-78.9668
15.319172076066	1	(29.2872,138.881,1.895)	27.341	-64.5571
15.320336667087	5	(25.3066,211.772,1.895)	100.32	-71.1974
15.325066219154	3	(28.9819,171.598,1.895)	60.0595	-68.2079
15.330111458793	6	(28.4196,231.837,1.895)	120.301	-77.3459
15.341651904734	4	(28.73,198.585,1.895)	87.0481	-70.4292
15.349149505596	7	(28.1746,258.089,1.895)	146.554	-86.9865
15.404964017577	2	(25.8878,149.495,1.895)	40.1287	-64.7176
15.405159656343	8	(24.7638,269.929,1.895)	160.465	-82.194
15.410420700861	9	(27.8764,290.043,1.895)	180.516	-78.9662
15.419172076066	1	(29.3058,136.885,1.895)	27.3511	-64.5782
15.420336667087	5	(25.3253,209.763,1.895)	100.317	-71.1969
15.425066219154	3	(29.0005,169.599,1.895)	60.0662	-68.2117
15.430111458793	6	(28.4383,229.836,1.895)	120.306	-77.3481
15.441651904734	4	(28.7485,196.599,1.895)	87.0673	-70.4273
15.449149505596	7	(28.193,256.123,1.895)	146.594	-86.9726
15.504964017577	2	(25.9066,147.484,1.895)	40.1233	-64.717
15.505159656343	8	(24.7825,267.926,1.895)	160.469	-82.1931
15.510420700861	9	(27.8951,288.031,1.895)	180.51	-78.9667
15.519172076066	1	(29.3244,134.893,1.895)	27.3658	-64.6086
15.520336667087	5	(25.344,207.76,1.895)	100.32	-71.1974
15.525066219154	3	(29.0192,167.596,1.895)	60.0694	-68.2135
15.530111458793	6	(28.457,227.832,1.895)	120.309	-77.3493
15.541651904734	4	(28.767,194.615,1.895)	87.09	-70.425
15.549149505596	7	(28.2114,254.149,1.895)	146.626	-86.9612
15.604964017577	2	(25.9253,145.482,1.895)	40.1265	-64.7173
15.605159656343	8	(24.8012,265.915,1.895)	160.463	-82.1946
15.610420700861	9	(27.9138,286.03,1.895)	180.514	-78.9664
15.619172076066	1	(29.3431,132.897,1.895)	27.3739	-64.6252
15.620336667087	5	(25.3627,205.76,1.895)	100.325	-71.1983
15.625066219154	3	(29.0379,165.596,1.895)	60.0752	-68.2167
15.630111458793	6	(28.4757,225.825,1.895)	120.307	-77.3484
15.641651904734	4	(28.7856,192.628,1.895)	87.1081	-70.4232
15.649149505596	7	(28.2298,252.177,1.895)	146.659	-86.9495
15.704964017577	2	(25.9441,143.471,1.895)	40.117	-64.7162
15.705159656343	8	(24.82,263.906,1.895)	160.455	-82.1966
15.710420700861	9	(27.9325,284.029,1.895)	180.514	-78.9663
15.719172076066	1	(29.3617,130.9,1.895)	27.3788	-64.6353
15.720336667087	5	(25.3814,203.754,1.895)	100.321	-71.1974
15.725066219154	3	(29.0566,163.592,1.895)	60.0714	-68.2146
15.730111458793	6	(28.4944,223.825,1.895)	120.307	-77.3487
15.741651904734	4	(28.8041,190.646,1.895)	87.1268	-70.4214
15.749149505596	7	(28.2482,250.204,1.895)	146.688	-86.9394
15.804964017577	2	(25.9628,141.467,1.895)	40.1199	-64.7166
15.805159656343	8	(24.8387,261.896,1.895)	160.452	-82.1975
15.810420700861	9	(27.9512,282.022,1.895)	180.514	-78.9663
15.819172076066	1	(29.3802,128.914,1.895)	27.3995	-64.6774
15.820336667087	5	(25.4001,201.746,1.895)	100.32	-71.1973
15.825066219154	3	(29.0753,161.587,1.895)	60.0733	-68.2156
15.830111458793	6	(28.5131,221.821,1.895)	120.31	-77.35
15.841651904734	4	(28.8226,188.661,1.895)	87.1491	-70.4192
15.849149505596	7	(28.2666,248.231,1.895)	146.721	-86.9274
15.904964017577	2	(25.9814,139.467,1.895)	40.1303	-64.7178
15.905159656343	8	(24.8574,259.891,1.895)	160.457	-82.1961
15.910420700861	9	(27.97,280.011,1.895)	180.513	-78.9664
15.919172076066	1	(29.3988,126.923,1.895)	27.4184	-64.7152
15.920336667087	5	(25.4189,199.741,1.895)	100.325	-71.1983
15.925066219154	3	(29.094,159.584,1.895)	60.0805	-68.2197
15.930111458793	6	(28.5318,219.813,1.895)	120.312	-77.3509
15.941651904734	4	(28.8411,186.676,1.895)	87.1742	-70.4167
15.949149505596	7	(28.285,246.26,1.895)	146.761	-86.9131
16.004964017577	2	(26.0001,137.468,1.895)	40.1409	-64.7191
16.005159656343	8	(24.8762,257.88,1.895)	160.456	-82.1963
16.010420700861	9	(27.9887,278.006,1.895)	180.519	-78.9659
16.019172076066	1	(29.4175,124.918,1.895)	27.4243	-64.7271
16.020336667087	5	(25.4376,197.731,1.895)	100.325	-71.1983
16.025066219154	3	(29.1127,157.576,1.895)	60.0833	-68.2212
16.030111458793	6	(28.5506,217.804,1.895)	120.314	-77.3517
16.041651904734	4	(28.8597,184.686,1.895)	87.1948	-70.4147
16.049149505596	7	(28.3034,244.286,1.895)	146.797	-86.9003
16.104964017577	2	(26.0188,135.46,1.895)	40.1373	-64.7187
16.105159656343	8	(24.895,255.87,1.895)	160.451	-82.1977
16.110420700861	9	(28.0074,276.002,1.895)	180.519	-78.9659
16.119172076066	1	(29.4362,122.923,1.895)	27.4331	-64.7444
16.120336667087	5	(25.4563,195.731,1.895)	100.33	-71.1991
16.125066219154	3	(29.1314,155.572,1.895)	60.0835	-68.2214
16.130111458793	6	(28.5693,215.795,1.895)	120.31	-77.3498
16.141651904734	4	(28.8783,182.693,1.895)	87.2059	-70.4137
16.149149505596	7	(28.3219,242.309,1.895)	146.825	-86.8902
16.204964017577	2	(26.0376,133.45,1.895)	40.1351	-64.7184
16.205159656343	8	(24.9137,253.867,1.895)	160.455	-82.1966
16.210420700861	9	(28.0261,274.002,1.895)	180.526	-78.9652
16.219172076066	1	(29.4548,120.926,1.895)	27.4441	-64.7661
16.220336667087	5	(25.4751,193.721,1.895)	100.327	-71.1986
16.225066219154	3	(29.1501,153.568,1.895)	60.0873	-68.2235
16.230111458793	6	(28.5881,213.788,1.895)	120.31	-77.3499
16.241651904734	4	(28.8969,180.697,1.895)	87.2181	-70.4125
16.249149505596	7	(28.3404,240.329,1.895)	146.853	-86.8802
16.304964017577	2	(26.0563,131.441,1.895)	40.1327	-64.7181
16.305159656343	8	(24.9325,251.855,1.895)	160.45	-82.1979
16.310420700861	9	(28.0448,271.992,1.895)	180.523	-78.9655
16.319172076066	1	(29.4735,118.922,1.895)	27.446	-64.77
16.320336667087	5	(25.4937,191.72,1.895)	100.333	-71.1997
16.325066219154	3	(29.1688,151.563,1.895)	60.0884	-68.2241
16.330111458793	6	(28.6068,211.782,1.895)	120.311	-77.3501
16.341651904734	4	(28.9155,178.702,1.895)	87.229	-70.4115
16.349149505596	7	(28.3588,238.353,1.895)	146.883	-86.8694
16.404964017577	2	(26.075,129.439,1.895)	40.1399	-64.719
16.405159656343	8	(24.9511,249.855,1.895)	160.46	-82.1955
16.410420700861	9	(28.0636,269.984,1.895)	180.525	-78.9653
16.419172076066	1	(29.4921,116.926,1.895)	27.4602	-64.7976
16.420336667087	5	(25.5124,189.714,1.895)	100.336	-71.2003
16.425066219154	3	(29.1875,149.56,1.895)	60.0952	-68.2279
16.430111458793	6	(28.6255,209.777,1.895)	120.315	-77.352
16.441651904734	4	(28.9341,176.711,1.895)	87.2478	-70.4097
16.449149505596	7	(28.3773,236.369,1.895)	146.909	-86.86
16.504964017577	2	(26.0937,127.44,1.895)	40.1452	-64.7196
16.505159656343	8	(24.9699,247.848,1.895)	160.457	-82.1963
16.510420700861	9	(28.0822,267.985,1.895)	180.53	-78.9649
16.519172076066	1	(29.5108,114.925,1.895)	27.4635	-64.804
16.520336667087	5	(25.5312,187.702,1.895)	100.329	-71.1989
16.525066219154	3	(29.2062,147.556,1.895)	60.0959	-68.2283
16.530111458793	6	(28.6443,207.765,1.895)	120.307	-77.3487
16.541651904734	4	(28.9527,174.72,1.895)	87.2612	-70.4084
16.549149505596	7	(28.3957,234.395,1.895)	146.938	-86.8493
16.604964017577	2	(26.1124,125.43,1.895)	40.1437	-64.7194
16.605159656343	8	(24.9886,245.84,1.895)	160.457	-82.1962
16.610420700861	9	(28.101,265.977,1.895)	180.53	-78.9649
16.619172076066	1	(29.5294,112.932,1.895)	27.4778	-64.8315
16.620336667087	5	(25.5499,185.699,1.895)	100.334	-71.1998
16.625066219154	3	(29.225,145.547,1.895)	60.0947	-68.2276
16.630111458793	6	(28.663,205.765,1.895)	120.315	-77.3523
16.641651904734	4	(28.9713,172.725,1.895)	87.2735	-70.4073
16.649149505596	7	(28.4143,232.409,1.895)	146.961	-86.8411
16.704964017577	2	(26.1312,123.425,1.895)	40.1417	-64.7192
16.705159656343	8	(25.0073,243.832,1.895)	160.453	-82.1973
16.710420700861	9	(28.1196,263.977,1.895)	180.534	-78.9645
16.719172076066	1	(29.5481,110.928,1.895)	27.4784	-64.8327
16.720336667087	5	(25.5687,183.692,1.895)	100.331	-71.1992
16.725066219154	3	(29.2437,143.547,1.895)	60.098	-68.2295
16.730111458793	6	(28.6817,203.759,1.895)	120.313	-77.3511
16.741651904734	4	(28.99,170.73,1.895)	87.2823	-70.4064
16.749149505596	7	(28.4328,230.43,1.895)	146.985	-86.8322
16.804964017577	2	(26.1499,121.419,1.895)	40.1421	-64.7192
16.805159656343	8	(25.0261,241.825,1.895)	160.451	-82.1976
16.810420700861	9	(28.1383,261.974,1.895)	180.537	-78.9642
16.819172076066	1	(29.5667,108.938,1.895)	27.4948	-64.8638
16.820336667087	5	(25.5874,181.688,1.895)	100.333	-71.1996
16.825066219154	3	(29.2624,141.542,1.895)	60.1001	-68.2307
16.830111458793	6	(28.7004,201.752,1.895)	120.312	-77.3507
16.841651904734	4	(29.0086,168.737,1.895)	87.296	-70.4052
16.849149505596	7	(28.4513,228.441,1.895)	147.003	-86.8257
16.904964017577	2	(26.1686,119.411,1.895)	40.1359	-64.7185
16.905159656343	8	(25.0448,239.82,1.895)	160.448	-82.1984
16.910420700861	9	(28.157,259.975,1.895)	180.539	-78.964
16.919172076066	1	(29.5853,106.942,1.895)	27.4996	-64.8729
16.920336667087	5	(25.6061,179.685,1.895)	100.331	-71.1992
16.925066219154	3	(29.2811,139.536,1.895)	60.0947	-68.2276
16.930111458793	6	(28.7192,199.74,1.895)	120.302	-77.3462
16.941651904734	4	(29.0272,166.744,1.895)	87.3046	-70.4044
16.949149505596	7	(28.4698,226.463,1.895)	147.026	-86.8172
17.004964017577	2	(26.1874,117.404,1.895)	40.1284	-64.7176
17.005159656343	8	(25.0635,237.818,1.895)	160.446	-82.1991
17.010420700861	9	(28.1757,257.97,1.895)	180.534	-78.9645
17.019172076066	1	(29.6039,104.949,1.895)	27.5067	-64.8861
17.020336667087	5	(25.6248,177.679,1.895)	100.324	-71.1981
17.025066219154	3	(29.2998,137.532,1.895)	60.0912	-68.2257
17.030111458793	6	(28.7379,197.732,1.895)	120.293	-77.3424
17.041651904734	4	(29.0457,164.755,1.895)	87.3149	-70.4034
17.049149505596	7	(28.4883,224.481,1.895)	147.044	-86.8108
17.104964017577	2	(26.206,115.403,1.895)	40.1385	-64.7188
17.105159656343	8	(25.0822,235.816,1.895)	160.454	-82.1969
17.110420700861	9	(28.1944,255.968,1.895)	180.543	-78.9637
17.119172076066	1	(29.6225,102.959,1.895)	27.5263	-64.9226
17.120336667087	5	(25.6434,175.679,1.895)	100.335	-71.2001
17.125066219154	3	(29.3185,135.524,1.895)	60.0933	-68.2269
17.130111458793	6	(28.7567,195.721,1.895)	120.293	-77.3422
17.141651904734	4	(29.0643,162.762,1.895)	87.3323	-70.4018
17.149149505596	7	(28.5069,222.49,1.895)	147.063	-86.8036
17.204964017577	2	(26.2248,113.392,1.895)	40.1376	-64.7187
17.205159656343	8	(25.1009,233.807,1.895)	160.456	-82.1965
17.210420700861	9	(28.2132,253.958,1.895)	180.543	-78.9636
17.219172076066	1	(29.6412,100.955,1.895)	27.5331	-64.935
17.220336667087	5	(25.6622,173.668,1.895)	100.334	-71.1998
17.225066219154	3	(29.3373,133.515,1.895)	60.0949	-68.2278
17.230111458793	6	(28.7754,193.72,1.895)	120.302	-77.3464
17.241651904734	4	(29.0829,160.767,1.895)	87.3472	-70.4004
17.249149505596	7	(28.5254,220.505,1.895)	147.088	-86.7945
17.304964017577	2	(26.2435,111.393,1.895)	40.1459	-64.7197
17.305159656343	8	(25.1197,231.797,1.895)	160.453	-82.1972
17.310420700861	9	(28.2318,251.959,1.895)	180.551	-78.9629
17.319172076066	1	(29.6599,98.9477,1.895)	27.5334	-64.9355
17.320336667087	5	(25.6809,171.661,1.895)	100.335	-71.2001
17.325066219154	3	(29.356,131.511,1.895)	60.0983	-68.2297
17.330111458793	6	(28.794,191.72,1.895)	120.31	-77.3499
17.341651904734	4	(29.1016,158.772,1.895)	87.3603	-70.3992
17.349149505596	7	(28.5438,218.527,1.895)	147.118	-86.7834
17.404964017577	2	(26.2621,109.392,1.895)	40.1492	-64.7201
17.405159656343	8	(25.1383,229.797,1.895)	160.457	-82.1961
17.410420700861	9	(28.2506,249.95,1.895)	180.546	-78.9634
17.419172076066	1	(29.6785,96.9536,1.895)	27.5435	-64.9538
17.420336667087	5	(25.6997,169.65,1.895)	100.328	-71.1988
17.425066219154	3	(29.3747,129.511,1.895)	60.1021	-68.2318
17.430111458793	6	(28.8127,189.718,1.895)	120.312	-77.3509
17.441651904734	4	(29.1202,156.778,1.895)	87.3705	-70.3983
17.449149505596	7	(28.5623,216.545,1.895)	147.14	-86.7752
17.504964017577	2	(26.2809,107.382,1.895)	40.1487	-64.7201
17.505159656343	8	(25.157,227.794,1.895)	160.464	-82.1944
17.510420700861	9	(28.2693,247.939,1.895)	180.545	-78.9635
17.519172076066	1	(29.6972,94.9579,1.895)	27.5573	-64.9787
17.520336667087	5	(25.7184,167.648,1.895)	100.336	-71.2002
17.525066219154	3	(29.3933,127.511,1.895)	60.1113	-68.237
17.530111458793	6	(28.8315,187.707,1.895)	120.31	-77.3499
17.541651904734	4	(29.1387,154.793,1.895)	87.3953	-70.3961
17.549149505596	7	(28.5809,214.557,1.895)	147.162	-86.7672
17.604964017577	2	(26.2996,105.377,1.895)	40.1502	-64.7203
17.605159656343	8	(25.1757,225.79,1.895)	160.467	-82.1937
17.610420700861	9	(28.288,245.938,1.895)	180.551	-78.9629
17.619172076066	1	(29.7159,92.9523,1.895)	27.5587	-64.9811
17.620336667087	5	(25.7371,165.644,1.895)	100.339	-71.2007
17.625066219154	3	(29.4121,125.5,1.895)	60.1076	-68.2349
17.630111458793	6	(28.8502,185.708,1.895)	120.318	-77.3534
17.641651904734	4	(29.1573,152.799,1.895)	87.4083	-70.3949
17.649149505596	7	(28.5994,212.571,1.895)	147.183	-86.7596
17.704964017577	2	(26.3184,103.366,1.895)	40.1449	-64.7196
17.705159656343	8	(25.1945,223.784,1.895)	160.467	-82.1937
17.710420700861	9	(28.3067,243.939,1.895)	180.558	-78.9623
17.719172076066	1	(29.7346,90.9471,1.895)	27.5593	-64.9821
17.720336667087	5	(25.7558,163.636,1.895)	100.336	-71.2003
17.725066219154	3	(29.4308,123.494,1.895)	60.1077	-68.235
17.730111458793	6	(28.8689,183.702,1.895)	120.318	-77.3536
17.741651904734	4	(29.176,150.8,1.895)	87.415	-70.3943
17.749149505596	7	(28.6179,210.596,1.895)	147.214	-86.7481
17.804964017577	2	(26.3371,101.359,1.895)	40.1499	-64.7202
17.805159656343	8	(25.2131,221.783,1.895)	160.477	-82.191
17.810420700861	9	(28.3254,241.93,1.895)	180.56	-78.962
17.819172076066	1	(29.7533,88.9428,1.895)	27.5664	-64.9948
17.820336667087	5	(25.7746,161.625,1.895)	100.337	-71.2004
17.825066219154	3	(29.4495,121.488,1.895)	60.1135	-68.2382
17.830111458793	6	(28.8876,181.696,1.895)	120.324	-77.356
17.841651904734	4	(29.1946,148.803,1.895)	87.4289	-70.3931
17.849149505596	7	(28.6364,208.608,1.895)	147.237	-86.7393
17.904964017577	2	(26.3558,99.3524,1.895)	40.1536	-64.7207
17.905159656343	8	(25.2318,219.78,1.895)	160.484	-82.1891
17.910420700861	9	(28.3442,239.923,1.895)	180.564	-78.9617
17.919172076066	1	(29.772,86.9368,1.895)	27.5707	-65.0024
17.920336667087	5	(25.7934,159.614,1.895)	100.336	-71.2003
17.925066219154	3	(29.4682,119.488,1.895)	60.123	-68.2436
17.930111458793	6	(28.9063,179.689,1.895)	120.327	-77.3575
17.941651904734	4	(29.2132,146.811,1.895)	87.4474	-70.3914
17.949149505596	7	(28.655,206.623,1.895)	147.262	-86.7302
18.004964017577	2	(26.3746,97.3457,1.895)	40.1539	-64.7208
18.005159656343	8	(25.2506,217.774,1.895)	160.485	-82.1889
18.010420700861	9	(28.3628,237.923,1.895)	180.571	-78.9611
18.019172076066	1	(29.7907,84.9351,1.895)	27.5761	-65.0118
18.020336667087	5	(25.8122,157.603,1.895)	100.332	-71.1995
18.025066219154	3	(29.4869,117.484,1.895)	60.1267	-68.2457
18.030111458793	6	(28.925,177.686,1.895)	120.331	-77.359
18.041651904734	4	(29.2318,144.814,1.895)	87.458	-70.3905
18.049149505596	7	(28.6735,204.638,1.895)	147.285	-86.7217
18.104964017577	2	(26.3933,95.3423,1.895)	40.1582	-64.7213
18.105159656343	8	(25.2692,215.771,1.895)	160.49	-82.1876
18.110420700861	9	(28.3815,235.921,1.895)	180.577	-78.9605
18.119172076066	1	(29.8094,82.9349,1.895)	27.5837	-65.025
18.120336667087	5	(25.8309,155.6,1.895)	100.337	-71.2003
18.125066219154	3	(29.5056,115.476,1.895)	60.1266	-68.2456
18.130111458793	6	(28.9437,175.684,1.895)	120.337	-77.3619
18.141651904734	4	(29.2505,142.816,1.895)	87.4676	-70.3896
18.149149505596	7	(28.692,202.651,1.895)	147.305	-86.7142
18.204964017577	2	(26.412,93.3357,1.895)	40.1543	-64.7208
18.205159656343	8	(25.288,213.763,1.895)	160.485	-82.1889
18.210420700861	9	(28.4002,233.916,1.895)	180.574	-78.9607
18.219172076066	1	(29.8281,80.9275,1.895)	27.5789	-65.0168
18.220336667087	5	(25.8496,153.591,1.895)	100.331	-71.1993
18.225066219154	3	(29.5244,113.472,1.895)	60.1246	-68.2445
18.230111458793	6	(28.9624,173.678,1.895)	120.333	-77.3601
18.241651904734	4	(29.2691,140.822,1.895)	87.4765	-70.3889
18.249149505596	7	(28.7106,200.661,1.895)	147.318	-86.7093
18.304964017577	2	(26.4307,91.3317,1.895)	40.1536	-64.7207
18.305159656343	8	(25.3067,211.761,1.895)	160.486	-82.1887
18.310420700861	9	(28.4189,231.913,1.895)	180.575	-78.9607
18.319172076066	1	(29.8467,78.9322,1.895)	27.5869	-65.0305
18.320336667087	5	(25.8684,151.58,1.895)	100.323	-71.1979
18.325066219154	3	(29.5431,111.46,1.895)	60.1164	-68.2399
18.330111458793	6	(28.9811,171.677,1.895)	120.336	-77.3614
18.341651904734	4	(29.2876,138.834,1.895)	87.4912	-70.3876
18.349149505596	7	(28.7292,198.667,1.895)	147.326	-86.7061
18.404964017577	2	(26.4494,89.331,1.895)	40.1648	-64.7222
18.405159656343	8	(25.3255,209.749,1.895)	160.486	-82.1886
18.410420700861	9	(28.4376,229.912,1.895)	180.585	-78.9598
18.419172076066	1	(29.8654,76.9348,1.895)	27.6015	-65.0556
18.420336667087	5	(25.887,149.58,1.895)	100.335	-71.2
18.425066219154	3	(29.5618,109.46,1.895)	60.1285	-68.2467
18.430111458793	6	(28.9998,169.678,1.895)	120.349	-77.3668
18.441651904734	4	(29.3063,136.832,1.895)	87.5013	-70.3867
18.449149505596	7	(28.7477,196.683,1.895)	147.354	-86.6957
18.504964017577	2	(26.4681,87.3239,1.895)	40.165	-64.7222
18.505159656343	8	(25.3442,207.74,1.895)	160.484	-82.1891
18.510420700861	9	(28.4563,227.909,1.895)	180.59	-78.9593
18.519172076066	1	(29.8841,74.9235,1.895)	27.5975	-65.0488
18.520336667087	5	(25.9057,147.581,1.895)	100.343	-71.2015
18.525066219154	3	(29.5805,107.46,1.895)	60.135	-68.2504
18.530111458793	6	(29.0185,167.676,1.895)	120.354	-77.3692
18.541651904734	4	(29.3249,134.841,1.895)	87.518	-70.3853
18.549149505596	7	(28.7662,194.703,1.895)	147.382	-86.6852
18.604964017577	2	(26.4868,85.3168,1.895)	40.1659	-64.7224
18.605159656343	8	(25.363,205.731,1.895)	160.483	-82.1894
18.610420700861	9	(28.4751,225.897,1.895)	180.586	-78.9597
18.619172076066	1	(29.9029,72.9168,1.895)	27.5988	-65.051
18.620336667087	5	(25.9244,145.577,1.895)	100.348	-71.2023
18.625066219154	3	(29.5992,105.455,1.895)	60.1379	-68.2521
18.630111458793	6	(29.0372,165.668,1.895)	120.354	-77.369
18.641651904734	4	(29.3436,132.844,1.895)	87.5285	-70.3844
18.649149505596	7	(28.7848,192.713,1.895)	147.4	-86.6785
18.704964017577	2	(26.5056,83.3062,1.895)	40.1654	-64.7223
18.705159656343	8	(25.3817,203.722,1.895)	160.485	-82.189
18.710420700861	9	(28.4938,223.89,1.895)	180.589	-78.9594
18.719172076066	1	(29.9216,70.9094,1.895)	27.6014	-65.0555
18.720336667087	5	(25.9432,143.566,1.895)	100.346	-71.202
18.725066219154	3	(29.6179,103.449,1.895)	60.1427	-68.2548
18.730111458793	6	(29.056,163.658,1.895)	120.355	-77.3695
18.741651904734	4	(29.3622,130.843,1.895)	87.5375	-70.3836
18.749149505596	7	(28.8033,190.726,1.895)	147.423	-86.6699
18.804964017577	2	(26.5244,81.2964,1.895)	40.1558	-64.721
18.805159656343	8	(25.4004,201.718,1.895)	160.48	-82.1902
18.810420700861	9	(28.5125,221.882,1.895)	180.581	-78.9601
18.819172076066	1	(29.9403,68.9094,1.895)	27.6016	-65.0557
18.820336667087	5	(25.9619,141.555,1.895)	100.335	-71.2
18.825066219154	3	(29.6366,101.449,1.895)	60.1424	-68.2546
18.830111458793	6	(29.0746,161.658,1.895)	120.354	-77.3694
18.841651904734	4	(29.3809,128.846,1.895)	87.5412	-70.3833
18.849149505596	7	(28.822,188.729,1.895)	147.426	-86.6689
18.904964017577	2	(26.5431,79.2871,1.895)	40.1529	-64.7206
18.905159656343	8	(25.4191,199.711,1.895)	160.48	-82.1901
18.910420700861	9	(28.5313,219.876,1.895)	180.581	-78.9601
18.919172076066	1	(29.9589,66.9144,1.895)	27.6129	-65.0748
18.920336667087	5	(25.9806,139.552,1.895)	100.339	-71.2007
18.925066219154	3	(29.6553,99.4408,1.895)	60.1408	-68.2537
18.930111458793	6	(29.0934,159.647,1.895)	120.35	-77.3674
18.941651904734	4	(29.3995,126.853,1.895)	87.5537	-70.3822
18.949149505596	7	(28.8405,186.746,1.895)	147.45	-86.6597
19.004964017577	2	(26.5618,77.285,1.895)	40.1606	-64.7216
19.005159656343	8	(25.4378,197.712,1.895)	160.49	-82.1876
19.010420700861	9	(28.5499,217.875,1.895)	180.59	-78.9593
19.019172076066	1	(29.9776,64.9075,1.895)	27.6159	-65.0798
19.020336667087	5	(25.9994,137.545,1.895)	100.342	-71.2012
19.025066219154	3	(29.6741,97.4334,1.895)	60.1432	-68.2551
19.030111458793	6	(29.1122,157.636,1.895)	120.349	-77.367
19.041651904734	4	(29.4181,124.859,1.895)	87.5703	-70.3808
19.049149505596	7	(28.8591,184.75,1.895)	147.464	-86.6547
19.104964017577	2	(26.5805,75.2845,1.895)	40.1695	-64.7228
19.105159656343	8	(25.4565,195.709,1.895)	160.497	-82.1859
19.110420700861	9	(28.5687,215.869,1.895)	180.594	-78.9589
19.119172076066	1	(29.9963,62.9102,1.895)	27.628	-65.0999
19.120336667087	5	(26.0181,135.542,1.895)	100.348	-71.2023
19.125066219154	3	(29.6927,95.4334,1.895)	60.1527	-68.2604
19.130111458793	6	(29.1309,155.632,1.895)	120.354	-77.3692
19.141651904734	4	(29.4367,122.865,1.895)	87.585	-70.3796
19.149149505596	7	(28.8777,182.753,1.895)	147.476	-86.6499
19.204964017577	2	(26.5992,73.2791,1.895)	40.1727	-64.7233
19.205159656343	8	(25.4752,193.702,1.895)	160.499	-82.1855
19.210420700861	9	(28.5874,213.86,1.895)	180.593	-78.959
19.219172076066	1	(30.015,60.9049,1.895)	27.6314	-65.1054
19.220336667087	5	(26.0368,133.538,1.895)	100.353	-71.2032
19.225066219154	3	(29.7114,93.4286,1.895)	60.1565	-68.2626
19.230111458793	6	(29.1496,153.622,1.895)	120.352	-77.3685
19.241651904734	4	(29.4553,120.869,1.895)	87.5983	-70.3785
19.249149505596	7	(28.8963,180.763,1.895)	147.495	-86.643
19.304964017577	2	(26.6179,71.2761,1.895)	40.1804	-64.7244
19.305159656343	8	(25.494,191.693,1.895)	160.501	-82.1848
19.310420700861	9	(28.6062,211.851,1.895)	180.595	-78.9588
19.319172076066	1	(30.0337,58.9023,1.895)	27.6394	-65.1186
19.320336667087	5	(26.0555,131.533,1.895)	100.359	-71.2042
19.325066219154	3	(29.7301,91.4278,1.895)	60.1663	-68.2682
19.330111458793	6	(29.1684,151.615,1.895)	120.356	-77.3702
19.341651904734	4	(29.474,118.868,1.895)	87.6077	-70.3777
19.349149505596	7	(28.915,178.763,1.895)	147.506	-86.6388
19.404964017577	2	(26.6367,69.2648,1.895)	40.1713	-64.7231
19.405159656343	8	(25.5126,189.694,1.895)	160.504	-82.1841
19.410420700861	9	(28.6249,209.841,1.895)	180.587	-78.9595
19.419172076066	1	(30.0524,56.8911,1.895)	27.6305	-65.104
19.420336667087	5	(26.0742,129.529,1.895)	100.357	-71.2039
19.425066219154	3	(29.7488,89.4237,1.895)	60.1646	-68.2672
19.430111458793	6	(29.1871,149.611,1.895)	120.354	-77.3693
19.441651904734	4	(29.4926,116.871,1.895)	87.6127	-70.3773
19.449149505596	7	(28.9336,176.772,1.895)	147.517	-86.6346
19.504964017577	2	(26.6554,67.254,1.895)	40.1598	-64.7215
19.505159656343	8	(25.5313,187.694,1.895)	160.503	-82.1844
19.510420700861	9	(28.6436,207.84,1.895)	180.585	-78.9597
19.519172076066	1	(30.0711,54.8962,1.895)	27.6349	-65.1112
19.520336667087	5	(26.0929,127.526,1.895)	100.353	-71.2032
19.525066219154	3	(29.7675,87.4197,1.895)	60.1598	-68.2644
19.530111458793	6	(29.2058,147.603,1.895)	120.346	-77.3655
19.541651904734	4	(29.5112,114.881,1.895)	87.6222	-70.3765
19.549149505596	7	(28.9521,174.782,1.895)	147.526	-86.6313
19.604964017577	2	(26.6742,65.246,1.895)	40.1584	-64.7213
19.605159656343	8	(25.55,185.689,1.895)	160.505	-82.1839
19.610420700861	9	(28.6623,205.837,1.895)	180.589	-78.9594
19.619172076066	1	(30.0896,52.9065,1.895)	27.6517	-65.1383
19.620336667087	5	(26.1116,125.525,1.895)	100.358	-71.2042
19.625066219154	3	(29.7862,85.4131,1.895)	60.1598	-68.2644
19.630111458793	6	(29.2245,145.603,1.895)	120.352	-77.3685
19.641651904734	4	(29.5298,112.885,1.895)	87.633	-70.3756
19.649149505596	7	(28.9708,172.785,1.895)	147.535	-86.6277
