1.129642230819	0	(26.8846,396.308,1.895)	20.0333	-61.9146
1.229642230819	0	(26.9033,394.301,1.895)	20.183	-61.8831
1.329642230819	0	(26.922,392.301,1.895)	20.3183	-61.7605
1.429642230819	0	(26.9406,390.302,1.895)	20.458	-61.5676
1.529642230819	0	(26.9594,388.295,1.895)	20.606	-61.3248
1.629642230819	0	(26.978,386.293,1.895)	20.7436	-61.093
1.729642230819	0	(26.9968,384.288,1.895)	20.8822	-60.8772
1.829642230819	0	(27.0155,382.283,1.895)	21.0134	-60.7042
1.929642230819	0	(27.0341,380.283,1.895)	21.1437	-60.5725
2.029642230819	0	(27.0529,378.272,1.895)	21.28	-60.4839
2.104964017577	2	(23.3976,416.3,1.895)	18.9527	-59.7647
2.129642230819	0	(27.0717,376.262,1.895)	21.4079	-60.4501
2.204964017577	2	(23.4163,414.293,1.895)	18.8287	-59.5754
2.229642230819	0	(27.0903,374.261,1.895)	21.5279	-60.4631
2.304964017577	2	(23.435,412.291,1.895)	18.7052	-59.4488
2.329642230819	0	(27.1091,372.25,1.895)	21.6617	-60.5286
2.404964017577	2	(23.4537,410.291,1.895)	18.5981	-59.3926
2.429642230819	0	(27.1278,370.251,1.895)	21.7692	-60.6194
2.504964017577	2	(23.4724,408.289,1.895)	18.4832	-59.3888
2.529642230819	0	(27.1464,368.25,1.895)	21.886	-60.755
2.604964017577	2	(23.4911,406.284,1.895)	18.3661	-59.444
2.629642230819	0	(27.1651,366.248,1.895)	22.0017	-60.9251
2.704964017577	2	(23.5098,404.274,1.895)	18.2468	-59.557
2.729642230819	0	(27.1838,364.245,1.895)	22.1152	-61.1235
2.804964017577	2	(23.5286,402.269,1.895)	18.1375	-59.703
2.829642230819	0	(27.2026,362.235,1.895)	22.232	-61.3564
2.904964017577	2	(23.5472,400.27,1.895)	18.0416	-59.856
2.929642230819	0	(27.2213,360.233,1.895)	22.3321	-61.5752
3.004964017577	2	(23.566,398.259,1.895)	17.9308	-60.0474
3.029642230819	0	(27.24,358.227,1.895)	22.4408	-61.8282
3.104964017577	2	(23.5847,396.251,1.895)	17.824	-60.2282
3.125066219154	3	(26.6976,416.34,1.895)	37.5752	-65.982
3.129642230819	0	(27.2587,356.217,1.895)	22.5506	-62.0937
3.204964017577	2	(23.6035,394.245,1.895)	17.7269	-60.3707
3.225066219154	3	(26.7164,414.33,1.895)	37.4721	-66.0995
3.229642230819	0	(27.2775,354.208,1.895)	22.6526	-62.3432
3.304964017577	2	(23.6222,392.233,1.895)	17.6251	-60.4775
3.325066219154	3	(26.7351,412.32,1.895)	37.3702	-66.2198
3.329642230819	0	(27.2962,352.2,1.895)	22.7523	-62.5827
3.404964017577	2	(23.6409,390.229,1.895)	17.5317	-60.5215
3.425066219154	3	(26.7539,410.313,1.895)	37.2721	-66.3391
3.429642230819	0	(27.315,350.191,1.895)	22.8525	-62.8123
3.504964017577	2	(23.6596,388.23,1.895)	17.4447	-60.5066
3.525066219154	3	(26.7726,408.307,1.895)	37.177	-66.4577
3.529642230819	0	(27.3337,348.191,1.895)	22.9417	-63.0012
3.604964017577	2	(23.6783,386.222,1.895)	17.3477	-60.4223
3.625066219154	3	(26.7912,406.307,1.895)	37.0852	-66.5746
3.629642230819	0	(27.3524,346.187,1.895)	23.0372	-63.1813
3.704964017577	2	(23.697,384.22,1.895)	17.2648	-60.2959
3.725066219154	3	(26.8099,404.307,1.895)	37.0042	-66.6794
3.729642230819	0	(27.3711,344.176,1.895)	23.1295	-63.328
3.804964017577	2	(23.7157,382.216,1.895)	17.181	-60.1247
3.825066219154	3	(26.8287,402.298,1.895)	36.9123	-66.7996
3.829642230819	0	(27.3898,342.173,1.895)	23.2151	-63.4362
3.904964017577	2	(23.7345,380.207,1.895)	17.0939	-59.9117
3.925066219154	3	(26.8473,400.295,1.895)	36.8306	-66.9074
3.929642230819	0	(27.4086,340.165,1.895)	23.302	-63.5157
4.004964017577	2	(23.7532,378.199,1.895)	17.01	-59.6854
4.025066219154	3	(26.8661,398.288,1.895)	36.7452	-67.0204
4.029642230819	0	(27.4273,338.161,1.895)	23.3837	-63.5612
4.104964017577	2	(23.7719,376.195,1.895)	16.9273	-59.4547
4.125066219154	3	(26.8848,396.284,1.895)	36.6616	-67.1307
4.129642230819	0	(27.446,336.15,1.895)	23.475	-63.5782
4.141651904734	4	(26.6976,416.34,1.895)	56.7186	-66.9866
4.204964017577	2	(23.7906,374.195,1.895)	16.8547	-59.2553
4.225066219154	3	(26.9035,394.275,1.895)	36.5778	-67.2406
4.229642230819	0	(27.4648,334.139,1.895)	23.5602	-63.5627
4.241651904734	4	(26.7149,414.487,1.895)	56.7913	-66.9987
4.304964017577	2	(23.8093,372.186,1.895)	16.7729	-59.0435
4.325066219154	3	(26.9222,392.27,1.895)	36.4998	-67.3416
4.329642230819	0	(27.4835,332.14,1.895)	23.6329	-63.5272
4.341651904734	4	(26.7323,412.622,1.895)	56.852	-67.0093
4.404964017577	2	(23.8281,370.179,1.895)	16.6883	-58.8476
4.425066219154	3	(26.941,390.262,1.895)	36.4112	-67.4541
4.429642230819	0	(27.5022,330.134,1.895)	23.7186	-63.4616
4.441651904734	4	(26.7497,410.762,1.895)	56.9129	-67.0205
4.504964017577	2	(23.8468,368.169,1.895)	16.6124	-58.6982
4.525066219154	3	(26.9597,388.258,1.895)	36.3405	-67.5418
4.529642230819	0	(27.5209,328.127,1.895)	23.7937	-63.3855
4.541651904734	4	(26.7671,408.897,1.895)	56.9797	-67.0333
4.604964017577	2	(23.8656,366.162,1.895)	16.5328	-58.5731
4.625066219154	3	(26.9784,386.249,1.895)	36.2576	-67.6411
4.629642230819	0	(27.5397,326.117,1.895)	23.8773	-63.2841
4.641651904734	4	(26.7844,407.037,1.895)	57.0466	-67.0466
4.704964017577	2	(23.8843,364.154,1.895)	16.457	-58.4873
4.725066219154	3	(26.9972,384.237,1.895)	36.1756	-67.7353
4.729642230819	0	(27.5584,324.113,1.895)	23.9509	-63.1831
4.741651904734	4	(26.802,405.158,1.895)	57.0973	-67.0572
4.804964017577	2	(23.903,362.151,1.895)	16.3822	-58.4363
4.825066219154	3	(27.016,382.227,1.895)	36.0923	-67.8259
4.829642230819	0	(27.5771,322.112,1.895)	24.0246	-63.0738
4.841651904734	4	(26.8194,403.286,1.895)	57.1524	-67.069
4.904964017577	2	(23.9217,360.151,1.895)	16.3139	-58.4198
4.925066219154	3	(27.0347,380.221,1.895)	36.0165	-67.903
4.929642230819	0	(27.5957,320.112,1.895)	24.0955	-62.9631
4.941651904734	4	(26.8369,401.412,1.895)	57.2079	-67.0812
5.004964017577	2	(23.9404,358.14,1.895)	16.2351	-58.436
5.025066219154	3	(27.0534,378.219,1.895)	35.9449	-67.9706
5.029642230819	0	(27.6144,318.108,1.895)	24.1689	-62.8454
5.041651904734	4	(26.8545,399.527,1.895)	57.2542	-67.0918
5.104964017577	2	(23.9592,356.129,1.895)	16.1625	-58.4828
5.120336667087	5	(23.3976,416.3,1.895)	76.0676	-74.3851
5.125066219154	3	(27.0721,376.22,1.895)	35.8828	-68.0246
5.129642230819	0	(27.6332,316.102,1.895)	24.2379	-62.7336
5.141651904734	4	(26.8721,397.644,1.895)	57.3085	-67.1045
5.204964017577	2	(23.978,354.121,1.895)	16.091	-58.5562
5.220336667087	5	(23.4163,414.295,1.895)	75.997	-74.4349
5.225066219154	3	(27.0908,374.212,1.895)	35.81	-68.082
5.229642230819	0	(27.6519,314.091,1.895)	24.3134	-62.6122
5.241651904734	4	(26.8896,395.772,1.895)	57.371	-67.1196
5.304964017577	2	(23.9967,352.114,1.895)	16.0318	-58.6346
5.320336667087	5	(23.435,412.295,1.895)	75.9431	-74.4732
5.325066219154	3	(27.1095,372.209,1.895)	35.7531	-68.1219
5.329642230819	0	(27.6707,312.08,1.895)	24.3784	-62.5093
5.341651904734	4	(26.9072,393.885,1.895)	57.4303	-67.1343
5.404964017577	2	(24.0154,350.11,1.895)	15.9726	-58.7256
5.420336667087	5	(23.4537,410.294,1.895)	75.8866	-74.5135
5.425066219154	3	(27.1282,370.204,1.895)	35.692	-68.1597
5.429642230819	0	(27.6894,310.071,1.895)	24.4429	-62.4104
5.441651904734	4	(26.9247,392.005,1.895)	57.4942	-67.1507
5.504964017577	2	(24.0342,348.099,1.895)	15.9119	-58.8283
5.520336667087	5	(23.4723,408.294,1.895)	75.8353	-74.5502
5.525066219154	3	(27.1469,368.204,1.895)	35.6408	-68.1871
5.529642230819	0	(27.7081,308.067,1.895)	24.4987	-62.3277
5.541651904734	4	(26.9424,390.112,1.895)	57.5501	-67.1655
5.604964017577	2	(24.0529,346.091,1.895)	15.8422	-58.9512
5.620336667087	5	(23.4911,406.282,1.895)	75.7601	-74.6044
5.625066219154	3	(27.1656,366.194,1.895)	35.567	-68.2192
5.629642230819	0	(27.7268,306.064,1.895)	24.5655	-62.2332
5.641651904734	4	(26.96,388.227,1.895)	57.601	-67.1793
5.704964017577	2	(24.0716,344.089,1.895)	15.7851	-59.0498
5.720336667087	5	(23.5098,404.281,1.895)	75.7034	-74.6454
5.725066219154	3	(27.1844,364.184,1.895)	35.5017	-68.2401
5.729642230819	0	(27.7456,304.056,1.895)	24.6295	-62.1479
5.741651904734	4	(26.9777,386.327,1.895)	57.6452	-67.1915
5.804964017577	2	(24.0903,342.084,1.895)	15.7329	-59.1335
5.820336667087	5	(23.5285,402.277,1.895)	75.6496	-74.6845
5.825066219154	3	(27.2031,362.183,1.895)	35.4514	-68.2512
5.829642230819	0	(27.7644,302.044,1.895)	24.6903	-62.0719
5.841651904734	4	(26.9955,384.425,1.895)	57.6942	-67.2053
5.904964017577	2	(24.1091,340.073,1.895)	15.672	-59.217
5.920336667087	5	(23.5472,400.267,1.895)	75.5893	-74.7285
5.925066219154	3	(27.2218,360.174,1.895)	35.3925	-68.2584
5.929642230819	0	(27.7831,300.041,1.895)	24.7438	-62.0096
5.941651904734	4	(27.0131,382.532,1.895)	57.7515	-67.2219
6.004964017577	2	(24.1278,338.07,1.895)	15.6163	-59.2749
6.020336667087	5	(23.566,398.258,1.895)	75.5265	-74.7745
6.025066219154	3	(27.2406,358.166,1.895)	35.3291	-68.259
6.029642230819	0	(27.8017,298.041,1.895)	24.798	-61.9511
6.041651904734	4	(27.0309,380.632,1.895)	57.7967	-67.2352
6.104964017577	2	(24.1465,336.066,1.895)	15.5507	-59.3136
6.120336667087	5	(23.5847,396.252,1.895)	75.4571	-74.8257
6.125066219154	3	(27.2593,356.161,1.895)	35.2619	-68.2514
6.129642230819	0	(27.8204,296.037,1.895)	24.865	-61.8853
6.130111458793	6	(26.6976,416.34,1.895)	95.4433	-70.5106
6.141651904734	4	(27.0486,378.729,1.895)	57.8301	-67.2452
6.204964017577	2	(24.1651,334.066,1.895)	15.4999	-59.3179
6.220336667087	5	(23.6034,394.252,1.895)	75.406	-74.8635
6.225066219154	3	(27.278,354.155,1.895)	35.2041	-68.238
6.229642230819	0	(27.8391,294.034,1.895)	24.9197	-61.8372
6.230111458793	6	(26.7163,414.341,1.895)	95.3925	-70.5056
6.241651904734	4	(27.0664,376.829,1.895)	57.8789	-67.2601
6.304964017577	2	(24.1838,332.063,1.895)	15.4427	-59.2937
6.320336667087	5	(23.6221,392.242,1.895)	75.3399	-74.9125
6.325066219154	3	(27.2967,352.154,1.895)	35.147	-68.2185
6.329642230819	0	(27.8579,292.026,1.895)	24.9836	-61.7878
6.330111458793	6	(26.735,412.334,1.895)	95.3299	-70.4994
6.341651904734	4	(27.0842,374.92,1.895)	57.9145	-67.2711
6.404964017577	2	(24.2025,330.06,1.895)	15.3928	-59.2467
6.420336667087	5	(23.6408,390.241,1.895)	75.2915	-74.9485
6.425066219154	3	(27.3154,350.146,1.895)	35.0911	-68.1934
6.429642230819	0	(27.8766,290.017,1.895)	25.0402	-61.75
6.430111458793	6	(26.7536,410.335,1.895)	95.2825	-70.4947
6.441651904734	4	(27.1019,373.02,1.895)	57.9662	-67.2874
6.504964017577	2	(24.2212,328.057,1.895)	15.3436	-59.1776
6.520336667087	5	(23.6595,388.237,1.895)	75.2399	-74.9871
6.525066219154	3	(27.3341,348.14,1.895)	35.0383	-68.1641
6.529642230819	0	(27.8953,288.015,1.895)	25.0902	-61.7216
6.530111458793	6	(26.7723,408.335,1.895)	95.2356	-70.4902
6.541651904734	4	(27.1198,371.108,1.895)	58.0064	-67.3003
6.604964017577	2	(24.24,326.048,1.895)	15.2875	-59.0733
6.620336667087	5	(23.6782,386.234,1.895)	75.1879	-75.0261
6.625066219154	3	(27.3528,346.137,1.895)	34.9858	-68.1299
6.629642230819	0	(27.914,286.008,1.895)	25.1455	-61.6955
6.630111458793	6	(26.791,406.329,1.895)	95.1813	-70.4849
6.641651904734	4	(27.1376,369.196,1.895)	58.0467	-67.3134
6.704964017577	2	(24.2587,324.036,1.895)	15.2295	-58.9412
6.720336667087	5	(23.6969,384.228,1.895)	75.1344	-75.0662
6.725066219154	3	(27.3715,344.133,1.895)	34.9347	-68.0916
6.729642230819	0	(27.9328,284,1.895)	25.2013	-61.6749
6.730111458793	6	(26.8098,404.321,1.895)	95.1254	-70.4796
6.741651904734	4	(27.1555,367.281,1.895)	58.0832	-67.3254
6.804964017577	2	(24.2775,322.029,1.895)	15.1819	-58.818
6.820336667087	5	(23.7157,382.224,1.895)	75.0886	-75.1007
6.825066219154	3	(27.3902,342.133,1.895)	34.8923	-68.0562
6.829642230819	0	(27.9515,281.998,1.895)	25.2455	-61.6628
6.830111458793	6	(26.8285,402.311,1.895)	95.0728	-70.4747
6.841651904734	4	(27.1734,365.362,1.895)	58.1223	-67.3385
6.904964017577	2	(24.2962,320.021,1.895)	15.1301	-58.674
6.920336667087	5	(23.7344,380.213,1.895)	75.033	-75.1427
6.925066219154	3	(27.4089,340.128,1.895)	34.843	-68.0112
6.929642230819	0	(27.9702,279.993,1.895)	25.295	-61.6535
6.930111458793	6	(26.8472,400.306,1.895)	95.0234	-70.4701
6.941651904734	4	(27.1912,363.449,1.895)	58.1645	-67.3529
7.004964017577	2	(24.315,318.01,1.895)	15.0741	-58.511
7.020336667087	5	(23.7531,378.21,1.895)	74.9837	-75.18
7.025066219154	3	(27.4276,338.121,1.895)	34.7893	-67.9572
7.029642230819	0	(27.9888,277.994,1.895)	25.3403	-61.6491
7.030111458793	6	(26.866,398.297,1.895)	94.9683	-70.465
7.041651904734	4	(27.2092,361.53,1.895)	58.1993	-67.3648
7.104964017577	2	(24.3337,316.01,1.895)	15.0327	-58.3895
7.120336667087	5	(23.7719,376.2,1.895)	74.9315	-75.2196
7.125066219154	3	(27.4464,336.114,1.895)	34.7408	-67.9043
7.129642230819	0	(28.0076,275.987,1.895)	25.3897	-61.6486
7.130111458793	6	(26.8847,396.297,1.895)	94.9258	-70.4611
7.141651904734	4	(27.2271,359.613,1.895)	58.2404	-67.3791
7.149149505596	7	(26.6976,416.34,1.895)	114.97	-75.204
7.204964017577	2	(24.3523,314.008,1.895)	14.9929	-58.2744
7.220336667087	5	(23.7906,374.195,1.895)	74.8873	-75.2532
7.225066219154	3	(27.4651,334.104,1.895)	34.6908	-67.8459
7.229642230819	0	(28.0263,273.984,1.895)	25.4318	-61.6519
7.230111458793	6	(26.9033,394.297,1.895)	94.8864	-70.4575
7.241651904734	4	(27.2451,357.684,1.895)	58.2723	-67.3904
7.249149505596	7	(26.7149,414.487,1.895)	115.077	-75.2433
7.304964017577	2	(24.371,312.006,1.895)	14.9442	-58.1385
7.320336667087	5	(23.8093,372.189,1.895)	74.8342	-75.2935
7.325066219154	3	(27.4839,332.094,1.895)	34.6335	-67.7741
7.329642230819	0	(28.0449,271.985,1.895)	25.4781	-61.6593
7.330111458793	6	(26.922,392.296,1.895)	94.8385	-70.4532
7.341651904734	4	(27.263,355.761,1.895)	58.3016	-67.4008
7.349149505596	7	(26.7323,412.627,1.895)	115.17	-75.2774
7.404964017577	2	(24.3898,309.996,1.895)	14.8949	-58.0093
7.420336667087	5	(23.828,370.184,1.895)	74.7881	-75.3286
7.425066219154	3	(27.5027,330.083,1.895)	34.5823	-67.706
7.429642230819	0	(28.0636,269.981,1.895)	25.5229	-61.6703
7.430111458793	6	(26.9407,390.295,1.895)	94.7967	-70.4495
7.441651904734	4	(27.281,353.835,1.895)	58.3345	-67.4127
7.449149505596	7	(26.7495,410.774,1.895)	115.277	-75.3167
7.504964017577	2	(24.4085,307.994,1.895)	14.8589	-57.9222
7.520336667087	5	(23.8468,368.177,1.895)	74.7461	-75.3607
7.525066219154	3	(27.5214,328.077,1.895)	34.5401	-67.6471
7.529642230819	0	(28.0823,267.976,1.895)	25.5629	-61.6833
7.530111458793	6	(26.9595,388.284,1.895)	94.7501	-70.4454
7.541651904734	4	(27.2991,351.897,1.895)	58.3612	-67.4224
7.549149505596	7	(26.7669,408.92,1.895)	115.387	-75.3576
7.604964017577	2	(24.4272,305.992,1.895)	14.8192	-57.8346
7.620336667087	5	(23.8655,366.17,1.895)	74.7012	-75.3949
7.625066219154	3	(27.5401,326.074,1.895)	34.4997	-67.5885
7.629642230819	0	(28.101,265.97,1.895)	25.6069	-61.7009
7.630111458793	6	(26.9781,386.283,1.895)	94.7116	-70.442
7.641651904734	4	(27.3171,349.961,1.895)	58.3875	-67.432
7.649149505596	7	(26.7843,407.046,1.895)	115.475	-75.3903
7.704964017577	2	(24.4458,303.992,1.895)	14.7874	-57.7716
7.720336667087	5	(23.8843,364.159,1.895)	74.6562	-75.4293
7.725066219154	3	(27.5589,324.062,1.895)	34.4545	-67.5206
7.729642230819	0	(28.1197,263.969,1.895)	25.641	-61.7171
7.730111458793	6	(26.9969,384.276,1.895)	94.6709	-70.4385
7.741651904734	4	(27.3351,348.037,1.895)	58.4298	-67.4477
7.749149505596	7	(26.8017,405.186,1.895)	115.582	-75.4301
7.804964017577	2	(24.4645,301.99,1.895)	14.7476	-57.7022
7.820336667087	5	(23.903,362.156,1.895)	74.6157	-75.4604
7.825066219154	3	(27.5776,322.057,1.895)	34.4109	-67.4528
7.829642230819	0	(28.1385,261.96,1.895)	25.6892	-61.7436
7.830111458793	6	(27.0156,382.265,1.895)	94.6212	-70.4343
7.841651904734	4	(27.3532,346.099,1.895)	58.4541	-67.4568
7.849149505596	7	(26.8192,403.31,1.895)	115.667	-75.4619
7.904964017577	2	(24.4833,299.981,1.895)	14.7112	-57.649
7.920336667087	5	(23.9217,360.147,1.895)	74.5781	-75.4891
7.925066219154	3	(27.5963,320.056,1.895)	34.3813	-67.4055
7.929642230819	0	(28.1573,259.948,1.895)	25.7289	-61.7685
7.930111458793	6	(27.0344,380.256,1.895)	94.5842	-70.4311
7.941651904734	4	(27.3712,344.166,1.895)	58.4927	-67.4714
7.949149505596	7	(26.8367,401.434,1.895)	115.763	-75.4981
8.004964017577	2	(24.502,297.973,1.895)	14.6736	-57.6046
8.020336667087	5	(23.9404,358.147,1.895)	74.5473	-75.5127
8.025066219154	3	(27.6149,318.053,1.895)	34.3472	-67.35
8.029642230819	0	(28.1759,257.948,1.895)	25.7601	-61.7901
8.030111458793	6	(27.0532,378.244,1.895)	94.5414	-70.4275
8.041651904734	4	(27.3892,342.236,1.895)	58.5315	-67.4863
8.049149505596	7	(26.8542,399.557,1.895)	115.855	-75.5325
8.104964017577	2	(24.5208,295.963,1.895)	14.6317	-57.5683
8.105159656343	8	(23.3976,416.3,1.895)	134.637	-85.1955
8.120336667087	5	(23.9591,356.142,1.895)	74.5087	-75.5423
8.125066219154	3	(27.6337,316.048,1.895)	34.3095	-67.2873
8.129642230819	0	(28.1946,255.944,1.895)	25.7972	-61.818
8.130111458793	6	(27.0719,376.235,1.895)	94.4993	-70.424
8.141651904734	4	(27.4073,340.305,1.895)	58.5672	-67.5001
8.149149505596	7	(26.8718,397.677,1.895)	115.942	-75.5655
8.204964017577	2	(24.5395,293.955,1.895)	14.5847	-57.5446
8.205159656343	8	(23.4163,414.297,1.895)	134.594	-85.1698
8.220336667087	5	(23.9778,354.138,1.895)	74.465	-75.5757
8.225066219154	3	(27.6524,314.044,1.895)	34.2655	-67.2123
8.229642230819	0	(28.2133,253.939,1.895)	25.842	-61.855
8.230111458793	6	(27.0906,374.233,1.895)	94.457	-70.4205
8.241651904734	4	(27.4253,338.372,1.895)	58.5943	-67.5107
8.249149505596	7	(26.8893,395.797,1.895)	116.022	-75.5958
8.304964017577	2	(24.5583,291.947,1.895)	14.5483	-57.5385
8.305159656343	8	(23.435,412.29,1.895)	134.558	-85.148
8.320336667087	5	(23.9965,352.133,1.895)	74.4308	-75.6019
8.325066219154	3	(27.6711,312.035,1.895)	34.2269	-67.1453
8.329642230819	0	(28.2321,251.93,1.895)	25.8807	-61.8898
8.330111458793	6	(27.1093,372.224,1.895)	94.4184	-70.4173
8.341651904734	4	(27.4434,336.43,1.895)	58.6231	-67.522
8.349149505596	7	(26.9069,393.92,1.895)	116.115	-75.6312
8.404964017577	2	(24.577,289.943,1.895)	14.5096	-57.5436
8.405159656343	8	(23.4537,410.284,1.895)	134.517	-85.1232
8.420336667087	5	(24.0152,350.131,1.895)	74.3934	-75.6306
8.425066219154	3	(27.6899,310.026,1.895)	34.1827	-67.0671
8.429642230819	0	(28.2508,249.924,1.895)	25.9215	-61.9293
8.430111458793	6	(27.1281,370.215,1.895)	94.3746	-70.4138
8.441651904734	4	(27.4615,334.49,1.895)	58.6475	-67.5317
8.449149505596	7	(26.9246,392.023,1.895)	116.183	-75.6572
8.504964017577	2	(24.5957,287.932,1.895)	14.4706	-57.5606
8.505159656343	8	(23.4725,408.278,1.895)	134.482	-85.102
8.520336667087	5	(24.034,348.12,1.895)	74.3534	-75.6613
8.525066219154	3	(27.7085,308.025,1.895)	34.1533	-67.0144
8.529642230819	0	(28.2695,247.919,1.895)	25.9559	-61.9648
8.530111458793	6	(27.1468,368.216,1.895)	94.3464	-70.4115
8.541651904734	4	(27.4797,332.548,1.895)	58.6771	-67.5436
8.549149505596	7	(26.9422,390.129,1.895)	116.26	-75.6865
8.604964017577	2	(24.6144,285.928,1.895)	14.4326	-57.5879
8.605159656343	8	(23.4912,406.273,1.895)	134.442	-85.0779
8.620336667087	5	(24.0527,346.11,1.895)	74.3086	-75.6955
8.625066219154	3	(27.7273,306.014,1.895)	34.107	-66.9302
8.629642230819	0	(28.2883,245.907,1.895)	26.0028	-62.0164
8.630111458793	6	(27.1655,366.213,1.895)	94.3081	-70.4085
8.641651904734	4	(27.4977,330.613,1.895)	58.707	-67.5556
8.649149505596	7	(26.9599,388.241,1.895)	116.337	-75.7162
8.704964017577	2	(24.6332,283.922,1.895)	14.3976	-57.6219
8.705159656343	8	(23.5099,404.268,1.895)	134.407	-85.0568
8.720336667087	5	(24.0714,344.107,1.895)	74.2756	-75.7208
8.725066219154	3	(27.746,304.012,1.895)	34.0744	-66.8701
8.729642230819	0	(28.307,243.903,1.895)	26.0368	-62.0561
8.730111458793	6	(27.1842,364.207,1.895)	94.2723	-70.4056
8.741651904734	4	(27.5158,328.671,1.895)	58.7351	-67.5671
8.749149505596	7	(26.9776,386.345,1.895)	116.411	-75.7445
8.804964017577	2	(24.6519,281.916,1.895)	14.3668	-57.6581
8.805159656343	8	(23.5286,402.268,1.895)	134.381	-85.0412
8.820336667087	5	(24.0901,342.104,1.895)	74.2467	-75.7429
8.825066219154	3	(27.7648,302,1.895)	34.037	-66.8006
8.829642230819	0	(28.3258,241.895,1.895)	26.071	-62.0979
8.830111458793	6	(27.2029,362.205,1.895)	94.2445	-70.4035
8.841651904734	4	(27.534,326.725,1.895)	58.7634	-67.5787
8.849149505596	7	(26.9952,384.453,1.895)	116.494	-75.7762
8.904964017577	2	(24.6706,279.908,1.895)	14.3328	-57.7041
8.905159656343	8	(23.5473,400.261,1.895)	134.347	-85.0206
8.920336667087	5	(24.1088,340.104,1.895)	74.2193	-75.7638
8.925066219154	3	(27.7835,299.992,1.895)	34.0021	-66.735
8.929642230819	0	(28.3445,239.891,1.895)	26.1018	-62.1371
8.930111458793	6	(27.2216,360.2,1.895)	94.2121	-70.4009
8.941651904734	4	(27.5522,324.778,1.895)	58.7893	-67.5894
8.949149505596	7	(27.0129,382.559,1.895)	116.572	-75.8066
9.004964017577	2	(24.6894,277.896,1.895)	14.2933	-57.7642
9.005159656343	8	(23.566,398.254,1.895)	134.31	-84.9985
9.020336667087	5	(24.1275,338.103,1.895)	74.1902	-75.7861
9.025066219154	3	(27.8022,297.991,1.895)	33.9719	-66.6779
9.029642230819	0	(28.3632,237.883,1.895)	26.1388	-62.1863
9.030111458793	6	(27.2403,358.19,1.895)	94.174	-70.398
9.041651904734	4	(27.5703,322.834,1.895)	58.8166	-67.6008
9.049149505596	7	(27.0306,380.661,1.895)	116.645	-75.8349
9.104964017577	2	(24.7081,275.897,1.895)	14.2732	-57.7972
9.105159656343	8	(23.5847,396.251,1.895)	134.286	-84.9839
9.110420700861	9	(26.6976,416.34,1.895)	154.305	-84.0497
9.120336667087	5	(24.1462,336.097,1.895)	74.163	-75.8068
9.125066219154	3	(27.8209,295.989,1.895)	33.949	-66.6343
9.129642230819	0	(28.3819,235.877,1.895)	26.1657	-62.2234
9.130111458793	6	(27.2591,356.181,1.895)	94.1438	-70.3957
9.141651904734	4	(27.5884,320.895,1.895)	58.8562	-67.6174
9.149149505596	7	(27.0484,378.757,1.895)	116.721	-75.8641
9.204964017577	2	(24.7268,273.888,1.895)	14.2387	-57.8562
9.205159656343	8	(23.6035,394.241,1.895)	134.25	-84.9621
9.210420700861	9	(26.7164,414.33,1.895)	154.268	-84.0625
9.220336667087	5	(24.1649,334.089,1.895)	74.1284	-75.8333
9.225066219154	3	(27.8396,293.983,1.895)	33.9163	-66.5719
9.229642230819	0	(28.4006,233.878,1.895)	26.192	-62.2608
9.230111458793	6	(27.2778,354.179,1.895)	94.1142	-70.3934
9.241651904734	4	(27.6066,318.943,1.895)	58.8768	-67.6262
9.249149505596	7	(27.0662,376.845,1.895)	116.782	-75.888
9.304964017577	2	(24.7455,271.882,1.895)	14.2025	-57.9199
9.305159656343	8	(23.6222,392.234,1.895)	134.212	-84.9392
9.310420700861	9	(26.735,412.329,1.895)	154.236	-84.0738
9.320336667087	5	(24.1836,332.087,1.895)	74.0952	-75.8585
9.325066219154	3	(27.8583,291.974,1.895)	33.8764	-66.4952
9.329642230819	0	(28.4193,231.874,1.895)	26.2264	-62.3111
9.330111458793	6	(27.2965,352.169,1.895)	94.0739	-70.3904
9.341651904734	4	(27.6249,316.989,1.895)	58.8924	-67.6328
9.349149505596	7	(27.084,374.942,1.895)	116.848	-75.9137
9.404964017577	2	(24.7642,269.881,1.895)	14.1752	-57.9684
9.405159656343	8	(23.641,390.224,1.895)	134.175	-84.9162
9.410420700861	9	(26.7537,410.326,1.895)	154.206	-84.0843
9.420336667087	5	(24.2023,330.085,1.895)	74.0656	-75.8811
9.425066219154	3	(27.8771,289.966,1.895)	33.8406	-66.4261
9.429642230819	0	(28.438,229.871,1.895)	26.257	-62.3575
9.430111458793	6	(27.3153,350.159,1.895)	94.0368	-70.3876
9.441651904734	4	(27.6432,315.03,1.895)	58.9055	-67.6384
9.449149505596	7	(27.1018,373.032,1.895)	116.911	-75.9384
9.504964017577	2	(24.7829,267.874,1.895)	14.1464	-58.0186
9.505159656343	8	(23.6597,388.22,1.895)	134.147	-84.8995
9.510420700861	9	(26.7725,408.316,1.895)	154.173	-84.0959
9.520336667087	5	(24.221,328.079,1.895)	74.0369	-75.9029
9.525066219154	3	(27.8958,287.956,1.895)	33.8084	-66.3639
9.529642230819	0	(28.4566,227.87,1.895)	26.2809	-62.3946
9.530111458793	6	(27.334,348.15,1.895)	94.0041	-70.3852
9.541651904734	4	(27.6614,313.07,1.895)	58.9232	-67.646
9.549149505596	7	(27.1197,371.118,1.895)	116.974	-75.9629
9.604964017577	2	(24.8017,265.867,1.895)	14.1084	-58.0815
9.605159656343	8	(23.6784,386.22,1.895)	134.116	-84.8804
9.610420700861	9	(26.7912,406.306,1.895)	154.132	-84.1102
9.620336667087	5	(24.2397,326.076,1.895)	74.0027	-75.9289
9.625066219154	3	(27.9145,285.954,1.895)	33.7744	-66.298
9.629642230819	0	(28.4754,225.858,1.895)	26.3242	-62.464
9.630111458793	6	(27.3528,346.139,1.895)	93.9616	-70.3821
9.641651904734	4	(27.6797,311.117,1.895)	58.9382	-67.6525
9.649149505596	7	(27.1375,369.207,1.895)	117.031	-75.9854
9.704964017577	2	(24.8204,263.856,1.895)	14.0785	-58.1271
9.705159656343	8	(23.6971,384.215,1.895)	134.091	-84.8654
9.710420700861	9	(26.81,404.298,1.895)	154.104	-84.1201
9.720336667087	5	(24.2584,324.074,1.895)	73.9805	-75.9457
9.725066219154	3	(27.9333,283.943,1.895)	33.7431	-66.2371
9.729642230819	0	(28.4941,223.856,1.895)	26.3466	-62.501
9.730111458793	6	(27.3716,344.13,1.895)	93.9324	-70.38
9.741651904734	4	(27.6978,309.171,1.895)	58.9726	-67.6674
9.749149505596	7	(27.1554,367.285,1.895)	117.089	-76.0083
9.804964017577	2	(24.8392,261.847,1.895)	14.0509	-58.1648
9.805159656343	8	(23.7158,382.205,1.895)	134.061	-84.847
9.810420700861	9	(26.8287,402.297,1.895)	154.083	-84.1273
9.820336667087	5	(24.2771,322.071,1.895)	73.9578	-75.9629
9.825066219154	3	(27.952,281.938,1.895)	33.7187	-66.1897
9.829642230819	0	(28.5129,221.845,1.895)	26.3774	-62.5528
9.830111458793	6	(27.3903,342.118,1.895)	93.9009	-70.3778
9.841651904734	4	(27.7161,307.216,1.895)	58.9981	-67.6785
9.849149505596	7	(27.1733,365.368,1.895)	117.152	-76.0333
9.904964017577	2	(24.8579,259.846,1.895)	14.0304	-58.1895
9.905159656343	8	(23.7346,380.196,1.895)	134.033	-84.8302
9.910420700861	9	(26.8474,400.293,1.895)	154.059	-84.1357
9.920336667087	5	(24.2957,320.072,1.895)	73.9394	-75.9769
9.925066219154	3	(27.9708,279.929,1.895)	33.6897	-66.1334
9.929642230819	0	(28.5316,219.842,1.895)	26.3996	-62.5909
9.930111458793	6	(27.4091,340.112,1.895)	93.8763	-70.376
9.941651904734	4	(27.7344,305.255,1.895)	59.0172	-67.6869
9.949149505596	7	(27.1913,363.444,1.895)	117.209	-76.0558
10.004964017577	2	(24.8765,257.846,1.895)	14.0093	-58.2115
10.005159656343	8	(23.7532,378.196,1.895)	134.01	-84.8161
10.010420700861	9	(26.866,398.292,1.895)	154.036	-84.1438
10.020336667087	5	(24.3144,318.07,1.895)	73.9152	-75.9951
10.025066219154	3	(27.9895,277.919,1.895)	33.6581	-66.0719
10.029642230819	0	(28.5503,217.838,1.895)	26.4262	-62.6375
10.030111458793	6	(27.4278,338.106,1.895)	93.8477	-70.374
10.041651904734	4	(27.7526,303.3,1.895)	59.0398	-67.697
10.049149505596	7	(27.2092,361.522,1.895)	117.264	-76.0774
10.104964017577	2	(24.8952,255.847,1.895)	13.9835	-58.2332
10.105159656343	8	(23.7719,376.196,1.895)	133.984	-84.7999
10.110420700861	9	(26.8848,396.287,1.895)	154.004	-84.1552
10.120336667087	5	(24.3331,316.065,1.895)	73.8827	-76.0197
10.125066219154	3	(28.0082,275.914,1.895)	33.6255	-66.0085
10.129642230819	0	(28.569,215.835,1.895)	26.4558	-62.6905
10.130111458793	6	(27.4465,336.104,1.895)	93.818	-70.3719
10.141651904734	4	(27.7709,301.34,1.895)	59.0531	-67.7029
10.149149505596	7	(27.2271,359.605,1.895)	117.32	-76.0997
10.204964017577	2	(24.9139,253.839,1.895)	13.9511	-58.2515
10.205159656343	8	(23.7906,374.195,1.895)	133.958	-84.784
10.210420700861	9	(26.9034,394.286,1.895)	153.978	-84.1643
10.220336667087	5	(24.3518,314.064,1.895)	73.8566	-76.0393
10.225066219154	3	(28.0269,273.912,1.895)	33.5983	-65.9559
10.229642230819	0	(28.5877,213.826,1.895)	26.4905	-62.7538
10.230111458793	6	(27.4651,334.104,1.895)	93.7934	-70.3702
10.241651904734	4	(27.7893,299.375,1.895)	59.0621	-67.7069
10.249149505596	7	(27.2451,357.682,1.895)	117.372	-76.1204
10.304964017577	2	(24.9327,251.829,1.895)	13.9246	-58.2582
10.305159656343	8	(23.8092,372.196,1.895)	133.941	-84.7739
10.310420700861	9	(26.9222,392.278,1.895)	153.952	-84.1734
10.320336667087	5	(24.3705,312.062,1.895)	73.8376	-76.0536
10.325066219154	3	(28.0456,271.91,1.895)	33.5789	-65.9182
10.329642230819	0	(28.6064,211.827,1.895)	26.5069	-62.7843
10.330111458793	6	(27.4839,332.092,1.895)	93.7643	-70.3682
10.341651904734	4	(27.8075,297.418,1.895)	59.0878	-67.7184
10.349149505596	7	(27.263,355.765,1.895)	117.438	-76.1465
10.404964017577	2	(24.9514,249.822,1.895)	13.8887	-58.2547
10.405159656343	8	(23.828,370.186,1.895)	133.901	-84.7496
10.410420700861	9	(26.9409,390.267,1.895)	153.912	-84.1876
10.420336667087	5	(24.3892,310.056,1.895)	73.8013	-76.0809
10.425066219154	3	(28.0644,269.902,1.895)	33.541	-65.845
10.429642230819	0	(28.6251,209.82,1.895)	26.5431	-62.8526
10.430111458793	6	(27.5026,330.086,1.895)	93.7277	-70.3657
10.441651904734	4	(27.8259,295.455,1.895)	59.0959	-67.722
10.449149505596	7	(27.281,353.834,1.895)	117.477	-76.162
10.504964017577	2	(24.9702,247.813,1.895)	13.8569	-58.2389
10.505159656343	8	(23.8468,368.175,1.895)	133.867	-84.7286
10.510420700861	9	(26.9596,388.265,1.895)	153.886	-84.1966
10.520336667087	5	(24.4079,308.056,1.895)	73.7784	-76.0981
10.525066219154	3	(28.0831,267.897,1.895)	33.5127	-65.7904
10.529642230819	0	(28.6438,207.814,1.895)	26.5735	-62.9112
10.530111458793	6	(27.5214,328.078,1.895)	93.6965	-70.3636
10.541651904734	4	(27.8441,293.498,1.895)	59.1144	-67.7304
10.549149505596	7	(27.2989,351.911,1.895)	117.53	-76.1834
10.604964017577	2	(24.9889,245.813,1.895)	13.8412	-58.2266
10.605159656343	8	(23.8655,366.174,1.895)	133.849	-84.7176
10.610420700861	9	(26.9783,386.264,1.895)	153.868	-84.2029
10.620336667087	5	(24.4266,306.05,1.895)	73.7557	-76.115
10.625066219154	3	(28.1018,265.89,1.895)	33.4898	-65.7465
10.629642230819	0	(28.6626,205.806,1.895)	26.5969	-62.9569
10.630111458793	6	(27.5401,326.07,1.895)	93.6723	-70.3619
10.641651904734	4	(27.8625,291.531,1.895)	59.1311	-67.7379
10.649149505596	7	(27.317,349.979,1.895)	117.582	-76.2041
10.704964017577	2	(25.0076,243.804,1.895)	13.8214	-58.207
10.705159656343	8	(23.8842,364.163,1.895)	133.827	-84.7043
10.710420700861	9	(26.997,384.259,1.895)	153.852	-84.2088
10.720336667087	5	(24.4453,304.05,1.895)	73.7444	-76.1235
10.725066219154	3	(28.1205,263.891,1.895)	33.4788	-65.7253
10.729642230819	0	(28.6813,203.799,1.895)	26.6162	-62.9949
10.730111458793	6	(27.5589,324.058,1.895)	93.649	-70.3604
10.741651904734	4	(27.8808,289.569,1.895)	59.1581	-67.7503
10.749149505596	7	(27.3351,348.04,1.895)	117.631	-76.2239
10.804964017577	2	(25.0263,241.802,1.895)	13.8087	-58.192
10.805159656343	8	(23.903,362.153,1.895)	133.806	-84.6914
10.810420700861	9	(27.0157,382.257,1.895)	153.839	-84.2132
10.820336667087	5	(24.464,302.042,1.895)	73.7253	-76.1377
10.825066219154	3	(28.1392,261.882,1.895)	33.4589	-65.6873
10.829642230819	0	(28.7,201.798,1.895)	26.6278	-63.018
10.830111458793	6	(27.5776,322.055,1.895)	93.6348	-70.3594
10.841651904734	4	(27.8991,287.605,1.895)	59.1825	-67.7614
10.849149505596	7	(27.3531,346.105,1.895)	117.685	-76.2455
10.904964017577	2	(25.045,239.793,1.895)	13.7779	-58.1478
10.905159656343	8	(23.9217,360.147,1.895)	133.777	-84.6734
10.910420700861	9	(27.0345,380.246,1.895)	153.805	-84.2252
10.920336667087	5	(24.4828,300.036,1.895)	73.696	-76.1595
10.925066219154	3	(28.1579,259.881,1.895)	33.4347	-65.6411
10.929642230819	0	(28.7187,199.796,1.895)	26.653	-63.0687
10.930111458793	6	(27.5963,320.048,1.895)	93.6047	-70.3574
10.941651904734	4	(27.9174,285.642,1.895)	59.1966	-67.7679
10.949149505596	7	(27.3711,344.176,1.895)	117.734	-76.2651
11.004964017577	2	(25.0638,237.785,1.895)	13.7555	-58.1091
11.005159656343	8	(23.9405,358.137,1.895)	133.752	-84.6582
11.010420700861	9	(27.0532,378.241,1.895)	153.785	-84.2325
11.020336667087	5	(24.5015,298.027,1.895)	73.6728	-76.1768
11.025066219154	3	(28.1766,257.875,1.895)	33.4143	-65.6022
11.029642230819	0	(28.7374,197.792,1.895)	26.6719	-63.1071
11.030111458793	6	(27.615,318.043,1.895)	93.5844	-70.3561
11.041651904734	4	(27.9358,283.677,1.895)	59.2174	-67.7775
11.049149505596	7	(27.3892,342.237,1.895)	117.78	-76.2837
11.104964017577	2	(25.0825,235.779,1.895)	13.7294	-58.0575
11.105159656343	8	(23.9592,356.134,1.895)	133.728	-84.6435
11.110420700861	9	(27.0719,376.239,1.895)	153.763	-84.2404
11.120336667087	5	(24.5202,296.022,1.895)	73.6468	-76.196
11.125066219154	3	(28.1953,255.874,1.895)	33.3925	-65.5608
11.129642230819	0	(28.7561,195.785,1.895)	26.6991	-63.1628
11.130111458793	6	(27.6338,316.036,1.895)	93.5571	-70.3544
11.141651904734	4	(27.9542,281.708,1.895)	59.227	-67.782
11.149149505596	7	(27.4073,340.299,1.895)	117.821	-76.3004
11.204964017577	2	(25.1013,233.769,1.895)	13.7099	-58.0146
11.205159656343	8	(23.9778,354.132,1.895)	133.716	-84.636
11.210420700861	9	(27.0905,374.238,1.895)	153.751	-84.2445
11.220336667087	5	(24.5389,294.017,1.895)	73.631	-76.2077
11.225066219154	3	(28.214,253.871,1.895)	33.3785	-65.5345
11.229642230819	0	(28.7749,193.775,1.895)	26.7205	-63.2071
11.230111458793	6	(27.6525,314.027,1.895)	93.5373	-70.3531
11.241651904734	4	(27.9725,279.747,1.895)	59.2559	-67.7955
11.249149505596	7	(27.4254,338.365,1.895)	117.876	-76.3226
11.304964017577	2	(25.1199,231.767,1.895)	13.6979	-57.9867
11.305159656343	8	(23.9966,352.124,1.895)	133.697	-84.6244
11.310420700861	9	(27.1092,372.238,1.895)	153.74	-84.2483
11.320336667087	5	(24.5576,292.014,1.895)	73.6174	-76.2177
11.325066219154	3	(28.2327,251.86,1.895)	33.357	-65.4939
11.329642230819	0	(28.7936,191.765,1.895)	26.7406	-63.2492
11.330111458793	6	(27.6713,312.015,1.895)	93.515	-70.3516
11.341651904734	4	(27.9908,277.782,1.895)	59.2805	-67.807
11.349149505596	7	(27.4435,336.42,1.895)	117.921	-76.3407
11.404964017577	2	(25.1387,229.76,1.895)	13.6792	-57.9407
11.405159656343	8	(24.0153,350.114,1.895)	133.675	-84.6111
11.410420700861	9	(27.1279,370.232,1.895)	153.723	-84.2547
11.420336667087	5	(24.5764,290.004,1.895)	73.5951	-76.2342
11.425066219154	3	(28.2514,249.86,1.895)	33.3448	-65.471
11.429642230819	0	(28.8123,189.763,1.895)	26.7546	-63.2787
11.430111458793	6	(27.69,310.013,1.895)	93.5001	-70.3507
11.441651904734	4	(28.0093,275.803,1.895)	59.2891	-67.8111
11.449149505596	7	(27.4616,334.479,1.895)	117.967	-76.3595
11.504964017577	2	(25.1574,227.749,1.895)	13.6527	-57.8713
11.505159656343	8	(24.0341,348.109,1.895)	133.653	-84.598
11.510420700861	9	(27.1467,368.223,1.895)	153.696	-84.2639
11.520336667087	5	(24.5951,287.998,1.895)	73.5729	-76.2505
11.525066219154	3	(28.2701,247.854,1.895)	33.3229	-65.43
11.529642230819	0	(28.831,187.763,1.895)	26.7715	-63.3142
11.530111458793	6	(27.7087,308.006,1.895)	93.4772	-70.3492
11.541651904734	4	(28.0276,273.84,1.895)	59.3093	-67.8207
11.549149505596	7	(27.4797,332.546,1.895)	118.018	-76.3802
11.604964017577	2	(25.1761,225.746,1.895)	13.6312	-57.8115
11.605159656343	8	(24.0528,346.098,1.895)	133.623	-84.5795
11.610420700861	9	(27.1655,366.213,1.895)	153.668	-84.2742
11.620336667087	5	(24.6138,285.992,1.895)	73.5485	-76.2684
11.625066219154	3	(28.2888,245.85,1.895)	33.2994	-65.3862
11.629642230819	0	(28.8497,185.761,1.895)	26.792	-63.3578
11.630111458793	6	(27.7275,305.996,1.895)	93.4486	-70.3475
11.641651904734	4	(28.046,271.87,1.895)	59.3208	-67.8261
11.649149505596	7	(27.4978,330.603,1.895)	118.056	-76.3957
11.704964017577	2	(25.1948,223.743,1.895)	13.6152	-57.7659
11.705159656343	8	(24.0716,344.089,1.895)	133.602	-84.5662
11.710420700861	9	(27.1842,364.203,1.895)	153.644	-84.2825
11.720336667087	5	(24.6325,283.989,1.895)	73.5317	-76.2807
11.725066219154	3	(28.3076,243.842,1.895)	33.2783	-65.3471
11.729642230819	0	(28.8684,183.756,1.895)	26.8103	-63.397
11.730111458793	6	(27.7462,303.986,1.895)	93.4252	-70.346
11.741651904734	4	(28.0644,269.899,1.895)	59.3361	-67.8334
11.749149505596	7	(27.5159,328.661,1.895)	118.101	-76.4141
11.804964017577	2	(25.2136,221.733,1.895)	13.5906	-57.6935
11.805159656343	8	(24.0903,342.089,1.895)	133.586	-84.5564
11.810420700861	9	(27.203,362.192,1.895)	153.618	-84.2921
11.820336667087	5	(24.6513,281.978,1.895)	73.5056	-76.2998
11.825066219154	3	(28.3263,241.831,1.895)	33.2517	-65.298
11.829642230819	0	(28.8871,181.752,1.895)	26.8306	-63.4406
11.830111458793	6	(27.7649,301.986,1.895)	93.4092	-70.345
11.841651904734	4	(28.0828,267.925,1.895)	59.3467	-67.8385
11.849149505596	7	(27.5341,326.717,1.895)	118.142	-76.4305
11.904964017577	2	(25.2323,219.727,1.895)	13.5713	-57.6352
11.905159656343	8	(24.1089,340.087,1.895)	133.569	-84.5462
11.910420700861	9	(27.2217,360.186,1.895)	153.598	-84.2991
11.920336667087	5	(24.67,279.977,1.895)	73.4901	-76.311
11.925066219154	3	(28.3451,239.82,1.895)	33.227	-65.2526
11.929642230819	0	(28.9058,179.751,1.895)	26.8451	-63.4721
11.930111458793	6	(27.7836,299.98,1.895)	93.3888	-70.3438
11.941651904734	4	(28.1012,265.954,1.895)	59.3617	-67.8457
11.949149505596	7	(27.5522,324.778,1.895)	118.188	-76.4496
12.004964017577	2	(25.251,217.725,1.895)	13.5477	-57.5631
12.005159656343	8	(24.1277,338.079,1.895)	133.54	-84.5283
12.010420700861	9	(27.2404,358.184,1.895)	153.574	-84.3076
12.020336667087	5	(24.6887,277.973,1.895)	73.4643	-76.3298
12.025066219154	3	(28.3639,237.809,1.895)	33.1938	-65.1922
12.029642230819	0	(28.9244,177.748,1.895)	26.8693	-63.5246
12.030111458793	6	(27.8023,297.977,1.895)	93.3648	-70.3423
12.041651904734	4	(28.1196,263.979,1.895)	59.365	-67.8472
12.049149505596	7	(27.5704,322.827,1.895)	118.215	-76.4606
12.104964017577	2	(25.2698,215.715,1.895)	13.5168	-57.4685
12.105159656343	8	(24.1464,336.078,1.895)	133.516	-84.5138
12.110420700861	9	(27.259,356.185,1.895)	153.553	-84.3153
12.120336667087	5	(24.7075,275.961,1.895)	73.4305	-76.3543
12.125066219154	3	(28.3826,235.8,1.895)	33.1629	-65.1362
12.129642230819	0	(28.9432,175.74,1.895)	26.8993	-63.5901
12.130111458793	6	(27.821,295.972,1.895)	93.3373	-70.3406
12.141651904734	4	(28.1381,262,1.895)	59.3641	-67.8468
12.149149505596	7	(27.5885,320.882,1.895)	118.249	-76.4742
12.204964017577	2	(25.2884,213.714,1.895)	13.4995	-57.4159
12.205159656343	8	(24.1651,334.072,1.895)	133.493	-84.4997
12.210420700861	9	(27.2778,354.175,1.895)	153.526	-84.325
12.220336667087	5	(24.7262,273.956,1.895)	73.4088	-76.3699
12.225066219154	3	(28.4013,233.796,1.895)	33.1419	-65.0987
12.229642230819	0	(28.962,173.73,1.895)	26.9271	-63.651
12.230111458793	6	(27.8397,293.971,1.895)	93.3195	-70.3396
12.241651904734	4	(28.1565,260.024,1.895)	59.3713	-67.8503
12.249149505596	7	(27.6067,318.937,1.895)	118.286	-76.4897
12.304964017577	2	(25.3071,211.714,1.895)	13.4955	-57.4039
12.305159656343	8	(24.1838,332.07,1.895)	133.488	-84.4964
12.310420700861	9	(27.2965,352.175,1.895)	153.522	-84.3263
12.320336667087	5	(24.7448,271.957,1.895)	73.4058	-76.3721
12.325066219154	3	(28.4201,231.785,1.895)	33.1272	-65.0724
12.329642230819	0	(28.9807,171.719,1.895)	26.9419	-63.6838
12.330111458793	6	(27.8584,291.967,1.895)	93.3118	-70.3391
12.341651904734	4	(28.1749,258.053,1.895)	59.3959	-67.8622
12.349149505596	7	(27.6249,316.989,1.895)	118.334	-76.5094
12.404964017577	2	(25.3259,209.703,1.895)	13.48	-57.3573
12.405159656343	8	(24.2025,330.064,1.895)	133.477	-84.4895
12.410420700861	9	(27.3152,350.167,1.895)	153.509	-84.3309
12.420336667087	5	(24.7635,269.957,1.895)	73.4012	-76.3754
12.425066219154	3	(28.4388,229.783,1.895)	33.1198	-65.0592
12.429642230819	0	(28.9994,169.713,1.895)	26.9529	-63.7081
12.430111458793	6	(27.8771,289.965,1.895)	93.3046	-70.3387
12.441651904734	4	(28.1934,256.078,1.895)	59.4162	-67.872
12.449149505596	7	(27.6431,315.032,1.895)	118.373	-76.5254
12.504964017577	2	(25.3445,207.704,1.895)	13.4711	-57.3307
12.505159656343	8	(24.2212,328.057,1.895)	133.46	-84.479
12.510420700861	9	(27.3339,348.166,1.895)	153.499	-84.3347
12.520336667087	5	(24.7823,267.947,1.895)	73.381	-76.3899
12.525066219154	3	(28.4575,227.776,1.895)	33.1031	-65.0297
12.529642230819	0	(29.0182,167.707,1.895)	26.9689	-63.7435
12.530111458793	6	(27.8958,287.96,1.895)	93.2898	-70.3378
12.541651904734	4	(28.2118,254.099,1.895)	59.4269	-67.8772
12.549149505596	7	(27.6614,313.078,1.895)	118.409	-76.5403
12.604964017577	2	(25.3633,205.697,1.895)	13.4586	-57.2941
12.605159656343	8	(24.2399,326.057,1.895)	133.454	-84.4754
12.610420700861	9	(27.3527,346.155,1.895)	153.482	-84.3408
12.620336667087	5	(24.801,265.942,1.895)	73.37	-76.3978
12.625066219154	3	(28.4762,225.772,1.895)	33.093	-65.0117
12.629642230819	0	(29.0369,165.703,1.895)	26.9782	-63.7639
12.630111458793	6	(27.9146,285.949,1.895)	93.273	-70.3368
12.641651904734	4	(28.2302,252.127,1.895)	59.4493	-67.8881
12.649149505596	7	(27.6796,311.13,1.895)	118.455	-76.5591
12.704964017577	2	(25.382,203.691,1.895)	13.443	-57.2488
12.705159656343	8	(24.2586,324.049,1.895)	133.436	-84.4644
12.710420700861	9	(27.3714,344.15,1.895)	153.466	-84.3463
12.720336667087	5	(24.8197,263.931,1.895)	73.3486	-76.413
12.725066219154	3	(28.495,223.763,1.895)	33.0739	-64.9782
12.729642230819	0	(29.0556,163.693,1.895)	26.9992	-63.8106
12.730111458793	6	(27.9333,283.948,1.895)	93.2617	-70.3361
12.741651904734	4	(28.2487,250.153,1.895)	59.465	-67.8959
12.749149505596	7	(27.6979,309.165,1.895)	118.48	-76.5693
12.804964017577	2	(25.4008,201.679,1.895)	13.4303	-57.213
12.805159656343	8	(24.2774,322.043,1.895)	133.428	-84.4597
12.810420700861	9	(27.3901,342.146,1.895)	153.461	-84.3484
12.820336667087	5	(24.8385,261.926,1.895)	73.342	-76.4177
12.825066219154	3	(28.5137,221.758,1.895)	33.0677	-64.9673
12.829642230819	0	(29.0743,161.689,1.895)	27.0041	-63.8214
12.830111458793	6	(27.952,281.937,1.895)	93.2488	-70.3354
12.841651904734	4	(28.2672,248.17,1.895)	59.4802	-67.9034
12.849149505596	7	(27.7161,307.21,1.895)	118.523	-76.5873
12.904964017577	2	(25.4195,199.671,1.895)	13.4156	-57.1725
12.905159656343	8	(24.2961,320.033,1.895)	133.411	-84.4494
12.910420700861	9	(27.4088,340.137,1.895)	153.445	-84.3539
12.920336667087	5	(24.8571,259.924,1.895)	73.3337	-76.4237
12.925066219154	3	(28.5324,219.753,1.895)	33.0556	-64.9461
12.929642230819	0	(29.0931,159.682,1.895)	27.0177	-63.8515
12.930111458793	6	(27.9707,279.938,1.895)	93.2431	-70.335
12.941651904734	4	(28.2857,246.187,1.895)	59.4914	-67.9089
12.949149505596	7	(27.7344,305.25,1.895)	118.557	-76.6012
13.004964017577	2	(25.4382,197.671,1.895)	13.4081	-57.1522
13.005159656343	8	(24.3148,318.034,1.895)	133.404	-84.4447
13.010420700861	9	(27.4275,338.136,1.895)	153.435	-84.3575
13.020336667087	5	(24.8759,257.917,1.895)	73.3181	-76.4348
13.025066219154	3	(28.5511,217.745,1.895)	33.0391	-64.9175
13.029642230819	0	(29.1118,157.671,1.895)	27.0375	-63.8957
13.030111458793	6	(27.9894,277.936,1.895)	93.2334	-70.3345
13.041651904734	4	(28.3042,244.205,1.895)	59.5002	-67.9133
13.049149505596	7	(27.7526,303.3,1.895)	118.598	-76.6183
13.104964017577	2	(25.4569,195.666,1.895)	13.4025	-57.1374
13.105159656343	8	(24.3334,316.035,1.895)	133.405	-84.4452
13.110420700861	9	(27.4463,336.125,1.895)	153.424	-84.3616
13.120336667087	5	(24.8946,255.913,1.895)	73.3143	-76.4375
13.125066219154	3	(28.5699,215.737,1.895)	33.031	-64.9035
13.129642230819	0	(29.1306,155.664,1.895)	27.0449	-63.9121
13.130111458793	6	(28.008,275.935,1.895)	93.2317	-70.3344
13.141651904734	4	(28.3226,242.228,1.895)	59.523	-67.9246
13.149149505596	7	(27.7709,301.343,1.895)	118.64	-76.636
13.204964017577	2	(25.4756,193.657,1.895)	13.3884	-57.1006
13.205159656343	8	(24.3521,314.031,1.895)	133.396	-84.4396
13.210420700861	9	(27.4649,334.124,1.895)	153.417	-84.364
13.220336667087	5	(24.9133,253.91,1.895)	73.3055	-76.4437
13.225066219154	3	(28.5886,213.733,1.895)	33.0215	-64.8871
13.229642230819	0	(29.1493,153.657,1.895)	27.0577	-63.9406
13.230111458793	6	(28.0267,273.935,1.895)	93.226	-70.334
13.241651904734	4	(28.3411,240.249,1.895)	59.5381	-67.9321
13.249149505596	7	(27.7892,299.387,1.895)	118.679	-76.6521
13.304964017577	2	(25.4944,191.651,1.895)	13.3761	-57.0698
13.305159656343	8	(24.3708,312.027,1.895)	133.385	-84.4329
13.310420700861	9	(27.4837,332.118,1.895)	153.405	-84.3684
13.320336667087	5	(24.932,251.905,1.895)	73.2938	-76.452
13.325066219154	3	(28.6073,211.732,1.895)	33.014	-64.8741
13.329642230819	0	(29.168,151.65,1.895)	27.0704	-63.9687
13.330111458793	6	(28.0454,271.933,1.895)	93.2174	-70.3336
13.341651904734	4	(28.3596,238.273,1.895)	59.5563	-67.9412
13.349149505596	7	(27.8074,297.431,1.895)	118.717	-76.6677
13.404964017577	2	(25.5131,189.643,1.895)	13.3548	-57.0186
13.405159656343	8	(24.3895,310.025,1.895)	133.369	-84.4231
13.410420700861	9	(27.5024,330.112,1.895)	153.384	-84.376
13.420336667087	5	(24.9506,249.906,1.895)	73.2797	-76.462
13.425066219154	3	(28.626,209.725,1.895)	32.9924	-64.8371
13.429642230819	0	(29.1868,149.643,1.895)	27.0924	-64.0177
13.430111458793	6	(28.0641,269.93,1.895)	93.2002	-70.3326
13.441651904734	4	(28.3781,236.29,1.895)	59.5588	-67.9425
13.449149505596	7	(27.8257,295.469,1.895)	118.74	-76.6776
13.504964017577	2	(25.5318,187.636,1.895)	13.3336	-56.9711
13.505159656343	8	(24.4082,308.024,1.895)	133.353	-84.4134
13.510420700861	9	(27.5211,328.111,1.895)	153.369	-84.3813
13.520336667087	5	(24.9693,247.906,1.895)	73.2655	-76.472
13.525066219154	3	(28.6447,207.718,1.895)	32.9709	-64.8006
13.529642230819	0	(29.2055,147.634,1.895)	27.1155	-64.069
13.530111458793	6	(28.0828,267.927,1.895)	93.1828	-70.3316
13.541651904734	4	(28.3965,234.315,1.895)	59.5687	-67.9475
13.549149505596	7	(27.844,293.516,1.895)	118.772	-76.6909
13.604964017577	2	(25.5506,185.628,1.895)	13.3225	-56.9477
13.605159656343	8	(24.4269,306.025,1.895)	133.351	-84.4119
13.610420700861	9	(27.5397,326.111,1.895)	153.365	-84.3827
13.620336667087	5	(24.9881,245.896,1.895)	73.2518	-76.4816
13.625066219154	3	(28.6635,205.709,1.895)	32.9585	-64.7797
13.629642230819	0	(29.2243,145.626,1.895)	27.1277	-64.096
13.630111458793	6	(28.1015,265.922,1.895)	93.1739	-70.3311
13.641651904734	4	(28.415,232.327,1.895)	59.5778	-67.952
13.649149505596	7	(27.8622,291.562,1.895)	118.815	-76.7086
13.704964017577	2	(25.5693,183.619,1.895)	13.3134	-56.9293
13.705159656343	8	(24.4455,304.022,1.895)	133.347	-84.4098
13.710420700861	9	(27.5584,324.107,1.895)	153.361	-84.3842
13.720336667087	5	(25.0068,243.888,1.895)	73.2441	-76.4871
13.725066219154	3	(28.6821,203.709,1.895)	32.958	-64.7788
13.729642230819	0	(29.243,143.619,1.895)	27.1352	-64.1125
13.730111458793	6	(28.1203,263.911,1.895)	93.1629	-70.3304
13.741651904734	4	(28.4335,230.346,1.895)	59.5958	-67.9611
13.749149505596	7	(27.8805,289.603,1.895)	118.856	-76.7257
13.804964017577	2	(25.5881,181.611,1.895)	13.2995	-56.9025
13.805159656343	8	(24.4643,302.015,1.895)	133.334	-84.4018
13.810420700861	9	(27.5771,322.106,1.895)	153.354	-84.3869
13.820336667087	5	(25.0256,241.878,1.895)	73.2279	-76.4984
13.825066219154	3	(28.7009,201.701,1.895)	32.9443	-64.7557
13.829642230819	0	(29.2617,141.612,1.895)	27.1483	-64.1414
13.830111458793	6	(28.139,261.908,1.895)	93.1538	-70.3299
13.841651904734	4	(28.452,228.371,1.895)	59.6155	-67.9711
13.849149505596	7	(27.8989,287.631,1.895)	118.878	-76.735
13.904964017577	2	(25.6068,179.601,1.895)	13.2856	-56.8773
13.905159656343	8	(24.483,300.009,1.895)	133.323	-84.3952
13.910420700861	9	(27.5958,320.103,1.895)	153.347	-84.3895
13.920336667087	5	(25.0443,239.873,1.895)	73.2178	-76.5054
13.925066219154	3	(28.7196,199.701,1.895)	32.9391	-64.747
13.929642230819	0	(29.2805,139.603,1.895)	27.1611	-64.1697
13.930111458793	6	(28.1577,259.901,1.895)	93.1417	-70.3292
13.941651904734	4	(28.4704,226.391,1.895)	59.6307	-67.9789
13.949149505596	7	(27.9172,285.665,1.895)	118.907	-76.7471
14.004964017577	2	(25.6256,177.596,1.895)	13.2727	-56.8557
14.005159656343	8	(24.5017,298.01,1.895)	133.316	-84.3905
14.010420700861	9	(27.6145,318.096,1.895)	153.331	-84.3951
14.020336667087	5	(25.063,237.868,1.895)	73.2052	-76.5142
14.025066219154	3	(28.7383,197.696,1.895)	32.9263	-64.7256
14.029642230819	0	(29.2992,137.594,1.895)	27.1784	-64.2078
14.030111458793	6	(28.1764,257.896,1.895)	93.1285	-70.3285
14.041651904734	4	(28.4889,224.417,1.895)	59.6487	-67.9881
14.049149505596	7	(27.9355,283.703,1.895)	118.937	-76.76
14.104964017577	2	(25.6442,175.594,1.895)	13.26	-56.8359
14.105159656343	8	(24.5204,296.007,1.895)	133.302	-84.382
14.110420700861	9	(27.6332,316.093,1.895)	153.317	-84.4
14.120336667087	5	(25.0818,235.857,1.895)	73.1827	-76.5299
14.125066219154	3	(28.757,195.686,1.895)	32.9051	-64.6904
14.129642230819	0	(29.318,135.584,1.895)	27.1994	-64.2538
14.130111458793	6	(28.1951,255.893,1.895)	93.1148	-70.3277
14.141651904734	4	(28.5073,222.441,1.895)	59.6612	-67.9945
14.149149505596	7	(27.9539,281.737,1.895)	118.959	-76.7693
14.204964017577	2	(25.663,173.583,1.895)	13.2499	-56.8213
14.205159656343	8	(24.5391,293.999,1.895)	133.294	-84.3774
14.210420700861	9	(27.652,314.086,1.895)	153.311	-84.4023
14.220336667087	5	(25.1005,233.853,1.895)	73.1793	-76.5322
14.225066219154	3	(28.7758,193.68,1.895)	32.8996	-64.6813
14.229642230819	0	(29.3367,133.581,1.895)	27.202	-64.2596
14.230111458793	6	(28.2138,253.89,1.895)	93.1125	-70.3276
14.241651904734	4	(28.5259,220.452,1.895)	59.6727	-68.0004
14.249149505596	7	(27.9723,279.767,1.895)	118.99	-76.7822
14.304964017577	2	(25.6817,171.579,1.895)	13.2319	-56.7977
14.305159656343	8	(24.5578,291.992,1.895)	133.273	-84.3642
14.310420700861	9	(27.6706,312.087,1.895)	153.297	-84.4073
14.320336667087	5	(25.1192,231.842,1.895)	73.1542	-76.5496
14.325066219154	3	(28.7945,191.669,1.895)	32.874	-64.6392
14.329642230819	0	(29.3553,131.581,1.895)	27.2161	-64.2902
14.330111458793	6	(28.2326,251.878,1.895)	93.0862	-70.3261
14.341651904734	4	(28.5444,218.473,1.895)	59.6792	-68.0038
14.349149505596	7	(27.9906,277.802,1.895)	119.011	-76.7908
14.404964017577	2	(25.7005,169.57,1.895)	13.207	-56.7704
14.405159656343	8	(24.5765,289.988,1.895)	133.251	-84.3509
14.410420700861	9	(27.6893,310.087,1.895)	153.281	-84.4134
14.420336667087	5	(25.138,229.832,1.895)	73.1268	-76.5685
14.425066219154	3	(28.8133,189.66,1.895)	32.8474	-64.5961
14.429642230819	0	(29.3741,129.573,1.895)	27.242	-64.3466
14.430111458793	6	(28.2513,249.874,1.895)	93.0644	-70.325
14.441651904734	4	(28.5629,216.482,1.895)	59.671	-67.9995
14.449149505596	7	(28.009,275.829,1.895)	119.02	-76.7948
14.504964017577	2	(25.7192,167.562,1.895)	13.1959	-56.7604
14.505159656343	8	(24.5953,287.982,1.895)	133.242	-84.3453
14.510420700861	9	(27.708,308.085,1.895)	153.275	-84.4155
14.520336667087	5	(25.1568,227.824,1.895)	73.1155	-76.5763
14.525066219154	3	(28.8321,187.648,1.895)	32.8328	-64.5725
14.529642230819	0	(29.3927,127.573,1.895)	27.2444	-64.3518
14.530111458793	6	(28.2699,247.874,1.895)	93.0609	-70.3248
14.541651904734	4	(28.5815,214.49,1.895)	59.6763	-68.0023
14.549149505596	7	(28.0274,273.86,1.895)	119.049	-76.8069
14.604964017577	2	(25.7379,165.554,1.895)	13.1766	-56.7458
14.605159656343	8	(24.614,285.974,1.895)	133.223	-84.3335
14.610420700861	9	(27.7267,306.077,1.895)	153.255	-84.4226
14.620336667087	5	(25.1755,225.815,1.895)	73.0951	-76.5902
14.625066219154	3	(28.8508,185.636,1.895)	32.809	-64.5346
14.629642230819	0	(29.4114,125.573,1.895)	27.2569	-64.3787
14.630111458793	6	(28.2886,245.87,1.895)	93.045	-70.3239
14.641651904734	4	(28.6001,212.503,1.895)	59.6766	-68.0025
14.649149505596	7	(28.0458,271.893,1.895)	119.069	-76.8153
14.704964017577	2	(25.7566,163.554,1.895)	13.1719	-56.7429
14.705159656343	8	(24.6327,283.974,1.895)	133.218	-84.3301
14.710420700861	9	(27.7454,304.077,1.895)	153.25	-84.4246
14.720336667087	5	(25.1942,223.816,1.895)	73.0908	-76.5931
14.725066219154	3	(28.8695,183.636,1.895)	32.8039	-64.5264
14.729642230819	0	(29.4302,123.563,1.895)	27.2715	-64.4102
14.730111458793	6	(28.3074,243.862,1.895)	93.0324	-70.3232
14.741651904734	4	(28.6187,210.508,1.895)	59.6773	-68.0028
14.749149505596	7	(28.0642,269.923,1.895)	119.094	-76.826
14.804964017577	2	(25.7754,161.544,1.895)	13.156	-56.7345
14.805159656343	8	(24.6514,281.966,1.895)	133.204	-84.3219
14.810420700861	9	(27.7641,302.077,1.895)	153.244	-84.4266
14.820336667087	5	(25.2129,221.811,1.895)	73.0797	-76.6007
14.825066219154	3	(28.8882,181.629,1.895)	32.791	-64.506
14.829642230819	0	(29.4489,121.558,1.895)	27.2828	-64.4343
14.830111458793	6	(28.3261,241.857,1.895)	93.0214	-70.3226
14.841651904734	4	(28.6372,208.529,1.895)	59.6917	-68.0102
14.849149505596	7	(28.0826,267.951,1.895)	119.117	-76.8355
14.904964017577	2	(25.7941,159.541,1.895)	13.1493	-56.7318
14.905159656343	8	(24.6702,279.957,1.895)	133.191	-84.3136
14.910420700861	9	(27.7828,300.069,1.895)	153.231	-84.4312
14.920336667087	5	(25.2315,219.81,1.895)	73.0752	-76.6037
14.925066219154	3	(28.9069,179.626,1.895)	32.7832	-64.4937
14.929642230819	0	(29.4676,119.555,1.895)	27.2901	-64.4499
14.930111458793	6	(28.3448,239.852,1.895)	93.0124	-70.3221
14.941651904734	4	(28.6557,206.543,1.895)	59.7018	-68.0155
14.949149505596	7	(28.1009,265.985,1.895)	119.146	-76.8479
15.004964017577	2	(25.8128,157.536,1.895)	13.143	-56.7297
15.005159656343	8	(24.6889,277.949,1.895)	133.181	-84.3075
15.010420700861	9	(27.8015,298.063,1.895)	153.224	-84.434
15.020336667087	5	(25.2503,217.801,1.895)	73.0635	-76.6117
15.025066219154	3	(28.9256,177.622,1.895)	32.7778	-64.4852
15.029642230819	0	(29.4863,117.554,1.895)	27.2927	-64.4554
15.030111458793	6	(28.3636,237.844,1.895)	93.0026	-70.3216
15.041651904734	4	(28.6742,204.56,1.895)	59.7171	-68.0234
15.049149505596	7	(28.1194,264.006,1.895)	119.166	-76.8562
15.104964017577	2	(25.8315,155.529,1.895)	13.1214	-56.7255
15.105159656343	8	(24.7076,275.944,1.895)	133.161	-84.295
15.110420700861	9	(27.8203,296.053,1.895)	153.199	-84.4431
15.120336667087	5	(25.2691,215.789,1.895)	73.0367	-76.6298
15.125066219154	3	(28.9444,175.615,1.895)	32.7553	-64.4501
15.129642230819	0	(29.505,115.549,1.895)	27.3126	-64.4976
15.130111458793	6	(28.3823,235.839,1.895)	92.982	-70.3205
15.141651904734	4	(28.6928,202.569,1.895)	59.7105	-68.02
15.149149505596	7	(28.1378,262.03,1.895)	119.174	-76.8597
15.204964017577	2	(25.8503,153.517,1.895)	13.1027	-56.7257
15.205159656343	8	(24.7264,273.937,1.895)	133.145	-84.2857
15.210420700861	9	(27.839,294.05,1.895)	153.188	-84.447
15.220336667087	5	(25.2878,213.783,1.895)	73.0226	-76.6393
15.225066219154	3	(28.9631,173.603,1.895)	32.7357	-64.4198
15.229642230819	0	(29.5236,113.549,1.895)	27.3205	-64.5143
15.230111458793	6	(28.4009,233.839,1.895)	92.9749	-70.3201
15.241651904734	4	(28.7114,200.577,1.895)	59.7106	-68.02
15.249149505596	7	(28.1563,260.052,1.895)	119.189	-76.866
15.304964017577	2	(25.8691,151.507,1.895)	13.0808	-56.7304
15.305159656343	8	(24.7451,271.932,1.895)	133.129	-84.2754
15.310420700861	9	(27.8577,292.043,1.895)	153.169	-84.454
15.320336667087	5	(25.3066,211.772,1.895)	72.9998	-76.6546
15.325066219154	3	(28.9819,171.598,1.895)	32.7185	-64.3934
15.329642230819	0	(29.5424,111.541,1.895)	27.341	-64.5571
15.330111458793	6	(28.4196,231.837,1.895)	92.9601	-70.3194
15.341651904734	4	(28.73,198.585,1.895)	59.7071	-68.0182
15.349149505596	7	(28.1746,258.089,1.895)	119.213	-76.8764
15.404964017577	2	(25.8878,149.495,1.895)	13.0653	-56.7366
15.405159656343	8	(24.7638,269.929,1.895)	133.121	-84.2707
15.410420700861	9	(27.8764,290.043,1.895)	153.165	-84.4555
15.420336667087	5	(25.3253,209.763,1.895)	72.9867	-76.6633
15.425066219154	3	(29.0005,169.599,1.895)	32.7151	-64.3881
15.429642230819	0	(29.5611,109.535,1.895)	27.3511	-64.5782
15.430111458793	6	(28.4383,229.836,1.895)	92.9549	-70.3191
15.441651904734	4	(28.7485,196.599,1.895)	59.7162	-68.0229
15.449149505596	7	(28.193,256.123,1.895)	119.243	-76.8889
15.504964017577	2	(25.9066,147.484,1.895)	13.0458	-56.7475
15.505159656343	8	(24.7825,267.926,1.895)	133.11	-84.2638
15.510420700861	9	(27.8951,288.031,1.895)	153.144	-84.4628
15.520336667087	5	(25.344,207.76,1.895)	72.975	-76.671
15.525066219154	3	(29.0192,167.596,1.895)	32.7036	-64.3706
15.529642230819	0	(29.5798,107.529,1.895)	27.3658	-64.6086
15.530111458793	6	(28.457,227.832,1.895)	92.9429	-70.3185
15.541651904734	4	(28.767,194.615,1.895)	59.7242	-68.0271
15.549149505596	7	(28.2114,254.149,1.895)	119.26	-76.8963
15.604964017577	2	(25.9253,145.482,1.895)	13.0412	-56.7507
15.605159656343	8	(24.8012,265.915,1.895)	133.096	-84.2553
15.610420700861	9	(27.9138,286.03,1.895)	153.14	-84.4645
15.620336667087	5	(25.3627,205.76,1.895)	72.9719	-76.6731
15.625066219154	3	(29.0379,165.596,1.895)	32.7013	-64.3672
15.629642230819	0	(29.5985,105.524,1.895)	27.3739	-64.6252
15.630111458793	6	(28.4757,225.825,1.895)	92.9327	-70.3179
15.641651904734	4	(28.7856,192.628,1.895)	59.7342	-68.0323
15.649149505596	7	(28.2298,252.177,1.895)	119.285	-76.9069
15.704964017577	2	(25.9441,143.471,1.895)	13.0272	-56.7613
15.705159656343	8	(24.82,263.906,1.895)	133.083	-84.2475
15.710420700861	9	(27.9325,284.029,1.895)	153.136	-84.466
15.720336667087	5	(25.3814,203.754,1.895)	72.9623	-76.6795
15.725066219154	3	(29.0566,163.592,1.895)	32.6926	-64.3541
15.729642230819	0	(29.6172,103.523,1.895)	27.3788	-64.6353
15.730111458793	6	(28.4944,223.825,1.895)	92.9286	-70.3177
15.741651904734	4	(28.8041,190.646,1.895)	59.748	-68.0395
15.749149505596	7	(28.2482,250.204,1.895)	119.309	-76.9168
15.804964017577	2	(25.9628,141.467,1.895)	13.0099	-56.7767
15.805159656343	8	(24.8387,261.896,1.895)	133.059	-84.2326
15.810420700861	9	(27.9512,282.022,1.895)	153.115	-84.4737
15.820336667087	5	(25.4001,201.746,1.895)	72.9406	-76.6938
15.825066219154	3	(29.0753,161.587,1.895)	32.6737	-64.3257
15.829642230819	0	(29.6359,101.516,1.895)	27.3995	-64.6774
15.830111458793	6	(28.5131,221.821,1.895)	92.9107	-70.3168
15.841651904734	4	(28.8226,188.661,1.895)	59.7495	-68.0403
15.849149505596	7	(28.2666,248.231,1.895)	119.322	-76.9223
15.904964017577	2	(25.9814,139.467,1.895)	13.0018	-56.7848
15.905159656343	8	(24.8574,259.891,1.895)	133.046	-84.2244
15.910420700861	9	(27.97,280.011,1.895)	153.095	-84.4809
15.920336667087	5	(25.4189,199.741,1.895)	72.9273	-76.7025
15.925066219154	3	(29.094,159.584,1.895)	32.6622	-64.3085
15.929642230819	0	(29.6547,99.5056,1.895)	27.4184	-64.7152
15.930111458793	6	(28.5318,219.813,1.895)	92.894	-70.3159
15.941651904734	4	(28.8411,186.676,1.895)	59.7558	-68.0436
15.949149505596	7	(28.285,246.26,1.895)	119.343	-76.9313
16.004964017577	2	(26.0001,137.468,1.895)	13.0063	-56.7802
16.005159656343	8	(24.8762,257.88,1.895)	133.039	-84.2202
16.010420700861	9	(27.9887,278.006,1.895)	153.095	-84.4809
16.020336667087	5	(25.4376,197.731,1.895)	72.9216	-76.7063
16.025066219154	3	(29.1127,157.576,1.895)	32.659	-64.3037
16.029642230819	0	(29.6735,97.4951,1.895)	27.4243	-64.7271
16.030111458793	6	(28.5506,217.804,1.895)	92.8899	-70.3157
16.041651904734	4	(28.8597,184.686,1.895)	59.7705	-68.0513
16.049149505596	7	(28.3034,244.286,1.895)	119.373	-76.944
16.104964017577	2	(26.0188,135.46,1.895)	12.9944	-56.7927
16.105159656343	8	(24.895,255.87,1.895)	133.025	-84.2114
16.110420700861	9	(28.0074,276.002,1.895)	153.086	-84.4841
16.120336667087	5	(25.4563,195.731,1.895)	72.9171	-76.7092
16.125066219154	3	(29.1314,155.572,1.895)	32.6504	-64.2911
16.129642230819	0	(29.6922,95.4907,1.895)	27.4331	-64.7444
16.130111458793	6	(28.5693,215.795,1.895)	92.8767	-70.3151
16.141651904734	4	(28.8783,182.693,1.895)	59.7728	-68.0525
16.149149505596	7	(28.3219,242.309,1.895)	119.392	-76.9522
16.204964017577	2	(26.0376,133.45,1.895)	12.9816	-56.8072
16.205159656343	8	(24.9137,253.867,1.895)	133.018	-84.2073
16.210420700861	9	(28.0261,274.002,1.895)	153.082	-84.4854
16.220336667087	5	(25.4751,193.721,1.895)	72.9037	-76.718
16.225066219154	3	(29.1501,153.568,1.895)	32.6432	-64.2804
16.229642230819	0	(29.7109,93.4831,1.895)	27.4441	-64.7661
16.230111458793	6	(28.5881,213.788,1.895)	92.866	-70.3145
16.241651904734	4	(28.8969,180.697,1.895)	59.774	-68.0532
16.249149505596	7	(28.3404,240.329,1.895)	119.409	-76.9594
16.304964017577	2	(26.0563,131.441,1.895)	12.9774	-56.8123
16.305159656343	8	(24.9325,251.855,1.895)	133.011	-84.203
16.310420700861	9	(28.0448,271.992,1.895)	153.077	-84.4873
16.320336667087	5	(25.4937,191.72,1.895)	72.9076	-76.7155
16.325066219154	3	(29.1688,151.563,1.895)	32.6423	-64.2791
16.329642230819	0	(29.7296,91.4768,1.895)	27.446	-64.77
16.330111458793	6	(28.6068,211.782,1.895)	92.8646	-70.3145
16.341651904734	4	(28.9155,178.702,1.895)	59.7829	-68.0579
16.349149505596	7	(28.3588,238.353,1.895)	119.437	-76.9713
16.404964017577	2	(26.075,129.439,1.895)	12.9707	-56.8206
16.405159656343	8	(24.9511,249.855,1.895)	133.006	-84.2
16.410420700861	9	(28.0636,269.984,1.895)	153.065	-84.4918
16.420336667087	5	(25.5124,189.714,1.895)	72.8967	-76.7225
16.425066219154	3	(29.1875,149.56,1.895)	32.635	-64.2684
16.429642230819	0	(29.7484,89.4673,1.895)	27.4602	-64.7976
16.430111458793	6	(28.6255,209.777,1.895)	92.8548	-70.314
16.441651904734	4	(28.9341,176.711,1.895)	59.7876	-68.0603
16.449149505596	7	(28.3773,236.369,1.895)	119.448	-76.9763
16.504964017577	2	(26.0937,127.44,1.895)	12.9726	-56.8182
16.505159656343	8	(24.9699,247.848,1.895)	133	-84.1961
16.510420700861	9	(28.0822,267.985,1.895)	153.066	-84.4913
16.520336667087	5	(25.5312,187.702,1.895)	72.8857	-76.7297
16.525066219154	3	(29.2062,147.556,1.895)	32.6324	-64.2645
16.529642230819	0	(29.7671,87.4631,1.895)	27.4635	-64.804
16.530111458793	6	(28.6443,207.765,1.895)	92.8437	-70.3134
16.541651904734	4	(28.9527,174.72,1.895)	59.7977	-68.0657
16.549149505596	7	(28.3957,234.395,1.895)	119.475	-76.9876
16.604964017577	2	(26.1124,125.43,1.895)	12.9573	-56.8381
16.605159656343	8	(24.9886,245.84,1.895)	132.986	-84.1876
16.610420700861	9	(28.101,265.977,1.895)	153.052	-84.4964
16.620336667087	5	(25.5499,185.699,1.895)	72.8763	-76.7358
16.625066219154	3	(29.225,145.547,1.895)	32.6169	-64.2419
16.629642230819	0	(29.7858,85.4549,1.895)	27.4778	-64.8315
16.630111458793	6	(28.663,205.765,1.895)	92.8377	-70.3131
16.641651904734	4	(28.9713,172.725,1.895)	59.7957	-68.0646
16.649149505596	7	(28.4143,232.409,1.895)	119.483	-76.9911
16.704964017577	2	(26.1312,123.425,1.895)	12.9548	-56.8415
16.705159656343	8	(25.0073,243.832,1.895)	132.981	-84.1844
16.710420700861	9	(28.1196,263.977,1.895)	153.055	-84.4952
16.720336667087	5	(25.5687,183.692,1.895)	72.8727	-76.7381
16.725066219154	3	(29.2437,143.547,1.895)	32.6196	-64.2458
16.729642230819	0	(29.8046,83.4512,1.895)	27.4784	-64.8327
16.730111458793	6	(28.6817,203.759,1.895)	92.8344	-70.3129
16.741651904734	4	(28.99,170.73,1.895)	59.8039	-68.0689
16.749149505596	7	(28.4328,230.43,1.895)	119.507	-77.0012
16.804964017577	2	(26.1499,121.419,1.895)	12.9393	-56.8634
16.805159656343	8	(25.0261,241.825,1.895)	132.964	-84.1736
16.810420700861	9	(28.1383,261.974,1.895)	153.042	-84.5001
16.820336667087	5	(25.5874,181.688,1.895)	72.8585	-76.7473
16.825066219154	3	(29.2624,141.542,1.895)	32.6053	-64.2251
16.829642230819	0	(29.8233,81.4449,1.895)	27.4948	-64.8638
16.830111458793	6	(28.7004,201.752,1.895)	92.8171	-70.3121
16.841651904734	4	(29.0086,168.737,1.895)	59.8012	-68.0675
16.849149505596	7	(28.4513,228.441,1.895)	119.508	-77.0019
16.904964017577	2	(26.1686,119.411,1.895)	12.9287	-56.8792
16.905159656343	8	(25.0448,239.82,1.895)	132.956	-84.1688
16.910420700861	9	(28.157,259.975,1.895)	153.039	-84.5011
16.920336667087	5	(25.6061,179.685,1.895)	72.8516	-76.7518
16.925066219154	3	(29.2811,139.536,1.895)	32.5951	-64.2103
16.929642230819	0	(29.842,79.4436,1.895)	27.4996	-64.8729
16.930111458793	6	(28.7192,199.74,1.895)	92.8021	-70.3113
16.941651904734	4	(29.0272,166.744,1.895)	59.805	-68.0695
16.949149505596	7	(28.4698,226.463,1.895)	119.527	-77.0098
17.004964017577	2	(26.1874,117.404,1.895)	12.9146	-56.9011
17.005159656343	8	(25.0635,237.818,1.895)	132.946	-84.1628
17.010420700861	9	(28.1757,257.97,1.895)	153.027	-84.5055
17.020336667087	5	(25.6248,177.679,1.895)	72.8382	-76.7603
17.025066219154	3	(29.2998,137.532,1.895)	32.5846	-64.1953
17.029642230819	0	(29.8606,77.4438,1.895)	27.5067	-64.8861
17.030111458793	6	(28.7379,197.732,1.895)	92.7863	-70.3106
17.041651904734	4	(29.0457,164.755,1.895)	59.8082	-68.0712
17.049149505596	7	(28.4883,224.481,1.895)	119.537	-77.0143
17.104964017577	2	(26.206,115.403,1.895)	12.9054	-56.9159
17.105159656343	8	(25.0822,235.816,1.895)	132.935	-84.1559
17.110420700861	9	(28.1944,255.968,1.895)	153.016	-84.5096
17.120336667087	5	(25.6434,175.679,1.895)	72.8296	-76.7659
17.125066219154	3	(29.3185,135.524,1.895)	32.567	-64.1702
17.129642230819	0	(29.8794,75.4334,1.895)	27.5263	-64.9226
17.130111458793	6	(28.7567,195.721,1.895)	92.7662	-70.3096
17.141651904734	4	(29.0643,162.762,1.895)	59.8059	-68.07
17.149149505596	7	(28.5069,222.49,1.895)	119.537	-77.0141
17.204964017577	2	(26.2248,113.392,1.895)	12.8979	-56.9281
17.205159656343	8	(25.1009,233.807,1.895)	132.929	-84.1526
17.210420700861	9	(28.2132,253.958,1.895)	153.01	-84.5119
17.220336667087	5	(25.6622,173.668,1.895)	72.8213	-76.7711
17.225066219154	3	(29.3373,133.515,1.895)	32.5618	-64.1629
17.229642230819	0	(29.8981,73.4232,1.895)	27.5331	-64.935
17.230111458793	6	(28.7754,193.72,1.895)	92.769	-70.3097
17.241651904734	4	(29.0829,160.767,1.895)	59.8141	-68.0744
17.249149505596	7	(28.5254,220.505,1.895)	119.555	-77.0219
17.304964017577	2	(26.2435,111.393,1.895)	12.9057	-56.9154
17.305159656343	8	(25.1197,231.797,1.895)	132.927	-84.1508
17.310420700861	9	(28.2318,251.959,1.895)	153.018	-84.509
17.320336667087	5	(25.6809,171.661,1.895)	72.8225	-76.7704
17.325066219154	3	(29.356,131.511,1.895)	32.5649	-64.1673
17.329642230819	0	(29.9169,71.4155,1.895)	27.5334	-64.9355
17.330111458793	6	(28.794,191.72,1.895)	92.7767	-70.3101
17.341651904734	4	(29.1016,158.772,1.895)	59.8269	-68.0812
17.349149505596	7	(28.5438,218.527,1.895)	119.585	-77.0347
17.404964017577	2	(26.2621,109.392,1.895)	12.8991	-56.9261
17.405159656343	8	(25.1383,229.797,1.895)	132.921	-84.1473
17.410420700861	9	(28.2506,249.95,1.895)	153.003	-84.5146
17.420336667087	5	(25.6997,169.65,1.895)	72.8054	-76.7812
17.425066219154	3	(29.3747,129.511,1.895)	32.5586	-64.1584
17.429642230819	0	(29.9356,69.4113,1.895)	27.5435	-64.9538
17.430111458793	6	(28.8127,189.718,1.895)	92.769	-70.3097
17.441651904734	4	(29.1202,156.778,1.895)	59.8271	-68.0812
17.449149505596	7	(28.5623,216.545,1.895)	119.597	-77.0399
17.504964017577	2	(26.2809,107.382,1.895)	12.8853	-56.9493
17.505159656343	8	(25.157,227.794,1.895)	132.914	-84.1428
17.510420700861	9	(28.2693,247.939,1.895)	152.987	-84.5201
17.520336667087	5	(25.7184,167.648,1.895)	72.7991	-76.7852
17.525066219154	3	(29.3933,127.511,1.895)	32.554	-64.1519
17.529642230819	0	(29.9543,67.4018,1.895)	27.5573	-64.9787
17.530111458793	6	(28.8315,187.707,1.895)	92.7528	-70.3089
17.541651904734	4	(29.1387,154.793,1.895)	59.8379	-68.087
17.549149505596	7	(28.5809,214.557,1.895)	119.605	-77.0433
17.604964017577	2	(26.2996,105.377,1.895)	12.8855	-56.949
17.605159656343	8	(25.1757,225.79,1.895)	132.915	-84.1436
17.610420700861	9	(28.288,245.938,1.895)	152.993	-84.5181
17.620336667087	5	(25.7371,165.644,1.895)	72.8009	-76.7841
17.625066219154	3	(29.4121,125.5,1.895)	32.5489	-64.1448
17.629642230819	0	(29.9731,65.3948,1.895)	27.5587	-64.9811
17.630111458793	6	(28.8502,185.708,1.895)	92.7592	-70.3093
17.641651904734	4	(29.1573,152.799,1.895)	59.8496	-68.0933
17.649149505596	7	(28.5994,212.571,1.895)	119.624	-77.0516
17.704964017577	2	(26.3184,103.366,1.895)	12.8797	-56.9587
17.705159656343	8	(25.1945,223.784,1.895)	132.914	-84.1432
17.710420700861	9	(28.3067,243.939,1.895)	152.999	-84.516
17.720336667087	5	(25.7558,163.636,1.895)	72.7977	-76.7861
17.725066219154	3	(29.4308,123.494,1.895)	32.5484	-64.1441
17.729642230819	0	(29.9918,63.389,1.895)	27.5593	-64.9821
17.730111458793	6	(28.8689,183.702,1.895)	92.7591	-70.3092
17.741651904734	4	(29.176,150.8,1.895)	59.8558	-68.0966
17.749149505596	7	(28.6179,210.596,1.895)	119.654	-77.0647
17.804964017577	2	(26.3371,101.359,1.895)	12.8777	-56.9622
17.805159656343	8	(25.2131,221.783,1.895)	132.918	-84.1454
17.810420700861	9	(28.3254,241.93,1.895)	152.994	-84.5177
17.820336667087	5	(25.7746,161.625,1.895)	72.7914	-76.7901
17.825066219154	3	(29.4495,121.488,1.895)	32.547	-64.1422
17.829642230819	0	(30.0106,61.3776,1.895)	27.5664	-64.9948
17.830111458793	6	(28.8876,181.696,1.895)	92.7574	-70.3092
17.841651904734	4	(29.1946,148.803,1.895)	59.8625	-68.1002
17.849149505596	7	(28.6364,208.608,1.895)	119.671	-77.0717
17.904964017577	2	(26.3558,99.3524,1.895)	12.877	-56.9633
17.905159656343	8	(25.2318,219.78,1.895)	132.921	-84.1472
17.910420700861	9	(28.3442,239.923,1.895)	152.993	-84.5181
17.920336667087	5	(25.7934,159.614,1.895)	72.7863	-76.7933
17.925066219154	3	(29.4682,119.488,1.895)	32.5523	-64.1495
17.929642230819	0	(30.0293,59.3672,1.895)	27.5707	-65.0024
17.930111458793	6	(28.9063,179.689,1.895)	92.7567	-70.3091
17.941651904734	4	(29.2132,146.811,1.895)	59.8767	-68.1078
17.949149505596	7	(28.655,206.623,1.895)	119.691	-77.0805
18.004964017577	2	(26.3746,97.3457,1.895)	12.8722	-56.9716
18.005159656343	8	(25.2506,217.774,1.895)	132.916	-84.1443
18.010420700861	9	(28.3628,237.923,1.895)	152.995	-84.5175
18.020336667087	5	(25.8122,157.603,1.895)	72.7764	-76.7996
18.025066219154	3	(29.4869,117.484,1.895)	32.5506	-64.1472
18.029642230819	0	(30.0481,57.3602,1.895)	27.5761	-65.0118
18.030111458793	6	(28.925,177.686,1.895)	92.7546	-70.309
18.041651904734	4	(29.2318,144.814,1.895)	59.8819	-68.1106
18.049149505596	7	(28.6735,204.638,1.895)	119.709	-77.088
18.104964017577	2	(26.3933,95.3423,1.895)	12.8691	-56.9771
18.105159656343	8	(25.2692,215.771,1.895)	132.914	-84.1429
18.110420700861	9	(28.3815,235.921,1.895)	152.993	-84.5181
18.120336667087	5	(25.8309,155.6,1.895)	72.7734	-76.8015
18.125066219154	3	(29.5056,115.476,1.895)	32.5429	-64.1364
18.129642230819	0	(30.0668,55.3524,1.895)	27.5837	-65.025
18.130111458793	6	(28.9437,175.684,1.895)	92.7536	-70.309
18.141651904734	4	(29.2505,142.816,1.895)	59.8839	-68.1117
18.149149505596	7	(28.692,202.651,1.895)	119.721	-77.0933
18.204964017577	2	(26.412,93.3357,1.895)	12.8698	-56.9757
18.205159656343	8	(25.288,213.763,1.895)	132.914	-84.1427
18.210420700861	9	(28.4002,233.916,1.895)	152.995	-84.5172
18.220336667087	5	(25.8496,153.591,1.895)	72.7726	-76.802
18.225066219154	3	(29.5244,113.472,1.895)	32.5457	-64.1403
18.229642230819	0	(30.0855,53.3498,1.895)	27.5789	-65.0168
18.230111458793	6	(28.9624,173.678,1.895)	92.7543	-70.309
18.241651904734	4	(29.2691,140.822,1.895)	59.8975	-68.119
18.249149505596	7	(28.7106,200.661,1.895)	119.739	-77.101
18.304964017577	2	(26.4307,91.3317,1.895)	12.8615	-56.9903
18.305159656343	8	(25.3067,211.761,1.895)	132.906	-84.1382
18.310420700861	9	(28.4189,231.913,1.895)	152.988	-84.52
18.320336667087	5	(25.8684,151.58,1.895)	72.7572	-76.8117
18.325066219154	3	(29.5431,111.46,1.895)	32.5295	-64.1177
18.329642230819	0	(30.1042,51.3465,1.895)	27.5869	-65.0305
18.330111458793	6	(28.9811,171.677,1.895)	92.7492	-70.3088
18.341651904734	4	(29.2876,138.834,1.895)	59.9043	-68.1227
18.349149505596	7	(28.7292,198.667,1.895)	119.74	-77.1014
18.404964017577	2	(26.4494,89.331,1.895)	12.8582	-56.9959
18.405159656343	8	(25.3255,209.749,1.895)	132.892	-84.1294
18.410420700861	9	(28.4376,229.912,1.895)	152.983	-84.5216
18.420336667087	5	(25.887,149.58,1.895)	72.7542	-76.8135
18.425066219154	3	(29.5618,109.46,1.895)	32.527	-64.1143
18.429642230819	0	(30.123,49.3345,1.895)	27.6015	-65.0556
18.430111458793	6	(28.9998,169.678,1.895)	92.747	-70.3087
18.441651904734	4	(29.3063,136.832,1.895)	59.8998	-68.1203
18.449149505596	7	(28.7477,196.683,1.895)	119.753	-77.1071
18.504964017577	2	(26.4681,87.3239,1.895)	12.8623	-56.9889
18.505159656343	8	(25.3442,207.74,1.895)	132.894	-84.1306
18.510420700861	9	(28.4563,227.909,1.895)	152.992	-84.5184
18.520336667087	5	(25.9057,147.581,1.895)	72.7665	-76.8058
18.525066219154	3	(29.5805,107.46,1.895)	32.5374	-64.1287
18.529642230819	0	(30.1417,47.3272,1.895)	27.5975	-65.0488
18.530111458793	6	(29.0185,167.676,1.895)	92.7564	-70.3091
18.541651904734	4	(29.3249,134.841,1.895)	59.9205	-68.1314
18.549149505596	7	(28.7662,194.703,1.895)	119.785	-77.1209
18.604964017577	2	(26.4868,85.3168,1.895)	12.8619	-56.9895
18.605159656343	8	(25.363,205.731,1.895)	132.891	-84.1292
18.610420700861	9	(28.4751,225.897,1.895)	152.987	-84.5203
18.620336667087	5	(25.9244,145.577,1.895)	72.7695	-76.8039
18.625066219154	3	(29.5992,105.455,1.895)	32.5392	-64.1312
18.629642230819	0	(30.1604,45.3193,1.895)	27.5988	-65.051
18.630111458793	6	(29.0372,165.668,1.895)	92.7547	-70.309
18.641651904734	4	(29.3436,132.844,1.895)	59.9297	-68.1365
18.649149505596	7	(28.7848,192.713,1.895)	119.802	-77.1281
18.704964017577	2	(26.5056,83.3062,1.895)	12.8589	-56.9949
18.705159656343	8	(25.3817,203.722,1.895)	132.89	-84.1285
18.710420700861	9	(28.4938,223.89,1.895)	152.987	-84.5202
18.720336667087	5	(25.9432,143.566,1.895)	72.7653	-76.8065
18.725066219154	3	(29.6179,103.449,1.895)	32.5413	-64.1341
18.729642230819	0	(30.1792,43.3092,1.895)	27.6014	-65.0555
18.730111458793	6	(29.056,163.658,1.895)	92.7531	-70.309
18.741651904734	4	(29.3622,130.843,1.895)	59.936	-68.1399
18.749149505596	7	(28.8033,190.726,1.895)	119.822	-77.1368
18.804964017577	2	(26.5244,81.2964,1.895)	12.8494	-57.0115
18.805159656343	8	(25.4004,201.718,1.895)	132.886	-84.1257
18.810420700861	9	(28.5125,221.882,1.895)	152.98	-84.523
18.820336667087	5	(25.9619,141.555,1.895)	72.7542	-76.8135
18.825066219154	3	(29.6366,101.449,1.895)	32.5409	-64.1335
18.829642230819	0	(30.1979,41.3091,1.895)	27.6016	-65.0557
18.830111458793	6	(29.0746,161.658,1.895)	92.7528	-70.3089
18.841651904734	4	(29.3809,128.846,1.895)	59.9396	-68.1419
18.849149505596	7	(28.822,188.729,1.895)	119.824	-77.138
18.904964017577	2	(26.5431,79.2871,1.895)	12.8356	-57.0359
18.905159656343	8	(25.4191,199.711,1.895)	132.875	-84.1188
18.910420700861	9	(28.5313,219.876,1.895)	152.968	-84.5272
18.920336667087	5	(25.9806,139.552,1.895)	72.7466	-76.8183
18.925066219154	3	(29.6553,99.4408,1.895)	32.5279	-64.1155
18.929642230819	0	(30.2166,39.3027,1.895)	27.6129	-65.0748
18.930111458793	6	(29.0934,159.647,1.895)	92.7368	-70.3082
18.941651904734	4	(29.3995,126.853,1.895)	59.9408	-68.1425
18.949149505596	7	(28.8405,186.746,1.895)	119.837	-77.1436
19.004964017577	2	(26.5618,77.285,1.895)	12.8402	-57.0277
19.005159656343	8	(25.4378,197.712,1.895)	132.882	-84.1231
19.010420700861	9	(28.5499,217.875,1.895)	152.974	-84.5249
19.020336667087	5	(25.9994,137.545,1.895)	72.7466	-76.8182
19.025066219154	3	(29.6741,97.4334,1.895)	32.5274	-64.1148
19.029642230819	0	(30.2354,37.2928,1.895)	27.6159	-65.0798
19.030111458793	6	(29.1122,157.636,1.895)	92.733	-70.308
19.041651904734	4	(29.4181,124.859,1.895)	59.9544	-68.1499
19.049149505596	7	(28.8591,184.75,1.895)	119.848	-77.1481
19.104964017577	2	(26.5805,75.2845,1.895)	12.8371	-57.0331
19.105159656343	8	(25.4565,195.709,1.895)	132.876	-84.1196
19.110420700861	9	(28.5687,215.869,1.895)	152.966	-84.5281
19.120336667087	5	(26.0181,135.542,1.895)	72.7407	-76.8219
19.125066219154	3	(29.6927,95.4334,1.895)	32.5247	-64.111
19.129642230819	0	(30.2541,35.2834,1.895)	27.628	-65.0999
19.130111458793	6	(29.1309,155.632,1.895)	92.7259	-70.3077
19.141651904734	4	(29.4367,122.865,1.895)	59.957	-68.1513
19.149149505596	7	(28.8777,182.753,1.895)	119.848	-77.1483
19.204964017577	2	(26.5992,73.2791,1.895)	12.8371	-57.0333
19.205159656343	8	(25.4752,193.702,1.895)	132.874	-84.1186
19.210420700861	9	(28.5874,213.86,1.895)	152.962	-84.5296
19.220336667087	5	(26.0368,133.538,1.895)	72.7425	-76.8208
19.225066219154	3	(29.7114,93.4286,1.895)	32.5252	-64.1117
19.229642230819	0	(30.2729,33.2747,1.895)	27.6314	-65.1054
19.230111458793	6	(29.1496,153.622,1.895)	92.721	-70.3074
19.241651904734	4	(29.4553,120.869,1.895)	59.9669	-68.1568
19.249149505596	7	(28.8963,180.763,1.895)	119.863	-77.1549
19.304964017577	2	(26.6179,71.2761,1.895)	12.8367	-57.034
19.305159656343	8	(25.494,191.693,1.895)	132.869	-84.1151
19.310420700861	9	(28.6062,211.851,1.895)	152.955	-84.5319
19.320336667087	5	(26.0555,131.533,1.895)	72.7399	-76.8224
19.325066219154	3	(29.7301,91.4278,1.895)	32.5269	-64.1141
19.329642230819	0	(30.2916,31.264,1.895)	27.6394	-65.1186
19.330111458793	6	(29.1684,151.615,1.895)	92.7168	-70.3072
19.341651904734	4	(29.474,118.868,1.895)	59.9683	-68.1575
19.349149505596	7	(28.915,178.763,1.895)	119.866	-77.1562
19.404964017577	2	(26.6367,69.2648,1.895)	12.8366	-57.0342
19.405159656343	8	(25.5126,189.694,1.895)	132.881	-84.1224
19.410420700861	9	(28.6249,209.841,1.895)	152.957	-84.5313
19.420336667087	5	(26.0742,129.529,1.895)	72.7468	-76.8181
19.425066219154	3	(29.7488,89.4237,1.895)	32.5341	-64.1241
19.429642230819	0	(30.3103,29.2618,1.895)	27.6305	-65.104
19.430111458793	6	(29.1871,149.611,1.895)	92.7236	-70.3075
19.441651904734	4	(29.4926,116.871,1.895)	59.9822	-68.1652
19.449149505596	7	(28.9336,176.772,1.895)	119.887	-77.1649
19.504964017577	2	(26.6554,67.254,1.895)	12.8211	-57.0615
19.505159656343	8	(25.5313,187.694,1.895)	132.875	-84.119
19.510420700861	9	(28.6436,207.84,1.895)	152.95	-84.5338
19.520336667087	5	(26.0929,127.526,1.895)	72.7387	-76.8232
19.525066219154	3	(29.7675,87.4197,1.895)	32.5249	-64.1113
19.529642230819	0	(30.329,27.2625,1.895)	27.6349	-65.1112
19.530111458793	6	(29.2058,147.603,1.895)	92.7107	-70.3069
19.541651904734	4	(29.5112,114.881,1.895)	59.9874	-68.168
19.549149505596	7	(28.9521,174.782,1.895)	119.891	-77.1667
19.604964017577	2	(26.6742,65.246,1.895)	12.8035	-57.0923
19.605159656343	8	(25.55,185.689,1.895)	132.86	-84.1097
19.610420700861	9	(28.6623,205.837,1.895)	152.937	-84.5385
19.620336667087	5	(26.1116,125.525,1.895)	72.7274	-76.8302
19.625066219154	3	(29.7862,85.4131,1.895)	32.5081	-64.0882
19.629642230819	0	(30.3477,25.256,1.895)	27.6517	-65.1383
19.630111458793	6	(29.2245,145.603,1.895)	92.7007	-70.3065
19.641651904734	4	(29.5298,112.885,1.895)	59.9813	-68.1647
19.649149505596	7	(28.9708,172.785,1.895)	119.884	-77.1637
19.704964017577	2	(26.6928,63.2455,1.895)	12.8108	-57.0795
19.705159656343	8	(25.5688,183.682,1.895)	132.861	-84.1104
19.710420700861	9	(28.681,203.833,1.895)	152.941	-84.5371
19.720336667087	5	(26.1303,123.514,1.895)	72.724	-76.8323
19.725066219154	3	(29.805,83.4024,1.895)	32.5055	-64.0846
19.730111458793	6	(29.2431,143.604,1.895)	92.7096	-70.3069
19.741651904734	4	(29.5485,110.884,1.895)	59.9878	-68.1682
19.749149505596	7	(28.9893,170.795,1.895)	119.902	-77.1716
19.804964017577	2	(26.7115,61.2448,1.895)	12.8171	-57.0686
19.805159656343	8	(25.5875,181.676,1.895)	132.862	-84.1112
19.810420700861	9	(28.6997,201.832,1.895)	152.948	-84.5347
19.820336667087	5	(26.149,121.51,1.895)	72.7277	-76.83
19.825066219154	3	(29.8237,81.3962,1.895)	32.5065	-64.086
19.830111458793	6	(29.2619,141.596,1.895)	92.7092	-70.3069
19.841651904734	4	(29.5672,108.884,1.895)	59.9953	-68.1724
19.849149505596	7	(29.0079,168.809,1.895)	119.923	-77.1807
19.904964017577	2	(26.7302,59.2429,1.895)	12.8144	-57.0733
19.905159656343	8	(25.6061,179.676,1.895)	132.861	-84.1105
19.910420700861	9	(28.7184,199.821,1.895)	152.936	-84.5391
19.920336667087	5	(26.1677,119.51,1.895)	72.7271	-76.8304
19.925066219154	3	(29.8425,79.3896,1.895)	32.4989	-64.0756
19.930111458793	6	(29.2805,139.596,1.895)	92.708	-70.3068
19.941651904734	4	(29.5858,106.884,1.895)	59.9945	-68.1719
19.949149505596	7	(29.0264,166.821,1.895)	119.934	-77.1854
20.004964017577	2	(26.7489,57.2413,1.895)	12.8215	-57.0608
20.005159656343	8	(25.6248,177.673,1.895)	132.867	-84.1141
20.010420700861	9	(28.7372,197.811,1.895)	152.935	-84.5394
20.020336667087	5	(26.1864,117.507,1.895)	72.7331	-76.8267
20.025066219154	3	(29.8612,77.3808,1.895)	32.499	-64.0758
20.030111458793	6	(29.2993,137.587,1.895)	92.7078	-70.3068
20.041651904734	4	(29.6045,104.886,1.895)	60.0051	-68.1778
20.049149505596	7	(29.045,164.836,1.895)	119.958	-77.1958
20.104964017577	2	(26.7676,55.2391,1.895)	12.8272	-57.0507
20.105159656343	8	(25.6435,175.67,1.895)	132.873	-84.1175
20.110420700861	9	(28.7559,195.802,1.895)	152.934	-84.5398
20.120336667087	5	(26.2051,115.507,1.895)	72.7413	-76.8216
20.125066219154	3	(29.8799,75.3751,1.895)	32.5015	-64.0792
20.130111458793	6	(29.318,135.577,1.895)	92.7065	-70.3067
20.141651904734	4	(29.6232,102.884,1.895)	60.0119	-68.1815
20.149149505596	7	(29.0636,162.839,1.895)	119.969	-77.2009
20.204964017577	2	(26.7863,53.2373,1.895)	12.8316	-57.043
20.205159656343	8	(25.6622,173.669,1.895)	132.878	-84.1208
20.210420700861	9	(28.7746,193.801,1.895)	152.939	-84.5379
20.220336667087	5	(26.2238,113.503,1.895)	72.7426	-76.8207
20.225066219154	3	(29.8987,73.365,1.895)	32.4976	-64.0739
20.230111458793	6	(29.3368,133.571,1.895)	92.7063	-70.3067
20.241651904734	4	(29.6418,100.892,1.895)	60.0261	-68.1894
20.249149505596	7	(29.0823,160.84,1.895)	119.976	-77.2039
20.304964017577	2	(26.805,51.2265,1.895)	12.8313	-57.0435
20.305159656343	8	(25.6809,171.667,1.895)	132.886	-84.1258
20.310420700861	9	(28.7934,191.792,1.895)	152.941	-84.5372
20.320336667087	5	(26.2425,111.501,1.895)	72.752	-76.8149
20.325066219154	3	(29.9173,71.3657,1.895)	32.509	-64.0894
20.330111458793	6	(29.3555,131.569,1.895)	92.7152	-70.3071
20.341651904734	4	(29.6605,98.8855,1.895)	60.03	-68.1915
20.349149505596	7	(29.1009,158.843,1.895)	119.99	-77.2098
20.404964017577	2	(26.8238,49.2156,1.895)	12.8272	-57.0508
20.405159656343	8	(25.6996,169.66,1.895)	132.886	-84.126
20.410420700861	9	(28.8121,189.784,1.895)	152.939	-84.538
20.420336667087	5	(26.2612,109.49,1.895)	72.7472	-76.8179
20.425066219154	3	(29.9361,69.3552,1.895)	32.5051	-64.0841
20.430111458793	6	(29.3742,129.565,1.895)	92.7173	-70.3072
20.441651904734	4	(29.6791,96.8972,1.895)	60.0483	-68.2017
20.449149505596	7	(29.1195,156.851,1.895)	120.005	-77.2164
20.504964017577	2	(26.8425,47.2073,1.895)	12.8293	-57.047
20.505159656343	8	(25.7183,167.661,1.895)	132.897	-84.1326
20.510420700861	9	(28.8309,187.772,1.895)	152.937	-84.5385
20.520336667087	5	(26.2799,107.486,1.895)	72.7535	-76.814
20.525066219154	3	(29.9548,67.3532,1.895)	32.5136	-64.0957
20.530111458793	6	(29.3929,127.561,1.895)	92.7237	-70.3076
20.541651904734	4	(29.6977,94.9005,1.895)	60.062	-68.2094
20.549149505596	7	(29.138,154.864,1.895)	120.028	-77.2263
20.604964017577	2	(26.8613,45.2005,1.895)	12.8258	-57.0531
20.605159656343	8	(25.737,165.652,1.895)	132.891	-84.1292
20.610420700861	9	(28.8497,185.76,1.895)	152.929	-84.5415
20.620336667087	5	(26.2986,105.486,1.895)	72.7569	-76.8118
20.625066219154	3	(29.9735,65.3446,1.895)	32.5081	-64.0882
20.630111458793	6	(29.4116,125.555,1.895)	92.7212	-70.3074
20.641651904734	4	(29.7164,92.901,1.895)	60.0657	-68.2114
20.649149505596	7	(29.1567,152.864,1.895)	120.032	-77.228
20.704964017577	2	(26.88,43.1887,1.895)	12.8209	-57.0619
20.705159656343	8	(25.7557,163.652,1.895)	132.898	-84.1333
20.710420700861	9	(28.8684,183.756,1.895)	152.931	-84.5407
20.720336667087	5	(26.3173,103.482,1.895)	72.7599	-76.8099
20.725066219154	3	(29.9922,63.3416,1.895)	32.5118	-64.0933
20.730111458793	6	(29.4303,123.552,1.895)	92.725	-70.3076
20.741651904734	4	(29.735,90.8978,1.895)	60.0692	-68.2133
20.749149505596	7	(29.1753,150.874,1.895)	120.048	-77.235
20.804964017577	2	(26.8987,41.1861,1.895)	12.8241	-57.0562
20.805159656343	8	(25.7744,161.652,1.895)	132.905	-84.1374
20.810420700861	9	(28.8871,181.754,1.895)	152.935	-84.5392
20.820336667087	5	(26.336,101.477,1.895)	72.761	-76.8092
20.825066219154	3	(30.011,61.3342,1.895)	32.5104	-64.0914
20.830111458793	6	(29.4489,121.552,1.895)	92.7308	-70.3079
20.841651904734	4	(29.7537,88.9022,1.895)	60.0796	-68.2192
20.849149505596	7	(29.1939,148.883,1.895)	120.063	-77.2418
20.904964017577	2	(26.9175,39.179,1.895)	12.821	-57.0617
20.905159656343	8	(25.7931,159.649,1.895)	132.905	-84.1378
20.910420700861	9	(28.9058,179.745,1.895)	152.93	-84.541
20.920336667087	5	(26.3547,99.4702,1.895)	72.7577	-76.8113
20.925066219154	3	(30.0297,59.3282,1.895)	32.5083	-64.0885
20.930111458793	6	(29.4677,119.541,1.895)	92.7238	-70.3076
20.941651904734	4	(29.7724,86.8987,1.895)	60.0799	-68.2194
20.949149505596	7	(29.2124,146.898,1.895)	120.081	-77.2497
