2.119172076066	1	(26.8719,397.669,1.895)	18.9527	-59.7647
2.129642230819	0	(27.0717,376.262,1.895)	40.2068	-64.7283
2.219172076066	1	(26.8894,395.788,1.895)	18.8287	-59.5754
2.229642230819	0	(27.0903,374.261,1.895)	40.2009	-64.7274
2.319172076066	1	(26.9069,393.911,1.895)	18.7052	-59.4488
2.329642230819	0	(27.1091,372.25,1.895)	40.2092	-64.7287
2.419172076066	1	(26.9246,392.019,1.895)	18.5981	-59.3926
2.429642230819	0	(27.1278,370.251,1.895)	40.2078	-64.7284
2.519172076066	1	(26.9422,390.135,1.895)	18.4832	-59.3888
2.529642230819	0	(27.1464,368.25,1.895)	40.2078	-64.7285
2.619172076066	1	(26.9598,388.249,1.895)	18.3661	-59.444
2.629642230819	0	(27.1651,366.248,1.895)	40.2045	-64.7279
2.719172076066	1	(26.9774,386.359,1.895)	18.2468	-59.557
2.729642230819	0	(27.1838,364.245,1.895)	40.1968	-64.7268
2.819172076066	1	(26.9951,384.466,1.895)	18.1375	-59.703
2.829642230819	0	(27.2026,362.235,1.895)	40.2025	-64.7276
2.919172076066	1	(27.0128,382.564,1.895)	18.0416	-59.856
2.929642230819	0	(27.2213,360.233,1.895)	40.205	-64.728
3.019172076066	1	(27.0306,380.666,1.895)	17.9308	-60.0474
3.029642230819	0	(27.24,358.227,1.895)	40.201	-64.7274
3.119172076066	1	(27.0483,378.767,1.895)	17.824	-60.2282
3.125066219154	3	(26.6976,416.34,1.895)	20.329	-61.7477
3.129642230819	0	(27.2587,356.217,1.895)	40.2021	-64.7276
3.219172076066	1	(27.0661,376.859,1.895)	17.7269	-60.3707
3.225066219154	3	(26.7164,414.33,1.895)	20.3249	-61.7527
3.229642230819	0	(27.2775,354.208,1.895)	40.2052	-64.7281
3.319172076066	1	(27.0839,374.951,1.895)	17.6251	-60.4775
3.325066219154	3	(26.7351,412.32,1.895)	20.3265	-61.7508
3.329642230819	0	(27.2962,352.2,1.895)	40.2013	-64.7275
3.419172076066	1	(27.1017,373.043,1.895)	17.5317	-60.5215
3.425066219154	3	(26.7539,410.313,1.895)	20.3235	-61.7543
3.429642230819	0	(27.315,350.191,1.895)	40.2064	-64.7282
3.519172076066	1	(27.1195,371.132,1.895)	17.4447	-60.5066
3.525066219154	3	(26.7726,408.307,1.895)	20.3172	-61.7619
3.529642230819	0	(27.3337,348.191,1.895)	40.207	-64.7283
3.619172076066	1	(27.1374,369.223,1.895)	17.3477	-60.4223
3.625066219154	3	(26.7912,406.307,1.895)	20.3241	-61.7537
3.629642230819	0	(27.3524,346.187,1.895)	40.2038	-64.7278
3.719172076066	1	(27.1553,367.305,1.895)	17.2648	-60.2959
3.725066219154	3	(26.8099,404.307,1.895)	20.3275	-61.7495
3.729642230819	0	(27.3711,344.176,1.895)	40.2116	-64.729
3.819172076066	1	(27.1732,365.387,1.895)	17.181	-60.1247
3.825066219154	3	(26.8287,402.298,1.895)	20.3211	-61.7572
3.829642230819	0	(27.3898,342.173,1.895)	40.2118	-64.7291
3.919172076066	1	(27.1911,363.466,1.895)	17.0939	-59.9117
3.925066219154	3	(26.8473,400.295,1.895)	20.328	-61.749
3.929642230819	0	(27.4086,340.165,1.895)	40.2099	-64.7288
4.019172076066	1	(27.209,361.544,1.895)	17.01	-59.6854
4.025066219154	3	(26.8661,398.288,1.895)	20.3281	-61.7489
4.029642230819	0	(27.4273,338.161,1.895)	40.2062	-64.7282
4.119172076066	1	(27.2269,359.624,1.895)	16.9273	-59.4547
4.125066219154	3	(26.8848,396.284,1.895)	20.3288	-61.7479
4.129642230819	0	(27.446,336.15,1.895)	40.2131	-64.7293
4.141651904734	4	(26.6976,416.34,1.895)	40.2517	-64.7357
4.219172076066	1	(27.2449,357.699,1.895)	16.8547	-59.2553
4.225066219154	3	(26.9035,394.275,1.895)	20.3192	-61.7595
4.229642230819	0	(27.4648,334.139,1.895)	40.2243	-64.7311
4.241651904734	4	(26.7149,414.487,1.895)	40.3978	-64.7658
4.319172076066	1	(27.2629,355.772,1.895)	16.7729	-59.0435
4.325066219154	3	(26.9222,392.27,1.895)	20.3245	-61.7532
4.329642230819	0	(27.4835,332.14,1.895)	40.2135	-64.7293
4.341651904734	4	(26.7323,412.622,1.895)	40.5416	-64.8045
4.419172076066	1	(27.2808,353.852,1.895)	16.6883	-58.8476
4.425066219154	3	(26.941,390.262,1.895)	20.3223	-61.7558
4.429642230819	0	(27.5022,330.134,1.895)	40.2129	-64.7292
4.441651904734	4	(26.7497,410.762,1.895)	40.6883	-64.8531
4.519172076066	1	(27.2989,351.92,1.895)	16.6124	-58.6982
4.525066219154	3	(26.9597,388.258,1.895)	20.3288	-61.7479
4.529642230819	0	(27.5209,328.127,1.895)	40.2106	-64.7289
4.541651904734	4	(26.7671,408.897,1.895)	40.832	-64.9096
4.619172076066	1	(27.3168,349.993,1.895)	16.5328	-58.5731
4.625066219154	3	(26.9784,386.249,1.895)	20.3272	-61.7499
4.629642230819	0	(27.5397,326.117,1.895)	40.213	-64.7293
4.641651904734	4	(26.7844,407.037,1.895)	40.9797	-64.9765
4.719172076066	1	(27.3348,348.063,1.895)	16.457	-58.4873
4.725066219154	3	(26.9972,384.237,1.895)	20.3226	-61.7554
4.729642230819	0	(27.5584,324.113,1.895)	40.2093	-64.7287
4.741651904734	4	(26.802,405.158,1.895)	41.1073	-65.0416
4.819172076066	1	(27.3528,346.136,1.895)	16.3822	-58.4363
4.825066219154	3	(27.016,382.227,1.895)	20.3158	-61.7634
4.829642230819	0	(27.5771,322.112,1.895)	40.2065	-64.7283
4.841651904734	4	(26.8194,403.286,1.895)	41.2384	-65.1153
4.919172076066	1	(27.3708,344.206,1.895)	16.3139	-58.4198
4.925066219154	3	(27.0347,380.221,1.895)	20.3098	-61.7704
4.929642230819	0	(27.5957,320.112,1.895)	40.2079	-64.7285
4.941651904734	4	(26.8369,401.412,1.895)	41.3631	-65.1919
5.019172076066	1	(27.3889,342.276,1.895)	16.2351	-58.436
5.025066219154	3	(27.0534,378.219,1.895)	20.3185	-61.7603
5.029642230819	0	(27.6144,318.108,1.895)	40.2008	-64.7274
5.041651904734	4	(26.8545,399.527,1.895)	41.4895	-65.2758
5.119172076066	1	(27.4069,340.338,1.895)	16.1625	-58.4828
5.120336667087	5	(23.3976,416.3,1.895)	60.174	-68.2726
5.125066219154	3	(27.0721,376.22,1.895)	20.3305	-61.7459
5.129642230819	0	(27.6332,316.102,1.895)	40.1956	-64.7266
5.141651904734	4	(26.8721,397.644,1.895)	41.6176	-65.3672
5.219172076066	1	(27.425,338.403,1.895)	16.091	-58.5562
5.220336667087	5	(23.4163,414.295,1.895)	60.1764	-68.2739
5.225066219154	3	(27.0908,374.212,1.895)	20.3308	-61.7456
5.229642230819	0	(27.6519,314.091,1.895)	40.198	-64.7269
5.241651904734	4	(26.8896,395.772,1.895)	41.7527	-65.4705
5.319172076066	1	(27.4432,336.457,1.895)	16.0318	-58.6346
5.320336667087	5	(23.435,412.295,1.895)	60.183	-68.2777
5.325066219154	3	(27.1095,372.209,1.895)	20.3343	-61.7413
5.329642230819	0	(27.6707,312.08,1.895)	40.2026	-64.7276
5.341651904734	4	(26.9072,393.885,1.895)	41.8722	-65.5677
5.419172076066	1	(27.4613,334.513,1.895)	15.9726	-58.7256
5.420336667087	5	(23.4537,410.294,1.895)	60.1868	-68.2799
5.425066219154	3	(27.1282,370.204,1.895)	20.3337	-61.7421
5.429642230819	0	(27.6894,310.071,1.895)	40.2065	-64.7282
5.441651904734	4	(26.9247,392.005,1.895)	41.9961	-65.6743
5.519172076066	1	(27.4795,332.565,1.895)	15.9119	-58.8283
5.520336667087	5	(23.4723,408.294,1.895)	60.1976	-68.286
5.525066219154	3	(27.1469,368.204,1.895)	20.3443	-61.7288
5.529642230819	0	(27.7081,308.067,1.895)	40.2003	-64.7273
5.541651904734	4	(26.9424,390.112,1.895)	42.1137	-65.7806
5.619172076066	1	(27.4976,330.628,1.895)	15.8422	-58.9512
5.620336667087	5	(23.4911,406.282,1.895)	60.1936	-68.2837
5.625066219154	3	(27.1656,366.194,1.895)	20.3419	-61.7318
5.629642230819	0	(27.7268,306.064,1.895)	40.1958	-64.7266
5.641651904734	4	(26.96,388.227,1.895)	42.2355	-65.8962
5.719172076066	1	(27.5157,328.684,1.895)	15.7851	-59.0498
5.720336667087	5	(23.5098,404.281,1.895)	60.1952	-68.2847
5.725066219154	3	(27.1844,364.184,1.895)	20.335	-61.7404
5.729642230819	0	(27.7456,304.056,1.895)	40.2014	-64.7275
5.741651904734	4	(26.9777,386.327,1.895)	42.3378	-65.9975
5.819172076066	1	(27.5339,326.733,1.895)	15.7329	-59.1335
5.820336667087	5	(23.5285,402.277,1.895)	60.1948	-68.2844
5.825066219154	3	(27.2031,362.183,1.895)	20.3381	-61.7366
5.829642230819	0	(27.7644,302.044,1.895)	40.2088	-64.7286
5.841651904734	4	(26.9955,384.425,1.895)	42.4399	-66.1023
5.919172076066	1	(27.5521,324.783,1.895)	15.672	-59.217
5.920336667087	5	(23.5472,400.267,1.895)	60.1966	-68.2855
5.925066219154	3	(27.2218,360.174,1.895)	20.3414	-61.7324
5.929642230819	0	(27.7831,300.041,1.895)	40.2001	-64.7273
5.941651904734	4	(27.0131,382.532,1.895)	42.559	-66.2294
6.019172076066	1	(27.5703,322.838,1.895)	15.6163	-59.2749
6.020336667087	5	(23.566,398.258,1.895)	60.1908	-68.2821
6.025066219154	3	(27.2406,358.166,1.895)	20.3351	-61.7403
6.029642230819	0	(27.8017,298.041,1.895)	40.1973	-64.7268
6.041651904734	4	(27.0309,380.632,1.895)	42.661	-66.3421
6.119172076066	1	(27.5884,320.901,1.895)	15.5507	-59.3136
6.120336667087	5	(23.5847,396.252,1.895)	60.1884	-68.2808
6.125066219154	3	(27.2593,356.161,1.895)	20.335	-61.7404
6.129642230819	0	(27.8204,296.037,1.895)	40.1971	-64.7268
6.130111458793	6	(26.6976,416.34,1.895)	80.3148	-72.0323
6.141651904734	4	(27.0486,378.729,1.895)	42.7612	-66.4563
6.219172076066	1	(27.6065,318.953,1.895)	15.4999	-59.3179
6.220336667087	5	(23.6034,394.252,1.895)	60.1892	-68.2813
6.225066219154	3	(27.278,354.155,1.895)	20.3293	-61.7474
6.229642230819	0	(27.8391,294.034,1.895)	40.1999	-64.7272
6.230111458793	6	(26.7163,414.341,1.895)	80.3158	-72.0319
6.241651904734	4	(27.0664,376.829,1.895)	42.8617	-66.5743
6.319172076066	1	(27.6247,317.008,1.895)	15.4427	-59.2937
6.320336667087	5	(23.6221,392.242,1.895)	60.1817	-68.2769
6.325066219154	3	(27.2967,352.154,1.895)	20.3307	-61.7457
6.329642230819	0	(27.8579,292.026,1.895)	40.2051	-64.728
6.330111458793	6	(26.735,412.334,1.895)	80.3118	-72.0335
6.341651904734	4	(27.0842,374.92,1.895)	42.9556	-66.6876
6.419172076066	1	(27.6429,315.056,1.895)	15.3928	-59.2467
6.420336667087	5	(23.6408,390.241,1.895)	60.1843	-68.2785
6.425066219154	3	(27.3154,350.146,1.895)	20.326	-61.7513
6.429642230819	0	(27.8766,290.017,1.895)	40.2107	-64.7289
6.430111458793	6	(26.7536,410.335,1.895)	80.3156	-72.032
6.441651904734	4	(27.1019,373.02,1.895)	43.0581	-66.8146
6.519172076066	1	(27.6611,313.104,1.895)	15.3436	-59.1776
6.520336667087	5	(23.6595,388.237,1.895)	60.183	-68.2777
6.525066219154	3	(27.3341,348.14,1.895)	20.3235	-61.7543
6.529642230819	0	(27.8953,288.015,1.895)	40.2103	-64.7288
6.530111458793	6	(26.7723,408.335,1.895)	80.3189	-72.0306
6.541651904734	4	(27.1198,371.108,1.895)	43.1483	-66.9292
6.619172076066	1	(27.6793,311.152,1.895)	15.2875	-59.0733
6.620336667087	5	(23.6782,386.234,1.895)	60.1884	-68.2808
6.625066219154	3	(27.3528,346.137,1.895)	20.3284	-61.7484
6.629642230819	0	(27.914,286.008,1.895)	40.2083	-64.7285
6.630111458793	6	(26.791,406.329,1.895)	80.3221	-72.0293
6.641651904734	4	(27.1376,369.196,1.895)	43.2458	-67.0558
6.719172076066	1	(27.6976,309.2,1.895)	15.2295	-58.9412
6.720336667087	5	(23.6969,384.228,1.895)	60.1942	-68.2841
6.725066219154	3	(27.3715,344.133,1.895)	20.3366	-61.7384
6.729642230819	0	(27.9328,284,1.895)	40.2047	-64.728
6.730111458793	6	(26.8098,404.321,1.895)	80.3255	-72.0279
6.741651904734	4	(27.1555,367.281,1.895)	43.3414	-67.1828
6.819172076066	1	(27.7158,307.242,1.895)	15.1819	-58.818
6.820336667087	5	(23.7157,382.224,1.895)	60.1973	-68.2859
6.825066219154	3	(27.3902,342.133,1.895)	20.3429	-61.7306
6.829642230819	0	(27.9515,281.998,1.895)	40.2	-64.7272
6.830111458793	6	(26.8285,402.311,1.895)	80.3218	-72.0294
6.841651904734	4	(27.1734,365.362,1.895)	43.429	-67.3016
6.919172076066	1	(27.7341,305.287,1.895)	15.1301	-58.674
6.920336667087	5	(23.7344,380.213,1.895)	60.1946	-68.2843
6.925066219154	3	(27.4089,340.128,1.895)	20.3466	-61.7259
6.929642230819	0	(27.9702,279.993,1.895)	40.1965	-64.7267
6.930111458793	6	(26.8472,400.306,1.895)	80.3254	-72.028
6.941651904734	4	(27.1912,363.449,1.895)	43.524	-67.4329
7.019172076066	1	(27.7523,303.333,1.895)	15.0741	-58.511
7.020336667087	5	(23.7531,378.21,1.895)	60.2026	-68.2889
7.025066219154	3	(27.4276,338.121,1.895)	20.3503	-61.7212
7.029642230819	0	(27.9888,277.994,1.895)	40.1844	-64.725
7.030111458793	6	(26.866,398.297,1.895)	80.3278	-72.027
7.041651904734	4	(27.2092,361.53,1.895)	43.616	-67.5624
7.119172076066	1	(27.7706,301.375,1.895)	15.0327	-58.3895
7.120336667087	5	(23.7719,376.2,1.895)	60.1928	-68.2833
7.125066219154	3	(27.4464,336.114,1.895)	20.3443	-61.7288
7.129642230819	0	(28.0076,275.987,1.895)	40.1913	-64.726
7.130111458793	6	(26.8847,396.297,1.895)	80.3276	-72.0271
7.141651904734	4	(27.2271,359.613,1.895)	43.6992	-67.6816
7.149149505596	7	(26.6976,416.34,1.895)	100.358	-71.2042
7.219172076066	1	(27.7889,299.414,1.895)	14.9929	-58.2744
7.220336667087	5	(23.7906,374.195,1.895)	60.1893	-68.2813
7.225066219154	3	(27.4651,334.104,1.895)	20.3352	-61.7402
7.229642230819	0	(28.0263,273.984,1.895)	40.1927	-64.7262
7.230111458793	6	(26.9033,394.297,1.895)	80.3291	-72.0265
7.241651904734	4	(27.2451,357.684,1.895)	43.7718	-67.7868
7.249149505596	7	(26.7149,414.487,1.895)	100.506	-71.2308
7.319172076066	1	(27.8071,297.462,1.895)	14.9442	-58.1385
7.320336667087	5	(23.8093,372.189,1.895)	60.1861	-68.2795
7.325066219154	3	(27.4839,332.094,1.895)	20.3279	-61.7491
7.329642230819	0	(28.0449,271.985,1.895)	40.1891	-64.7256
7.330111458793	6	(26.922,392.296,1.895)	80.331	-72.0257
7.341651904734	4	(27.263,355.761,1.895)	43.8507	-67.9028
7.349149505596	7	(26.7323,412.627,1.895)	100.649	-71.2568
7.419172076066	1	(27.8254,295.503,1.895)	14.8949	-58.0093
7.420336667087	5	(23.828,370.184,1.895)	60.1906	-68.2821
7.425066219154	3	(27.5027,330.083,1.895)	20.3274	-61.7497
7.429642230819	0	(28.0636,269.981,1.895)	40.1833	-64.7248
7.430111458793	6	(26.9407,390.295,1.895)	80.3399	-72.0221
7.441651904734	4	(27.281,353.835,1.895)	43.934	-68.0268
7.449149505596	7	(26.7495,410.774,1.895)	100.806	-71.2857
7.519172076066	1	(27.8437,293.538,1.895)	14.8589	-57.9222
7.520336667087	5	(23.8468,368.177,1.895)	60.1855	-68.2791
7.525066219154	3	(27.5214,328.077,1.895)	20.3222	-61.7559
7.529642230819	0	(28.0823,267.976,1.895)	40.1864	-64.7252
7.530111458793	6	(26.9595,388.284,1.895)	80.3302	-72.026
7.541651904734	4	(27.2991,351.897,1.895)	43.9974	-68.1222
7.549149505596	7	(26.7669,408.92,1.895)	100.953	-71.3131
7.619172076066	1	(27.8621,291.576,1.895)	14.8192	-57.8346
7.620336667087	5	(23.8655,366.17,1.895)	60.1813	-68.2767
7.625066219154	3	(27.5401,326.074,1.895)	20.3224	-61.7556
7.629642230819	0	(28.101,265.97,1.895)	40.1896	-64.7257
7.630111458793	6	(26.9781,386.283,1.895)	80.3324	-72.0251
7.641651904734	4	(27.3171,349.961,1.895)	44.0643	-68.2236
7.649149505596	7	(26.7843,407.046,1.895)	101.082	-71.3374
7.719172076066	1	(27.8804,289.609,1.895)	14.7874	-57.7716
7.720336667087	5	(23.8843,364.159,1.895)	60.1688	-68.2696
7.725066219154	3	(27.5589,324.062,1.895)	20.31	-61.7701
7.729642230819	0	(28.1197,263.969,1.895)	40.1912	-64.7259
7.730111458793	6	(26.9969,384.276,1.895)	80.3243	-72.0284
7.741651904734	4	(27.3351,348.037,1.895)	44.1389	-68.3379
7.749149505596	7	(26.8017,405.186,1.895)	101.221	-71.3638
7.819172076066	1	(27.8987,287.648,1.895)	14.7476	-57.7022
7.820336667087	5	(23.903,362.156,1.895)	60.1691	-68.2697
7.825066219154	3	(27.5776,322.057,1.895)	20.3073	-61.7733
7.829642230819	0	(28.1385,261.96,1.895)	40.1985	-64.727
7.830111458793	6	(27.0156,382.265,1.895)	80.3155	-72.032
7.841651904734	4	(27.3532,346.099,1.895)	44.2039	-68.4382
7.849149505596	7	(26.8192,403.31,1.895)	101.347	-71.388
7.919172076066	1	(27.9171,285.676,1.895)	14.7112	-57.649
7.920336667087	5	(23.9217,360.147,1.895)	60.1688	-68.2696
7.925066219154	3	(27.5963,320.056,1.895)	20.3149	-61.7645
7.929642230819	0	(28.1573,259.948,1.895)	40.2009	-64.7274
7.930111458793	6	(27.0344,380.256,1.895)	80.3158	-72.0319
7.941651904734	4	(27.3712,344.166,1.895)	44.2796	-68.5559
7.949149505596	7	(26.8367,401.434,1.895)	101.481	-71.4139
8.019172076066	1	(27.9355,283.707,1.895)	14.6736	-57.6046
8.020336667087	5	(23.9404,358.147,1.895)	60.1766	-68.274
8.025066219154	3	(27.6149,318.053,1.895)	20.3194	-61.7592
8.029642230819	0	(28.1759,257.948,1.895)	40.1934	-64.7263
8.030111458793	6	(27.0532,378.244,1.895)	80.3116	-72.0336
8.041651904734	4	(27.3892,342.236,1.895)	44.3568	-68.6767
8.049149505596	7	(26.8542,399.557,1.895)	101.611	-71.4393
8.105159656343	8	(23.3976,416.3,1.895)	120.342	-77.364
8.119172076066	1	(27.9539,281.74,1.895)	14.6317	-57.5683
8.120336667087	5	(23.9591,356.142,1.895)	60.1809	-68.2765
8.125066219154	3	(27.6337,316.048,1.895)	20.3247	-61.753
8.129642230819	0	(28.1946,255.944,1.895)	40.1875	-64.7254
8.130111458793	6	(27.0719,376.235,1.895)	80.3125	-72.0332
8.141651904734	4	(27.4073,340.305,1.895)	44.4353	-68.8004
8.149149505596	7	(26.8718,397.677,1.895)	101.741	-71.465
8.205159656343	8	(23.4163,414.297,1.895)	120.347	-77.3663
8.219172076066	1	(27.9722,279.78,1.895)	14.5847	-57.5446
8.220336667087	5	(23.9778,354.138,1.895)	60.1855	-68.2791
8.225066219154	3	(27.6524,314.044,1.895)	20.3287	-61.7481
8.229642230819	0	(28.2133,253.939,1.895)	40.1841	-64.7249
8.230111458793	6	(27.0906,374.233,1.895)	80.3185	-72.0308
8.241651904734	4	(27.4253,338.372,1.895)	44.5104	-68.9193
8.249149505596	7	(26.8893,395.797,1.895)	101.869	-71.4905
8.305159656343	8	(23.435,412.29,1.895)	120.349	-77.3668
8.319172076066	1	(27.9905,277.81,1.895)	14.5483	-57.5385
8.320336667087	5	(23.9965,352.133,1.895)	60.1886	-68.2809
8.325066219154	3	(27.6711,312.035,1.895)	20.3275	-61.7495
8.329642230819	0	(28.2321,251.93,1.895)	40.1854	-64.7251
8.330111458793	6	(27.1093,372.224,1.895)	80.3172	-72.0313
8.341651904734	4	(27.4434,336.43,1.895)	44.5765	-69.0241
8.349149505596	7	(26.9069,393.92,1.895)	102	-71.5168
8.405159656343	8	(23.4537,410.284,1.895)	120.347	-77.3662
8.419172076066	1	(28.0089,275.845,1.895)	14.5096	-57.5436
8.420336667087	5	(24.0152,350.131,1.895)	60.1908	-68.2822
8.425066219154	3	(27.6899,310.026,1.895)	20.3231	-61.7548
8.429642230819	0	(28.2508,249.924,1.895)	40.1865	-64.7253
8.430111458793	6	(27.1281,370.215,1.895)	80.3131	-72.033
8.441651904734	4	(27.4615,334.49,1.895)	44.6403	-69.1257
8.449149505596	7	(26.9246,392.023,1.895)	102.107	-71.5386
8.505159656343	8	(23.4725,408.278,1.895)	120.352	-77.3683
8.519172076066	1	(28.0273,273.874,1.895)	14.4706	-57.5606
8.520336667087	5	(24.034,348.12,1.895)	60.1908	-68.2821
8.525066219154	3	(27.7085,308.025,1.895)	20.3336	-61.7421
8.529642230819	0	(28.2695,247.919,1.895)	40.181	-64.7245
8.530111458793	6	(27.1468,368.216,1.895)	80.325	-72.0282
8.541651904734	4	(27.4797,332.548,1.895)	44.7098	-69.2365
8.549149505596	7	(26.9422,390.129,1.895)	102.224	-71.5624
8.605159656343	8	(23.4912,406.273,1.895)	120.351	-77.3679
8.619172076066	1	(28.0456,271.909,1.895)	14.4326	-57.5879
8.620336667087	5	(24.0527,346.11,1.895)	60.1851	-68.2789
8.625066219154	3	(27.7273,306.014,1.895)	20.3265	-61.7508
8.629642230819	0	(28.2883,245.907,1.895)	40.1887	-64.7256
8.630111458793	6	(27.1655,366.213,1.895)	80.3257	-72.0279
8.641651904734	4	(27.4977,330.613,1.895)	44.7785	-69.3461
8.649149505596	7	(26.9599,388.241,1.895)	102.34	-71.5863
8.705159656343	8	(23.5099,404.268,1.895)	120.352	-77.3684
8.719172076066	1	(28.064,269.939,1.895)	14.3976	-57.6219
8.720336667087	5	(24.0714,344.107,1.895)	60.188	-68.2806
8.725066219154	3	(27.746,304.012,1.895)	20.3298	-61.7468
8.729642230819	0	(28.307,243.903,1.895)	40.1868	-64.7253
8.730111458793	6	(27.1842,364.207,1.895)	80.3259	-72.0278
8.741651904734	4	(27.5158,328.671,1.895)	44.8424	-69.4479
8.749149505596	7	(26.9776,386.345,1.895)	102.45	-71.6091
8.805159656343	8	(23.5286,402.268,1.895)	120.358	-77.3709
8.819172076066	1	(28.0824,267.965,1.895)	14.3668	-57.6581
8.820336667087	5	(24.0901,342.104,1.895)	60.1907	-68.2821
8.825066219154	3	(27.7648,302,1.895)	20.3242	-61.7536
8.829642230819	0	(28.3258,241.895,1.895)	40.1893	-64.7257
8.830111458793	6	(27.2029,362.205,1.895)	80.3298	-72.0262
8.841651904734	4	(27.534,326.725,1.895)	44.9022	-69.543
8.849149505596	7	(26.9952,384.453,1.895)	102.564	-71.6328
8.905159656343	8	(23.5473,400.261,1.895)	120.359	-77.3713
8.919172076066	1	(28.1008,265.992,1.895)	14.3328	-57.7041
8.920336667087	5	(24.1088,340.104,1.895)	60.1983	-68.2864
8.925066219154	3	(27.7835,299.992,1.895)	20.3242	-61.7536
8.929642230819	0	(28.3445,239.891,1.895)	40.1852	-64.7251
8.930111458793	6	(27.2216,360.2,1.895)	80.3323	-72.0252
8.941651904734	4	(27.5522,324.778,1.895)	44.9629	-69.6392
8.949149505596	7	(27.0129,382.559,1.895)	102.678	-71.6567
9.005159656343	8	(23.566,398.254,1.895)	120.363	-77.3731
9.019172076066	1	(28.1192,264.02,1.895)	14.2933	-57.7642
9.020336667087	5	(24.1275,338.103,1.895)	60.2096	-68.293
9.025066219154	3	(27.8022,297.991,1.895)	20.3344	-61.7412
9.029642230819	0	(28.3632,237.883,1.895)	40.1817	-64.7246
9.030111458793	6	(27.2403,358.19,1.895)	80.3347	-72.0242
9.041651904734	4	(27.5703,322.834,1.895)	45.0306	-69.7461
9.049149505596	7	(27.0306,380.661,1.895)	102.791	-71.6807
9.105159656343	8	(23.5847,396.251,1.895)	120.359	-77.3716
9.110420700861	9	(26.6976,416.34,1.895)	140.458	-87.7854
9.119172076066	1	(28.1377,262.042,1.895)	14.2732	-57.7972
9.120336667087	5	(24.1462,336.097,1.895)	60.2032	-68.2892
9.125066219154	3	(27.8209,295.989,1.895)	20.3322	-61.7438
9.129642230819	0	(28.3819,235.877,1.895)	40.1878	-64.7254
9.130111458793	6	(27.2591,356.181,1.895)	80.3252	-72.0281
9.141651904734	4	(27.5884,320.895,1.895)	45.0907	-69.8406
9.149149505596	7	(27.0484,378.757,1.895)	102.887	-71.7012
9.205159656343	8	(23.6035,394.241,1.895)	120.359	-77.3713
9.210420700861	9	(26.7164,414.33,1.895)	140.456	-87.7852
9.219172076066	1	(28.1561,260.068,1.895)	14.2387	-57.8562
9.220336667087	5	(24.1649,334.089,1.895)	60.204	-68.2897
9.225066219154	3	(27.8396,293.983,1.895)	20.335	-61.7405
9.229642230819	0	(28.4006,233.878,1.895)	40.1787	-64.7241
9.230111458793	6	(27.2778,354.179,1.895)	80.3311	-72.0257
9.241651904734	4	(27.6066,318.943,1.895)	45.1466	-69.9281
9.249149505596	7	(27.0662,376.845,1.895)	102.984	-71.7219
9.305159656343	8	(23.6222,392.234,1.895)	120.358	-77.371
9.310420700861	9	(26.735,412.329,1.895)	140.461	-87.7861
9.319172076066	1	(28.1745,258.099,1.895)	14.2025	-57.9199
9.320336667087	5	(24.1836,332.087,1.895)	60.2079	-68.292
9.325066219154	3	(27.8583,291.974,1.895)	20.3322	-61.7438
9.329642230819	0	(28.4193,231.874,1.895)	40.1759	-64.7237
9.330111458793	6	(27.2965,352.169,1.895)	80.328	-72.0269
9.341651904734	4	(27.6249,316.989,1.895)	45.1992	-70.0097
9.349149505596	7	(27.084,374.942,1.895)	103.087	-71.7442
9.405159656343	8	(23.641,390.224,1.895)	120.348	-77.3668
9.410420700861	9	(26.7537,410.326,1.895)	140.459	-87.7857
9.419172076066	1	(28.1929,256.127,1.895)	14.1752	-57.9684
9.420336667087	5	(24.2023,330.085,1.895)	60.2064	-68.2911
9.425066219154	3	(27.8771,289.966,1.895)	20.3246	-61.753
9.429642230819	0	(28.438,229.871,1.895)	40.1784	-64.7241
9.430111458793	6	(27.3153,350.159,1.895)	80.319	-72.0306
9.441651904734	4	(27.6432,315.03,1.895)	45.2404	-70.0733
9.449149505596	7	(27.1018,373.032,1.895)	103.178	-71.7639
9.505159656343	8	(23.6597,388.22,1.895)	120.351	-77.3677
9.510420700861	9	(26.7725,408.316,1.895)	140.456	-87.785
9.519172076066	1	(28.2114,254.15,1.895)	14.1464	-58.0186
9.520336667087	5	(24.221,328.079,1.895)	60.2073	-68.2916
9.525066219154	3	(27.8958,287.956,1.895)	20.3221	-61.756
9.529642230819	0	(28.4566,227.87,1.895)	40.1727	-64.7233
9.530111458793	6	(27.334,348.15,1.895)	80.3159	-72.0319
9.541651904734	4	(27.6614,313.07,1.895)	45.2876	-70.1456
9.549149505596	7	(27.1197,371.118,1.895)	103.27	-71.7841
9.605159656343	8	(23.6784,386.22,1.895)	120.358	-77.3711
9.610420700861	9	(26.7912,406.306,1.895)	140.454	-87.7847
9.619172076066	1	(28.2297,252.181,1.895)	14.1084	-58.0815
9.620336667087	5	(24.2397,326.076,1.895)	60.212	-68.2943
9.625066219154	3	(27.9145,285.954,1.895)	20.3271	-61.75
9.629642230819	0	(28.4754,225.858,1.895)	40.177	-64.7239
9.630111458793	6	(27.3528,346.139,1.895)	80.3124	-72.0333
9.641651904734	4	(27.6797,311.117,1.895)	45.3414	-70.2274
9.649149505596	7	(27.1375,369.207,1.895)	103.366	-71.8052
9.705159656343	8	(23.6971,384.215,1.895)	120.364	-77.3738
9.710420700861	9	(26.81,404.298,1.895)	140.456	-87.7852
9.719172076066	1	(28.2482,250.201,1.895)	14.0785	-58.1271
9.720336667087	5	(24.2584,324.074,1.895)	60.2207	-68.2993
9.725066219154	3	(27.9333,283.943,1.895)	20.3266	-61.7507
9.729642230819	0	(28.4941,223.856,1.895)	40.1686	-64.7227
9.730111458793	6	(27.3716,344.13,1.895)	80.314	-72.0326
9.741651904734	4	(27.6978,309.171,1.895)	45.4065	-70.325
9.749149505596	7	(27.1554,367.285,1.895)	103.456	-71.8248
9.805159656343	8	(23.7158,382.205,1.895)	120.362	-77.373
9.810420700861	9	(26.8287,402.297,1.895)	140.464	-87.7866
9.819172076066	1	(28.2667,248.221,1.895)	14.0509	-58.1648
9.820336667087	5	(24.2771,322.071,1.895)	60.2264	-68.3026
9.825066219154	3	(27.952,281.938,1.895)	20.3306	-61.7459
9.829642230819	0	(28.5129,221.845,1.895)	40.171	-64.7231
9.830111458793	6	(27.3903,342.118,1.895)	80.311	-72.0339
9.841651904734	4	(27.7161,307.216,1.895)	45.4602	-70.4047
9.849149505596	7	(27.1733,365.368,1.895)	103.547	-71.8452
9.905159656343	8	(23.7346,380.196,1.895)	120.356	-77.3701
9.910420700861	9	(26.8474,400.293,1.895)	140.461	-87.7861
9.919172076066	1	(28.2852,246.24,1.895)	14.0304	-58.1895
9.920336667087	5	(24.2957,320.072,1.895)	60.229	-68.3041
9.925066219154	3	(27.9708,279.929,1.895)	20.3228	-61.7552
9.929642230819	0	(28.5316,219.842,1.895)	40.1721	-64.7232
9.930111458793	6	(27.4091,340.112,1.895)	80.3074	-72.0353
9.941651904734	4	(27.7344,305.255,1.895)	45.5003	-70.4634
9.949149505596	7	(27.1913,363.444,1.895)	103.625	-71.8626
10.005159656343	8	(23.7532,378.196,1.895)	120.355	-77.3695
10.010420700861	9	(26.866,398.292,1.895)	140.46	-87.7858
10.019172076066	1	(28.3036,244.263,1.895)	14.0093	-58.2115
10.020336667087	5	(24.3144,318.07,1.895)	60.2265	-68.3027
10.025066219154	3	(27.9895,277.919,1.895)	20.313	-61.7667
10.029642230819	0	(28.5503,217.838,1.895)	40.1769	-64.7239
10.030111458793	6	(27.4278,338.106,1.895)	80.3005	-72.0381
10.041651904734	4	(27.7526,303.3,1.895)	45.5446	-70.5275
10.049149505596	7	(27.2092,361.522,1.895)	103.701	-71.8796
10.105159656343	8	(23.7719,376.196,1.895)	120.355	-77.3695
10.110420700861	9	(26.8848,396.287,1.895)	140.454	-87.7847
10.119172076066	1	(28.3221,242.29,1.895)	13.9835	-58.2332
10.120336667087	5	(24.3331,316.065,1.895)	60.2206	-68.2992
10.125066219154	3	(28.0082,275.914,1.895)	20.307	-61.7736
10.129642230819	0	(28.569,215.835,1.895)	40.18	-64.7243
10.130111458793	6	(27.4465,336.104,1.895)	80.2974	-72.0394
10.141651904734	4	(27.7709,301.34,1.895)	45.5843	-70.5844
10.149149505596	7	(27.2271,359.605,1.895)	103.784	-71.8983
10.205159656343	8	(23.7906,374.195,1.895)	120.362	-77.3726
10.210420700861	9	(26.9034,394.286,1.895)	140.461	-87.7861
10.219172076066	1	(28.3405,240.315,1.895)	13.9511	-58.2515
10.220336667087	5	(24.3518,314.064,1.895)	60.2277	-68.3034
10.225066219154	3	(28.0269,273.912,1.895)	20.3131	-61.7666
10.229642230819	0	(28.5877,213.826,1.895)	40.1814	-64.7245
10.230111458793	6	(27.4651,334.104,1.895)	80.3062	-72.0358
10.241651904734	4	(27.7893,299.375,1.895)	45.6265	-70.6441
10.249149505596	7	(27.2451,357.682,1.895)	103.87	-71.9176
10.305159656343	8	(23.8092,372.196,1.895)	120.373	-77.3774
10.310420700861	9	(26.9222,392.278,1.895)	140.463	-87.7864
10.319172076066	1	(28.359,238.332,1.895)	13.9246	-58.2582
10.320336667087	5	(24.3705,312.062,1.895)	60.2359	-68.3081
10.325066219154	3	(28.0456,271.91,1.895)	20.3208	-61.7576
10.329642230819	0	(28.6064,211.827,1.895)	40.1706	-64.723
10.330111458793	6	(27.4839,332.092,1.895)	80.3042	-72.0366
10.341651904734	4	(27.8075,297.418,1.895)	45.6793	-70.7175
10.349149505596	7	(27.263,355.765,1.895)	103.962	-71.9387
10.405159656343	8	(23.828,370.186,1.895)	120.37	-77.3761
10.410420700861	9	(26.9409,390.267,1.895)	140.46	-87.7858
10.419172076066	1	(28.3774,236.362,1.895)	13.8887	-58.2547
10.420336667087	5	(24.3892,310.056,1.895)	60.2365	-68.3084
10.425066219154	3	(28.0644,269.902,1.895)	20.3199	-61.7587
10.429642230819	0	(28.6251,209.82,1.895)	40.1698	-64.7229
10.430111458793	6	(27.5026,330.086,1.895)	80.3046	-72.0365
10.441651904734	4	(27.8259,295.455,1.895)	45.7242	-70.7789
10.449149505596	7	(27.281,353.834,1.895)	104.038	-71.9559
10.505159656343	8	(23.8468,368.175,1.895)	120.368	-77.3754
10.510420700861	9	(26.9596,388.265,1.895)	140.467	-87.7871
10.519172076066	1	(28.3958,234.386,1.895)	13.8569	-58.2389
10.520336667087	5	(24.4079,308.056,1.895)	60.2463	-68.3141
10.525066219154	3	(28.0831,267.897,1.895)	20.3242	-61.7535
10.529642230819	0	(28.6438,207.814,1.895)	40.1675	-64.7226
10.530111458793	6	(27.5214,328.078,1.895)	80.3061	-72.0359
10.541651904734	4	(27.8441,293.498,1.895)	45.7754	-70.8475
10.549149505596	7	(27.2989,351.911,1.895)	104.124	-71.9757
10.605159656343	8	(23.8655,366.174,1.895)	120.366	-77.3746
10.610420700861	9	(26.9783,386.264,1.895)	140.465	-87.7868
10.619172076066	1	(28.4143,232.402,1.895)	13.8412	-58.2266
10.620336667087	5	(24.4266,306.05,1.895)	60.2399	-68.3104
10.625066219154	3	(28.1018,265.89,1.895)	20.3177	-61.7613
10.629642230819	0	(28.6626,205.806,1.895)	40.1747	-64.7236
10.630111458793	6	(27.5401,326.07,1.895)	80.2982	-72.0391
10.641651904734	4	(27.8625,291.531,1.895)	45.8081	-70.8907
10.649149505596	7	(27.317,349.979,1.895)	104.192	-71.9914
10.705159656343	8	(23.8842,364.163,1.895)	120.365	-77.374
10.710420700861	9	(26.997,384.259,1.895)	140.469	-87.7875
10.719172076066	1	(28.4329,230.414,1.895)	13.8214	-58.207
10.720336667087	5	(24.4453,304.05,1.895)	60.2489	-68.3156
10.725066219154	3	(28.1205,263.891,1.895)	20.3269	-61.7503
10.729642230819	0	(28.6813,203.799,1.895)	40.1735	-64.7234
10.730111458793	6	(27.5589,324.058,1.895)	80.2953	-72.0403
10.741651904734	4	(27.8808,289.569,1.895)	45.8555	-70.952
10.749149505596	7	(27.3351,348.04,1.895)	104.262	-72.0075
10.805159656343	8	(23.903,362.153,1.895)	120.357	-77.3705
10.810420700861	9	(27.0157,382.257,1.895)	140.469	-87.7876
10.819172076066	1	(28.4515,228.425,1.895)	13.8087	-58.192
10.820336667087	5	(24.464,302.042,1.895)	60.2429	-68.3121
10.825066219154	3	(28.1392,261.882,1.895)	20.3201	-61.7583
10.829642230819	0	(28.7,201.798,1.895)	40.1721	-64.7232
10.830111458793	6	(27.5776,322.055,1.895)	80.2941	-72.0408
10.841651904734	4	(27.8991,287.605,1.895)	45.8928	-70.9993
10.849149505596	7	(27.3531,346.105,1.895)	104.329	-72.023
10.905159656343	8	(23.9217,360.147,1.895)	120.359	-77.3715
10.910420700861	9	(27.0345,380.246,1.895)	140.467	-87.7873
10.919172076066	1	(28.4699,226.448,1.895)	13.7779	-58.1478
10.920336667087	5	(24.4828,300.036,1.895)	60.2453	-68.3135
10.925066219154	3	(28.1579,259.881,1.895)	20.3276	-61.7495
10.929642230819	0	(28.7187,199.796,1.895)	40.1656	-64.7223
10.930111458793	6	(27.5963,320.048,1.895)	80.2957	-72.0401
10.941651904734	4	(27.9174,285.642,1.895)	45.9385	-71.0561
10.949149505596	7	(27.3711,344.176,1.895)	104.409	-72.0418
11.005159656343	8	(23.9405,358.137,1.895)	120.357	-77.3707
11.010420700861	9	(27.0532,378.241,1.895)	140.47	-87.7877
11.019172076066	1	(28.4885,224.462,1.895)	13.7555	-58.1091
11.020336667087	5	(24.5015,298.027,1.895)	60.2451	-68.3134
11.025066219154	3	(28.1766,257.875,1.895)	20.3302	-61.7463
11.029642230819	0	(28.7374,197.792,1.895)	40.1615	-64.7218
11.030111458793	6	(27.615,318.043,1.895)	80.2985	-72.039
11.041651904734	4	(27.9358,283.677,1.895)	45.9822	-71.1091
11.049149505596	7	(27.3892,342.237,1.895)	104.478	-72.058
11.105159656343	8	(23.9592,356.134,1.895)	120.36	-77.372
11.110420700861	9	(27.0719,376.239,1.895)	140.475	-87.7886
11.119172076066	1	(28.5069,222.483,1.895)	13.7294	-58.0575
11.120336667087	5	(24.5202,296.022,1.895)	60.246	-68.3139
11.125066219154	3	(28.1953,255.874,1.895)	20.3352	-61.7401
11.129642230819	0	(28.7561,195.785,1.895)	40.1617	-64.7218
11.130111458793	6	(27.6338,316.036,1.895)	80.2982	-72.0391
11.141651904734	4	(27.9542,281.708,1.895)	46.0187	-71.1522
11.149149505596	7	(27.4073,340.299,1.895)	104.547	-72.074
11.205159656343	8	(23.9778,354.132,1.895)	120.368	-77.3755
11.210420700861	9	(27.0905,374.238,1.895)	140.483	-87.7901
11.219172076066	1	(28.5255,220.494,1.895)	13.7099	-58.0146
11.220336667087	5	(24.5389,294.017,1.895)	60.2503	-68.3164
11.225066219154	3	(28.214,253.871,1.895)	20.3413	-61.7326
11.229642230819	0	(28.7749,193.775,1.895)	40.163	-64.722
11.230111458793	6	(27.6525,314.027,1.895)	80.2984	-72.039
11.241651904734	4	(27.9725,279.747,1.895)	46.0675	-71.2086
11.249149505596	7	(27.4254,338.365,1.895)	104.622	-72.0917
11.305159656343	8	(23.9966,352.124,1.895)	120.361	-77.3725
11.310420700861	9	(27.1092,372.238,1.895)	140.485	-87.7904
11.319172076066	1	(28.5441,218.504,1.895)	13.6979	-57.9867
11.320336667087	5	(24.5576,292.014,1.895)	60.249	-68.3157
11.325066219154	3	(28.2327,251.86,1.895)	20.3322	-61.7439
11.329642230819	0	(28.7936,191.765,1.895)	40.1708	-64.723
11.330111458793	6	(27.6713,312.015,1.895)	80.2884	-72.0431
11.341651904734	4	(27.9908,277.782,1.895)	46.1043	-71.2499
11.349149505596	7	(27.4435,336.42,1.895)	104.679	-72.1052
11.405159656343	8	(24.0153,350.114,1.895)	120.359	-77.3715
11.410420700861	9	(27.1279,370.232,1.895)	140.486	-87.7907
11.419172076066	1	(28.5626,216.517,1.895)	13.6792	-57.9407
11.420336667087	5	(24.5764,290.004,1.895)	60.2459	-68.3139
11.425066219154	3	(28.2514,249.86,1.895)	20.3392	-61.7352
11.429642230819	0	(28.8123,189.763,1.895)	40.1656	-64.7223
11.430111458793	6	(27.69,310.013,1.895)	80.2928	-72.0413
11.441651904734	4	(28.0093,275.803,1.895)	46.1321	-71.2804
11.449149505596	7	(27.4616,334.479,1.895)	104.744	-72.1208
11.505159656343	8	(24.0341,348.109,1.895)	120.365	-77.374
11.510420700861	9	(27.1467,368.223,1.895)	140.487	-87.7909
11.519172076066	1	(28.5811,214.533,1.895)	13.6527	-57.8713
11.520336667087	5	(24.5951,287.998,1.895)	60.251	-68.3168
11.525066219154	3	(28.2701,247.854,1.895)	20.3445	-61.7286
11.529642230819	0	(28.831,187.763,1.895)	40.1552	-64.7209
11.530111458793	6	(27.7087,308.006,1.895)	80.2972	-72.0395
11.541651904734	4	(28.0276,273.84,1.895)	46.1795	-71.3309
11.549149505596	7	(27.4797,332.546,1.895)	104.822	-72.1394
11.605159656343	8	(24.0528,346.098,1.895)	120.357	-77.3705
11.610420700861	9	(27.1655,366.213,1.895)	140.481	-87.7897
11.619172076066	1	(28.5996,212.552,1.895)	13.6312	-57.8115
11.620336667087	5	(24.6138,285.992,1.895)	60.2488	-68.3155
11.625066219154	3	(28.2888,245.85,1.895)	20.3433	-61.7301
11.629642230819	0	(28.8497,185.761,1.895)	40.1534	-64.7207
11.630111458793	6	(27.7275,305.996,1.895)	80.2908	-72.0421
11.641651904734	4	(28.046,271.87,1.895)	46.2131	-71.3656
11.649149505596	7	(27.4978,330.603,1.895)	104.883	-72.1539
11.705159656343	8	(24.0716,344.089,1.895)	120.352	-77.3682
11.710420700861	9	(27.1842,364.203,1.895)	140.474	-87.7885
11.719172076066	1	(28.6182,210.565,1.895)	13.6152	-57.7659
11.720336667087	5	(24.6325,283.989,1.895)	60.2484	-68.3153
11.725066219154	3	(28.3076,243.842,1.895)	20.3387	-61.7359
11.729642230819	0	(28.8684,183.756,1.895)	40.1553	-64.7209
11.730111458793	6	(27.7462,303.986,1.895)	80.2838	-72.045
11.741651904734	4	(28.0644,269.899,1.895)	46.2448	-71.3975
11.749149505596	7	(27.5159,328.661,1.895)	104.944	-72.1686
11.805159656343	8	(24.0903,342.089,1.895)	120.361	-77.3723
11.810420700861	9	(27.203,362.192,1.895)	140.473	-87.7882
11.819172076066	1	(28.6367,208.581,1.895)	13.5906	-57.6935
11.820336667087	5	(24.6513,281.978,1.895)	60.2476	-68.3149
11.825066219154	3	(28.3263,241.831,1.895)	20.3374	-61.7374
11.829642230819	0	(28.8871,181.752,1.895)	40.1503	-64.7203
11.830111458793	6	(27.7649,301.986,1.895)	80.2932	-72.0412
11.841651904734	4	(28.0828,267.925,1.895)	46.2806	-71.4325
11.849149505596	7	(27.5341,326.717,1.895)	105.01	-72.1844
11.905159656343	8	(24.1089,340.087,1.895)	120.364	-77.3738
11.910420700861	9	(27.2217,360.186,1.895)	140.473	-87.7882
11.919172076066	1	(28.6552,206.595,1.895)	13.5713	-57.6352
11.920336667087	5	(24.67,279.977,1.895)	60.2521	-68.3174
11.925066219154	3	(28.3451,239.82,1.895)	20.3327	-61.7433
11.929642230819	0	(28.9058,179.751,1.895)	40.1449	-64.7196
11.930111458793	6	(27.7836,299.98,1.895)	80.2927	-72.0413
11.941651904734	4	(28.1012,265.954,1.895)	46.3155	-71.4655
11.949149505596	7	(27.5522,324.778,1.895)	105.076	-72.2005
12.005159656343	8	(24.1277,338.079,1.895)	120.36	-77.3717
12.010420700861	9	(27.2404,358.184,1.895)	140.474	-87.7884
12.019172076066	1	(28.6737,204.617,1.895)	13.5477	-57.5631
12.020336667087	5	(24.6887,277.973,1.895)	60.2505	-68.3165
12.025066219154	3	(28.3639,237.809,1.895)	20.324	-61.7538
12.029642230819	0	(28.9244,177.748,1.895)	40.1448	-64.7196
12.030111458793	6	(27.8023,297.977,1.895)	80.2931	-72.0412
12.041651904734	4	(28.1196,263.979,1.895)	46.3431	-71.4909
12.049149505596	7	(27.5704,322.827,1.895)	105.128	-72.2129
12.105159656343	8	(24.1464,336.078,1.895)	120.368	-77.3754
12.110420700861	9	(27.259,356.185,1.895)	140.484	-87.7903
12.119172076066	1	(28.6921,202.639,1.895)	13.5168	-57.4685
12.120336667087	5	(24.7075,275.961,1.895)	60.2486	-68.3154
12.125066219154	3	(28.3826,235.8,1.895)	20.3249	-61.7527
12.129642230819	0	(28.9432,175.74,1.895)	40.1429	-64.7193
12.130111458793	6	(27.821,295.972,1.895)	80.2975	-72.0394
12.141651904734	4	(28.1381,262,1.895)	46.374	-71.5184
12.149149505596	7	(27.5885,320.882,1.895)	105.193	-72.2288
12.205159656343	8	(24.1651,334.072,1.895)	120.363	-77.3731
12.210420700861	9	(27.2778,354.175,1.895)	140.475	-87.7886
12.219172076066	1	(28.7106,200.656,1.895)	13.4995	-57.4159
12.220336667087	5	(24.7262,273.956,1.895)	60.2447	-68.3131
12.225066219154	3	(28.4013,233.796,1.895)	20.3218	-61.7564
12.229642230819	0	(28.962,173.73,1.895)	40.1528	-64.7206
12.230111458793	6	(27.8397,293.971,1.895)	80.2975	-72.0394
12.241651904734	4	(28.1565,260.024,1.895)	46.399	-71.54
12.249149505596	7	(27.6067,318.937,1.895)	105.248	-72.2423
12.305159656343	8	(24.1838,332.07,1.895)	120.361	-77.3725
12.310420700861	9	(27.2965,352.175,1.895)	140.475	-87.7887
12.319172076066	1	(28.7293,198.66,1.895)	13.4955	-57.4039
12.320336667087	5	(24.7448,271.957,1.895)	60.2458	-68.3138
12.325066219154	3	(28.4201,231.785,1.895)	20.3113	-61.7687
12.329642230819	0	(28.9807,171.719,1.895)	40.1635	-64.722
12.330111458793	6	(27.8584,291.967,1.895)	80.2939	-72.0409
12.341651904734	4	(28.1749,258.053,1.895)	46.4276	-71.5641
12.349149505596	7	(27.6249,316.989,1.895)	105.3	-72.255
12.405159656343	8	(24.2025,330.064,1.895)	120.366	-77.3746
12.410420700861	9	(27.3152,350.167,1.895)	140.478	-87.7892
12.419172076066	1	(28.7479,196.665,1.895)	13.48	-57.3573
12.420336667087	5	(24.7635,269.957,1.895)	60.2571	-68.3204
12.425066219154	3	(28.4388,229.783,1.895)	20.3198	-61.7588
12.429642230819	0	(28.9994,169.713,1.895)	40.1586	-64.7214
12.430111458793	6	(27.8771,289.965,1.895)	80.3026	-72.0373
12.441651904734	4	(28.1934,256.078,1.895)	46.4637	-71.5934
12.449149505596	7	(27.6431,315.032,1.895)	105.355	-72.2685
12.505159656343	8	(24.2212,328.057,1.895)	120.358	-77.3711
12.510420700861	9	(27.3339,348.166,1.895)	140.477	-87.789
12.519172076066	1	(28.7665,194.674,1.895)	13.4711	-57.3307
12.520336667087	5	(24.7823,267.947,1.895)	60.2462	-68.314
12.525066219154	3	(28.4575,227.776,1.895)	20.3125	-61.7673
12.529642230819	0	(29.0182,167.707,1.895)	40.1653	-64.7223
12.530111458793	6	(27.8958,287.96,1.895)	80.297	-72.0396
12.541651904734	4	(28.2118,254.099,1.895)	46.4836	-71.609
12.549149505596	7	(27.6614,313.078,1.895)	105.4	-72.2796
12.605159656343	8	(24.2399,326.057,1.895)	120.365	-77.3742
12.610420700861	9	(27.3527,346.155,1.895)	140.473	-87.7882
12.619172076066	1	(28.7851,192.68,1.895)	13.4586	-57.2941
12.620336667087	5	(24.801,265.942,1.895)	60.248	-68.3151
12.625066219154	3	(28.4762,225.772,1.895)	20.3151	-61.7643
12.629642230819	0	(29.0369,165.703,1.895)	40.1618	-64.7218
12.630111458793	6	(27.9146,285.949,1.895)	80.2931	-72.0412
12.641651904734	4	(28.2302,252.127,1.895)	46.5187	-71.6355
12.649149505596	7	(27.6796,311.13,1.895)	105.459	-72.294
12.705159656343	8	(24.2586,324.049,1.895)	120.364	-77.3734
12.710420700861	9	(27.3714,344.15,1.895)	140.474	-87.7884
12.719172076066	1	(28.8037,190.691,1.895)	13.443	-57.2488
12.720336667087	5	(24.8197,263.931,1.895)	60.2428	-68.3121
12.725066219154	3	(28.495,223.763,1.895)	20.3122	-61.7676
12.729642230819	0	(29.0556,163.693,1.895)	40.1666	-64.7224
12.730111458793	6	(27.9333,283.948,1.895)	80.298	-72.0392
12.741651904734	4	(28.2487,250.153,1.895)	46.5506	-71.6585
12.749149505596	7	(27.6979,309.165,1.895)	105.5	-72.3042
12.805159656343	8	(24.2774,322.043,1.895)	120.369	-77.3758
12.810420700861	9	(27.3901,342.146,1.895)	140.481	-87.7897
12.819172076066	1	(28.8223,188.692,1.895)	13.4303	-57.213
12.820336667087	5	(24.8385,261.926,1.895)	60.2493	-68.3158
12.825066219154	3	(28.5137,221.758,1.895)	20.319	-61.7597
12.829642230819	0	(29.0743,161.689,1.895)	40.1584	-64.7213
12.830111458793	6	(27.952,281.937,1.895)	80.2982	-72.0391
12.841651904734	4	(28.2672,248.17,1.895)	46.5788	-71.6781
12.849149505596	7	(27.7161,307.21,1.895)	105.556	-72.3181
12.905159656343	8	(24.2961,320.033,1.895)	120.367	-77.3751
12.910420700861	9	(27.4088,340.137,1.895)	140.481	-87.7897
12.919172076066	1	(28.8409,186.699,1.895)	13.4156	-57.1725
12.920336667087	5	(24.8571,259.924,1.895)	60.256	-68.3197
12.925066219154	3	(28.5324,219.753,1.895)	20.322	-61.7562
12.929642230819	0	(29.0931,159.682,1.895)	40.1569	-64.7211
12.930111458793	6	(27.9707,279.938,1.895)	80.3076	-72.0353
12.941651904734	4	(28.2857,246.187,1.895)	46.6051	-71.6956
12.949149505596	7	(27.7344,305.25,1.895)	105.605	-72.3303
13.005159656343	8	(24.3148,318.034,1.895)	120.368	-77.3752
13.010420700861	9	(27.4275,338.136,1.895)	140.478	-87.7893
13.019172076066	1	(28.8595,184.707,1.895)	13.4081	-57.1522
13.020336667087	5	(24.8759,257.917,1.895)	60.2482	-68.3152
13.025066219154	3	(28.5511,217.745,1.895)	20.3134	-61.7662
13.029642230819	0	(29.1118,157.671,1.895)	40.1689	-64.7228
13.030111458793	6	(27.9894,277.936,1.895)	80.3057	-72.036
13.041651904734	4	(28.3042,244.205,1.895)	46.6216	-71.7062
13.049149505596	7	(27.7526,303.3,1.895)	105.654	-72.3425
13.105159656343	8	(24.3334,316.035,1.895)	120.374	-77.3781
13.110420700861	9	(27.4463,336.125,1.895)	140.473	-87.7883
13.119172076066	1	(28.8782,182.707,1.895)	13.4025	-57.1374
13.120336667087	5	(24.8946,255.913,1.895)	60.2501	-68.3163
13.125066219154	3	(28.5699,215.737,1.895)	20.3111	-61.7689
13.129642230819	0	(29.1306,155.664,1.895)	40.1706	-64.723
13.130111458793	6	(28.008,275.935,1.895)	80.3097	-72.0344
13.141651904734	4	(28.3226,242.228,1.895)	46.65	-71.7239
13.149149505596	7	(27.7709,301.343,1.895)	105.702	-72.3545
13.205159656343	8	(24.3521,314.031,1.895)	120.379	-77.3805
13.210420700861	9	(27.4649,334.124,1.895)	140.481	-87.7897
13.219172076066	1	(28.8968,180.713,1.895)	13.3884	-57.1006
13.220336667087	5	(24.9133,253.91,1.895)	60.2559	-68.3196
13.225066219154	3	(28.5886,213.733,1.895)	20.3161	-61.7632
13.229642230819	0	(29.1493,153.657,1.895)	40.1688	-64.7228
13.230111458793	6	(28.0267,273.935,1.895)	80.3185	-72.0308
13.241651904734	4	(28.3411,240.249,1.895)	46.6797	-71.7414
13.249149505596	7	(27.7892,299.387,1.895)	105.755	-72.3679
13.305159656343	8	(24.3708,312.027,1.895)	120.381	-77.3812
13.310420700861	9	(27.4837,332.118,1.895)	140.481	-87.7897
13.319172076066	1	(28.9154,178.719,1.895)	13.3761	-57.0698
13.320336667087	5	(24.932,251.905,1.895)	60.2568	-68.3202
13.325066219154	3	(28.6073,211.732,1.895)	20.3211	-61.7572
13.329642230819	0	(29.168,151.65,1.895)	40.1688	-64.7228
13.330111458793	6	(28.0454,271.933,1.895)	80.3226	-72.0291
13.341651904734	4	(28.3596,238.273,1.895)	46.7104	-71.7586
13.349149505596	7	(27.8074,297.431,1.895)	105.806	-72.3805
13.405159656343	8	(24.3895,310.025,1.895)	120.387	-77.3839
13.410420700861	9	(27.5024,330.112,1.895)	140.482	-87.79
13.419172076066	1	(28.9339,176.734,1.895)	13.3548	-57.0186
13.420336667087	5	(24.9506,249.906,1.895)	60.2648	-68.3248
13.425066219154	3	(28.626,209.725,1.895)	20.3215	-61.7567
13.429642230819	0	(29.1868,149.643,1.895)	40.1688	-64.7228
13.430111458793	6	(28.0641,269.93,1.895)	80.3274	-72.0272
13.441651904734	4	(28.3781,236.29,1.895)	46.7349	-71.7716
13.449149505596	7	(27.8257,295.469,1.895)	105.851	-72.392
13.505159656343	8	(24.4082,308.024,1.895)	120.393	-77.3866
13.510420700861	9	(27.5211,328.111,1.895)	140.489	-87.7912
13.519172076066	1	(28.9524,174.749,1.895)	13.3336	-56.9711
13.520336667087	5	(24.9693,247.906,1.895)	60.2724	-68.3292
13.525066219154	3	(28.6447,207.718,1.895)	20.3219	-61.7562
13.529642230819	0	(29.2055,147.634,1.895)	40.1701	-64.7229
13.530111458793	6	(28.0828,267.927,1.895)	80.3319	-72.0253
13.541651904734	4	(28.3965,234.315,1.895)	46.7666	-71.7875
13.549149505596	7	(27.844,293.516,1.895)	105.905	-72.4055
13.605159656343	8	(24.4269,306.025,1.895)	120.402	-77.3906
13.610420700861	9	(27.5397,326.111,1.895)	140.497	-87.7926
13.619172076066	1	(28.9711,172.752,1.895)	13.3225	-56.9477
13.620336667087	5	(24.9881,245.896,1.895)	60.2701	-68.3279
13.625066219154	3	(28.6635,205.709,1.895)	20.321	-61.7573
13.629642230819	0	(29.2243,145.626,1.895)	40.1708	-64.723
13.630111458793	6	(28.1015,265.922,1.895)	80.3344	-72.0243
13.641651904734	4	(28.415,232.327,1.895)	46.787	-71.7971
13.649149505596	7	(27.8622,291.562,1.895)	105.959	-72.4191
13.705159656343	8	(24.4455,304.022,1.895)	120.408	-77.3932
13.710420700861	9	(27.5584,324.107,1.895)	140.502	-87.7936
13.719172076066	1	(28.9897,170.753,1.895)	13.3134	-56.9293
13.720336667087	5	(25.0068,243.888,1.895)	60.2717	-68.3288
13.725066219154	3	(28.6821,203.709,1.895)	20.3297	-61.7469
13.729642230819	0	(29.243,143.619,1.895)	40.1689	-64.7228
13.730111458793	6	(28.1203,263.911,1.895)	80.3328	-72.025
13.741651904734	4	(28.4335,230.346,1.895)	46.8143	-71.8093
13.749149505596	7	(27.8805,289.603,1.895)	106.009	-72.4319
13.805159656343	8	(24.4643,302.015,1.895)	120.41	-77.3938
13.810420700861	9	(27.5771,322.106,1.895)	140.509	-87.7948
13.819172076066	1	(29.0084,168.759,1.895)	13.2995	-56.9025
13.820336667087	5	(25.0256,241.878,1.895)	60.2699	-68.3278
13.825066219154	3	(28.7009,201.701,1.895)	20.3303	-61.7461
13.829642230819	0	(29.2617,141.612,1.895)	40.1676	-64.7226
13.830111458793	6	(28.139,261.908,1.895)	80.338	-72.0229
13.841651904734	4	(28.452,228.371,1.895)	46.8483	-71.8235
13.849149505596	7	(27.8989,287.631,1.895)	106.046	-72.4412
13.905159656343	8	(24.483,300.009,1.895)	120.413	-77.3954
13.910420700861	9	(27.5958,320.103,1.895)	140.516	-87.7961
13.919172076066	1	(29.027,166.763,1.895)	13.2856	-56.8773
13.920336667087	5	(25.0443,239.873,1.895)	60.2742	-68.3303
13.925066219154	3	(28.7196,199.701,1.895)	20.3394	-61.7349
13.929642230819	0	(29.2805,139.603,1.895)	40.1661	-64.7224
13.930111458793	6	(28.1577,259.901,1.895)	80.3403	-72.0219
13.941651904734	4	(28.4704,226.391,1.895)	46.8779	-71.8347
13.949149505596	7	(27.9172,285.665,1.895)	106.089	-72.4522
14.005159656343	8	(24.5017,298.01,1.895)	120.419	-77.3979
14.010420700861	9	(27.6145,318.096,1.895)	140.514	-87.7957
14.019172076066	1	(29.0456,164.771,1.895)	13.2727	-56.8557
14.020336667087	5	(25.063,237.868,1.895)	60.2749	-68.3307
14.025066219154	3	(28.7383,197.696,1.895)	20.34	-61.7342
14.029642230819	0	(29.2992,137.594,1.895)	40.17	-64.7229
14.030111458793	6	(28.1764,257.896,1.895)	80.3405	-72.0218
14.041651904734	4	(28.4889,224.417,1.895)	46.9091	-71.8456
14.049149505596	7	(27.9355,283.703,1.895)	106.133	-72.4634
14.105159656343	8	(24.5204,296.007,1.895)	120.418	-77.3976
14.110420700861	9	(27.6332,316.093,1.895)	140.513	-87.7956
14.119172076066	1	(29.0641,162.782,1.895)	13.26	-56.8359
14.120336667087	5	(25.0818,235.857,1.895)	60.2655	-68.3252
14.125066219154	3	(28.757,195.686,1.895)	20.332	-61.7441
14.129642230819	0	(29.318,135.584,1.895)	40.1779	-64.724
14.130111458793	6	(28.1951,255.893,1.895)	80.3399	-72.0221
14.141651904734	4	(28.5073,222.441,1.895)	46.9346	-71.8537
14.149149505596	7	(27.9539,281.737,1.895)	106.168	-72.4724
14.205159656343	8	(24.5391,293.999,1.895)	120.421	-77.3989
14.210420700861	9	(27.652,314.086,1.895)	140.517	-87.7963
14.219172076066	1	(29.0828,160.782,1.895)	13.2499	-56.8213
14.220336667087	5	(25.1005,233.853,1.895)	60.2725	-68.3293
14.225066219154	3	(28.7758,193.68,1.895)	20.3368	-61.7382
14.229642230819	0	(29.3367,133.581,1.895)	40.1701	-64.7229
14.230111458793	6	(28.2138,253.89,1.895)	80.3479	-72.0188
14.241651904734	4	(28.5259,220.452,1.895)	46.9564	-71.8601
14.249149505596	7	(27.9723,279.767,1.895)	106.209	-72.483
14.305159656343	8	(24.5578,291.992,1.895)	120.418	-77.3976
14.310420700861	9	(27.6706,312.087,1.895)	140.522	-87.7972
14.319172076066	1	(29.1013,158.796,1.895)	13.2319	-56.7977
14.320336667087	5	(25.1192,231.842,1.895)	60.266	-68.3255
14.325066219154	3	(28.7945,191.669,1.895)	20.3299	-61.7467
14.329642230819	0	(29.3553,131.581,1.895)	40.1656	-64.7223
14.330111458793	6	(28.2326,251.878,1.895)	80.3403	-72.0219
14.341651904734	4	(28.5444,218.473,1.895)	46.9815	-71.8668
14.349149505596	7	(27.9906,277.802,1.895)	106.248	-72.493
14.405159656343	8	(24.5765,289.988,1.895)	120.422	-77.3994
14.410420700861	9	(27.6893,310.087,1.895)	140.531	-87.7988
14.419172076066	1	(29.1198,156.814,1.895)	13.207	-56.7704
14.420336667087	5	(25.138,229.832,1.895)	60.2643	-68.3245
14.425066219154	3	(28.8133,189.66,1.895)	20.3291	-61.7476
14.429642230819	0	(29.3741,129.573,1.895)	40.1658	-64.7223
14.430111458793	6	(28.2513,249.874,1.895)	80.3442	-72.0203
14.441651904734	4	(28.5629,216.482,1.895)	46.999	-71.871
14.449149505596	7	(28.009,275.829,1.895)	106.283	-72.502
14.505159656343	8	(24.5953,287.982,1.895)	120.425	-77.4005
14.510420700861	9	(27.708,308.085,1.895)	140.537	-87.7998
14.519172076066	1	(29.1385,154.817,1.895)	13.1959	-56.7604
14.520336667087	5	(25.1568,227.824,1.895)	60.2643	-68.3245
14.525066219154	3	(28.8321,187.648,1.895)	20.3259	-61.7515
14.529642230819	0	(29.3927,127.573,1.895)	40.1568	-64.7211
14.530111458793	6	(28.2699,247.874,1.895)	80.3521	-72.0171
14.541651904734	4	(28.5815,214.49,1.895)	47.0157	-71.8748
14.549149505596	7	(28.0274,273.86,1.895)	106.324	-72.5123
14.605159656343	8	(24.614,285.974,1.895)	120.426	-77.4009
14.610420700861	9	(27.7267,306.077,1.895)	140.537	-87.7998
14.619172076066	1	(29.157,152.829,1.895)	13.1766	-56.7458
14.620336667087	5	(25.1755,225.815,1.895)	60.2639	-68.3243
14.625066219154	3	(28.8508,185.636,1.895)	20.3222	-61.7559
14.629642230819	0	(29.4114,125.573,1.895)	40.1493	-64.7202
14.630111458793	6	(28.2886,245.87,1.895)	80.3562	-72.0155
14.641651904734	4	(28.6001,212.503,1.895)	47.036	-71.879
14.649149505596	7	(28.0458,271.893,1.895)	106.364	-72.5227
14.705159656343	8	(24.6327,283.974,1.895)	120.425	-77.4005
14.710420700861	9	(27.7454,304.077,1.895)	140.537	-87.7997
14.719172076066	1	(29.1756,150.834,1.895)	13.1719	-56.7429
14.720336667087	5	(25.1942,223.816,1.895)	60.2645	-68.3246
14.725066219154	3	(28.8695,183.636,1.895)	20.3218	-61.7563
14.729642230819	0	(29.4302,123.563,1.895)	40.1592	-64.7215
14.730111458793	6	(28.3074,243.862,1.895)	80.3484	-72.0186
14.741651904734	4	(28.6187,210.508,1.895)	47.0414	-71.88
14.749149505596	7	(28.0642,269.923,1.895)	106.394	-72.5304
14.805159656343	8	(24.6514,281.966,1.895)	120.428	-77.4019
14.810420700861	9	(27.7641,302.077,1.895)	140.547	-87.8017
14.819172076066	1	(29.1943,148.84,1.895)	13.156	-56.7345
14.820336667087	5	(25.2129,221.811,1.895)	60.2698	-68.3277
14.825066219154	3	(28.8882,181.629,1.895)	20.3254	-61.7521
14.829642230819	0	(29.4489,121.558,1.895)	40.154	-64.7208
14.830111458793	6	(28.3261,241.857,1.895)	80.3539	-72.0164
14.841651904734	4	(28.6372,208.529,1.895)	47.0722	-71.8853
14.849149505596	7	(28.0826,267.951,1.895)	106.433	-72.5406
14.905159656343	8	(24.6702,279.957,1.895)	120.421	-77.399
14.910420700861	9	(27.7828,300.069,1.895)	140.542	-87.8006
14.919172076066	1	(29.2129,146.844,1.895)	13.1493	-56.7318
14.920336667087	5	(25.2315,219.81,1.895)	60.2722	-68.3291
14.925066219154	3	(28.9069,179.626,1.895)	20.3245	-61.7532
14.929642230819	0	(29.4676,119.555,1.895)	40.1544	-64.7208
14.930111458793	6	(28.3448,239.852,1.895)	80.3517	-72.0173
14.941651904734	4	(28.6557,206.543,1.895)	47.0891	-71.8878
14.949149505596	7	(28.1009,265.985,1.895)	106.469	-72.5499
15.005159656343	8	(24.6889,277.949,1.895)	120.418	-77.3975
15.010420700861	9	(27.8015,298.063,1.895)	140.541	-87.8004
15.019172076066	1	(29.2315,144.846,1.895)	13.143	-56.7297
15.020336667087	5	(25.2503,217.801,1.895)	60.267	-68.3261
15.025066219154	3	(28.9256,177.622,1.895)	20.3256	-61.7519
15.029642230819	0	(29.4863,117.554,1.895)	40.1504	-64.7203
15.030111458793	6	(28.3636,237.844,1.895)	80.3485	-72.0186
15.041651904734	4	(28.6742,204.56,1.895)	47.1109	-71.8905
15.049149505596	7	(28.1194,264.006,1.895)	106.495	-72.5568
15.105159656343	8	(24.7076,275.944,1.895)	120.42	-77.3984
15.110420700861	9	(27.8203,296.053,1.895)	140.538	-87.7999
15.119172076066	1	(29.2501,142.861,1.895)	13.1214	-56.7255
15.120336667087	5	(25.2691,215.789,1.895)	60.2625	-68.3235
15.125066219154	3	(28.9444,175.615,1.895)	20.3254	-61.7521
15.129642230819	0	(29.505,115.549,1.895)	40.1481	-64.72
15.130111458793	6	(28.3823,235.839,1.895)	80.3502	-72.0179
15.141651904734	4	(28.6928,202.569,1.895)	47.1265	-71.8922
15.149149505596	7	(28.1378,262.03,1.895)	106.526	-72.5647
15.205159656343	8	(24.7264,273.937,1.895)	120.424	-77.4002
15.210420700861	9	(27.839,294.05,1.895)	140.546	-87.8014
15.219172076066	1	(29.2687,140.869,1.895)	13.1027	-56.7257
15.220336667087	5	(25.2878,213.783,1.895)	60.2677	-68.3265
15.225066219154	3	(28.9631,173.603,1.895)	20.3251	-61.7524
15.229642230819	0	(29.5236,113.549,1.895)	40.1367	-64.7186
15.230111458793	6	(28.4009,233.839,1.895)	80.3624	-72.013
15.241651904734	4	(28.7114,200.577,1.895)	47.1459	-71.8939
15.249149505596	7	(28.1563,260.052,1.895)	106.56	-72.5736
15.305159656343	8	(24.7451,271.932,1.895)	120.43	-77.4029
15.310420700861	9	(27.8577,292.043,1.895)	140.55	-87.8021
15.319172076066	1	(29.2872,138.881,1.895)	13.0808	-56.7304
15.320336667087	5	(25.3066,211.772,1.895)	60.2675	-68.3264
15.325066219154	3	(28.9819,171.598,1.895)	20.3305	-61.7459
15.329642230819	0	(29.5424,111.541,1.895)	40.1345	-64.7183
15.330111458793	6	(28.4196,231.837,1.895)	80.3702	-72.0098
15.341651904734	4	(28.73,198.585,1.895)	47.1651	-71.8952
15.349149505596	7	(28.1746,258.089,1.895)	106.607	-72.5859
15.405159656343	8	(24.7638,269.929,1.895)	120.439	-77.4066
15.410420700861	9	(27.8764,290.043,1.895)	140.562	-87.8041
15.419172076066	1	(29.3058,136.885,1.895)	13.0653	-56.7366
15.420336667087	5	(25.3253,209.763,1.895)	60.2704	-68.3281
15.425066219154	3	(29.0005,169.599,1.895)	20.3429	-61.7306
15.429642230819	0	(29.5611,109.535,1.895)	40.1287	-64.7176
15.430111458793	6	(28.4383,229.836,1.895)	80.381	-72.0054
15.441651904734	4	(28.7485,196.599,1.895)	47.1901	-71.8962
15.449149505596	7	(28.193,256.123,1.895)	106.652	-72.5978
15.505159656343	8	(24.7825,267.926,1.895)	120.447	-77.4105
15.510420700861	9	(27.8951,288.031,1.895)	140.562	-87.8041
15.519172076066	1	(29.3244,134.893,1.895)	13.0458	-56.7475
15.520336667087	5	(25.344,207.76,1.895)	60.2789	-68.333
15.525066219154	3	(29.0192,167.596,1.895)	20.3514	-61.7198
15.529642230819	0	(29.5798,107.529,1.895)	40.1233	-64.717
15.530111458793	6	(28.457,227.832,1.895)	80.3891	-72.0021
15.541651904734	4	(28.767,194.615,1.895)	47.2181	-71.8967
15.549149505596	7	(28.2114,254.149,1.895)	106.69	-72.6077
15.605159656343	8	(24.8012,265.915,1.895)	120.438	-77.4065
15.610420700861	9	(27.9138,286.03,1.895)	140.562	-87.8042
15.619172076066	1	(29.3431,132.897,1.895)	13.0412	-56.7507
15.620336667087	5	(25.3627,205.76,1.895)	60.2805	-68.334
15.625066219154	3	(29.0379,165.596,1.895)	20.3539	-61.7165
15.629642230819	0	(29.5985,105.524,1.895)	40.1265	-64.7173
15.630111458793	6	(28.4757,225.825,1.895)	80.3838	-72.0043
15.641651904734	4	(28.7856,192.628,1.895)	47.2329	-71.8966
15.649149505596	7	(28.2298,252.177,1.895)	106.72	-72.6155
15.705159656343	8	(24.82,263.906,1.895)	120.44	-77.4073
15.710420700861	9	(27.9325,284.029,1.895)	140.572	-87.8059
15.719172076066	1	(29.3617,130.9,1.895)	13.0272	-56.7613
15.720336667087	5	(25.3814,203.754,1.895)	60.2853	-68.3368
15.725066219154	3	(29.0566,163.592,1.895)	20.3596	-61.7091
15.729642230819	0	(29.6172,103.523,1.895)	40.117	-64.7162
15.730111458793	6	(28.4944,223.825,1.895)	80.3941	-72.0001
15.741651904734	4	(28.8041,190.646,1.895)	47.2611	-71.8958
15.749149505596	7	(28.2482,250.204,1.895)	106.757	-72.6254
15.805159656343	8	(24.8387,261.896,1.895)	120.434	-77.4045
15.810420700861	9	(27.9512,282.022,1.895)	140.569	-87.8054
15.819172076066	1	(29.3802,128.914,1.895)	13.0099	-56.7767
15.820336667087	5	(25.4001,201.746,1.895)	60.2816	-68.3346
15.825066219154	3	(29.0753,161.587,1.895)	20.3586	-61.7104
15.829642230819	0	(29.6359,101.516,1.895)	40.1199	-64.7166
15.830111458793	6	(28.5131,221.821,1.895)	80.3941	-72.0001
15.841651904734	4	(28.8226,188.661,1.895)	47.2805	-71.8947
15.849149505596	7	(28.2666,248.231,1.895)	106.788	-72.6335
15.905159656343	8	(24.8574,259.891,1.895)	120.429	-77.4023
15.910420700861	9	(27.97,280.011,1.895)	140.557	-87.8034
15.919172076066	1	(29.3988,126.923,1.895)	13.0018	-56.7848
15.920336667087	5	(25.4189,199.741,1.895)	60.2766	-68.3317
15.925066219154	3	(29.094,159.584,1.895)	20.3555	-61.7145
15.929642230819	0	(29.6547,99.5056,1.895)	40.1303	-64.7178
15.930111458793	6	(28.5318,219.813,1.895)	80.3858	-72.0035
15.941651904734	4	(28.8411,186.676,1.895)	47.2951	-71.8937
15.949149505596	7	(28.285,246.26,1.895)	106.818	-72.6413
16.005159656343	8	(24.8762,257.88,1.895)	120.418	-77.3972
16.010420700861	9	(27.9887,278.006,1.895)	140.553	-87.8026
16.019172076066	1	(29.4175,124.918,1.895)	13.0063	-56.7802
16.020336667087	5	(25.4376,197.731,1.895)	60.2662	-68.3256
16.025066219154	3	(29.1127,157.576,1.895)	20.3477	-61.7245
16.029642230819	0	(29.6735,97.4951,1.895)	40.1409	-64.7191
16.030111458793	6	(28.5506,217.804,1.895)	80.377	-72.007
16.041651904734	4	(28.8597,184.686,1.895)	47.3051	-71.8928
16.049149505596	7	(28.3034,244.286,1.895)	106.843	-72.648
16.105159656343	8	(24.895,255.87,1.895)	120.416	-77.3964
16.110420700861	9	(28.0074,276.002,1.895)	140.556	-87.8032
16.119172076066	1	(29.4362,122.923,1.895)	12.9944	-56.7927
16.120336667087	5	(25.4563,195.731,1.895)	60.2741	-68.3302
16.125066219154	3	(29.1314,155.572,1.895)	20.3515	-61.7197
16.129642230819	0	(29.6922,95.4907,1.895)	40.1373	-64.7187
16.130111458793	6	(28.5693,215.795,1.895)	80.3761	-72.0074
16.141651904734	4	(28.8783,182.693,1.895)	47.3197	-71.8914
16.149149505596	7	(28.3219,242.309,1.895)	106.874	-72.6563
16.205159656343	8	(24.9137,253.867,1.895)	120.422	-77.3993
16.210420700861	9	(28.0261,274.002,1.895)	140.566	-87.8049
16.219172076066	1	(29.4548,120.926,1.895)	12.9816	-56.8072
16.220336667087	5	(25.4751,193.721,1.895)	60.2739	-68.3301
16.225066219154	3	(29.1501,153.568,1.895)	20.3574	-61.712
16.229642230819	0	(29.7109,93.4831,1.895)	40.1351	-64.7184
16.230111458793	6	(28.5881,213.788,1.895)	80.3787	-72.0064
16.241651904734	4	(28.8969,180.697,1.895)	47.3341	-71.8898
16.249149505596	7	(28.3404,240.329,1.895)	106.904	-72.6642
16.305159656343	8	(24.9325,251.855,1.895)	120.419	-77.3981
16.310420700861	9	(28.0448,271.992,1.895)	140.565	-87.8047
16.319172076066	1	(29.4735,118.922,1.895)	12.9774	-56.8123
16.320336667087	5	(25.4937,191.72,1.895)	60.2821	-68.3349
16.325066219154	3	(29.1688,151.563,1.895)	20.3608	-61.7076
16.329642230819	0	(29.7296,91.4768,1.895)	40.1327	-64.7181
16.330111458793	6	(28.6068,211.782,1.895)	80.3816	-72.0052
16.341651904734	4	(28.9155,178.702,1.895)	47.3473	-71.8882
16.349149505596	7	(28.3588,238.353,1.895)	106.937	-72.6728
16.405159656343	8	(24.9511,249.855,1.895)	120.422	-77.399
16.410420700861	9	(28.0636,269.984,1.895)	140.56	-87.8038
16.419172076066	1	(29.4921,116.926,1.895)	12.9707	-56.8206
16.420336667087	5	(25.5124,189.714,1.895)	60.2781	-68.3326
16.425066219154	3	(29.1875,149.56,1.895)	20.3604	-61.7081
16.429642230819	0	(29.7484,89.4673,1.895)	40.1399	-64.719
16.430111458793	6	(28.6255,209.777,1.895)	80.3787	-72.0063
16.441651904734	4	(28.9341,176.711,1.895)	47.3589	-71.8866
16.449149505596	7	(28.3773,236.369,1.895)	106.955	-72.6778
16.505159656343	8	(24.9699,247.848,1.895)	120.413	-77.3954
16.510420700861	9	(28.0822,267.985,1.895)	140.559	-87.8037
16.519172076066	1	(29.5108,114.925,1.895)	12.9726	-56.8182
16.520336667087	5	(25.5312,187.702,1.895)	60.2652	-68.325
16.525066219154	3	(29.2062,147.556,1.895)	20.3559	-61.714
16.529642230819	0	(29.7671,87.4631,1.895)	40.1452	-64.7196
16.530111458793	6	(28.6443,207.765,1.895)	80.3658	-72.0116
16.541651904734	4	(28.9527,174.72,1.895)	47.367	-71.8854
16.549149505596	7	(28.3957,234.395,1.895)	106.98	-72.6842
16.605159656343	8	(24.9886,245.84,1.895)	120.415	-77.3963
16.610420700861	9	(28.101,265.977,1.895)	140.561	-87.804
16.619172076066	1	(29.5294,112.932,1.895)	12.9573	-56.8381
16.620336667087	5	(25.5499,185.699,1.895)	60.2715	-68.3287
16.625066219154	3	(29.225,145.547,1.895)	20.3562	-61.7136
16.629642230819	0	(29.7858,85.4549,1.895)	40.1437	-64.7194
16.630111458793	6	(28.663,205.765,1.895)	80.3755	-72.0077
16.641651904734	4	(28.9713,172.725,1.895)	47.3808	-71.8832
16.649149505596	7	(28.4143,232.409,1.895)	107.004	-72.6906
16.705159656343	8	(25.0073,243.832,1.895)	120.413	-77.3952
16.710420700861	9	(28.1196,263.977,1.895)	140.567	-87.805
16.719172076066	1	(29.5481,110.928,1.895)	12.9548	-56.8415
16.720336667087	5	(25.5687,183.692,1.895)	60.2706	-68.3282
16.725066219154	3	(29.2437,143.547,1.895)	20.3614	-61.7067
16.729642230819	0	(29.8046,83.4512,1.895)	40.1417	-64.7192
16.730111458793	6	(28.6817,203.759,1.895)	80.3748	-72.0079
16.741651904734	4	(28.99,170.73,1.895)	47.3915	-71.8813
16.749149505596	7	(28.4328,230.43,1.895)	107.03	-72.6976
16.805159656343	8	(25.0261,241.825,1.895)	120.411	-77.3945
16.810420700861	9	(28.1383,261.974,1.895)	140.569	-87.8055
16.819172076066	1	(29.5667,108.938,1.895)	12.9393	-56.8634
16.820336667087	5	(25.5874,181.688,1.895)	60.2723	-68.3292
16.825066219154	3	(29.2624,141.542,1.895)	20.3631	-61.7045
16.829642230819	0	(29.8233,81.4449,1.895)	40.1421	-64.7192
16.830111458793	6	(28.7004,201.752,1.895)	80.3735	-72.0085
16.841651904734	4	(29.0086,168.737,1.895)	47.4048	-71.8789
16.849149505596	7	(28.4513,228.441,1.895)	107.048	-72.7023
16.905159656343	8	(25.0448,239.82,1.895)	120.414	-77.3959
16.910420700861	9	(28.157,259.975,1.895)	140.578	-87.8069
16.919172076066	1	(29.5853,106.942,1.895)	12.9287	-56.8792
16.920336667087	5	(25.6061,179.685,1.895)	60.2764	-68.3315
16.925066219154	3	(29.2811,139.536,1.895)	20.3638	-61.7036
16.929642230819	0	(29.842,79.4436,1.895)	40.1359	-64.7185
16.930111458793	6	(28.7192,199.74,1.895)	80.3694	-72.0101
16.941651904734	4	(29.0272,166.744,1.895)	47.4196	-71.876
16.949149505596	7	(28.4698,226.463,1.895)	107.077	-72.7102
17.005159656343	8	(25.0635,237.818,1.895)	120.419	-77.398
17.010420700861	9	(28.1757,257.97,1.895)	140.58	-87.8073
17.019172076066	1	(29.6039,104.949,1.895)	12.9146	-56.9011
17.020336667087	5	(25.6248,177.679,1.895)	60.2776	-68.3323
17.025066219154	3	(29.2998,137.532,1.895)	20.3679	-61.6982
17.029642230819	0	(29.8606,77.4438,1.895)	40.1284	-64.7176
17.030111458793	6	(28.7379,197.732,1.895)	80.3683	-72.0106
17.041651904734	4	(29.0457,164.755,1.895)	47.4373	-71.8722
17.049149505596	7	(28.4883,224.481,1.895)	107.102	-72.7169
17.105159656343	8	(25.0822,235.816,1.895)	120.418	-77.3973
17.110420700861	9	(28.1944,255.968,1.895)	140.579	-87.8071
17.119172076066	1	(29.6225,102.959,1.895)	12.9054	-56.9159
17.120336667087	5	(25.6434,175.679,1.895)	60.2785	-68.3328
17.125066219154	3	(29.3185,135.524,1.895)	20.3599	-61.7087
17.129642230819	0	(29.8794,75.4334,1.895)	40.1385	-64.7188
17.130111458793	6	(28.7567,195.721,1.895)	80.3577	-72.0148
17.141651904734	4	(29.0643,162.762,1.895)	47.4446	-71.8706
17.149149505596	7	(28.5069,222.49,1.895)	107.111	-72.7193
17.205159656343	8	(25.1009,233.807,1.895)	120.42	-77.3983
17.210420700861	9	(28.2132,253.958,1.895)	140.58	-87.8073
17.219172076066	1	(29.6412,100.955,1.895)	12.8979	-56.9281
17.220336667087	5	(25.6622,173.668,1.895)	60.2779	-68.3325
17.225066219154	3	(29.3373,133.515,1.895)	20.3624	-61.7054
17.229642230819	0	(29.8981,73.4232,1.895)	40.1376	-64.7187
17.230111458793	6	(28.7754,193.72,1.895)	80.3682	-72.0106
17.241651904734	4	(29.0829,160.767,1.895)	47.4604	-71.8669
17.249149505596	7	(28.5254,220.505,1.895)	107.137	-72.7262
17.305159656343	8	(25.1197,231.797,1.895)	120.409	-77.3935
17.310420700861	9	(28.2318,251.959,1.895)	140.58	-87.8073
17.319172076066	1	(29.6599,98.9477,1.895)	12.9057	-56.9154
17.320336667087	5	(25.6809,171.661,1.895)	60.2711	-68.3285
17.325066219154	3	(29.356,131.511,1.895)	20.3576	-61.7118
17.329642230819	0	(29.9169,71.4155,1.895)	40.1459	-64.7197
17.330111458793	6	(28.794,191.72,1.895)	80.3678	-72.0107
17.341651904734	4	(29.1016,158.772,1.895)	47.4651	-71.8657
17.349149505596	7	(28.5438,218.527,1.895)	107.159	-72.7321
17.405159656343	8	(25.1383,229.797,1.895)	120.41	-77.394
17.410420700861	9	(28.2506,249.95,1.895)	140.572	-87.8058
17.419172076066	1	(29.6785,96.9536,1.895)	12.8991	-56.9261
17.420336667087	5	(25.6997,169.65,1.895)	60.2608	-68.3225
17.425066219154	3	(29.3747,129.511,1.895)	20.3581	-61.7112
17.429642230819	0	(29.9356,69.4113,1.895)	40.1492	-64.7201
17.430111458793	6	(28.8127,189.718,1.895)	80.3669	-72.0111
17.441651904734	4	(29.1202,156.778,1.895)	47.4721	-71.864
17.449149505596	7	(28.5623,216.545,1.895)	107.178	-72.7372
17.505159656343	8	(25.157,227.794,1.895)	120.417	-77.3971
17.510420700861	9	(28.2693,247.939,1.895)	140.571	-87.8057
17.519172076066	1	(29.6972,94.9579,1.895)	12.8853	-56.9493
17.520336667087	5	(25.7184,167.648,1.895)	60.2688	-68.3271
17.525066219154	3	(29.3933,127.511,1.895)	20.3676	-61.6985
17.529642230819	0	(29.9543,67.4018,1.895)	40.1487	-64.7201
17.530111458793	6	(28.8315,187.707,1.895)	80.3651	-72.0119
17.541651904734	4	(29.1387,154.793,1.895)	47.4972	-71.8572
17.549149505596	7	(28.5809,214.557,1.895)	107.2	-72.7431
17.605159656343	8	(25.1757,225.79,1.895)	120.418	-77.3976
17.610420700861	9	(28.288,245.938,1.895)	140.576	-87.8066
17.619172076066	1	(29.7159,92.9523,1.895)	12.8855	-56.949
17.620336667087	5	(25.7371,165.644,1.895)	60.2704	-68.328
17.625066219154	3	(29.4121,125.5,1.895)	20.3624	-61.7054
17.629642230819	0	(29.9731,65.3948,1.895)	40.1502	-64.7203
17.630111458793	6	(28.8502,185.708,1.895)	80.3713	-72.0093
17.641651904734	4	(29.1573,152.799,1.895)	47.5087	-71.854
17.649149505596	7	(28.5994,212.571,1.895)	107.219	-72.7482
17.705159656343	8	(25.1945,223.784,1.895)	120.424	-77.3999
17.710420700861	9	(28.3067,243.939,1.895)	140.588	-87.8086
17.719172076066	1	(29.7346,90.9471,1.895)	12.8797	-56.9587
17.720336667087	5	(25.7558,163.636,1.895)	60.2731	-68.3297
17.725066219154	3	(29.4308,123.494,1.895)	20.3678	-61.6983
17.729642230819	0	(29.9918,63.389,1.895)	40.1449	-64.7196
17.730111458793	6	(28.8689,183.702,1.895)	80.3771	-72.007
17.741651904734	4	(29.176,150.8,1.895)	47.5207	-71.8504
17.749149505596	7	(28.6179,210.596,1.895)	107.255	-72.758
17.805159656343	8	(25.2131,221.783,1.895)	120.429	-77.4024
17.810420700861	9	(28.3254,241.93,1.895)	140.585	-87.8082
17.819172076066	1	(29.7533,88.9428,1.895)	12.8777	-56.9622
17.820336667087	5	(25.7746,161.625,1.895)	60.2689	-68.3272
17.825066219154	3	(29.4495,121.488,1.895)	20.3685	-61.6973
17.829642230819	0	(30.0106,61.3776,1.895)	40.1499	-64.7202
17.830111458793	6	(28.8876,181.696,1.895)	80.3775	-72.0068
17.841651904734	4	(29.1946,148.803,1.895)	47.5296	-71.8477
17.849149505596	7	(28.6364,208.608,1.895)	107.274	-72.763
17.905159656343	8	(25.2318,219.78,1.895)	120.433	-77.404
17.910420700861	9	(28.3442,239.923,1.895)	140.585	-87.8081
17.919172076066	1	(29.772,86.9368,1.895)	12.877	-56.9633
17.920336667087	5	(25.7934,159.614,1.895)	60.2645	-68.3246
17.925066219154	3	(29.4682,119.488,1.895)	20.3743	-61.6895
17.929642230819	0	(30.0293,59.3672,1.895)	40.1536	-64.7207
17.930111458793	6	(28.9063,179.689,1.895)	80.3775	-72.0068
17.941651904734	4	(29.2132,146.811,1.895)	47.5444	-71.8431
17.949149505596	7	(28.655,206.623,1.895)	107.295	-72.7687
18.005159656343	8	(25.2506,217.774,1.895)	120.433	-77.4042
18.010420700861	9	(28.3628,237.923,1.895)	140.591	-87.8092
18.019172076066	1	(29.7907,84.9351,1.895)	12.8722	-56.9716
18.020336667087	5	(25.8122,157.603,1.895)	60.2596	-68.3218
18.025066219154	3	(29.4869,117.484,1.895)	20.3777	-61.685
18.029642230819	0	(30.0481,57.3602,1.895)	40.1539	-64.7208
18.030111458793	6	(28.925,177.686,1.895)	80.3804	-72.0057
18.041651904734	4	(29.2318,144.814,1.895)	47.5546	-71.8397
18.049149505596	7	(28.6735,204.638,1.895)	107.317	-72.7747
18.105159656343	8	(25.2692,215.771,1.895)	120.434	-77.4046
18.110420700861	9	(28.3815,235.921,1.895)	140.593	-87.8095
18.119172076066	1	(29.8094,82.9349,1.895)	12.8691	-56.9771
18.120336667087	5	(25.8309,155.6,1.895)	60.2598	-68.3219
18.125066219154	3	(29.5056,115.476,1.895)	20.3733	-61.691
18.129642230819	0	(30.0668,55.3524,1.895)	40.1582	-64.7213
18.130111458793	6	(28.9437,175.684,1.895)	80.3827	-72.0047
18.141651904734	4	(29.2505,142.816,1.895)	47.5598	-71.838
18.149149505596	7	(28.692,202.651,1.895)	107.333	-72.779
18.205159656343	8	(25.288,213.763,1.895)	120.433	-77.4041
18.210420700861	9	(28.4002,233.916,1.895)	140.595	-87.8098
18.219172076066	1	(29.8281,80.9275,1.895)	12.8698	-56.9757
18.220336667087	5	(25.8496,153.591,1.895)	60.2582	-68.321
18.225066219154	3	(29.5244,113.472,1.895)	20.3752	-61.6883
18.229642230819	0	(30.0855,53.3498,1.895)	40.1543	-64.7208
18.230111458793	6	(28.9624,173.678,1.895)	80.3825	-72.0048
18.241651904734	4	(29.2691,140.822,1.895)	47.5726	-71.8336
18.249149505596	7	(28.7106,200.661,1.895)	107.35	-72.7836
18.305159656343	8	(25.3067,211.761,1.895)	120.434	-77.4046
18.310420700861	9	(28.4189,231.913,1.895)	140.596	-87.8099
18.319172076066	1	(29.8467,78.9322,1.895)	12.8615	-56.9903
18.320336667087	5	(25.8684,151.58,1.895)	60.2514	-68.3171
18.325066219154	3	(29.5431,111.46,1.895)	20.3678	-61.6983
18.329642230819	0	(30.1042,51.3465,1.895)	40.1536	-64.7207
18.330111458793	6	(28.9811,171.677,1.895)	80.3862	-72.0033
18.341651904734	4	(29.2876,138.834,1.895)	47.5881	-71.8281
18.349149505596	7	(28.7292,198.667,1.895)	107.359	-72.7861
18.405159656343	8	(25.3255,209.749,1.895)	120.423	-77.3998
18.410420700861	9	(28.4376,229.912,1.895)	140.595	-87.8098
18.419172076066	1	(29.8654,76.9348,1.895)	12.8582	-56.9959
18.420336667087	5	(25.887,149.58,1.895)	60.2518	-68.3172
18.425066219154	3	(29.5618,109.46,1.895)	20.3686	-61.6972
18.429642230819	0	(30.123,49.3345,1.895)	40.1648	-64.7222
18.430111458793	6	(28.9998,169.678,1.895)	80.3873	-72.0029
18.441651904734	4	(29.3063,136.832,1.895)	47.5869	-71.8285
18.449149505596	7	(28.7477,196.683,1.895)	107.376	-72.7906
18.505159656343	8	(25.3442,207.74,1.895)	120.421	-77.3988
18.510420700861	9	(28.4563,227.909,1.895)	140.599	-87.8105
18.519172076066	1	(29.8841,74.9235,1.895)	12.8623	-56.9889
18.520336667087	5	(25.9057,147.581,1.895)	60.2599	-68.322
18.525066219154	3	(29.5805,107.46,1.895)	20.3748	-61.6889
18.529642230819	0	(30.1417,47.3272,1.895)	40.165	-64.7222
18.530111458793	6	(29.0185,167.676,1.895)	80.3925	-72.0008
18.541651904734	4	(29.3249,134.841,1.895)	47.6033	-71.8224
18.549149505596	7	(28.7662,194.703,1.895)	107.404	-72.7981
18.605159656343	8	(25.363,205.731,1.895)	120.419	-77.398
18.610420700861	9	(28.4751,225.897,1.895)	140.594	-87.8097
18.619172076066	1	(29.9029,72.9168,1.895)	12.8619	-56.9895
18.620336667087	5	(25.9244,145.577,1.895)	60.2633	-68.3239
18.625066219154	3	(29.5992,105.455,1.895)	20.3768	-61.6861
18.629642230819	0	(30.1604,45.3193,1.895)	40.1659	-64.7224
18.630111458793	6	(29.0372,165.668,1.895)	80.3912	-72.0013
18.641651904734	4	(29.3436,132.844,1.895)	47.6129	-71.8188
18.649149505596	7	(28.7848,192.713,1.895)	107.421	-72.8028
18.705159656343	8	(25.3817,203.722,1.895)	120.421	-77.3989
18.710420700861	9	(28.4938,223.89,1.895)	140.598	-87.8103
18.719172076066	1	(29.9216,70.9094,1.895)	12.8589	-56.9949
18.720336667087	5	(25.9432,143.566,1.895)	60.2623	-68.3234
18.725066219154	3	(29.6179,103.449,1.895)	20.3821	-61.679
18.729642230819	0	(30.1792,43.3092,1.895)	40.1654	-64.7223
18.730111458793	6	(29.056,163.658,1.895)	80.3927	-72.0007
18.741651904734	4	(29.3622,130.843,1.895)	47.6223	-71.8151
18.749149505596	7	(28.8033,190.726,1.895)	107.444	-72.8091
18.805159656343	8	(25.4004,201.718,1.895)	120.426	-77.4012
18.810420700861	9	(28.5125,221.882,1.895)	140.6	-87.8107
18.819172076066	1	(29.9403,68.9094,1.895)	12.8494	-57.0115
18.820336667087	5	(25.9619,141.555,1.895)	60.2609	-68.3226
18.825066219154	3	(29.6366,101.449,1.895)	20.3913	-61.6662
18.829642230819	0	(30.1979,41.3091,1.895)	40.1558	-64.721
18.830111458793	6	(29.0746,161.658,1.895)	80.4022	-71.9969
18.841651904734	4	(29.3809,128.846,1.895)	47.6357	-71.8098
18.849149505596	7	(28.822,188.729,1.895)	107.457	-72.8125
18.905159656343	8	(25.4191,199.711,1.895)	120.429	-77.4025
18.910420700861	9	(28.5313,219.876,1.895)	140.603	-87.8112
18.919172076066	1	(29.9589,66.9144,1.895)	12.8356	-57.0359
18.920336667087	5	(25.9806,139.552,1.895)	60.2676	-68.3264
18.925066219154	3	(29.6553,99.4408,1.895)	20.3926	-61.6644
18.929642230819	0	(30.2166,39.3027,1.895)	40.1529	-64.7206
18.930111458793	6	(29.0934,159.647,1.895)	80.4005	-71.9976
18.941651904734	4	(29.3995,126.853,1.895)	47.6511	-71.8034
18.949149505596	7	(28.8405,186.746,1.895)	107.484	-72.8199
19.005159656343	8	(25.4378,197.712,1.895)	120.432	-77.4036
19.010420700861	9	(28.5499,217.875,1.895)	140.604	-87.8114
19.019172076066	1	(29.9776,64.9075,1.895)	12.8402	-57.0277
19.020336667087	5	(25.9994,137.545,1.895)	60.2629	-68.3237
19.025066219154	3	(29.6741,97.4334,1.895)	20.3874	-61.6717
19.029642230819	0	(30.2354,37.2928,1.895)	40.1606	-64.7216
19.030111458793	6	(29.1122,157.636,1.895)	80.3919	-72.001
19.041651904734	4	(29.4181,124.859,1.895)	47.66	-71.7997
19.049149505596	7	(28.8591,184.75,1.895)	107.49	-72.8214
19.105159656343	8	(25.4565,195.709,1.895)	120.429	-77.4025
19.110420700861	9	(28.5687,215.869,1.895)	140.599	-87.8105
19.119172076066	1	(29.9963,62.9102,1.895)	12.8371	-57.0331
19.120336667087	5	(26.0181,135.542,1.895)	60.2601	-68.3221
19.125066219154	3	(29.6927,95.4334,1.895)	20.3878	-61.671
19.129642230819	0	(30.2541,35.2834,1.895)	40.1695	-64.7228
19.130111458793	6	(29.1309,155.632,1.895)	80.388	-72.0026
19.141651904734	4	(29.4367,122.865,1.895)	47.6657	-71.7972
19.149149505596	7	(28.8777,182.753,1.895)	107.493	-72.8224
19.205159656343	8	(25.4752,193.702,1.895)	120.428	-77.4018
19.210420700861	9	(28.5874,213.86,1.895)	140.595	-87.8098
19.219172076066	1	(30.015,60.9049,1.895)	12.8371	-57.0333
19.220336667087	5	(26.0368,133.538,1.895)	60.262	-68.3232
19.225066219154	3	(29.7114,93.4286,1.895)	20.3884	-61.6702
19.229642230819	0	(30.2729,33.2747,1.895)	40.1727	-64.7233
19.230111458793	6	(29.1496,153.622,1.895)	80.3831	-72.0045
19.241651904734	4	(29.4553,120.869,1.895)	47.6757	-71.7929
19.249149505596	7	(28.8963,180.763,1.895)	107.508	-72.8266
19.305159656343	8	(25.494,191.693,1.895)	120.422	-77.3994
19.310420700861	9	(28.6062,211.851,1.895)	140.589	-87.8088
19.319172076066	1	(30.0337,58.9023,1.895)	12.8367	-57.034
19.320336667087	5	(26.0555,131.533,1.895)	60.2598	-68.3219
19.325066219154	3	(29.7301,91.4278,1.895)	20.3906	-61.6672
19.329642230819	0	(30.2916,31.264,1.895)	40.1804	-64.7244
19.330111458793	6	(29.1684,151.615,1.895)	80.3794	-72.0061
19.341651904734	4	(29.474,118.868,1.895)	47.6775	-71.7921
19.349149505596	7	(28.915,178.763,1.895)	107.512	-72.8275
19.405159656343	8	(25.5126,189.694,1.895)	120.434	-77.4047
19.410420700861	9	(28.6249,209.841,1.895)	140.59	-87.8091
19.419172076066	1	(30.0524,56.8911,1.895)	12.8366	-57.0342
19.420336667087	5	(26.0742,129.529,1.895)	60.2668	-68.326
19.425066219154	3	(29.7488,89.4237,1.895)	20.3977	-61.6571
19.429642230819	0	(30.3103,29.2618,1.895)	40.1713	-64.7231
19.430111458793	6	(29.1871,149.611,1.895)	80.3862	-72.0033
19.441651904734	4	(29.4926,116.871,1.895)	47.6914	-71.7858
19.449149505596	7	(28.9336,176.772,1.895)	107.532	-72.8331
19.505159656343	8	(25.5313,187.694,1.895)	120.445	-77.4093
19.510420700861	9	(28.6436,207.84,1.895)	140.6	-87.8107
19.519172076066	1	(30.0711,54.8962,1.895)	12.8211	-57.0615
19.520336667087	5	(26.0929,127.526,1.895)	60.2747	-68.3305
19.525066219154	3	(29.7675,87.4197,1.895)	20.4044	-61.6476
19.529642230819	0	(30.329,27.2625,1.895)	40.1598	-64.7215
19.530111458793	6	(29.2058,147.603,1.895)	80.3894	-72.002
19.541651904734	4	(29.5112,114.881,1.895)	47.7125	-71.7761
19.549149505596	7	(28.9521,174.782,1.895)	107.552	-72.8385
19.605159656343	8	(25.55,185.689,1.895)	120.448	-77.4108
19.610420700861	9	(28.6623,205.837,1.895)	140.605	-87.8116
19.619172076066	1	(30.0896,52.9065,1.895)	12.8035	-57.0923
19.620336667087	5	(26.1116,125.525,1.895)	60.2816	-68.3346
19.625066219154	3	(29.7862,85.4131,1.895)	20.4059	-61.6455
19.629642230819	0	(30.3477,25.256,1.895)	40.1584	-64.7213
19.630111458793	6	(29.2245,145.603,1.895)	80.3976	-71.9987
19.641651904734	4	(29.5298,112.885,1.895)	47.7247	-71.7703
19.649149505596	7	(28.9708,172.785,1.895)	107.563	-72.8416
19.705159656343	8	(25.5688,183.682,1.895)	120.442	-77.4079
19.710420700861	9	(28.681,203.833,1.895)	140.601	-87.8109
19.719172076066	1	(30.1084,50.8984,1.895)	12.8108	-57.0795
19.720336667087	5	(26.1303,123.514,1.895)	60.2707	-68.3282
19.725066219154	3	(29.805,83.4024,1.895)	20.3958	-61.6599
19.730111458793	6	(29.2431,143.604,1.895)	80.3989	-71.9982
19.741651904734	4	(29.5485,110.884,1.895)	47.7236	-71.7708
19.749149505596	7	(28.9893,170.795,1.895)	107.574	-72.8445
19.805159656343	8	(25.5875,181.676,1.895)	120.436	-77.4056
19.810420700861	9	(28.6997,201.832,1.895)	140.601	-87.8109
19.819172076066	1	(30.1271,48.8912,1.895)	12.8171	-57.0686
19.820336667087	5	(26.149,121.51,1.895)	60.2679	-68.3266
19.825066219154	3	(29.8237,81.3962,1.895)	20.3904	-61.6674
19.830111458793	6	(29.2619,141.596,1.895)	80.392	-72.001
19.841651904734	4	(29.5672,108.884,1.895)	47.7246	-71.7703
19.849149505596	7	(29.0079,168.809,1.895)	107.589	-72.8485
19.905159656343	8	(25.6061,179.676,1.895)	120.438	-77.4063
19.910420700861	9	(28.7184,199.821,1.895)	140.592	-87.8094
19.919172076066	1	(30.1458,46.8921,1.895)	12.8144	-57.0733
19.920336667087	5	(26.1677,119.51,1.895)	60.2701	-68.3279
19.925066219154	3	(29.8425,79.3896,1.895)	20.3856	-61.6741
19.930111458793	6	(29.2805,139.596,1.895)	80.3936	-72.0003
19.941651904734	4	(29.5858,106.884,1.895)	47.7266	-71.7694
19.949149505596	7	(29.0264,166.821,1.895)	107.602	-72.8522
20.005159656343	8	(25.6248,177.673,1.895)	120.436	-77.4056
20.010420700861	9	(28.7372,197.811,1.895)	140.584	-87.808
20.019172076066	1	(30.1645,44.8832,1.895)	12.8215	-57.0608
20.020336667087	5	(26.1864,117.507,1.895)	60.2687	-68.3271
20.025066219154	3	(29.8612,77.3808,1.895)	20.3785	-61.6838
20.030111458793	6	(29.2993,137.587,1.895)	80.386	-72.0034
20.041651904734	4	(29.6045,104.886,1.895)	47.7298	-71.7678
20.049149505596	7	(29.045,164.836,1.895)	107.619	-72.8567
20.105159656343	8	(25.6435,175.67,1.895)	120.436	-77.4055
20.110420700861	9	(28.7559,195.802,1.895)	140.577	-87.8068
20.119172076066	1	(30.1833,42.875,1.895)	12.8272	-57.0507
20.120336667087	5	(26.2051,115.507,1.895)	60.271	-68.3284
20.125066219154	3	(29.8799,75.3751,1.895)	20.3751	-61.6885
20.130111458793	6	(29.318,135.577,1.895)	80.3788	-72.0063
20.141651904734	4	(29.6232,102.884,1.895)	47.7307	-71.7674
20.149149505596	7	(29.0636,162.839,1.895)	107.625	-72.8583
20.205159656343	8	(25.6622,173.669,1.895)	120.437	-77.4059
20.210420700861	9	(28.7746,193.801,1.895)	140.578	-87.8069
20.219172076066	1	(30.202,40.8688,1.895)	12.8316	-57.043
20.220336667087	5	(26.2238,113.503,1.895)	60.2678	-68.3266
20.225066219154	3	(29.8987,73.365,1.895)	20.3669	-61.6996
20.230111458793	6	(29.3368,133.571,1.895)	80.3742	-72.0082
20.241651904734	4	(29.6418,100.892,1.895)	47.7404	-71.7626
20.249149505596	7	(29.0823,160.84,1.895)	107.627	-72.859
20.305159656343	8	(25.6809,171.667,1.895)	120.445	-77.4096
20.310420700861	9	(28.7934,191.792,1.895)	140.58	-87.8073
20.319172076066	1	(30.2208,38.8582,1.895)	12.8313	-57.0435
20.320336667087	5	(26.2425,111.501,1.895)	60.2774	-68.3322
20.325066219154	3	(29.9173,71.3657,1.895)	20.3783	-61.6841
20.330111458793	6	(29.3555,131.569,1.895)	80.3833	-72.0045
20.341651904734	4	(29.6605,98.8855,1.895)	47.7445	-71.7606
20.349149505596	7	(29.1009,158.843,1.895)	107.641	-72.8628
20.405159656343	8	(25.6996,169.66,1.895)	120.45	-77.4116
20.410420700861	9	(28.8121,189.784,1.895)	140.582	-87.8076
20.419172076066	1	(30.2395,36.8515,1.895)	12.8272	-57.0508
20.420336667087	5	(26.2612,109.49,1.895)	60.2769	-68.3319
20.425066219154	3	(29.9361,69.3552,1.895)	20.3787	-61.6836
20.430111458793	6	(29.3742,129.565,1.895)	80.3896	-72.0019
20.441651904734	4	(29.6791,96.8972,1.895)	47.767	-71.7491
20.449149505596	7	(29.1195,156.851,1.895)	107.66	-72.8681
20.505159656343	8	(25.7183,167.661,1.895)	120.458	-77.4153
20.510420700861	9	(28.8309,187.772,1.895)	140.578	-87.807
20.519172076066	1	(30.2582,34.8411,1.895)	12.8293	-57.047
20.520336667087	5	(26.2799,107.486,1.895)	60.281	-68.3342
20.525066219154	3	(29.9548,67.3532,1.895)	20.3849	-61.6751
20.530111458793	6	(29.3929,127.561,1.895)	80.3938	-72.0002
20.541651904734	4	(29.6977,94.9005,1.895)	47.7785	-71.7432
20.549149505596	7	(29.138,154.864,1.895)	107.681	-72.8737
20.605159656343	8	(25.737,165.652,1.895)	120.456	-77.4145
20.610420700861	9	(28.8497,185.76,1.895)	140.574	-87.8062
20.619172076066	1	(30.2769,32.8379,1.895)	12.8258	-57.0531
20.620336667087	5	(26.2986,105.486,1.895)	60.288	-68.3383
20.625066219154	3	(29.9735,65.3446,1.895)	20.383	-61.6777
20.630111458793	6	(29.4116,125.555,1.895)	80.395	-71.9998
20.641651904734	4	(29.7164,92.901,1.895)	47.7858	-71.7393
20.649149505596	7	(29.1567,152.864,1.895)	107.688	-72.8758
20.705159656343	8	(25.7557,163.652,1.895)	120.468	-77.4198
20.710420700861	9	(28.8684,183.756,1.895)	140.581	-87.8075
20.719172076066	1	(30.2957,30.8312,1.895)	12.8209	-57.0619
20.720336667087	5	(26.3173,103.482,1.895)	60.2962	-68.3431
20.725066219154	3	(29.9922,63.3416,1.895)	20.3918	-61.6655
20.730111458793	6	(29.4303,123.552,1.895)	80.404	-71.9961
20.741651904734	4	(29.735,90.8978,1.895)	47.7944	-71.7347
20.749149505596	7	(29.1753,150.874,1.895)	107.709	-72.8816
20.805159656343	8	(25.7744,161.652,1.895)	120.472	-77.4212
20.810420700861	9	(28.8871,181.754,1.895)	140.582	-87.8076
20.819172076066	1	(30.3144,28.8252,1.895)	12.8241	-57.0562
20.820336667087	5	(26.336,101.477,1.895)	60.294	-68.3418
20.825066219154	3	(30.011,61.3342,1.895)	20.3871	-61.672
20.830111458793	6	(29.4489,121.552,1.895)	80.4064	-71.9952
20.841651904734	4	(29.7537,88.9022,1.895)	47.8014	-71.7309
20.849149505596	7	(29.1939,148.883,1.895)	107.722	-72.885
20.905159656343	8	(25.7931,159.649,1.895)	120.475	-77.4229
20.910420700861	9	(28.9058,179.745,1.895)	140.58	-87.8073
20.919172076066	1	(30.3331,26.8213,1.895)	12.821	-57.0617
20.920336667087	5	(26.3547,99.4702,1.895)	60.2938	-68.3417
20.925066219154	3	(30.0297,59.3282,1.895)	20.3882	-61.6706
20.930111458793	6	(29.4677,119.541,1.895)	80.4026	-71.9967
20.941651904734	4	(29.7724,86.8987,1.895)	47.805	-71.729
20.949149505596	7	(29.2124,146.898,1.895)	107.743	-72.8909
21.005159656343	8	(25.8118,157.64,1.895)	120.477	-77.4234
21.010420700861	9	(28.9245,177.743,1.895)	140.588	-87.8087
21.020336667087	5	(26.3735,97.4593,1.895)	60.2934	-68.3414
21.025066219154	3	(30.0485,57.3187,1.895)	20.389	-61.6694
21.030111458793	6	(29.4864,117.534,1.895)	80.4063	-71.9952
21.041651904734	4	(29.791,84.9004,1.895)	47.8172	-71.7223
21.049149505596	7	(29.2311,144.896,1.895)	107.752	-72.8934
21.105159656343	8	(25.8305,155.637,1.895)	120.476	-77.4232
21.110420700861	9	(28.9432,175.736,1.895)	140.584	-87.808
21.120336667087	5	(26.3922,95.4543,1.895)	60.2908	-68.3399
21.125066219154	3	(30.0672,55.313,1.895)	20.3859	-61.6737
21.130111458793	6	(29.5052,115.522,1.895)	80.3968	-71.999
21.141651904734	4	(29.8098,82.893,1.895)	47.8122	-71.725
21.149149505596	7	(29.2497,142.896,1.895)	107.754	-72.8939
21.205159656343	8	(25.8493,153.629,1.895)	120.479	-77.4243
21.210420700861	9	(28.962,173.727,1.895)	140.586	-87.8084
21.220336667087	5	(26.411,93.4432,1.895)	60.2908	-68.3399
21.225066219154	3	(30.0859,53.3038,1.895)	20.3877	-61.6712
21.230111458793	6	(29.5239,113.523,1.895)	80.408	-71.9945
21.241651904734	4	(29.8284,80.8915,1.895)	47.8217	-71.7197
21.249149505596	7	(29.2685,140.889,1.895)	107.759	-72.8952
21.305159656343	8	(25.8679,151.626,1.895)	120.48	-77.425
21.310420700861	9	(28.9807,171.723,1.895)	140.586	-87.8084
21.320336667087	5	(26.4297,91.4425,1.895)	60.2941	-68.3419
21.325066219154	3	(30.1046,51.3023,1.895)	20.3902	-61.6677
21.330111458793	6	(29.5426,111.513,1.895)	80.4022	-71.9968
21.341651904734	4	(29.8472,78.8844,1.895)	47.8187	-71.7214
21.349149505596	7	(29.2871,138.896,1.895)	107.77	-72.8983
21.405159656343	8	(25.8866,149.623,1.895)	120.479	-77.4246
21.410420700861	9	(28.9994,169.722,1.895)	140.587	-87.8085
21.420336667087	5	(26.4484,89.4321,1.895)	60.2862	-68.3372
21.425066219154	3	(30.1233,49.2998,1.895)	20.3902	-61.6678
21.430111458793	6	(29.5613,109.509,1.895)	80.401	-71.9973
21.441651904734	4	(29.8658,76.8928,1.895)	47.8295	-71.7153
21.449149505596	7	(29.3057,136.898,1.895)	107.774	-72.8993
21.505159656343	8	(25.9054,147.612,1.895)	120.48	-77.4248
21.510420700861	9	(29.0181,167.714,1.895)	140.591	-87.8091
21.520336667087	5	(26.4672,87.4264,1.895)	60.2921	-68.3407
21.525066219154	3	(30.142,47.2998,1.895)	20.4015	-61.6517
21.530111458793	6	(29.5801,107.498,1.895)	80.4013	-71.9972
21.541651904734	4	(29.8845,74.8901,1.895)	47.8384	-71.7103
21.549149505596	7	(29.3243,134.904,1.895)	107.791	-72.9041
21.605159656343	8	(25.9242,145.6,1.895)	120.47	-77.4206
21.610420700861	9	(29.0369,165.703,1.895)	140.582	-87.8077
21.620336667087	5	(26.4858,85.4238,1.895)	60.2915	-68.3404
21.625066219154	3	(30.1607,45.2932,1.895)	20.3972	-61.6579
21.630111458793	6	(29.5989,105.488,1.895)	80.3937	-72.0003
21.641651904734	4	(29.9031,72.8943,1.895)	47.8447	-71.7067
21.649149505596	7	(29.343,132.907,1.895)	107.796	-72.9056
