3.104964017577	2	(23.5847,396.251,1.895)	20.329	-61.7477
3.119172076066	1	(27.0483,378.767,1.895)	37.5752	-65.982
3.129642230819	0	(27.2587,356.217,1.895)	60.1258	-68.2452
3.204964017577	2	(23.6035,394.245,1.895)	20.3249	-61.7527
3.219172076066	1	(27.0661,376.859,1.895)	37.4721	-66.0995
3.229642230819	0	(27.2775,354.208,1.895)	60.1247	-68.2446
3.304964017577	2	(23.6222,392.233,1.895)	20.3265	-61.7508
3.319172076066	1	(27.0839,374.951,1.895)	37.3702	-66.2198
3.329642230819	0	(27.2962,352.2,1.895)	60.1224	-68.2433
3.404964017577	2	(23.6409,390.229,1.895)	20.3235	-61.7543
3.419172076066	1	(27.1017,373.043,1.895)	37.2721	-66.3391
3.429642230819	0	(27.315,350.191,1.895)	60.1246	-68.2445
3.504964017577	2	(23.6596,388.23,1.895)	20.3172	-61.7619
3.519172076066	1	(27.1195,371.132,1.895)	37.177	-66.4577
3.529642230819	0	(27.3337,348.191,1.895)	60.1187	-68.2412
3.604964017577	2	(23.6783,386.222,1.895)	20.3241	-61.7537
3.619172076066	1	(27.1374,369.223,1.895)	37.0852	-66.5746
3.629642230819	0	(27.3524,346.187,1.895)	60.1224	-68.2433
3.704964017577	2	(23.697,384.22,1.895)	20.3275	-61.7495
3.719172076066	1	(27.1553,367.305,1.895)	37.0042	-66.6794
3.729642230819	0	(27.3711,344.176,1.895)	60.1338	-68.2497
3.804964017577	2	(23.7157,382.216,1.895)	20.3211	-61.7572
3.819172076066	1	(27.1732,365.387,1.895)	36.9123	-66.7996
3.829642230819	0	(27.3898,342.173,1.895)	60.1275	-68.2461
3.904964017577	2	(23.7345,380.207,1.895)	20.328	-61.749
3.919172076066	1	(27.1911,363.466,1.895)	36.8306	-66.9074
3.929642230819	0	(27.4086,340.165,1.895)	60.1326	-68.249
4.004964017577	2	(23.7532,378.199,1.895)	20.3281	-61.7489
4.019172076066	1	(27.209,361.544,1.895)	36.7452	-67.0204
4.029642230819	0	(27.4273,338.161,1.895)	60.1289	-68.2469
4.104964017577	2	(23.7719,376.195,1.895)	20.3288	-61.7479
4.119172076066	1	(27.2269,359.624,1.895)	36.6616	-67.1307
4.129642230819	0	(27.446,336.15,1.895)	60.1367	-68.2513
4.141651904734	4	(26.6976,416.34,1.895)	20.057	-61.9179
4.204964017577	2	(23.7906,374.195,1.895)	20.3192	-61.7595
4.219172076066	1	(27.2449,357.699,1.895)	36.5778	-67.2406
4.229642230819	0	(27.4648,334.139,1.895)	60.138	-68.2521
4.241651904734	4	(26.7149,414.487,1.895)	20.2134	-61.8625
4.304964017577	2	(23.8093,372.186,1.895)	20.3245	-61.7532
4.319172076066	1	(27.2629,355.772,1.895)	36.4998	-67.3416
4.329642230819	0	(27.4835,332.14,1.895)	60.1327	-68.2491
4.341651904734	4	(26.7323,412.622,1.895)	20.3522	-61.7187
4.404964017577	2	(23.8281,370.179,1.895)	20.3223	-61.7558
4.419172076066	1	(27.2808,353.852,1.895)	36.4112	-67.4541
4.429642230819	0	(27.5022,330.134,1.895)	60.1298	-68.2474
4.441651904734	4	(26.7497,410.762,1.895)	20.5017	-61.4985
4.504964017577	2	(23.8468,368.169,1.895)	20.3288	-61.7479
4.519172076066	1	(27.2989,351.92,1.895)	36.3405	-67.5418
4.529642230819	0	(27.5209,328.127,1.895)	60.1342	-68.2499
4.541651904734	4	(26.7671,408.897,1.895)	20.6393	-61.2682
4.604964017577	2	(23.8656,366.162,1.895)	20.3272	-61.7499
4.619172076066	1	(27.3168,349.993,1.895)	36.2576	-67.6411
4.629642230819	0	(27.5397,326.117,1.895)	60.1349	-68.2503
4.641651904734	4	(26.7844,407.037,1.895)	20.789	-61.0194
4.704964017577	2	(23.8843,364.154,1.895)	20.3226	-61.7554
4.719172076066	1	(27.3348,348.063,1.895)	36.1756	-67.7353
4.729642230819	0	(27.5584,324.113,1.895)	60.1265	-68.2456
4.741651904734	4	(26.802,405.158,1.895)	20.9217	-60.8213
4.804964017577	2	(23.903,362.151,1.895)	20.3158	-61.7634
4.819172076066	1	(27.3528,346.136,1.895)	36.0923	-67.8259
4.829642230819	0	(27.5771,322.112,1.895)	60.1168	-68.2401
4.841651904734	4	(26.8194,403.286,1.895)	21.0601	-60.652
4.904964017577	2	(23.9217,360.151,1.895)	20.3098	-61.7704
4.919172076066	1	(27.3708,344.206,1.895)	36.0165	-67.903
4.929642230819	0	(27.5957,320.112,1.895)	60.1121	-68.2374
4.941651904734	4	(26.8369,401.412,1.895)	21.1914	-60.5355
5.004964017577	2	(23.9404,358.14,1.895)	20.3185	-61.7603
5.019172076066	1	(27.3889,342.276,1.895)	35.9449	-67.9706
5.029642230819	0	(27.6144,318.108,1.895)	60.1138	-68.2384
5.041651904734	4	(26.8545,399.527,1.895)	21.3093	-60.4719
5.104964017577	2	(23.9592,356.129,1.895)	20.3305	-61.7459
5.119172076066	1	(27.4069,340.338,1.895)	35.8828	-68.0246
5.120336667087	5	(23.3976,416.3,1.895)	40.2486	-64.7351
5.129642230819	0	(27.6332,316.102,1.895)	60.1208	-68.2424
5.141651904734	4	(26.8721,397.644,1.895)	21.4257	-60.4493
5.204964017577	2	(23.978,354.121,1.895)	20.3308	-61.7456
5.219172076066	1	(27.425,338.403,1.895)	35.81	-68.082
5.220336667087	5	(23.4163,414.295,1.895)	40.2508	-64.7355
5.229642230819	0	(27.6519,314.091,1.895)	60.1234	-68.2438
5.241651904734	4	(26.8896,395.772,1.895)	21.5609	-60.4743
5.304964017577	2	(23.9967,352.114,1.895)	20.3343	-61.7413
5.319172076066	1	(27.4432,336.457,1.895)	35.7531	-68.1219
5.320336667087	5	(23.435,412.295,1.895)	40.2538	-64.736
5.329642230819	0	(27.6707,312.08,1.895)	60.1316	-68.2484
5.341651904734	4	(26.9072,393.885,1.895)	21.6772	-60.5397
5.404964017577	2	(24.0154,350.11,1.895)	20.3337	-61.7421
5.419172076066	1	(27.4613,334.513,1.895)	35.692	-68.1597
5.420336667087	5	(23.4537,410.294,1.895)	40.2583	-64.7368
5.429642230819	0	(27.6894,310.071,1.895)	60.1349	-68.2503
5.441651904734	4	(26.9247,392.005,1.895)	21.8022	-60.6539
5.504964017577	2	(24.0342,348.099,1.895)	20.3443	-61.7288
5.519172076066	1	(27.4795,332.565,1.895)	35.6408	-68.1871
5.520336667087	5	(23.4723,408.294,1.895)	40.2582	-64.7368
5.529642230819	0	(27.7081,308.067,1.895)	60.1395	-68.2529
5.541651904734	4	(26.9424,390.112,1.895)	21.9093	-60.7865
5.604964017577	2	(24.0529,346.091,1.895)	20.3419	-61.7318
5.619172076066	1	(27.4976,330.628,1.895)	35.567	-68.2192
5.620336667087	5	(23.4911,406.282,1.895)	40.2567	-64.7365
5.629642230819	0	(27.7268,306.064,1.895)	60.1325	-68.249
5.641651904734	4	(26.96,388.227,1.895)	22.034	-60.9784
5.704964017577	2	(24.0716,344.089,1.895)	20.335	-61.7404
5.719172076066	1	(27.5157,328.684,1.895)	35.5017	-68.2401
5.720336667087	5	(23.5098,404.281,1.895)	40.2653	-64.7381
5.729642230819	0	(27.7456,304.056,1.895)	60.1312	-68.2482
5.741651904734	4	(26.9777,386.327,1.895)	22.1436	-61.1775
5.804964017577	2	(24.0903,342.084,1.895)	20.3381	-61.7366
5.819172076066	1	(27.5339,326.733,1.895)	35.4514	-68.2512
5.820336667087	5	(23.5285,402.277,1.895)	40.2617	-64.7374
5.829642230819	0	(27.7644,302.044,1.895)	60.1417	-68.2542
5.841651904734	4	(26.9955,384.425,1.895)	22.2428	-61.3793
5.904964017577	2	(24.1091,340.073,1.895)	20.3414	-61.7324
5.919172076066	1	(27.5521,324.783,1.895)	35.3925	-68.2584
5.920336667087	5	(23.5472,400.267,1.895)	40.2602	-64.7372
5.929642230819	0	(27.7831,300.041,1.895)	60.1364	-68.2512
5.941651904734	4	(27.0131,382.532,1.895)	22.3589	-61.6364
6.004964017577	2	(24.1278,338.07,1.895)	20.3351	-61.7403
6.019172076066	1	(27.5703,322.838,1.895)	35.3291	-68.259
6.020336667087	5	(23.566,398.258,1.895)	40.2607	-64.7373
6.029642230819	0	(27.8017,298.041,1.895)	60.1271	-68.2459
6.041651904734	4	(27.0309,380.632,1.895)	22.4676	-61.8924
6.104964017577	2	(24.1465,336.066,1.895)	20.335	-61.7404
6.119172076066	1	(27.5884,320.901,1.895)	35.2619	-68.2514
6.120336667087	5	(23.5847,396.252,1.895)	40.2585	-64.7369
6.129642230819	0	(27.8204,296.037,1.895)	60.1268	-68.2458
6.130111458793	6	(26.6976,416.34,1.895)	60.1815	-68.2768
6.141651904734	4	(27.0486,378.729,1.895)	22.5682	-62.1369
6.204964017577	2	(24.1651,334.066,1.895)	20.3293	-61.7474
6.219172076066	1	(27.6065,318.953,1.895)	35.2041	-68.238
6.220336667087	5	(23.6034,394.252,1.895)	40.2651	-64.738
6.229642230819	0	(27.8391,294.034,1.895)	60.1238	-68.2441
6.230111458793	6	(26.7163,414.341,1.895)	60.1884	-68.2808
6.241651904734	4	(27.0664,376.829,1.895)	22.6748	-62.3971
6.304964017577	2	(24.1838,332.063,1.895)	20.3307	-61.7457
6.319172076066	1	(27.6247,317.008,1.895)	35.147	-68.2185
6.320336667087	5	(23.6221,392.242,1.895)	40.2561	-64.7364
6.329642230819	0	(27.8579,292.026,1.895)	60.1305	-68.2479
6.330111458793	6	(26.735,412.334,1.895)	60.1829	-68.2777
6.341651904734	4	(27.0842,374.92,1.895)	22.7675	-62.6186
6.404964017577	2	(24.2025,330.06,1.895)	20.326	-61.7513
6.419172076066	1	(27.6429,315.056,1.895)	35.0911	-68.1934
6.420336667087	5	(23.6408,390.241,1.895)	40.2635	-64.7377
6.429642230819	0	(27.8766,290.017,1.895)	60.1314	-68.2483
6.430111458793	6	(26.7536,410.335,1.895)	60.1914	-68.2825
6.441651904734	4	(27.1019,373.02,1.895)	22.8751	-62.8618
6.504964017577	2	(24.2212,328.057,1.895)	20.3235	-61.7543
6.519172076066	1	(27.6611,313.104,1.895)	35.0383	-68.1641
6.520336667087	5	(23.6595,388.237,1.895)	40.2647	-64.738
6.529642230819	0	(27.8953,288.015,1.895)	60.1285	-68.2467
6.530111458793	6	(26.7723,408.335,1.895)	60.1973	-68.2859
6.541651904734	4	(27.1198,371.108,1.895)	22.9682	-63.0536
6.604964017577	2	(24.24,326.048,1.895)	20.3284	-61.7484
6.619172076066	1	(27.6793,311.152,1.895)	34.9858	-68.1299
6.620336667087	5	(23.6782,386.234,1.895)	40.2651	-64.738
6.629642230819	0	(27.914,286.008,1.895)	60.1314	-68.2483
6.630111458793	6	(26.791,406.329,1.895)	60.1955	-68.2848
6.641651904734	4	(27.1376,369.196,1.895)	23.0609	-63.2217
6.704964017577	2	(24.2587,324.036,1.895)	20.3366	-61.7384
6.719172076066	1	(27.6976,309.2,1.895)	34.9347	-68.0916
6.720336667087	5	(23.6969,384.228,1.895)	40.2626	-64.7376
6.729642230819	0	(27.9328,284,1.895)	60.136	-68.251
6.730111458793	6	(26.8098,404.321,1.895)	60.1906	-68.2821
6.741651904734	4	(27.1555,367.281,1.895)	23.1485	-63.3544
6.804964017577	2	(24.2775,322.029,1.895)	20.3429	-61.7306
6.819172076066	1	(27.7158,307.242,1.895)	34.8923	-68.0562
6.820336667087	5	(23.7157,382.224,1.895)	40.2593	-64.737
6.829642230819	0	(27.9515,281.998,1.895)	60.1377	-68.2519
6.830111458793	6	(26.8285,402.311,1.895)	60.1806	-68.2763
6.841651904734	4	(27.1734,365.362,1.895)	23.23	-63.452
6.904964017577	2	(24.2962,320.021,1.895)	20.3466	-61.7259
6.919172076066	1	(27.7341,305.287,1.895)	34.843	-68.0112
6.920336667087	5	(23.7344,380.213,1.895)	40.2529	-64.7359
6.929642230819	0	(27.9702,279.993,1.895)	60.138	-68.2521
6.930111458793	6	(26.8472,400.306,1.895)	60.1803	-68.2762
6.941651904734	4	(27.1912,363.449,1.895)	23.3215	-63.5292
7.004964017577	2	(24.315,318.01,1.895)	20.3503	-61.7212
7.019172076066	1	(27.7523,303.333,1.895)	34.7893	-67.9572
7.020336667087	5	(23.7531,378.21,1.895)	40.2573	-64.7366
7.029642230819	0	(27.9888,277.994,1.895)	60.1296	-68.2473
7.030111458793	6	(26.866,398.297,1.895)	60.1791	-68.2754
7.041651904734	4	(27.2092,361.53,1.895)	23.41	-63.5697
7.104964017577	2	(24.3337,316.01,1.895)	20.3443	-61.7288
7.119172076066	1	(27.7706,301.375,1.895)	34.7408	-67.9043
7.120336667087	5	(23.7719,376.2,1.895)	40.2535	-64.736
7.129642230819	0	(28.0076,275.987,1.895)	60.1304	-68.2478
7.130111458793	6	(26.8847,396.297,1.895)	60.185	-68.2788
7.141651904734	4	(27.2271,359.613,1.895)	23.4996	-63.5767
7.149149505596	7	(26.6976,416.34,1.895)	80.2293	-72.0675
7.204964017577	2	(24.3523,314.008,1.895)	20.3352	-61.7402
7.219172076066	1	(27.7889,299.414,1.895)	34.6908	-67.8459
7.220336667087	5	(23.7906,374.195,1.895)	40.2592	-64.737
7.229642230819	0	(28.0263,273.984,1.895)	60.1226	-68.2434
7.230111458793	6	(26.9033,394.297,1.895)	60.1956	-68.2849
7.241651904734	4	(27.2451,357.684,1.895)	23.5816	-63.5543
7.249149505596	7	(26.7149,414.487,1.895)	80.3866	-72.0032
7.304964017577	2	(24.371,312.006,1.895)	20.3279	-61.7491
7.319172076066	1	(27.8071,297.462,1.895)	34.6335	-67.7741
7.320336667087	5	(23.8093,372.189,1.895)	40.2634	-64.7377
7.329642230819	0	(28.0449,271.985,1.895)	60.1116	-68.2371
7.330111458793	6	(26.922,392.296,1.895)	60.205	-68.2903
7.341651904734	4	(27.263,355.761,1.895)	23.6681	-63.5032
7.349149505596	7	(26.7323,412.627,1.895)	80.5366	-71.9433
7.404964017577	2	(24.3898,309.996,1.895)	20.3274	-61.7497
7.419172076066	1	(27.8254,295.503,1.895)	34.5823	-67.706
7.420336667087	5	(23.828,370.184,1.895)	40.2684	-64.7386
7.429642230819	0	(28.0636,269.981,1.895)	60.1052	-68.2335
7.430111458793	6	(26.9407,390.295,1.895)	60.2144	-68.2957
7.441651904734	4	(27.281,353.835,1.895)	23.7522	-63.4295
7.449149505596	7	(26.7495,410.774,1.895)	80.6944	-71.8817
7.504964017577	2	(24.4085,307.994,1.895)	20.3222	-61.7559
7.519172076066	1	(27.8437,293.538,1.895)	34.5401	-67.6471
7.520336667087	5	(23.8468,368.177,1.895)	40.2685	-64.7387
7.529642230819	0	(28.0823,267.976,1.895)	60.1031	-68.2324
7.530111458793	6	(26.9595,388.284,1.895)	60.21	-68.2932
7.541651904734	4	(27.2991,351.897,1.895)	23.8211	-63.3541
7.549149505596	7	(26.7669,408.92,1.895)	80.8469	-71.8237
7.604964017577	2	(24.4272,305.992,1.895)	20.3224	-61.7556
7.619172076066	1	(27.8621,291.576,1.895)	34.4997	-67.5885
7.620336667087	5	(23.8655,366.17,1.895)	40.2641	-64.7378
7.629642230819	0	(28.101,265.97,1.895)	60.1066	-68.2343
7.630111458793	6	(26.9781,386.283,1.895)	60.2119	-68.2942
7.641651904734	4	(27.3171,349.961,1.895)	23.8878	-63.2702
7.649149505596	7	(26.7843,407.046,1.895)	80.9755	-71.7759
7.704964017577	2	(24.4458,303.992,1.895)	20.31	-61.7701
7.719172076066	1	(27.8804,289.609,1.895)	34.4545	-67.5206
7.720336667087	5	(23.8843,364.159,1.895)	40.2642	-64.7379
7.729642230819	0	(28.1197,263.969,1.895)	60.0956	-68.2281
7.730111458793	6	(26.9969,384.276,1.895)	60.2164	-68.2968
7.741651904734	4	(27.3351,348.037,1.895)	23.9753	-63.1477
7.749149505596	7	(26.8017,405.186,1.895)	81.1272	-71.7206
7.804964017577	2	(24.4645,301.99,1.895)	20.3073	-61.7733
7.819172076066	1	(27.8987,287.648,1.895)	34.4109	-67.4528
7.820336667087	5	(23.903,362.156,1.895)	40.2672	-64.7384
7.829642230819	0	(28.1385,261.96,1.895)	60.1001	-68.2307
7.830111458793	6	(27.0156,382.265,1.895)	60.2103	-68.2934
7.841651904734	4	(27.3532,346.099,1.895)	24.0432	-63.0452
7.849149505596	7	(26.8192,403.31,1.895)	81.256	-71.6748
7.904964017577	2	(24.4833,299.981,1.895)	20.3149	-61.7645
7.919172076066	1	(27.9171,285.676,1.895)	34.3813	-67.4055
7.920336667087	5	(23.9217,360.147,1.895)	40.2593	-64.737
7.929642230819	0	(28.1573,259.948,1.895)	60.1102	-68.2364
7.930111458793	6	(27.0344,380.256,1.895)	60.2029	-68.2891
7.941651904734	4	(27.3712,344.166,1.895)	24.1114	-62.9378
7.949149505596	7	(26.8367,401.434,1.895)	81.382	-71.6308
8.004964017577	2	(24.502,297.973,1.895)	20.3194	-61.7592
8.019172076066	1	(27.9355,283.707,1.895)	34.3472	-67.35
8.020336667087	5	(23.9404,358.147,1.895)	40.2625	-64.7376
8.029642230819	0	(28.1759,257.948,1.895)	60.1073	-68.2347
8.030111458793	6	(27.0532,378.244,1.895)	60.1942	-68.2841
8.041651904734	4	(27.3892,342.236,1.895)	24.1842	-62.8207
8.049149505596	7	(26.8542,399.557,1.895)	81.5074	-71.588
8.104964017577	2	(24.5208,295.963,1.895)	20.3247	-61.753
8.105159656343	8	(23.3976,416.3,1.895)	100.341	-71.2011
8.119172076066	1	(27.9539,281.74,1.895)	34.3095	-67.2873
8.120336667087	5	(23.9591,356.142,1.895)	40.2615	-64.7374
8.129642230819	0	(28.1946,255.944,1.895)	60.1067	-68.2344
8.130111458793	6	(27.0719,376.235,1.895)	60.1898	-68.2816
8.141651904734	4	(27.4073,340.305,1.895)	24.2577	-62.7017
8.149149505596	7	(26.8718,397.677,1.895)	81.6323	-71.5462
8.204964017577	2	(24.5395,293.955,1.895)	20.3287	-61.7481
8.205159656343	8	(23.4163,414.297,1.895)	100.343	-71.2014
8.219172076066	1	(27.9722,279.78,1.895)	34.2655	-67.2123
8.220336667087	5	(23.9778,354.138,1.895)	40.2619	-64.7375
8.229642230819	0	(28.2133,253.939,1.895)	60.1074	-68.2348
8.230111458793	6	(27.0906,374.233,1.895)	60.1916	-68.2826
8.241651904734	4	(27.4253,338.372,1.895)	24.3288	-62.5875
8.249149505596	7	(26.8893,395.797,1.895)	81.7565	-71.5054
8.304964017577	2	(24.5583,291.947,1.895)	20.3275	-61.7495
8.305159656343	8	(23.435,412.29,1.895)	100.345	-71.2018
8.319172076066	1	(27.9905,277.81,1.895)	34.2269	-67.1453
8.320336667087	5	(23.9965,352.133,1.895)	40.2662	-64.7382
8.329642230819	0	(28.2321,251.93,1.895)	60.1076	-68.2349
8.330111458793	6	(27.1093,372.224,1.895)	60.1915	-68.2826
8.341651904734	4	(27.4434,336.43,1.895)	24.3963	-62.4817
8.349149505596	7	(26.9069,393.92,1.895)	81.8883	-71.4631
8.404964017577	2	(24.577,289.943,1.895)	20.3231	-61.7548
8.405159656343	8	(23.4537,410.284,1.895)	100.348	-71.2023
8.419172076066	1	(28.0089,275.845,1.895)	34.1827	-67.0671
8.420336667087	5	(24.0152,350.131,1.895)	40.2729	-64.7395
8.429642230819	0	(28.2508,249.924,1.895)	60.1041	-68.233
8.430111458793	6	(27.1281,370.215,1.895)	60.1919	-68.2828
8.441651904734	4	(27.4615,334.49,1.895)	24.4648	-62.3776
8.449149505596	7	(26.9246,392.023,1.895)	82.0007	-71.4278
8.504964017577	2	(24.5957,287.932,1.895)	20.3336	-61.7421
8.505159656343	8	(23.4725,408.278,1.895)	100.342	-71.2013
8.519172076066	1	(28.0273,273.874,1.895)	34.1533	-67.0144
8.520336667087	5	(24.034,348.12,1.895)	40.2623	-64.7375
8.529642230819	0	(28.2695,247.919,1.895)	60.1092	-68.2358
8.530111458793	6	(27.1468,368.216,1.895)	60.1931	-68.2835
8.541651904734	4	(27.4797,332.548,1.895)	24.5238	-62.2916
8.549149505596	7	(26.9422,390.129,1.895)	82.1067	-71.3951
8.604964017577	2	(24.6144,285.928,1.895)	20.3265	-61.7508
8.605159656343	8	(23.4912,406.273,1.895)	100.348	-71.2024
8.619172076066	1	(28.0456,271.909,1.895)	34.107	-66.9302
8.620336667087	5	(24.0527,346.11,1.895)	40.2638	-64.7378
8.629642230819	0	(28.2883,245.907,1.895)	60.1098	-68.2361
8.630111458793	6	(27.1655,366.213,1.895)	60.2011	-68.2881
8.641651904734	4	(27.4977,330.613,1.895)	24.6	-62.1866
8.649149505596	7	(26.9599,388.241,1.895)	82.2304	-71.3576
8.704964017577	2	(24.6332,283.922,1.895)	20.3298	-61.7468
8.705159656343	8	(23.5099,404.268,1.895)	100.346	-71.202
8.719172076066	1	(28.064,269.939,1.895)	34.0744	-66.8701
8.720336667087	5	(24.0714,344.107,1.895)	40.2633	-64.7377
8.729642230819	0	(28.307,243.903,1.895)	60.1112	-68.2369
8.730111458793	6	(27.1842,364.207,1.895)	60.1979	-68.2862
8.741651904734	4	(27.5158,328.671,1.895)	24.6607	-62.1082
8.749149505596	7	(26.9776,386.345,1.895)	82.3369	-71.3261
8.804964017577	2	(24.6519,281.916,1.895)	20.3242	-61.7536
8.805159656343	8	(23.5286,402.268,1.895)	100.358	-71.2041
8.819172076066	1	(28.0824,267.965,1.895)	34.037	-66.8006
8.820336667087	5	(24.0901,342.104,1.895)	40.2717	-64.7392
8.829642230819	0	(28.3258,241.895,1.895)	60.108	-68.2352
8.830111458793	6	(27.2029,362.205,1.895)	60.2075	-68.2917
8.841651904734	4	(27.534,326.725,1.895)	24.7264	-62.0294
8.849149505596	7	(26.9952,384.453,1.895)	82.4566	-71.2912
8.904964017577	2	(24.6706,279.908,1.895)	20.3242	-61.7536
8.905159656343	8	(23.5473,400.261,1.895)	100.359	-71.2042
8.919172076066	1	(28.1008,265.992,1.895)	34.0021	-66.735
8.920336667087	5	(24.1088,340.104,1.895)	40.2793	-64.7406
8.929642230819	0	(28.3445,239.891,1.895)	60.1039	-68.2328
8.930111458793	6	(27.2216,360.2,1.895)	60.21	-68.2932
8.941651904734	4	(27.5522,324.778,1.895)	24.7872	-61.9623
8.949149505596	7	(27.0129,382.559,1.895)	82.5701	-71.2589
9.004964017577	2	(24.6894,277.896,1.895)	20.3344	-61.7412
9.005159656343	8	(23.566,398.254,1.895)	100.352	-71.2031
9.019172076066	1	(28.1192,264.02,1.895)	33.9719	-66.6779
9.020336667087	5	(24.1275,338.103,1.895)	40.2803	-64.7408
9.029642230819	0	(28.3632,237.883,1.895)	60.1107	-68.2366
9.030111458793	6	(27.2403,358.19,1.895)	60.2021	-68.2886
9.041651904734	4	(27.5703,322.834,1.895)	24.8447	-61.9044
9.049149505596	7	(27.0306,380.661,1.895)	82.6734	-71.23
9.104964017577	2	(24.7081,275.897,1.895)	20.3322	-61.7438
9.105159656343	8	(23.5847,396.251,1.895)	100.351	-71.2028
9.110420700861	9	(26.6976,416.34,1.895)	120.356	-77.3703
9.119172076066	1	(28.1377,262.042,1.895)	33.949	-66.6343
9.120336667087	5	(24.1462,336.097,1.895)	40.276	-64.74
9.129642230819	0	(28.3819,235.877,1.895)	60.1147	-68.2389
9.130111458793	6	(27.2591,356.181,1.895)	60.1948	-68.2844
9.141651904734	4	(27.5884,320.895,1.895)	24.9072	-61.8478
9.149149505596	7	(27.0484,378.757,1.895)	82.7716	-71.203
9.204964017577	2	(24.7268,273.888,1.895)	20.335	-61.7405
9.205159656343	8	(23.6035,394.241,1.895)	100.348	-71.2023
9.210420700861	9	(26.7164,414.33,1.895)	120.352	-77.3684
9.219172076066	1	(28.1561,260.068,1.895)	33.9163	-66.5719
9.220336667087	5	(24.1649,334.089,1.895)	40.274	-64.7397
9.229642230819	0	(28.4006,233.878,1.895)	60.1083	-68.2353
9.230111458793	6	(27.2778,354.179,1.895)	60.1979	-68.2862
9.241651904734	4	(27.6066,318.943,1.895)	24.9605	-61.8048
9.249149505596	7	(27.0662,376.845,1.895)	82.8656	-71.1776
9.304964017577	2	(24.7455,271.882,1.895)	20.3322	-61.7438
9.305159656343	8	(23.6222,392.234,1.895)	100.35	-71.2026
9.310420700861	9	(26.735,412.329,1.895)	120.36	-77.3718
9.319172076066	1	(28.1745,258.099,1.895)	33.8764	-66.4952
9.320336667087	5	(24.1836,332.087,1.895)	40.2808	-64.7409
9.329642230819	0	(28.4193,231.874,1.895)	60.1027	-68.2322
9.330111458793	6	(27.2965,352.169,1.895)	60.1975	-68.286
9.341651904734	4	(27.6249,316.989,1.895)	25.016	-61.7655
9.349149505596	7	(27.084,374.942,1.895)	82.9714	-71.1496
9.404964017577	2	(24.7642,269.881,1.895)	20.3246	-61.753
9.405159656343	8	(23.641,390.224,1.895)	100.348	-71.2023
9.410420700861	9	(26.7537,410.326,1.895)	120.365	-77.3743
9.419172076066	1	(28.1929,256.127,1.895)	33.8406	-66.4261
9.420336667087	5	(24.2023,330.085,1.895)	40.2869	-64.7421
9.429642230819	0	(28.438,229.871,1.895)	60.0976	-68.2293
9.430111458793	6	(27.3153,350.159,1.895)	60.1962	-68.2853
9.441651904734	4	(27.6432,315.03,1.895)	25.065	-61.7354
9.449149505596	7	(27.1018,373.032,1.895)	83.0703	-71.1238
9.504964017577	2	(24.7829,267.874,1.895)	20.3221	-61.756
9.505159656343	8	(23.6597,388.22,1.895)	100.353	-71.2031
9.510420700861	9	(26.7725,408.316,1.895)	120.364	-77.3738
9.519172076066	1	(28.2114,254.15,1.895)	33.8084	-66.3639
9.520336667087	5	(24.221,328.079,1.895)	40.2903	-64.7427
9.529642230819	0	(28.4566,227.87,1.895)	60.0893	-68.2246
9.530111458793	6	(27.334,348.15,1.895)	60.1957	-68.285
9.541651904734	4	(27.6614,313.07,1.895)	25.1148	-61.7093
9.549149505596	7	(27.1197,371.118,1.895)	83.1651	-71.0996
9.604964017577	2	(24.8017,265.867,1.895)	20.3271	-61.75
9.605159656343	8	(23.6784,386.22,1.895)	100.355	-71.2036
9.610420700861	9	(26.7912,406.306,1.895)	120.358	-77.3708
9.619172076066	1	(28.2297,252.181,1.895)	33.7744	-66.298
9.620336667087	5	(24.2397,326.076,1.895)	40.29	-64.7427
9.629642230819	0	(28.4754,225.858,1.895)	60.0986	-68.2299
9.630111458793	6	(27.3528,346.139,1.895)	60.1872	-68.2801
9.641651904734	4	(27.6797,311.117,1.895)	25.1638	-61.6881
9.649149505596	7	(27.1375,369.207,1.895)	83.2564	-71.0767
9.704964017577	2	(24.8204,263.856,1.895)	20.3266	-61.7507
9.705159656343	8	(23.6971,384.215,1.895)	100.362	-71.2048
9.710420700861	9	(26.81,404.298,1.895)	120.361	-77.3722
9.719172076066	1	(28.2482,250.201,1.895)	33.7431	-66.2371
9.720336667087	5	(24.2584,324.074,1.895)	40.2992	-64.7444
9.729642230819	0	(28.4941,223.856,1.895)	60.0897	-68.2248
9.730111458793	6	(27.3716,344.13,1.895)	60.1893	-68.2813
9.741651904734	4	(27.6978,309.171,1.895)	25.2295	-61.6667
9.749149505596	7	(27.1554,367.285,1.895)	83.346	-71.0545
9.804964017577	2	(24.8392,261.847,1.895)	20.3306	-61.7459
9.805159656343	8	(23.7158,382.205,1.895)	100.356	-71.2037
9.810420700861	9	(26.8287,402.297,1.895)	120.364	-77.3738
9.819172076066	1	(28.2667,248.221,1.895)	33.7187	-66.1897
9.820336667087	5	(24.2771,322.071,1.895)	40.3008	-64.7447
9.829642230819	0	(28.5129,221.845,1.895)	60.0961	-68.2284
9.830111458793	6	(27.3903,342.118,1.895)	60.1822	-68.2772
9.841651904734	4	(27.7161,307.216,1.895)	25.2794	-61.6559
9.849149505596	7	(27.1733,365.368,1.895)	83.4336	-71.0332
9.904964017577	2	(24.8579,259.846,1.895)	20.3228	-61.7552
9.905159656343	8	(23.7346,380.196,1.895)	100.357	-71.204
9.910420700861	9	(26.8474,400.293,1.895)	120.369	-77.376
9.919172076066	1	(28.2852,246.24,1.895)	33.6897	-66.1334
9.920336667087	5	(24.2957,320.072,1.895)	40.3113	-64.7468
9.929642230819	0	(28.5316,219.842,1.895)	60.0893	-68.2246
9.930111458793	6	(27.4091,340.112,1.895)	60.1865	-68.2797
9.941651904734	4	(27.7344,305.255,1.895)	25.3274	-61.6499
9.949149505596	7	(27.1913,363.444,1.895)	83.5196	-71.0127
10.004964017577	2	(24.8765,257.846,1.895)	20.313	-61.7667
10.005159656343	8	(23.7532,378.196,1.895)	100.366	-71.2055
10.010420700861	9	(26.866,398.292,1.895)	120.378	-77.3798
10.019172076066	1	(28.3036,244.263,1.895)	33.6581	-66.0719
10.020336667087	5	(24.3144,318.07,1.895)	40.3187	-64.7483
10.029642230819	0	(28.5503,217.838,1.895)	60.0843	-68.2218
10.030111458793	6	(27.4278,338.106,1.895)	60.1896	-68.2815
10.041651904734	4	(27.7526,303.3,1.895)	25.3817	-61.6484
10.049149505596	7	(27.2092,361.522,1.895)	83.6058	-70.9924
10.104964017577	2	(24.8952,255.847,1.895)	20.307	-61.7736
10.105159656343	8	(23.7719,376.196,1.895)	100.372	-71.2066
10.110420700861	9	(26.8848,396.287,1.895)	120.378	-77.3799
10.119172076066	1	(28.3221,242.29,1.895)	33.6255	-66.0085
10.120336667087	5	(24.3331,316.065,1.895)	40.3188	-64.7483
10.129642230819	0	(28.569,215.835,1.895)	60.0813	-68.2201
10.130111458793	6	(27.4465,336.104,1.895)	60.1925	-68.2831
10.141651904734	4	(27.7709,301.34,1.895)	25.4276	-61.6514
10.149149505596	7	(27.2271,359.605,1.895)	83.6946	-70.9719
10.204964017577	2	(24.9139,253.839,1.895)	20.3131	-61.7666
10.205159656343	8	(23.7906,374.195,1.895)	100.373	-71.2068
10.210420700861	9	(26.9034,394.286,1.895)	120.379	-77.3804
10.219172076066	1	(28.3405,240.315,1.895)	33.5983	-65.9559
10.220336667087	5	(24.3518,314.064,1.895)	40.3198	-64.7485
10.229642230819	0	(28.5877,213.826,1.895)	60.0888	-68.2243
10.230111458793	6	(27.4651,334.104,1.895)	60.1951	-68.2846
10.241651904734	4	(27.7893,299.375,1.895)	25.4638	-61.6566
10.249149505596	7	(27.2451,357.682,1.895)	83.774	-70.9538
10.304964017577	2	(24.9327,251.829,1.895)	20.3208	-61.7576
10.305159656343	8	(23.8092,372.196,1.895)	100.376	-71.2073
10.310420700861	9	(26.9222,392.278,1.895)	120.373	-77.3776
10.319172076066	1	(28.359,238.332,1.895)	33.5789	-65.9182
10.320336667087	5	(24.3705,312.062,1.895)	40.3202	-64.7486
10.329642230819	0	(28.6064,211.827,1.895)	60.0858	-68.2227
10.330111458793	6	(27.4839,332.092,1.895)	60.1854	-68.279
10.341651904734	4	(27.8075,297.418,1.895)	25.5089	-61.6665
10.349149505596	7	(27.263,355.765,1.895)	83.8589	-70.9348
10.404964017577	2	(24.9514,249.822,1.895)	20.3199	-61.7587
10.405159656343	8	(23.828,370.186,1.895)	100.374	-71.2069
10.410420700861	9	(26.9409,390.267,1.895)	120.371	-77.3766
10.419172076066	1	(28.3774,236.362,1.895)	33.541	-65.845
10.420336667087	5	(24.3892,310.056,1.895)	40.3217	-64.7489
10.429642230819	0	(28.6251,209.82,1.895)	60.0841	-68.2217
10.430111458793	6	(27.5026,330.086,1.895)	60.1867	-68.2798
10.441651904734	4	(27.8259,295.455,1.895)	25.5549	-61.6804
10.449149505596	7	(27.281,353.834,1.895)	83.9356	-70.9179
10.504964017577	2	(24.9702,247.813,1.895)	20.3242	-61.7535
10.505159656343	8	(23.8468,368.175,1.895)	100.368	-71.2058
10.510420700861	9	(26.9596,388.265,1.895)	120.374	-77.3779
10.519172076066	1	(28.3958,234.386,1.895)	33.5127	-65.7904
10.520336667087	5	(24.4079,308.056,1.895)	40.3271	-64.75
10.529642230819	0	(28.6438,207.814,1.895)	60.0862	-68.2229
10.530111458793	6	(27.5214,328.078,1.895)	60.1838	-68.2781
10.541651904734	4	(27.8441,293.498,1.895)	25.6017	-61.6987
10.549149505596	7	(27.2989,351.911,1.895)	84.0174	-70.9002
10.604964017577	2	(24.9889,245.813,1.895)	20.3177	-61.7613
10.605159656343	8	(23.8655,366.174,1.895)	100.373	-71.2067
10.610420700861	9	(26.9783,386.264,1.895)	120.378	-77.38
10.619172076066	1	(28.4143,232.402,1.895)	33.4898	-65.7465
10.620336667087	5	(24.4266,306.05,1.895)	40.3273	-64.7501
10.629642230819	0	(28.6626,205.806,1.895)	60.0868	-68.2232
10.630111458793	6	(27.5401,326.07,1.895)	60.1825	-68.2774
10.641651904734	4	(27.8625,291.531,1.895)	25.6413	-61.7172
10.649149505596	7	(27.317,349.979,1.895)	84.0921	-70.8843
10.704964017577	2	(25.0076,243.804,1.895)	20.3269	-61.7503
10.705159656343	8	(23.8842,364.163,1.895)	100.362	-71.2048
10.710420700861	9	(26.997,384.259,1.895)	120.373	-77.3776
10.719172076066	1	(28.4329,230.414,1.895)	33.4788	-65.7253
10.720336667087	5	(24.4453,304.05,1.895)	40.327	-64.75
10.729642230819	0	(28.6813,203.799,1.895)	60.0949	-68.2278
10.730111458793	6	(27.5589,324.058,1.895)	60.1703	-68.2704
10.741651904734	4	(27.8808,289.569,1.895)	25.6794	-61.7378
10.749149505596	7	(27.3351,348.04,1.895)	84.1526	-70.8715
10.804964017577	2	(25.0263,241.802,1.895)	20.3201	-61.7583
10.805159656343	8	(23.903,362.153,1.895)	100.361	-71.2046
10.810420700861	9	(27.0157,382.257,1.895)	120.38	-77.3808
10.819172076066	1	(28.4515,228.425,1.895)	33.4589	-65.6873
10.820336667087	5	(24.464,302.042,1.895)	40.3277	-64.7502
10.829642230819	0	(28.7,201.798,1.895)	60.0867	-68.2232
10.830111458793	6	(27.5776,322.055,1.895)	60.1758	-68.2736
10.841651904734	4	(27.8991,287.605,1.895)	25.7236	-61.765
10.849149505596	7	(27.3531,346.105,1.895)	84.2263	-70.8562
10.904964017577	2	(25.045,239.793,1.895)	20.3276	-61.7495
10.905159656343	8	(23.9217,360.147,1.895)	100.355	-71.2036
10.910420700861	9	(27.0345,380.246,1.895)	120.371	-77.3766
10.919172076066	1	(28.4699,226.448,1.895)	33.4347	-65.6411
10.920336667087	5	(24.4828,300.036,1.895)	40.3226	-64.7491
10.929642230819	0	(28.7187,199.796,1.895)	60.0877	-68.2237
10.930111458793	6	(27.5963,320.048,1.895)	60.17	-68.2703
10.941651904734	4	(27.9174,285.642,1.895)	25.7619	-61.7914
10.949149505596	7	(27.3711,344.176,1.895)	84.299	-70.8413
11.004964017577	2	(25.0638,237.785,1.895)	20.3302	-61.7463
11.005159656343	8	(23.9405,358.137,1.895)	100.351	-71.2029
11.010420700861	9	(27.0532,378.241,1.895)	120.371	-77.3765
11.019172076066	1	(28.4885,224.462,1.895)	33.4143	-65.6022
11.020336667087	5	(24.5015,298.027,1.895)	40.3198	-64.7485
11.029642230819	0	(28.7374,197.792,1.895)	60.0862	-68.2229
11.030111458793	6	(27.615,318.043,1.895)	60.1701	-68.2703
11.041651904734	4	(27.9358,283.677,1.895)	25.8031	-61.8227
11.049149505596	7	(27.3892,342.237,1.895)	84.3656	-70.8279
11.104964017577	2	(25.0825,235.779,1.895)	20.3352	-61.7401
11.105159656343	8	(23.9592,356.134,1.895)	100.349	-71.2025
11.110420700861	9	(27.0719,376.239,1.895)	120.37	-77.3764
11.119172076066	1	(28.5069,222.483,1.895)	33.3925	-65.5608
11.120336667087	5	(24.5202,296.022,1.895)	40.3156	-64.7477
11.129642230819	0	(28.7561,195.785,1.895)	60.0915	-68.2259
11.130111458793	6	(27.6338,316.036,1.895)	60.1647	-68.2672
11.141651904734	4	(27.9542,281.708,1.895)	25.8345	-61.8486
11.149149505596	7	(27.4073,340.299,1.895)	84.4288	-70.8154
11.204964017577	2	(25.1013,233.769,1.895)	20.3413	-61.7326
11.205159656343	8	(23.9778,354.132,1.895)	100.351	-71.2028
11.210420700861	9	(27.0905,374.238,1.895)	120.373	-77.3775
11.219172076066	1	(28.5255,220.494,1.895)	33.3785	-65.5345
11.220336667087	5	(24.5389,294.017,1.895)	40.3137	-64.7473
11.229642230819	0	(28.7749,193.775,1.895)	60.099	-68.2301
11.230111458793	6	(27.6525,314.027,1.895)	60.1588	-68.2639
11.241651904734	4	(27.9725,279.747,1.895)	25.8773	-61.8867
11.249149505596	7	(27.4254,338.365,1.895)	84.4977	-70.8018
11.304964017577	2	(25.1199,231.767,1.895)	20.3322	-61.7439
11.305159656343	8	(23.9966,352.124,1.895)	100.353	-71.2032
11.310420700861	9	(27.1092,372.238,1.895)	120.383	-77.3822
11.319172076066	1	(28.5441,218.504,1.895)	33.357	-65.4939
11.320336667087	5	(24.5576,292.014,1.895)	40.3217	-64.7489
11.329642230819	0	(28.7936,191.765,1.895)	60.0976	-68.2293
11.330111458793	6	(27.6713,312.015,1.895)	60.158	-68.2634
11.341651904734	4	(27.9908,277.782,1.895)	25.9235	-61.9313
11.349149505596	7	(27.4435,336.42,1.895)	84.5639	-70.789
11.404964017577	2	(25.1387,229.76,1.895)	20.3392	-61.7352
11.405159656343	8	(24.0153,350.114,1.895)	100.344	-71.2015
11.410420700861	9	(27.1279,370.232,1.895)	120.378	-77.3797
11.419172076066	1	(28.5626,216.517,1.895)	33.3448	-65.471
11.420336667087	5	(24.5764,290.004,1.895)	40.3115	-64.7469
11.429642230819	0	(28.8123,189.763,1.895)	60.0995	-68.2303
11.430111458793	6	(27.69,310.013,1.895)	60.1553	-68.2619
11.441651904734	4	(28.0093,275.803,1.895)	25.9442	-61.9525
11.449149505596	7	(27.4616,334.479,1.895)	84.6225	-70.7779
11.504964017577	2	(25.1574,227.749,1.895)	20.3445	-61.7286
11.505159656343	8	(24.0341,348.109,1.895)	100.344	-71.2016
11.510420700861	9	(27.1467,368.223,1.895)	120.374	-77.3779
11.519172076066	1	(28.5811,214.533,1.895)	33.3229	-65.43
11.520336667087	5	(24.5951,287.998,1.895)	40.3113	-64.7468
11.529642230819	0	(28.831,187.763,1.895)	60.0944	-68.2275
11.530111458793	6	(27.7087,308.006,1.895)	60.1543	-68.2613
11.541651904734	4	(28.0276,273.84,1.895)	25.9864	-61.9979
11.549149505596	7	(27.4797,332.546,1.895)	84.6952	-70.7642
11.604964017577	2	(25.1761,225.746,1.895)	20.3433	-61.7301
11.605159656343	8	(24.0528,346.098,1.895)	100.337	-71.2004
11.610420700861	9	(27.1655,366.213,1.895)	120.368	-77.3755
11.619172076066	1	(28.5996,212.552,1.895)	33.2994	-65.3862
11.620336667087	5	(24.6138,285.992,1.895)	40.3103	-64.7466
11.629642230819	0	(28.8497,185.761,1.895)	60.0914	-68.2258
11.630111458793	6	(27.7275,305.996,1.895)	60.1492	-68.2584
11.641651904734	4	(28.046,271.87,1.895)	26.0213	-62.0377
11.649149505596	7	(27.4978,330.603,1.895)	84.757	-70.7527
11.704964017577	2	(25.1948,223.743,1.895)	20.3387	-61.7359
11.705159656343	8	(24.0716,344.089,1.895)	100.337	-71.2003
11.710420700861	9	(27.1842,364.203,1.895)	120.366	-77.3746
11.719172076066	1	(28.6182,210.565,1.895)	33.2783	-65.3471
11.720336667087	5	(24.6325,283.989,1.895)	40.3146	-64.7475
11.729642230819	0	(28.8684,183.756,1.895)	60.0886	-68.2242
11.730111458793	6	(27.7462,303.986,1.895)	60.1468	-68.2571
11.741651904734	4	(28.0644,269.899,1.895)	26.0578	-62.0815
11.749149505596	7	(27.5159,328.661,1.895)	84.8231	-70.7406
11.804964017577	2	(25.2136,221.733,1.895)	20.3374	-61.7374
11.805159656343	8	(24.0903,342.089,1.895)	100.347	-71.2022
11.810420700861	9	(27.203,362.192,1.895)	120.366	-77.3745
11.819172076066	1	(28.6367,208.581,1.895)	33.2517	-65.298
11.820336667087	5	(24.6513,281.978,1.895)	40.3151	-64.7476
11.829642230819	0	(28.8871,181.752,1.895)	60.0823	-68.2207
11.830111458793	6	(27.7649,301.986,1.895)	60.1575	-68.2631
11.841651904734	4	(28.0828,267.925,1.895)	26.0949	-62.1283
11.849149505596	7	(27.5341,326.717,1.895)	84.89	-70.7286
11.904964017577	2	(25.2323,219.727,1.895)	20.3327	-61.7433
11.905159656343	8	(24.1089,340.087,1.895)	100.356	-71.2037
11.910420700861	9	(27.2217,360.186,1.895)	120.371	-77.3767
11.919172076066	1	(28.6552,206.595,1.895)	33.227	-65.2526
11.920336667087	5	(24.67,279.977,1.895)	40.3243	-64.7495
11.929642230819	0	(28.9058,179.751,1.895)	60.0721	-68.215
11.930111458793	6	(27.7836,299.98,1.895)	60.1618	-68.2656
11.941651904734	4	(28.1012,265.954,1.895)	26.1347	-62.1808
11.949149505596	7	(27.5522,324.778,1.895)	84.9615	-70.7159
12.004964017577	2	(25.251,217.725,1.895)	20.324	-61.7538
12.005159656343	8	(24.1277,338.079,1.895)	100.36	-71.2044
12.010420700861	9	(27.2404,358.184,1.895)	120.381	-77.3809
12.019172076066	1	(28.6737,204.617,1.895)	33.1938	-65.1922
12.020336667087	5	(24.6887,277.973,1.895)	40.3315	-64.751
12.029642230819	0	(28.9244,177.748,1.895)	60.0632	-68.21
12.030111458793	6	(27.8023,297.977,1.895)	60.171	-68.2708
12.041651904734	4	(28.1196,263.979,1.895)	26.1712	-62.2311
12.049149505596	7	(27.5704,322.827,1.895)	85.0215	-70.7054
12.104964017577	2	(25.2698,215.715,1.895)	20.3249	-61.7527
12.105159656343	8	(24.1464,336.078,1.895)	100.367	-71.2057
12.110420700861	9	(27.259,356.185,1.895)	120.39	-77.3851
12.119172076066	1	(28.6921,202.639,1.895)	33.1629	-65.1362
12.120336667087	5	(24.7075,275.961,1.895)	40.3287	-64.7504
12.129642230819	0	(28.9432,175.74,1.895)	60.0622	-68.2094
12.130111458793	6	(27.821,295.972,1.895)	60.1745	-68.2728
12.141651904734	4	(28.1381,262,1.895)	26.2012	-62.2741
12.149149505596	7	(27.5885,320.882,1.895)	85.0857	-70.6943
12.204964017577	2	(25.2884,213.714,1.895)	20.3218	-61.7564
12.205159656343	8	(24.1651,334.072,1.895)	100.365	-71.2053
12.210420700861	9	(27.2778,354.175,1.895)	120.384	-77.3824
12.219172076066	1	(28.7106,200.656,1.895)	33.1419	-65.0987
12.220336667087	5	(24.7262,273.956,1.895)	40.3279	-64.7502
12.229642230819	0	(28.962,173.73,1.895)	60.069	-68.2132
12.230111458793	6	(27.8397,293.971,1.895)	60.1776	-68.2746
12.241651904734	4	(28.1565,260.024,1.895)	26.2294	-62.3157
12.249149505596	7	(27.6067,318.937,1.895)	85.1442	-70.6844
12.304964017577	2	(25.3071,211.714,1.895)	20.3113	-61.7687
12.305159656343	8	(24.1838,332.07,1.895)	100.374	-71.207
12.310420700861	9	(27.2965,352.175,1.895)	120.395	-77.3873
12.319172076066	1	(28.7293,198.66,1.895)	33.1272	-65.0724
12.320336667087	5	(24.7448,271.957,1.895)	40.3396	-64.7527
12.329642230819	0	(28.9807,171.719,1.895)	60.0691	-68.2133
12.330111458793	6	(27.8584,291.967,1.895)	60.1846	-68.2786
12.341651904734	4	(28.1749,258.053,1.895)	26.2687	-62.3756
12.349149505596	7	(27.6249,316.989,1.895)	85.207	-70.6739
12.404964017577	2	(25.3259,209.703,1.895)	20.3198	-61.7588
12.405159656343	8	(24.2025,330.064,1.895)	100.37	-71.2063
12.410420700861	9	(27.3152,350.167,1.895)	120.39	-77.3849
12.419172076066	1	(28.7479,196.665,1.895)	33.1198	-65.0592
12.420336667087	5	(24.7635,269.957,1.895)	40.3423	-64.7532
12.429642230819	0	(28.9994,169.713,1.895)	60.0728	-68.2153
12.430111458793	6	(27.8771,289.965,1.895)	60.1848	-68.2787
12.441651904734	4	(28.1934,256.078,1.895)	26.2964	-62.4191
12.449149505596	7	(27.6431,315.032,1.895)	85.2532	-70.6662
12.504964017577	2	(25.3445,207.704,1.895)	20.3125	-61.7673
12.505159656343	8	(24.2212,328.057,1.895)	100.37	-71.2063
12.510420700861	9	(27.3339,348.166,1.895)	120.395	-77.3875
12.519172076066	1	(28.7665,194.674,1.895)	33.1031	-65.0297
12.520336667087	5	(24.7823,267.947,1.895)	40.3389	-64.7525
12.529642230819	0	(29.0182,167.707,1.895)	60.0721	-68.215
12.530111458793	6	(27.8958,287.96,1.895)	60.1866	-68.2798
12.541651904734	4	(28.2118,254.099,1.895)	26.3237	-62.4633
12.549149505596	7	(27.6614,313.078,1.895)	85.3061	-70.6576
12.604964017577	2	(25.3633,205.697,1.895)	20.3151	-61.7643
12.605159656343	8	(24.2399,326.057,1.895)	100.374	-71.207
12.610420700861	9	(27.3527,346.155,1.895)	120.389	-77.3845
12.619172076066	1	(28.7851,192.68,1.895)	33.093	-65.0117
12.620336667087	5	(24.801,265.942,1.895)	40.338	-64.7523
12.629642230819	0	(29.0369,165.703,1.895)	60.0712	-68.2145
12.630111458793	6	(27.9146,285.949,1.895)	60.18	-68.276
12.641651904734	4	(28.2302,252.127,1.895)	26.3563	-62.5171
12.649149505596	7	(27.6796,311.13,1.895)	85.3619	-70.6486
12.704964017577	2	(25.382,203.691,1.895)	20.3122	-61.7676
12.705159656343	8	(24.2586,324.049,1.895)	100.375	-71.2072
12.710420700861	9	(27.3714,344.15,1.895)	120.392	-77.3862
12.719172076066	1	(28.8037,190.691,1.895)	33.0739	-64.9782
12.720336667087	5	(24.8197,263.931,1.895)	40.3357	-64.7518
12.729642230819	0	(29.0556,163.693,1.895)	60.0731	-68.2155
12.730111458793	6	(27.9333,283.948,1.895)	60.1878	-68.2804
12.741651904734	4	(28.2487,250.153,1.895)	26.3911	-62.5762
12.749149505596	7	(27.6979,309.165,1.895)	85.4057	-70.6416
12.804964017577	2	(25.4008,201.679,1.895)	20.319	-61.7597
12.805159656343	8	(24.2774,322.043,1.895)	100.374	-71.207
12.810420700861	9	(27.3901,342.146,1.895)	120.393	-77.3864
12.819172076066	1	(28.8223,188.692,1.895)	33.0677	-64.9673
12.820336667087	5	(24.8385,261.926,1.895)	40.3353	-64.7518
12.829642230819	0	(29.0743,161.689,1.895)	60.0717	-68.2148
12.830111458793	6	(27.952,281.937,1.895)	60.1812	-68.2766
12.841651904734	4	(28.2672,248.17,1.895)	26.4126	-62.6136
12.849149505596	7	(27.7161,307.21,1.895)	85.4553	-70.6337
12.904964017577	2	(25.4195,199.671,1.895)	20.322	-61.7562
12.905159656343	8	(24.2961,320.033,1.895)	100.369	-71.2061
12.910420700861	9	(27.4088,340.137,1.895)	120.39	-77.385
12.919172076066	1	(28.8409,186.699,1.895)	33.0556	-64.9461
12.920336667087	5	(24.8571,259.924,1.895)	40.339	-64.7525
12.929642230819	0	(29.0931,159.682,1.895)	60.0732	-68.2156
12.930111458793	6	(27.9707,279.938,1.895)	60.1875	-68.2803
12.941651904734	4	(28.2857,246.187,1.895)	26.4358	-62.6547
12.949149505596	7	(27.7344,305.25,1.895)	85.501	-70.6266
13.004964017577	2	(25.4382,197.671,1.895)	20.3134	-61.7662
13.005159656343	8	(24.3148,318.034,1.895)	100.378	-71.2077
13.010420700861	9	(27.4275,338.136,1.895)	120.396	-77.3878
13.019172076066	1	(28.8595,184.707,1.895)	33.0391	-64.9175
13.020336667087	5	(24.8759,257.917,1.895)	40.3399	-64.7527
13.029642230819	0	(29.1118,157.671,1.895)	60.0767	-68.2175
13.030111458793	6	(27.9894,277.936,1.895)	60.1943	-68.2842
13.041651904734	4	(28.3042,244.205,1.895)	26.4611	-62.7
13.049149505596	7	(27.7526,303.3,1.895)	85.5588	-70.6177
13.104964017577	2	(25.4569,195.666,1.895)	20.3111	-61.7689
13.105159656343	8	(24.3334,316.035,1.895)	100.387	-71.2093
13.110420700861	9	(27.4463,336.125,1.895)	120.393	-77.3864
13.119172076066	1	(28.8782,182.707,1.895)	33.031	-64.9035
13.120336667087	5	(24.8946,255.913,1.895)	40.3442	-64.7536
13.129642230819	0	(29.1306,155.664,1.895)	60.076	-68.2171
13.130111458793	6	(28.008,275.935,1.895)	60.2007	-68.2878
13.141651904734	4	(28.3226,242.228,1.895)	26.492	-62.7566
13.149149505596	7	(27.7709,301.343,1.895)	85.6095	-70.61
13.204964017577	2	(25.4756,193.657,1.895)	20.3161	-61.7632
13.205159656343	8	(24.3521,314.031,1.895)	100.388	-71.2094
13.210420700861	9	(27.4649,334.124,1.895)	120.396	-77.3877
13.219172076066	1	(28.8968,180.713,1.895)	33.0215	-64.8871
13.220336667087	5	(24.9133,253.91,1.895)	40.3449	-64.7538
13.229642230819	0	(29.1493,153.657,1.895)	60.0792	-68.219
13.230111458793	6	(28.0267,273.935,1.895)	60.2045	-68.29
13.241651904734	4	(28.3411,240.249,1.895)	26.5166	-62.8025
13.249149505596	7	(27.7892,299.387,1.895)	85.6577	-70.6027
13.304964017577	2	(25.4944,191.651,1.895)	20.3211	-61.7572
13.305159656343	8	(24.3708,312.027,1.895)	100.384	-71.2088
13.310420700861	9	(27.4837,332.118,1.895)	120.391	-77.3855
13.319172076066	1	(28.9154,178.719,1.895)	33.014	-64.8741
13.320336667087	5	(24.932,251.905,1.895)	40.3407	-64.7529
13.329642230819	0	(29.168,151.65,1.895)	60.0844	-68.2219
13.330111458793	6	(28.0454,271.933,1.895)	60.2034	-68.2894
13.341651904734	4	(28.3596,238.273,1.895)	26.5423	-62.8511
13.349149505596	7	(27.8074,297.431,1.895)	85.7027	-70.596
13.404964017577	2	(25.5131,189.643,1.895)	20.3215	-61.7567
13.405159656343	8	(24.3895,310.025,1.895)	100.39	-71.2098
13.410420700861	9	(27.5024,330.112,1.895)	120.392	-77.3858
13.419172076066	1	(28.9339,176.734,1.895)	32.9924	-64.8371
13.420336667087	5	(24.9506,249.906,1.895)	40.3482	-64.7545
13.429642230819	0	(29.1868,149.643,1.895)	60.0848	-68.2221
13.430111458793	6	(28.0641,269.93,1.895)	60.2078	-68.2919
13.441651904734	4	(28.3781,236.29,1.895)	26.5664	-62.8974
13.449149505596	7	(27.8257,295.469,1.895)	85.748	-70.5894
13.504964017577	2	(25.5318,187.636,1.895)	20.3219	-61.7562
13.505159656343	8	(24.4082,308.024,1.895)	100.395	-71.2108
13.510420700861	9	(27.5211,328.111,1.895)	120.398	-77.3888
13.519172076066	1	(28.9524,174.749,1.895)	32.9709	-64.8006
13.520336667087	5	(24.9693,247.906,1.895)	40.3554	-64.7561
13.529642230819	0	(29.2055,147.634,1.895)	60.0864	-68.223
13.530111458793	6	(28.0828,267.927,1.895)	60.2119	-68.2943
13.541651904734	4	(28.3965,234.315,1.895)	26.5978	-62.9587
13.549149505596	7	(27.844,293.516,1.895)	85.8014	-70.5816
13.604964017577	2	(25.5506,185.628,1.895)	20.321	-61.7573
13.605159656343	8	(24.4269,306.025,1.895)	100.405	-71.2126
13.610420700861	9	(27.5397,326.111,1.895)	120.407	-77.3926
13.619172076066	1	(28.9711,172.752,1.895)	32.9585	-64.7797
13.620336667087	5	(24.9881,245.896,1.895)	40.3541	-64.7558
13.629642230819	0	(29.2243,145.626,1.895)	60.0863	-68.2229
13.630111458793	6	(28.1015,265.922,1.895)	60.2153	-68.2962
13.641651904734	4	(28.415,232.327,1.895)	26.6192	-63.001
13.649149505596	7	(27.8622,291.562,1.895)	85.8561	-70.5738
13.704964017577	2	(25.5693,183.619,1.895)	20.3297	-61.7469
13.705159656343	8	(24.4455,304.022,1.895)	100.402	-71.2121
13.710420700861	9	(27.5584,324.107,1.895)	120.403	-77.3909
13.719172076066	1	(28.9897,170.753,1.895)	32.958	-64.7788
13.720336667087	5	(25.0068,243.888,1.895)	40.3469	-64.7542
13.729642230819	0	(29.243,143.619,1.895)	60.0932	-68.2268
13.730111458793	6	(28.1203,263.911,1.895)	60.2049	-68.2902
13.741651904734	4	(28.4335,230.346,1.895)	26.6378	-63.0381
13.749149505596	7	(27.8805,289.603,1.895)	85.8977	-70.5679
13.804964017577	2	(25.5881,181.611,1.895)	20.3303	-61.7461
13.805159656343	8	(24.4643,302.015,1.895)	100.403	-71.2122
13.810420700861	9	(27.5771,322.106,1.895)	120.409	-77.3936
13.819172076066	1	(29.0084,168.759,1.895)	32.9443	-64.7557
13.820336667087	5	(25.0256,241.878,1.895)	40.3445	-64.7537
13.829642230819	0	(29.2617,141.612,1.895)	60.0925	-68.2264
13.830111458793	6	(28.139,261.908,1.895)	60.2095	-68.2929
13.841651904734	4	(28.452,228.371,1.895)	26.6712	-63.1057
13.849149505596	7	(27.8989,287.631,1.895)	85.9336	-70.5629
13.904964017577	2	(25.6068,179.601,1.895)	20.3394	-61.7349
13.905159656343	8	(24.483,300.009,1.895)	100.398	-71.2112
13.910420700861	9	(27.5958,320.103,1.895)	120.407	-77.3928
13.919172076066	1	(29.027,166.763,1.895)	32.9391	-64.747
13.920336667087	5	(25.0443,239.873,1.895)	40.3396	-64.7527
13.929642230819	0	(29.2805,139.603,1.895)	60.1002	-68.2307
13.930111458793	6	(28.1577,259.901,1.895)	60.2026	-68.2889
13.941651904734	4	(28.4704,226.391,1.895)	26.6916	-63.1475
13.949149505596	7	(27.9172,285.665,1.895)	85.9677	-70.5582
14.004964017577	2	(25.6256,177.596,1.895)	20.34	-61.7342
14.005159656343	8	(24.5017,298.01,1.895)	100.403	-71.2121
14.010420700861	9	(27.6145,318.096,1.895)	120.405	-77.3916
14.019172076066	1	(29.0456,164.771,1.895)	32.9263	-64.7256
14.020336667087	5	(25.063,237.868,1.895)	40.3397	-64.7527
14.029642230819	0	(29.2992,137.594,1.895)	60.1047	-68.2333
14.030111458793	6	(28.1764,257.896,1.895)	60.2022	-68.2887
14.041651904734	4	(28.4889,224.417,1.895)	26.7224	-63.2111
14.049149505596	7	(27.9355,283.703,1.895)	86.011	-70.5522
14.104964017577	2	(25.6442,175.594,1.895)	20.332	-61.7441
14.105159656343	8	(24.5204,296.007,1.895)	100.41	-71.2135
14.110420700861	9	(27.6332,316.093,1.895)	120.412	-77.395
14.119172076066	1	(29.0641,162.782,1.895)	32.9051	-64.6904
14.120336667087	5	(25.0818,235.857,1.895)	40.3384	-64.7524
14.129642230819	0	(29.318,135.584,1.895)	60.1045	-68.2332
14.130111458793	6	(28.1951,255.893,1.895)	60.2097	-68.293
14.141651904734	4	(28.5073,222.441,1.895)	26.7561	-63.2817
14.149149505596	7	(27.9539,281.737,1.895)	86.0544	-70.5463
14.204964017577	2	(25.663,173.583,1.895)	20.3368	-61.7382
14.205159656343	8	(24.5391,293.999,1.895)	100.408	-71.2131
14.210420700861	9	(27.652,314.086,1.895)	120.411	-77.3946
14.219172076066	1	(29.0828,160.782,1.895)	32.8996	-64.6813
14.220336667087	5	(25.1005,233.853,1.895)	40.3405	-64.7529
14.229642230819	0	(29.3367,133.581,1.895)	60.1016	-68.2315
14.230111458793	6	(28.2138,253.89,1.895)	60.2129	-68.2948
14.241651904734	4	(28.5259,220.452,1.895)	26.7731	-63.3177
14.249149505596	7	(27.9723,279.767,1.895)	86.0908	-70.5414
14.304964017577	2	(25.6817,171.579,1.895)	20.3299	-61.7467
14.305159656343	8	(24.5578,291.992,1.895)	100.412	-71.2138
14.310420700861	9	(27.6706,312.087,1.895)	120.423	-77.3998
14.319172076066	1	(29.1013,158.796,1.895)	32.874	-64.6392
14.320336667087	5	(25.1192,231.842,1.895)	40.3409	-64.7529
14.329642230819	0	(29.3553,131.581,1.895)	60.09	-68.225
14.330111458793	6	(28.2326,251.878,1.895)	60.2122	-68.2944
14.341651904734	4	(28.5444,218.473,1.895)	26.8052	-63.3861
14.349149505596	7	(27.9906,277.802,1.895)	86.1368	-70.5353
14.404964017577	2	(25.7005,169.57,1.895)	20.3291	-61.7476
14.405159656343	8	(24.5765,289.988,1.895)	100.417	-71.2147
14.410420700861	9	(27.6893,310.087,1.895)	120.433	-77.4041
14.419172076066	1	(29.1198,156.814,1.895)	32.8474	-64.5961
14.420336667087	5	(25.138,229.832,1.895)	40.3401	-64.7528
14.429642230819	0	(29.3741,129.573,1.895)	60.0895	-68.2247
14.430111458793	6	(28.2513,249.874,1.895)	60.217	-68.2972
14.441651904734	4	(28.5629,216.482,1.895)	26.8236	-63.4255
14.449149505596	7	(28.009,275.829,1.895)	86.1728	-70.5306
14.504964017577	2	(25.7192,167.562,1.895)	20.3259	-61.7515
14.505159656343	8	(24.5953,287.982,1.895)	100.423	-71.2158
14.510420700861	9	(27.708,308.085,1.895)	120.442	-77.4081
14.519172076066	1	(29.1385,154.817,1.895)	32.8328	-64.5725
14.520336667087	5	(25.1568,227.824,1.895)	40.3434	-64.7535
14.529642230819	0	(29.3927,127.573,1.895)	60.0772	-68.2178
14.530111458793	6	(28.2699,247.874,1.895)	60.2282	-68.3036
14.541651904734	4	(28.5815,214.49,1.895)	26.8435	-63.4686
14.549149505596	7	(28.0274,273.86,1.895)	86.2161	-70.5249
14.604964017577	2	(25.7379,165.554,1.895)	20.3222	-61.7559
14.605159656343	8	(24.614,285.974,1.895)	100.427	-71.2166
14.610420700861	9	(27.7267,306.077,1.895)	120.446	-77.4098
14.619172076066	1	(29.157,152.829,1.895)	32.809	-64.5346
14.620336667087	5	(25.1755,225.815,1.895)	40.3467	-64.7542
14.629642230819	0	(29.4114,125.573,1.895)	60.0659	-68.2115
14.630111458793	6	(28.2886,245.87,1.895)	60.236	-68.3081
14.641651904734	4	(28.6001,212.503,1.895)	26.8676	-63.5209
14.649149505596	7	(28.0458,271.893,1.895)	86.2599	-70.5193
14.704964017577	2	(25.7566,163.554,1.895)	20.3218	-61.7563
14.705159656343	8	(24.6327,283.974,1.895)	100.427	-71.2165
14.710420700861	9	(27.7454,304.077,1.895)	120.446	-77.4097
14.719172076066	1	(29.1756,150.834,1.895)	32.8039	-64.5264
14.720336667087	5	(25.1942,223.816,1.895)	40.3476	-64.7544
14.729642230819	0	(29.4302,123.563,1.895)	60.0754	-68.2168
14.730111458793	6	(28.3074,243.862,1.895)	60.2285	-68.3038
14.741651904734	4	(28.6187,210.508,1.895)	26.8734	-63.5335
14.749149505596	7	(28.0642,269.923,1.895)	86.2903	-70.5155
14.804964017577	2	(25.7754,161.544,1.895)	20.3254	-61.7521
14.805159656343	8	(24.6514,281.966,1.895)	100.427	-71.2164
14.810420700861	9	(27.7641,302.077,1.895)	120.453	-77.4129
14.819172076066	1	(29.1943,148.84,1.895)	32.791	-64.506
14.820336667087	5	(25.2129,221.811,1.895)	40.3493	-64.7547
14.829642230819	0	(29.4489,121.558,1.895)	60.0738	-68.2159
14.830111458793	6	(28.3261,241.857,1.895)	60.2304	-68.3049
14.841651904734	4	(28.6372,208.529,1.895)	26.9007	-63.593
14.849149505596	7	(28.0826,267.951,1.895)	86.3257	-70.511
14.904964017577	2	(25.7941,159.541,1.895)	20.3245	-61.7532
14.905159656343	8	(24.6702,279.957,1.895)	100.421	-71.2154
14.910420700861	9	(27.7828,300.069,1.895)	120.448	-77.4108
14.919172076066	1	(29.2129,146.844,1.895)	32.7832	-64.4937
14.920336667087	5	(25.2315,219.81,1.895)	40.3526	-64.7555
14.929642230819	0	(29.4676,119.555,1.895)	60.0733	-68.2157
14.930111458793	6	(28.3448,239.852,1.895)	60.2292	-68.3042
14.941651904734	4	(28.6557,206.543,1.895)	26.9186	-63.6324
14.949149505596	7	(28.1009,265.985,1.895)	86.3628	-70.5064
15.004964017577	2	(25.8128,157.536,1.895)	20.3256	-61.7519
15.005159656343	8	(24.6889,277.949,1.895)	100.416	-71.2146
15.010420700861	9	(27.8015,298.063,1.895)	120.446	-77.4098
15.019172076066	1	(29.2315,144.846,1.895)	32.7778	-64.4852
15.020336667087	5	(25.2503,217.801,1.895)	40.3463	-64.7541
15.029642230819	0	(29.4863,117.554,1.895)	60.0704	-68.2141
15.030111458793	6	(28.3636,237.844,1.895)	60.2249	-68.3017
15.041651904734	4	(28.6742,204.56,1.895)	26.9393	-63.6781
15.049149505596	7	(28.1194,264.006,1.895)	86.388	-70.5032
15.104964017577	2	(25.8315,155.529,1.895)	20.3254	-61.7521
15.105159656343	8	(24.7076,275.944,1.895)	100.419	-71.215
15.110420700861	9	(27.8203,296.053,1.895)	120.443	-77.4086
15.119172076066	1	(29.2501,142.861,1.895)	32.7553	-64.4501
15.120336667087	5	(25.2691,215.789,1.895)	40.342	-64.7532
15.129642230819	0	(29.505,115.549,1.895)	60.0679	-68.2126
15.130111458793	6	(28.3823,235.839,1.895)	60.2267	-68.3028
15.141651904734	4	(28.6928,202.569,1.895)	26.9552	-63.7131
15.149149505596	7	(28.1378,262.03,1.895)	86.4188	-70.4995
15.204964017577	2	(25.8503,153.517,1.895)	20.3251	-61.7524
15.205159656343	8	(24.7264,273.937,1.895)	100.423	-71.2158
15.210420700861	9	(27.839,294.05,1.895)	120.452	-77.4126
15.219172076066	1	(29.2687,140.869,1.895)	32.7357	-64.4198
15.220336667087	5	(25.2878,213.783,1.895)	40.3475	-64.7544
15.229642230819	0	(29.5236,113.549,1.895)	60.0562	-68.2061
15.230111458793	6	(28.4009,233.839,1.895)	60.2392	-68.31
15.241651904734	4	(28.7114,200.577,1.895)	26.9749	-63.7566
15.249149505596	7	(28.1563,260.052,1.895)	86.4532	-70.4953
15.304964017577	2	(25.8691,151.507,1.895)	20.3305	-61.7459
15.305159656343	8	(24.7451,271.932,1.895)	100.424	-71.2159
15.310420700861	9	(27.8577,292.043,1.895)	120.45	-77.4117
15.319172076066	1	(29.2872,138.881,1.895)	32.7185	-64.3934
15.320336667087	5	(25.3066,211.772,1.895)	40.3418	-64.7531
15.329642230819	0	(29.5424,111.541,1.895)	60.0595	-68.2079
15.330111458793	6	(28.4196,231.837,1.895)	60.2416	-68.3114
15.341651904734	4	(28.73,198.585,1.895)	26.9887	-63.7872
15.349149505596	7	(28.1746,258.089,1.895)	86.4949	-70.4903
15.404964017577	2	(25.8878,149.495,1.895)	20.3429	-61.7306
15.405159656343	8	(24.7638,269.929,1.895)	100.419	-71.2151
15.410420700861	9	(27.8764,290.043,1.895)	120.449	-77.4114
15.419172076066	1	(29.3058,136.885,1.895)	32.7151	-64.3881
15.420336667087	5	(25.3253,209.763,1.895)	40.3322	-64.7511
15.429642230819	0	(29.5611,109.535,1.895)	60.0662	-68.2117
15.430111458793	6	(28.4383,229.836,1.895)	60.2398	-68.3103
15.441651904734	4	(28.7485,196.599,1.895)	27.0011	-63.8148
15.449149505596	7	(28.193,256.123,1.895)	86.5278	-70.4863
15.504964017577	2	(25.9066,147.484,1.895)	20.3514	-61.7198
15.505159656343	8	(24.7825,267.926,1.895)	100.42	-71.2152
15.510420700861	9	(27.8951,288.031,1.895)	120.441	-77.4076
15.519172076066	1	(29.3244,134.893,1.895)	32.7036	-64.3706
15.520336667087	5	(25.344,207.76,1.895)	40.3321	-64.7511
15.529642230819	0	(29.5798,107.529,1.895)	60.0694	-68.2135
15.530111458793	6	(28.457,227.832,1.895)	60.2393	-68.31
15.541651904734	4	(28.767,194.615,1.895)	27.0206	-63.8581
15.549149505596	7	(28.2114,254.149,1.895)	86.5568	-70.4829
15.604964017577	2	(25.9253,145.482,1.895)	20.3539	-61.7165
15.605159656343	8	(24.8012,265.915,1.895)	100.408	-71.2131
15.610420700861	9	(27.9138,286.03,1.895)	120.439	-77.4065
15.619172076066	1	(29.3431,132.897,1.895)	32.7013	-64.3672
15.620336667087	5	(25.3627,205.76,1.895)	40.3312	-64.7509
15.629642230819	0	(29.5985,105.524,1.895)	60.0752	-68.2167
15.630111458793	6	(28.4757,225.825,1.895)	60.2314	-68.3055
15.641651904734	4	(28.7856,192.628,1.895)	27.0329	-63.8853
15.649149505596	7	(28.2298,252.177,1.895)	86.584	-70.4797
15.704964017577	2	(25.9441,143.471,1.895)	20.3596	-61.7091
15.705159656343	8	(24.82,263.906,1.895)	100.404	-71.2124
15.710420700861	9	(27.9325,284.029,1.895)	120.443	-77.4085
15.719172076066	1	(29.3617,130.9,1.895)	32.6926	-64.3541
15.720336667087	5	(25.3814,203.754,1.895)	40.3302	-64.7507
15.729642230819	0	(29.6172,103.523,1.895)	60.0714	-68.2146
15.730111458793	6	(28.4944,223.825,1.895)	60.2359	-68.3081
15.741651904734	4	(28.8041,190.646,1.895)	27.0554	-63.9353
15.749149505596	7	(28.2482,250.204,1.895)	86.6161	-70.476
15.804964017577	2	(25.9628,141.467,1.895)	20.3586	-61.7104
15.805159656343	8	(24.8387,261.896,1.895)	100.399	-71.2114
15.810420700861	9	(27.9512,282.022,1.895)	120.441	-77.4075
15.819172076066	1	(29.3802,128.914,1.895)	32.6737	-64.3257
15.820336667087	5	(25.4001,201.746,1.895)	40.3275	-64.7501
15.829642230819	0	(29.6359,101.516,1.895)	60.0733	-68.2156
15.830111458793	6	(28.5131,221.821,1.895)	60.2369	-68.3087
15.841651904734	4	(28.8226,188.661,1.895)	27.0758	-63.9808
15.849149505596	7	(28.2666,248.231,1.895)	86.6479	-70.4724
15.904964017577	2	(25.9814,139.467,1.895)	20.3555	-61.7145
15.905159656343	8	(24.8574,259.891,1.895)	100.397	-71.2111
15.910420700861	9	(27.97,280.011,1.895)	120.433	-77.4039
15.919172076066	1	(29.3988,126.923,1.895)	32.6622	-64.3085
15.920336667087	5	(25.4189,199.741,1.895)	40.3257	-64.7498
15.929642230819	0	(29.6547,99.5056,1.895)	60.0805	-68.2197
15.930111458793	6	(28.5318,219.813,1.895)	60.2318	-68.3057
15.941651904734	4	(28.8411,186.676,1.895)	27.0936	-64.0204
15.949149505596	7	(28.285,246.26,1.895)	86.6806	-70.4686
16.004964017577	2	(26.0001,137.468,1.895)	20.3477	-61.7245
16.005159656343	8	(24.8762,257.88,1.895)	100.393	-71.2105
16.010420700861	9	(27.9887,278.006,1.895)	120.436	-77.4053
16.019172076066	1	(29.4175,124.918,1.895)	32.659	-64.3037
16.020336667087	5	(25.4376,197.731,1.895)	40.3232	-64.7492
16.029642230819	0	(29.6735,97.4951,1.895)	60.0833	-68.2212
16.030111458793	6	(28.5506,217.804,1.895)	60.2309	-68.3052
16.041651904734	4	(28.8597,184.686,1.895)	27.1116	-64.0601
16.049149505596	7	(28.3034,244.286,1.895)	86.7137	-70.4649
16.104964017577	2	(26.0188,135.46,1.895)	20.3515	-61.7197
16.105159656343	8	(24.895,255.87,1.895)	100.388	-71.2094
16.110420700861	9	(28.0074,276.002,1.895)	120.436	-77.4052
16.119172076066	1	(29.4362,122.923,1.895)	32.6504	-64.2911
16.120336667087	5	(25.4563,195.731,1.895)	40.3272	-64.7501
16.129642230819	0	(29.6922,95.4907,1.895)	60.0835	-68.2214
16.130111458793	6	(28.5693,215.795,1.895)	60.2262	-68.3025
16.141651904734	4	(28.8783,182.693,1.895)	27.1224	-64.0841
16.149149505596	7	(28.3219,242.309,1.895)	86.7414	-70.4618
16.204964017577	2	(26.0376,133.45,1.895)	20.3574	-61.712
16.205159656343	8	(24.9137,253.867,1.895)	100.388	-71.2095
16.210420700861	9	(28.0261,274.002,1.895)	120.439	-77.4068
16.219172076066	1	(29.4548,120.926,1.895)	32.6432	-64.2804
16.220336667087	5	(25.4751,193.721,1.895)	40.3211	-64.7488
16.229642230819	0	(29.7109,93.4831,1.895)	60.0873	-68.2235
16.230111458793	6	(28.5881,213.788,1.895)	60.2228	-68.3005
16.241651904734	4	(28.8969,180.697,1.895)	27.1308	-64.1028
16.249149505596	7	(28.3404,240.329,1.895)	86.7653	-70.4592
16.304964017577	2	(26.0563,131.441,1.895)	20.3608	-61.7076
16.305159656343	8	(24.9325,251.855,1.895)	100.382	-71.2084
16.310420700861	9	(28.0448,271.992,1.895)	120.435	-77.4049
16.319172076066	1	(29.4735,118.922,1.895)	32.6423	-64.2791
16.320336667087	5	(25.4937,191.72,1.895)	40.3258	-64.7498
16.329642230819	0	(29.7296,91.4768,1.895)	60.0884	-68.2241
16.330111458793	6	(28.6068,211.782,1.895)	60.2222	-68.3002
16.341651904734	4	(28.9155,178.702,1.895)	27.1406	-64.1245
16.349149505596	7	(28.3588,238.353,1.895)	86.7942	-70.456
16.404964017577	2	(26.075,129.439,1.895)	20.3604	-61.7081
16.405159656343	8	(24.9511,249.855,1.895)	100.385	-71.2089
16.410420700861	9	(28.0636,269.984,1.895)	120.43	-77.4027
16.419172076066	1	(29.4921,116.926,1.895)	32.635	-64.2684
16.420336667087	5	(25.5124,189.714,1.895)	40.3222	-64.749
16.429642230819	0	(29.7484,89.4673,1.895)	60.0952	-68.2279
16.430111458793	6	(28.6255,209.777,1.895)	60.2197	-68.2988
16.441651904734	4	(28.9341,176.711,1.895)	27.1526	-64.1509
16.449149505596	7	(28.3773,236.369,1.895)	86.8133	-70.4539
16.504964017577	2	(26.0937,127.44,1.895)	20.3559	-61.714
16.505159656343	8	(24.9699,247.848,1.895)	100.381	-71.2082
16.510420700861	9	(28.0822,267.985,1.895)	120.434	-77.4045
16.519172076066	1	(29.5108,114.925,1.895)	32.6324	-64.2645
16.520336667087	5	(25.5312,187.702,1.895)	40.3139	-64.7473
16.529642230819	0	(29.7671,87.4631,1.895)	60.0959	-68.2283
16.530111458793	6	(28.6443,207.765,1.895)	60.2114	-68.2939
16.541651904734	4	(28.9527,174.72,1.895)	27.1653	-64.179
16.549149505596	7	(28.3957,234.395,1.895)	86.8422	-70.4508
16.604964017577	2	(26.1124,125.43,1.895)	20.3562	-61.7136
16.605159656343	8	(24.9886,245.84,1.895)	100.383	-71.2085
16.610420700861	9	(28.101,265.977,1.895)	120.435	-77.4051
16.619172076066	1	(29.5294,112.932,1.895)	32.6169	-64.2419
16.620336667087	5	(25.5499,185.699,1.895)	40.3199	-64.7486
16.629642230819	0	(29.7858,85.4549,1.895)	60.0947	-68.2276
16.630111458793	6	(28.663,205.765,1.895)	60.2208	-68.2994
16.641651904734	4	(28.9713,172.725,1.895)	27.1788	-64.2088
16.649149505596	7	(28.4143,232.409,1.895)	86.8659	-70.4482
16.704964017577	2	(26.1312,123.425,1.895)	20.3614	-61.7067
16.705159656343	8	(25.0073,243.832,1.895)	100.375	-71.2071
16.710420700861	9	(28.1196,263.977,1.895)	120.436	-77.4053
16.719172076066	1	(29.5481,110.928,1.895)	32.6196	-64.2458
16.720336667087	5	(25.5687,183.692,1.895)	40.3137	-64.7473
16.729642230819	0	(29.8046,83.4512,1.895)	60.098	-68.2295
16.730111458793	6	(28.6817,203.759,1.895)	60.2148	-68.2959
16.741651904734	4	(28.99,170.73,1.895)	27.1843	-64.2207
16.749149505596	7	(28.4328,230.43,1.895)	86.887	-70.446
16.804964017577	2	(26.1499,121.419,1.895)	20.3631	-61.7045
16.805159656343	8	(25.0261,241.825,1.895)	100.372	-71.2065
16.810420700861	9	(28.1383,261.974,1.895)	120.437	-77.4057
16.819172076066	1	(29.5667,108.938,1.895)	32.6053	-64.2251
16.820336667087	5	(25.5874,181.688,1.895)	40.3137	-64.7473
16.829642230819	0	(29.8233,81.4449,1.895)	60.1001	-68.2307
16.830111458793	6	(28.7004,201.752,1.895)	60.2117	-68.2942
16.841651904734	4	(29.0086,168.737,1.895)	27.1958	-64.246
16.849149505596	7	(28.4513,228.441,1.895)	86.9027	-70.4443
16.904964017577	2	(26.1686,119.411,1.895)	20.3638	-61.7036
16.905159656343	8	(25.0448,239.82,1.895)	100.374	-71.207
16.910420700861	9	(28.157,259.975,1.895)	120.444	-77.4091
16.919172076066	1	(29.5853,106.942,1.895)	32.5951	-64.2103
16.920336667087	5	(25.6061,179.685,1.895)	40.317	-64.748
16.929642230819	0	(29.842,79.4436,1.895)	60.0947	-68.2276
16.930111458793	6	(28.7192,199.74,1.895)	60.207	-68.2914
16.941651904734	4	(29.0272,166.744,1.895)	27.2099	-64.2768
16.949149505596	7	(28.4698,226.463,1.895)	86.9314	-70.4413
17.004964017577	2	(26.1874,117.404,1.895)	20.3679	-61.6982
17.005159656343	8	(25.0635,237.818,1.895)	100.375	-71.2071
17.010420700861	9	(28.1757,257.97,1.895)	120.443	-77.4084
17.019172076066	1	(29.6039,104.949,1.895)	32.5846	-64.1953
17.020336667087	5	(25.6248,177.679,1.895)	40.3141	-64.7474
17.029642230819	0	(29.8606,77.4438,1.895)	60.0912	-68.2257
17.030111458793	6	(28.7379,197.732,1.895)	60.2017	-68.2884
17.041651904734	4	(29.0457,164.755,1.895)	27.2236	-64.3067
17.049149505596	7	(28.4883,224.481,1.895)	86.9524	-70.4391
17.104964017577	2	(26.206,115.403,1.895)	20.3599	-61.7087
17.105159656343	8	(25.0822,235.816,1.895)	100.381	-71.2083
17.110420700861	9	(28.1944,255.968,1.895)	120.449	-77.4113
17.119172076066	1	(29.6225,102.959,1.895)	32.567	-64.1702
17.120336667087	5	(25.6434,175.679,1.895)	40.3231	-64.7492
17.129642230819	0	(29.8794,75.4334,1.895)	60.0933	-68.2269
17.130111458793	6	(28.7567,195.721,1.895)	60.1993	-68.287
17.141651904734	4	(29.0643,162.762,1.895)	27.239	-64.34
17.149149505596	7	(28.5069,222.49,1.895)	86.9697	-70.4373
17.204964017577	2	(26.2248,113.392,1.895)	20.3624	-61.7054
17.205159656343	8	(25.1009,233.807,1.895)	100.381	-71.2082
17.210420700861	9	(28.2132,253.958,1.895)	120.448	-77.4108
17.219172076066	1	(29.6412,100.955,1.895)	32.5618	-64.1629
17.220336667087	5	(25.6622,173.668,1.895)	40.32	-64.7486
17.229642230819	0	(29.8981,73.4232,1.895)	60.0949	-68.2278
17.230111458793	6	(28.7754,193.72,1.895)	60.2072	-68.2915
17.241651904734	4	(29.0829,160.767,1.895)	27.2523	-64.3689
17.249149505596	7	(28.5254,220.505,1.895)	86.993	-70.4349
17.304964017577	2	(26.2435,111.393,1.895)	20.3576	-61.7118
17.305159656343	8	(25.1197,231.797,1.895)	100.375	-71.2071
17.310420700861	9	(28.2318,251.959,1.895)	120.453	-77.4129
17.319172076066	1	(29.6599,98.9477,1.895)	32.5649	-64.1673
17.320336667087	5	(25.6809,171.661,1.895)	40.3181	-64.7482
17.329642230819	0	(29.9169,71.4155,1.895)	60.0983	-68.2297
17.330111458793	6	(28.794,191.72,1.895)	60.2118	-68.2942
17.341651904734	4	(29.1016,158.772,1.895)	27.262	-64.3897
17.349149505596	7	(28.5438,218.527,1.895)	87.0198	-70.4321
17.404964017577	2	(26.2621,109.392,1.895)	20.3581	-61.7112
17.405159656343	8	(25.1383,229.797,1.895)	100.376	-71.2073
17.410420700861	9	(28.2506,249.95,1.895)	120.444	-77.4089
17.419172076066	1	(29.6785,96.9536,1.895)	32.5586	-64.1584
17.420336667087	5	(25.6997,169.65,1.895)	40.3073	-64.746
17.429642230819	0	(29.9356,69.4113,1.895)	60.1021	-68.2318
17.430111458793	6	(28.8127,189.718,1.895)	60.2103	-68.2934
17.441651904734	4	(29.1202,156.778,1.895)	27.2684	-64.4036
17.449149505596	7	(28.5623,216.545,1.895)	87.0382	-70.4302
17.504964017577	2	(26.2809,107.382,1.895)	20.3676	-61.6985
17.505159656343	8	(25.157,227.794,1.895)	100.373	-71.2068
17.510420700861	9	(28.2693,247.939,1.895)	120.433	-77.4043
17.519172076066	1	(29.6972,94.9579,1.895)	32.554	-64.1519
17.520336667087	5	(25.7184,167.648,1.895)	40.3056	-64.7457
17.529642230819	0	(29.9543,67.4018,1.895)	60.1113	-68.237
17.530111458793	6	(28.8315,187.707,1.895)	60.1988	-68.2867
17.541651904734	4	(29.1387,154.793,1.895)	27.2839	-64.4368
17.549149505596	7	(28.5809,214.557,1.895)	87.0507	-70.429
17.604964017577	2	(26.2996,105.377,1.895)	20.3624	-61.7054
17.605159656343	8	(25.1757,225.79,1.895)	100.379	-71.2079
17.610420700861	9	(28.288,245.938,1.895)	120.444	-77.4089
17.619172076066	1	(29.7159,92.9523,1.895)	32.5489	-64.1448
17.620336667087	5	(25.7371,165.644,1.895)	40.3124	-64.747
17.629642230819	0	(29.9731,65.3948,1.895)	60.1076	-68.2349
17.630111458793	6	(28.8502,185.708,1.895)	60.2103	-68.2933
17.641651904734	4	(29.1573,152.799,1.895)	27.3007	-64.4723
17.649149505596	7	(28.5994,212.571,1.895)	87.075	-70.4265
17.704964017577	2	(26.3184,103.366,1.895)	20.3678	-61.6983
17.705159656343	8	(25.1945,223.784,1.895)	100.379	-71.2079
17.710420700861	9	(28.3067,243.939,1.895)	120.45	-77.4117
17.719172076066	1	(29.7346,90.9471,1.895)	32.5484	-64.1441
17.720336667087	5	(25.7558,163.636,1.895)	40.3098	-64.7465
17.729642230819	0	(29.9918,63.389,1.895)	60.1077	-68.235
17.730111458793	6	(28.8689,183.702,1.895)	60.2107	-68.2936
17.741651904734	4	(29.176,150.8,1.895)	27.3073	-64.4865
17.749149505596	7	(28.6179,210.596,1.895)	87.1059	-70.4234
17.804964017577	2	(26.3371,101.359,1.895)	20.3685	-61.6973
17.805159656343	8	(25.2131,221.783,1.895)	100.384	-71.2088
17.810420700861	9	(28.3254,241.93,1.895)	120.447	-77.4103
17.819172076066	1	(29.7533,88.9428,1.895)	32.547	-64.1422
17.820336667087	5	(25.7746,161.625,1.895)	40.3049	-64.7455
17.829642230819	0	(30.0106,61.3776,1.895)	60.1135	-68.2382
17.830111458793	6	(28.8876,181.696,1.895)	60.2104	-68.2934
17.841651904734	4	(29.1946,148.803,1.895)	27.3155	-64.5037
17.849149505596	7	(28.6364,208.608,1.895)	87.1237	-70.4217
17.904964017577	2	(26.3558,99.3524,1.895)	20.3743	-61.6895
17.905159656343	8	(25.2318,219.78,1.895)	100.382	-71.2084
17.910420700861	9	(28.3442,239.923,1.895)	120.441	-77.4075
17.919172076066	1	(29.772,86.9368,1.895)	32.5523	-64.1495
17.920336667087	5	(25.7934,159.614,1.895)	40.2946	-64.7435
17.929642230819	0	(30.0293,59.3672,1.895)	60.123	-68.2436
17.930111458793	6	(28.9063,179.689,1.895)	60.2044	-68.29
17.941651904734	4	(29.2132,146.811,1.895)	27.3244	-64.5225
17.949149505596	7	(28.655,206.623,1.895)	87.1389	-70.4202
18.004964017577	2	(26.3746,97.3457,1.895)	20.3777	-61.685
18.005159656343	8	(25.2506,217.774,1.895)	100.379	-71.2078
18.010420700861	9	(28.3628,237.923,1.895)	120.444	-77.409
18.019172076066	1	(29.7907,84.9351,1.895)	32.5506	-64.1472
18.020336667087	5	(25.8122,157.603,1.895)	40.2863	-64.742
18.029642230819	0	(30.0481,57.3602,1.895)	60.1267	-68.2457
18.030111458793	6	(28.925,177.686,1.895)	60.2039	-68.2897
18.041651904734	4	(29.2318,144.814,1.895)	27.3313	-64.5369
18.049149505596	7	(28.6735,204.638,1.895)	87.1579	-70.4183
18.104964017577	2	(26.3933,95.3423,1.895)	20.3733	-61.691
18.105159656343	8	(25.2692,215.771,1.895)	100.384	-71.2088
18.110420700861	9	(28.3815,235.921,1.895)	120.45	-77.4116
18.119172076066	1	(29.8094,82.9349,1.895)	32.5429	-64.1364
18.120336667087	5	(25.8309,155.6,1.895)	40.291	-64.7428
18.129642230819	0	(30.0668,55.3524,1.895)	60.1266	-68.2456
18.130111458793	6	(28.9437,175.684,1.895)	60.2107	-68.2935
18.141651904734	4	(29.2505,142.816,1.895)	27.341	-64.5572
18.149149505596	7	(28.692,202.651,1.895)	87.1781	-70.4164
18.204964017577	2	(26.412,93.3357,1.895)	20.3752	-61.6883
18.205159656343	8	(25.288,213.763,1.895)	100.381	-71.2082
18.210420700861	9	(28.4002,233.916,1.895)	120.45	-77.4114
18.219172076066	1	(29.8281,80.9275,1.895)	32.5457	-64.1403
18.220336667087	5	(25.8496,153.591,1.895)	40.2874	-64.7422
18.229642230819	0	(30.0855,53.3498,1.895)	60.1246	-68.2445
18.230111458793	6	(28.9624,173.678,1.895)	60.2086	-68.2923
18.241651904734	4	(29.2691,140.822,1.895)	27.3518	-64.5797
18.249149505596	7	(28.7106,200.661,1.895)	87.1931	-70.4149
18.304964017577	2	(26.4307,91.3317,1.895)	20.3678	-61.6983
18.305159656343	8	(25.3067,211.761,1.895)	100.39	-71.2098
18.310420700861	9	(28.4189,231.913,1.895)	120.458	-77.4152
18.319172076066	1	(29.8467,78.9322,1.895)	32.5295	-64.1177
18.320336667087	5	(25.8684,151.58,1.895)	40.2882	-64.7423
18.329642230819	0	(30.1042,51.3465,1.895)	60.1164	-68.2399
18.330111458793	6	(28.9811,171.677,1.895)	60.2197	-68.2988
18.341651904734	4	(29.2876,138.834,1.895)	27.3749	-64.6272
18.349149505596	7	(28.7292,198.667,1.895)	87.2101	-70.4133
18.404964017577	2	(26.4494,89.331,1.895)	20.3686	-61.6972
18.405159656343	8	(25.3255,209.749,1.895)	100.378	-71.2077
18.410420700861	9	(28.4376,229.912,1.895)	120.456	-77.4144
18.419172076066	1	(29.8654,76.9348,1.895)	32.527	-64.1143
18.420336667087	5	(25.887,149.58,1.895)	40.2876	-64.7422
18.429642230819	0	(30.123,49.3345,1.895)	60.1285	-68.2467
18.430111458793	6	(28.9998,169.678,1.895)	60.22	-68.2989
18.441651904734	4	(29.3063,136.832,1.895)	27.3728	-64.623
18.449149505596	7	(28.7477,196.683,1.895)	87.2259	-70.4118
18.504964017577	2	(26.4681,87.3239,1.895)	20.3748	-61.6889
18.505159656343	8	(25.3442,207.74,1.895)	100.37	-71.2062
18.510420700861	9	(28.4563,227.909,1.895)	120.455	-77.4137
18.519172076066	1	(29.8841,74.9235,1.895)	32.5374	-64.1287
18.520336667087	5	(25.9057,147.581,1.895)	40.2896	-64.7426
18.529642230819	0	(30.1417,47.3272,1.895)	60.135	-68.2504
18.530111458793	6	(29.0185,167.676,1.895)	60.219	-68.2983
18.541651904734	4	(29.3249,134.841,1.895)	27.383	-64.6439
18.549149505596	7	(28.7662,194.703,1.895)	87.2473	-70.4097
18.604964017577	2	(26.4868,85.3168,1.895)	20.3768	-61.6861
18.605159656343	8	(25.363,205.731,1.895)	100.366	-71.2055
18.610420700861	9	(28.4751,225.897,1.895)	120.448	-77.4106
18.619172076066	1	(29.9029,72.9168,1.895)	32.5392	-64.1312
18.620336667087	5	(25.9244,145.577,1.895)	40.2909	-64.7428
18.629642230819	0	(30.1604,45.3193,1.895)	60.1379	-68.2521
18.630111458793	6	(29.0372,165.668,1.895)	60.2156	-68.2964
18.641651904734	4	(29.3436,132.844,1.895)	27.3906	-64.6592
18.649149505596	7	(28.7848,192.713,1.895)	87.2624	-70.4083
18.704964017577	2	(26.5056,83.3062,1.895)	20.3821	-61.679
18.705159656343	8	(25.3817,203.722,1.895)	100.362	-71.2049
18.710420700861	9	(28.4938,223.89,1.895)	120.446	-77.4098
18.719172076066	1	(29.9216,70.9094,1.895)	32.5413	-64.1341
18.720336667087	5	(25.9432,143.566,1.895)	40.2846	-64.7416
18.729642230819	0	(30.1792,43.3092,1.895)	60.1427	-68.2548
18.730111458793	6	(29.056,163.658,1.895)	60.2118	-68.2942
18.741651904734	4	(29.3622,130.843,1.895)	27.3947	-64.6676
18.749149505596	7	(28.8033,190.726,1.895)	87.2804	-70.4066
18.804964017577	2	(26.5244,81.2964,1.895)	20.3913	-61.6662
18.805159656343	8	(25.4004,201.718,1.895)	100.358	-71.2041
18.810420700861	9	(28.5125,221.882,1.895)	120.439	-77.4066
18.819172076066	1	(29.9403,68.9094,1.895)	32.5409	-64.1335
18.820336667087	5	(25.9619,141.555,1.895)	40.2739	-64.7396
18.829642230819	0	(30.1979,41.3091,1.895)	60.1424	-68.2546
18.830111458793	6	(29.0746,161.658,1.895)	60.212	-68.2943
18.841651904734	4	(29.3809,128.846,1.895)	27.3988	-64.6759
18.849149505596	7	(28.822,188.729,1.895)	87.2835	-70.4063
18.904964017577	2	(26.5431,79.2871,1.895)	20.3926	-61.6644
18.905159656343	8	(25.4191,199.711,1.895)	100.36	-71.2045
18.910420700861	9	(28.5313,219.876,1.895)	120.44	-77.4073
18.919172076066	1	(29.9589,66.9144,1.895)	32.5279	-64.1155
18.920336667087	5	(25.9806,139.552,1.895)	40.2792	-64.7406
18.929642230819	0	(30.2166,39.3027,1.895)	60.1408	-68.2537
18.930111458793	6	(29.0934,159.647,1.895)	60.209	-68.2926
18.941651904734	4	(29.3995,126.853,1.895)	27.4129	-64.7043
18.949149505596	7	(28.8405,186.746,1.895)	87.3094	-70.4039
19.004964017577	2	(26.5618,77.285,1.895)	20.3874	-61.6717
19.005159656343	8	(25.4378,197.712,1.895)	100.368	-71.2058
19.010420700861	9	(28.5499,217.875,1.895)	120.447	-77.4103
19.019172076066	1	(29.9776,64.9075,1.895)	32.5274	-64.1148
19.020336667087	5	(25.9994,137.545,1.895)	40.2798	-64.7407
19.029642230819	0	(30.2354,37.2928,1.895)	60.1432	-68.2551
19.030111458793	6	(29.1122,157.636,1.895)	60.2056	-68.2907
19.041651904734	4	(29.4181,124.859,1.895)	27.4271	-64.7325
19.049149505596	7	(28.8591,184.75,1.895)	87.3203	-70.4029
19.104964017577	2	(26.5805,75.2845,1.895)	20.3878	-61.671
19.105159656343	8	(25.4565,195.709,1.895)	100.365	-71.2053
19.110420700861	9	(28.5687,215.869,1.895)	120.441	-77.4076
19.119172076066	1	(29.9963,62.9102,1.895)	32.5247	-64.111
19.120336667087	5	(26.0181,135.542,1.895)	40.2766	-64.7401
19.129642230819	0	(30.2541,35.2834,1.895)	60.1527	-68.2604
19.130111458793	6	(29.1309,155.632,1.895)	60.2012	-68.2881
19.141651904734	4	(29.4367,122.865,1.895)	27.4323	-64.7429
19.149149505596	7	(28.8777,182.753,1.895)	87.3235	-70.4026
19.204964017577	2	(26.5992,73.2791,1.895)	20.3884	-61.6702
19.205159656343	8	(25.4752,193.702,1.895)	100.362	-71.2049
19.210420700861	9	(28.5874,213.86,1.895)	120.436	-77.4056
19.219172076066	1	(30.015,60.9049,1.895)	32.5252	-64.1117
19.220336667087	5	(26.0368,133.538,1.895)	40.2778	-64.7404
19.229642230819	0	(30.2729,33.2747,1.895)	60.1565	-68.2626
19.230111458793	6	(29.1496,153.622,1.895)	60.1958	-68.285
19.241651904734	4	(29.4553,120.869,1.895)	27.4418	-64.7616
19.249149505596	7	(28.8963,180.763,1.895)	87.3382	-70.4013
19.304964017577	2	(26.6179,71.2761,1.895)	20.3906	-61.6672
19.305159656343	8	(25.494,191.693,1.895)	100.355	-71.2036
19.310420700861	9	(28.6062,211.851,1.895)	120.428	-77.4021
19.319172076066	1	(30.0337,58.9023,1.895)	32.5269	-64.1141
19.320336667087	5	(26.0555,131.533,1.895)	40.2735	-64.7396
19.329642230819	0	(30.2916,31.264,1.895)	60.1663	-68.2682
19.330111458793	6	(29.1684,151.615,1.895)	60.1899	-68.2816
19.341651904734	4	(29.474,118.868,1.895)	27.4414	-64.7608
19.349149505596	7	(28.915,178.763,1.895)	87.3395	-70.4011
19.404964017577	2	(26.6367,69.2648,1.895)	20.3977	-61.6571
19.405159656343	8	(25.5126,189.694,1.895)	100.36	-71.2044
19.410420700861	9	(28.6249,209.841,1.895)	120.423	-77.3996
19.419172076066	1	(30.0524,56.8911,1.895)	32.5341	-64.1241
19.420336667087	5	(26.0742,129.529,1.895)	40.2732	-64.7395
19.429642230819	0	(30.3103,29.2618,1.895)	60.1646	-68.2672
19.430111458793	6	(29.1871,149.611,1.895)	60.1895	-68.2814
19.441651904734	4	(29.4926,116.871,1.895)	27.4481	-64.7741
19.449149505596	7	(28.9336,176.772,1.895)	87.3525	-70.4
19.504964017577	2	(26.6554,67.254,1.895)	20.4044	-61.6476
19.505159656343	8	(25.5313,187.694,1.895)	100.363	-71.2051
19.510420700861	9	(28.6436,207.84,1.895)	120.425	-77.4007
19.519172076066	1	(30.0711,54.8962,1.895)	32.5249	-64.1113
19.520336667087	5	(26.0929,127.526,1.895)	40.2743	-64.7397
19.529642230819	0	(30.329,27.2625,1.895)	60.1598	-68.2644
19.530111458793	6	(29.2058,147.603,1.895)	60.1858	-68.2793
19.541651904734	4	(29.5112,114.881,1.895)	27.4624	-64.802
19.549149505596	7	(28.9521,174.782,1.895)	87.3658	-70.3987
19.604964017577	2	(26.6742,65.246,1.895)	20.4059	-61.6455
19.605159656343	8	(25.55,185.689,1.895)	100.365	-71.2054
19.610420700861	9	(28.6623,205.837,1.895)	120.429	-77.4024
19.619172076066	1	(30.0896,52.9065,1.895)	32.5081	-64.0882
19.620336667087	5	(26.1116,125.525,1.895)	40.2798	-64.7407
19.629642230819	0	(30.3477,25.256,1.895)	60.1598	-68.2644
19.630111458793	6	(29.2245,145.603,1.895)	60.1926	-68.2832
19.641651904734	4	(29.5298,112.885,1.895)	27.4732	-64.8227
19.649149505596	7	(28.9708,172.785,1.895)	87.3755	-70.3979
19.704964017577	2	(26.6928,63.2455,1.895)	20.3958	-61.6599
19.705159656343	8	(25.5688,183.682,1.895)	100.369	-71.206
19.710420700861	9	(28.681,203.833,1.895)	120.435	-77.4052
19.719172076066	1	(30.1084,50.8984,1.895)	32.5055	-64.0846
19.720336667087	5	(26.1303,123.514,1.895)	40.2791	-64.7406
19.730111458793	6	(29.2431,143.604,1.895)	60.2041	-68.2898
19.741651904734	4	(29.5485,110.884,1.895)	27.4824	-64.8402
19.749149505596	7	(28.9893,170.795,1.895)	87.3965	-70.396
19.804964017577	2	(26.7115,61.2448,1.895)	20.3904	-61.6674
19.805159656343	8	(25.5875,181.676,1.895)	100.369	-71.2061
19.810420700861	9	(28.6997,201.832,1.895)	120.441	-77.4077
19.819172076066	1	(30.1271,48.8912,1.895)	32.5065	-64.086
19.820336667087	5	(26.149,121.51,1.895)	40.2817	-64.7411
19.830111458793	6	(29.2619,141.596,1.895)	60.2027	-68.289
19.841651904734	4	(29.5672,108.884,1.895)	27.4888	-64.8525
19.849149505596	7	(29.0079,168.809,1.895)	87.4164	-70.3942
19.904964017577	2	(26.7302,59.2429,1.895)	20.3856	-61.6741
19.905159656343	8	(25.6061,179.676,1.895)	100.376	-71.2072
19.910420700861	9	(28.7184,199.821,1.895)	120.437	-77.4057
19.919172076066	1	(30.1458,46.8921,1.895)	32.4989	-64.0756
19.920336667087	5	(26.1677,119.51,1.895)	40.2888	-64.7424
19.930111458793	6	(29.2805,139.596,1.895)	60.2091	-68.2926
19.941651904734	4	(29.5858,106.884,1.895)	27.4956	-64.8654
19.949149505596	7	(29.0264,166.821,1.895)	87.4348	-70.3925
20.004964017577	2	(26.7489,57.2413,1.895)	20.3785	-61.6838
20.005159656343	8	(25.6248,177.673,1.895)	100.381	-71.2083
20.010420700861	9	(28.7372,197.811,1.895)	120.436	-77.4053
20.019172076066	1	(30.1645,44.8832,1.895)	32.499	-64.0758
20.020336667087	5	(26.1864,117.507,1.895)	40.2945	-64.7435
20.030111458793	6	(29.2993,137.587,1.895)	60.2087	-68.2924
20.041651904734	4	(29.6045,104.886,1.895)	27.5061	-64.885
20.049149505596	7	(29.045,164.836,1.895)	87.4585	-70.3904
20.104964017577	2	(26.7676,55.2391,1.895)	20.3751	-61.6885
20.105159656343	8	(25.6435,175.67,1.895)	100.384	-71.2088
20.110420700861	9	(28.7559,195.802,1.895)	120.432	-77.4037
20.119172076066	1	(30.1833,42.875,1.895)	32.5015	-64.0792
20.120336667087	5	(26.2051,115.507,1.895)	40.3003	-64.7446
20.130111458793	6	(29.318,135.577,1.895)	60.205	-68.2903
20.141651904734	4	(29.6232,102.884,1.895)	27.5104	-64.8931
20.149149505596	7	(29.0636,162.839,1.895)	87.4678	-70.3896
20.204964017577	2	(26.7863,53.2373,1.895)	20.3669	-61.6996
20.205159656343	8	(25.6622,173.669,1.895)	100.394	-71.2105
20.210420700861	9	(28.7746,193.801,1.895)	120.441	-77.4077
20.219172076066	1	(30.202,40.8688,1.895)	32.4976	-64.0739
20.220336667087	5	(26.2238,113.503,1.895)	40.3054	-64.7457
20.230111458793	6	(29.3368,133.571,1.895)	60.2087	-68.2924
20.241651904734	4	(29.6418,100.892,1.895)	27.5285	-64.9265
20.249149505596	7	(29.0823,160.84,1.895)	87.4786	-70.3887
20.304964017577	2	(26.805,51.2265,1.895)	20.3783	-61.6841
20.305159656343	8	(25.6809,171.667,1.895)	100.39	-71.2099
20.310420700861	9	(28.7934,191.792,1.895)	120.432	-77.4036
20.319172076066	1	(30.2208,38.8582,1.895)	32.509	-64.0894
20.320336667087	5	(26.2425,111.501,1.895)	40.3035	-64.7453
20.330111458793	6	(29.3555,131.569,1.895)	60.2062	-68.291
20.341651904734	4	(29.6605,98.8855,1.895)	27.521	-64.9128
20.349149505596	7	(29.1009,158.843,1.895)	87.4809	-70.3885
20.404964017577	2	(26.8238,49.2156,1.895)	20.3787	-61.6836
20.405159656343	8	(25.6996,169.66,1.895)	100.395	-71.2107
20.410420700861	9	(28.8121,189.784,1.895)	120.434	-77.4044
20.419172076066	1	(30.2395,36.8515,1.895)	32.5051	-64.0841
20.420336667087	5	(26.2612,109.49,1.895)	40.3026	-64.7451
20.430111458793	6	(29.3742,129.565,1.895)	60.2122	-68.2944
20.441651904734	4	(29.6791,96.8972,1.895)	27.5432	-64.9533
20.449149505596	7	(29.1195,156.851,1.895)	87.4999	-70.3868
20.504964017577	2	(26.8425,47.2073,1.895)	20.3849	-61.6751
20.505159656343	8	(25.7183,167.661,1.895)	100.397	-71.211
20.510420700861	9	(28.8309,187.772,1.895)	120.424	-77.3999
20.519172076066	1	(30.2582,34.8411,1.895)	32.5136	-64.0957
20.520336667087	5	(26.2799,107.486,1.895)	40.3004	-64.7447
20.530111458793	6	(29.3929,127.561,1.895)	60.2101	-68.2932
20.541651904734	4	(29.6977,94.9005,1.895)	27.5484	-64.9628
20.549149505596	7	(29.138,154.864,1.895)	87.5142	-70.3856
20.604964017577	2	(26.8613,45.2005,1.895)	20.383	-61.6777
20.605159656343	8	(25.737,165.652,1.895)	100.397	-71.211
20.610420700861	9	(28.8497,185.76,1.895)	120.421	-77.3987
20.619172076066	1	(30.2769,32.8379,1.895)	32.5081	-64.0882
20.620336667087	5	(26.2986,105.486,1.895)	40.3092	-64.7464
20.630111458793	6	(29.4116,125.555,1.895)	60.2131	-68.2949
20.641651904734	4	(29.7164,92.901,1.895)	27.5576	-64.9792
20.649149505596	7	(29.1567,152.864,1.895)	87.5236	-70.3848
20.704964017577	2	(26.88,43.1887,1.895)	20.3918	-61.6655
20.705159656343	8	(25.7557,163.652,1.895)	100.4	-71.2116
20.710420700861	9	(28.8684,183.756,1.895)	120.42	-77.3982
20.719172076066	1	(30.2957,30.8312,1.895)	32.5118	-64.0933
20.720336667087	5	(26.3173,103.482,1.895)	40.3086	-64.7463
20.730111458793	6	(29.4303,123.552,1.895)	60.2133	-68.295
20.741651904734	4	(29.735,90.8978,1.895)	27.5574	-64.9788
20.749149505596	7	(29.1753,150.874,1.895)	87.536	-70.3837
20.804964017577	2	(26.8987,41.1861,1.895)	20.3871	-61.672
20.805159656343	8	(25.7744,161.652,1.895)	100.408	-71.213
20.810420700861	9	(28.8871,181.754,1.895)	120.425	-77.4006
20.819172076066	1	(30.3144,28.8252,1.895)	32.5104	-64.0914
20.820336667087	5	(26.336,101.477,1.895)	40.311	-64.7468
20.830111458793	6	(29.4489,121.552,1.895)	60.2204	-68.2991
20.841651904734	4	(29.7537,88.9022,1.895)	27.5691	-64.9996
20.849149505596	7	(29.1939,148.883,1.895)	87.5529	-70.3823
20.904964017577	2	(26.9175,39.179,1.895)	20.3882	-61.6706
20.905159656343	8	(25.7931,159.649,1.895)	100.41	-71.2135
20.910420700861	9	(28.9058,179.745,1.895)	120.422	-77.3993
20.919172076066	1	(30.3331,26.8213,1.895)	32.5083	-64.0885
20.920336667087	5	(26.3547,99.4702,1.895)	40.3098	-64.7465
20.930111458793	6	(29.4677,119.541,1.895)	60.2155	-68.2963
20.941651904734	4	(29.7724,86.8987,1.895)	27.5716	-65.004
20.949149505596	7	(29.2124,146.898,1.895)	87.5732	-70.3806
21.004964017577	2	(26.9362,37.1686,1.895)	20.389	-61.6694
21.005159656343	8	(25.8118,157.64,1.895)	100.411	-71.2136
21.010420700861	9	(28.9245,177.743,1.895)	120.429	-77.4025
21.020336667087	5	(26.3735,97.4593,1.895)	40.3085	-64.7463
21.030111458793	6	(29.4864,117.534,1.895)	60.2184	-68.298
21.041651904734	4	(29.791,84.9004,1.895)	27.583	-65.0238
21.049149505596	7	(29.2311,144.896,1.895)	87.5814	-70.3799
21.104964017577	2	(26.9549,35.1661,1.895)	20.3859	-61.6737
21.105159656343	8	(25.8305,155.637,1.895)	100.413	-71.214
21.110420700861	9	(28.9432,175.736,1.895)	120.429	-77.4022
21.120336667087	5	(26.3922,95.4543,1.895)	40.3091	-64.7464
21.130111458793	6	(29.5052,115.522,1.895)	60.212	-68.2943
21.141651904734	4	(29.8098,82.893,1.895)	27.5812	-65.0206
21.149149505596	7	(29.2497,142.896,1.895)	87.5863	-70.3795
21.204964017577	2	(26.9737,33.1551,1.895)	20.3877	-61.6712
21.205159656343	8	(25.8493,153.629,1.895)	100.414	-71.2142
21.210420700861	9	(28.962,173.727,1.895)	120.429	-77.4022
21.220336667087	5	(26.411,93.4432,1.895)	40.3073	-64.746
21.230111458793	6	(29.5239,113.523,1.895)	60.2215	-68.2998
21.241651904734	4	(29.8284,80.8915,1.895)	27.5889	-65.034
21.249149505596	7	(29.2685,140.889,1.895)	87.5893	-70.3792
21.304964017577	2	(26.9924,31.151,1.895)	20.3902	-61.6677
21.305159656343	8	(25.8679,151.626,1.895)	100.413	-71.214
21.310420700861	9	(28.9807,171.723,1.895)	120.426	-77.4011
21.320336667087	5	(26.4297,91.4425,1.895)	40.308	-64.7462
21.330111458793	6	(29.5426,111.513,1.895)	60.2131	-68.2949
21.341651904734	4	(29.8472,78.8844,1.895)	27.5833	-65.0244
21.349149505596	7	(29.2871,138.896,1.895)	87.5979	-70.3785
21.404964017577	2	(27.0111,29.1485,1.895)	20.3902	-61.6678
21.405159656343	8	(25.8866,149.623,1.895)	100.412	-71.2138
21.410420700861	9	(28.9994,169.722,1.895)	120.427	-77.4016
21.420336667087	5	(26.4484,89.4321,1.895)	40.3002	-64.7446
21.430111458793	6	(29.5613,109.509,1.895)	60.2119	-68.2943
21.441651904734	4	(29.8658,76.8928,1.895)	27.5942	-65.0431
21.449149505596	7	(29.3057,136.898,1.895)	87.6017	-70.3782
21.504964017577	2	(27.0299,27.137,1.895)	20.4015	-61.6517
21.505159656343	8	(25.9054,147.612,1.895)	100.401	-71.2118
21.510420700861	9	(29.0181,167.714,1.895)	120.419	-77.398
21.520336667087	5	(26.4672,87.4264,1.895)	40.2946	-64.7435
21.530111458793	6	(29.5801,107.498,1.895)	60.2007	-68.2878
21.541651904734	4	(29.8845,74.8901,1.895)	27.5915	-65.0386
21.549149505596	7	(29.3243,134.904,1.895)	87.6076	-70.3777
21.604964017577	2	(27.0486,25.1349,1.895)	20.3972	-61.6579
21.605159656343	8	(25.9242,145.6,1.895)	100.396	-71.211
21.610420700861	9	(29.0369,165.703,1.895)	120.415	-77.3962
21.620336667087	5	(26.4858,85.4238,1.895)	40.2985	-64.7443
21.630111458793	6	(29.5989,105.488,1.895)	60.1975	-68.286
21.641651904734	4	(29.9031,72.8943,1.895)	27.6023	-65.0569
21.649149505596	7	(29.343,132.907,1.895)	87.6174	-70.3769
21.705159656343	8	(25.9429,143.595,1.895)	100.397	-71.2111
21.710420700861	9	(29.0556,163.701,1.895)	120.419	-77.3977
21.720336667087	5	(26.5045,83.4225,1.895)	40.303	-64.7452
21.730111458793	6	(29.6175,103.488,1.895)	60.2028	-68.289
21.741651904734	4	(29.9217,70.8948,1.895)	27.6086	-65.0676
21.749149505596	7	(29.3616,130.912,1.895)	87.6284	-70.3759
21.805159656343	8	(25.9616,141.589,1.895)	100.397	-71.2111
21.810420700861	9	(29.0743,161.693,1.895)	120.418	-77.3973
21.820336667087	5	(26.5232,81.4181,1.895)	40.305	-64.7456
21.830111458793	6	(29.6362,101.485,1.895)	60.2065	-68.2911
21.841651904734	4	(29.9404,68.893,1.895)	27.6132	-65.0753
21.849149505596	7	(29.3802,128.92,1.895)	87.6426	-70.3748
21.905159656343	8	(25.9803,139.589,1.895)	100.4	-71.2117
21.910420700861	9	(29.093,159.69,1.895)	120.417	-77.3971
21.920336667087	5	(26.5419,79.4178,1.895)	40.307	-64.746
21.930111458793	6	(29.655,99.4729,1.895)	60.1969	-68.2857
21.941651904734	4	(29.9591,66.897,1.895)	27.6196	-65.086
21.949149505596	7	(29.3988,126.921,1.895)	87.6459	-70.3745
22.005159656343	8	(25.999,137.589,1.895)	100.412	-71.2137
22.010420700861	9	(29.1117,157.69,1.895)	120.428	-77.4017
22.020336667087	5	(26.5606,77.4148,1.895)	40.3155	-64.7477
22.030111458793	6	(29.6737,97.4725,1.895)	60.208	-68.292
22.041651904734	4	(29.9777,64.9021,1.895)	27.6362	-65.1134
22.049149505596	7	(29.4176,124.914,1.895)	87.6511	-70.3741
22.105159656343	8	(26.0177,135.584,1.895)	100.417	-71.2146
22.110420700861	9	(29.1303,155.69,1.895)	120.438	-77.4063
22.120336667087	5	(26.5793,75.4091,1.895)	40.32	-64.7486
22.130111458793	6	(29.6924,95.4652,1.895)	60.2108	-68.2936
22.141651904734	4	(29.9964,62.8919,1.895)	27.6361	-65.1132
22.149149505596	7	(29.4361,122.923,1.895)	87.67	-70.3725
22.205159656343	8	(26.0363,133.584,1.895)	100.42	-71.2153
22.210420700861	9	(29.1491,153.679,1.895)	120.431	-77.4033
22.220336667087	5	(26.5981,73.4004,1.895)	40.315	-64.7476
22.230111458793	6	(29.7111,93.4623,1.895)	60.2117	-68.2941
22.241651904734	4	(30.0152,60.8849,1.895)	27.6328	-65.1078
22.249149505596	7	(29.4548,120.922,1.895)	87.673	-70.3723
22.305159656343	8	(26.0551,131.579,1.895)	100.414	-71.2142
22.310420700861	9	(29.1678,151.671,1.895)	120.422	-77.3992
22.320336667087	5	(26.6168,71.3963,1.895)	40.3103	-64.7466
22.330111458793	6	(29.7299,91.4522,1.895)	60.2011	-68.288
22.341651904734	4	(30.0338,58.887,1.895)	27.6344	-65.1104
22.349149505596	7	(29.4735,118.924,1.895)	87.6741	-70.3722
22.405159656343	8	(26.0737,129.578,1.895)	100.417	-71.2147
22.410420700861	9	(29.1866,149.663,1.895)	120.418	-77.3976
22.420336667087	5	(26.6355,69.387,1.895)	40.3047	-64.7455
22.430111458793	6	(29.7486,89.4502,1.895)	60.2027	-68.2889
22.441651904734	4	(30.0524,56.8914,1.895)	27.6425	-65.1235
22.449149505596	7	(29.4921,116.928,1.895)	87.6818	-70.3716
22.505159656343	8	(26.0924,127.575,1.895)	100.42	-71.2152
22.510420700861	9	(29.2053,147.655,1.895)	120.416	-77.3964
22.520336667087	5	(26.6543,67.3775,1.895)	40.3003	-64.7446
22.530111458793	6	(29.7673,87.4425,1.895)	60.2	-68.2874
22.541651904734	4	(30.0711,54.8935,1.895)	27.6495	-65.1349
22.549149505596	7	(29.5107,114.937,1.895)	87.6961	-70.3704
22.605159656343	8	(26.1111,125.569,1.895)	100.415	-71.2144
22.610420700861	9	(29.2241,145.647,1.895)	120.409	-77.3935
22.620336667087	5	(26.673,65.3682,1.895)	40.2926	-64.7432
22.630111458793	6	(29.786,85.434,1.895)	60.1931	-68.2835
22.641651904734	4	(30.0898,52.8923,1.895)	27.6499	-65.1355
22.649149505596	7	(29.5294,112.936,1.895)	87.6962	-70.3704
