4.104964017577	2	(23.7719,376.195,1.895)	40.2517	-64.7357
4.119172076066	1	(27.2269,359.624,1.895)	56.7186	-66.9866
4.125066219154	3	(26.8848,396.284,1.895)	20.057	-61.9179
4.129642230819	0	(27.446,336.15,1.895)	80.1937	-72.0822
4.204964017577	2	(23.7906,374.195,1.895)	40.3978	-64.7658
4.219172076066	1	(27.2449,357.699,1.895)	56.7913	-66.9987
4.225066219154	3	(26.9035,394.275,1.895)	20.2134	-61.8625
4.229642230819	0	(27.4648,334.139,1.895)	80.3515	-72.0174
4.304964017577	2	(23.8093,372.186,1.895)	40.5416	-64.8045
4.319172076066	1	(27.2629,355.772,1.895)	56.852	-67.0093
4.325066219154	3	(26.9222,392.27,1.895)	20.3522	-61.7187
4.329642230819	0	(27.4835,332.14,1.895)	80.4849	-71.9637
4.404964017577	2	(23.8281,370.179,1.895)	40.6883	-64.8531
4.419172076066	1	(27.2808,353.852,1.895)	56.9129	-67.0205
4.425066219154	3	(26.941,390.262,1.895)	20.5017	-61.4985
4.429642230819	0	(27.5022,330.134,1.895)	80.6315	-71.9061
4.504964017577	2	(23.8468,368.169,1.895)	40.832	-64.9096
4.519172076066	1	(27.2989,351.92,1.895)	56.9797	-67.0333
4.525066219154	3	(26.9597,388.258,1.895)	20.6393	-61.2682
4.529642230819	0	(27.5209,328.127,1.895)	80.7734	-71.8515
4.604964017577	2	(23.8656,366.162,1.895)	40.9797	-64.9765
4.619172076066	1	(27.3168,349.993,1.895)	57.0466	-67.0466
4.625066219154	3	(26.9784,386.249,1.895)	20.789	-61.0194
4.629642230819	0	(27.5397,326.117,1.895)	80.9239	-71.7949
4.704964017577	2	(23.8843,364.154,1.895)	41.1073	-65.0416
4.719172076066	1	(27.3348,348.063,1.895)	57.0973	-67.0572
4.725066219154	3	(26.9972,384.237,1.895)	20.9217	-60.8213
4.729642230819	0	(27.5584,324.113,1.895)	81.0482	-71.7492
4.804964017577	2	(23.903,362.151,1.895)	41.2384	-65.1153
4.819172076066	1	(27.3528,346.136,1.895)	57.1524	-67.069
4.825066219154	3	(27.016,382.227,1.895)	21.0601	-60.652
4.829642230819	0	(27.5771,322.112,1.895)	81.177	-71.7028
4.904964017577	2	(23.9217,360.151,1.895)	41.3631	-65.1919
4.919172076066	1	(27.3708,344.206,1.895)	57.2079	-67.0812
4.925066219154	3	(27.0347,380.221,1.895)	21.1914	-60.5355
4.929642230819	0	(27.5957,320.112,1.895)	81.3035	-71.6581
5.004964017577	2	(23.9404,358.14,1.895)	41.4895	-65.2758
5.019172076066	1	(27.3889,342.276,1.895)	57.2542	-67.0918
5.025066219154	3	(27.0534,378.219,1.895)	21.3093	-60.4719
5.029642230819	0	(27.6144,318.108,1.895)	81.4231	-71.6167
5.104964017577	2	(23.9592,356.129,1.895)	41.6176	-65.3672
5.119172076066	1	(27.4069,340.338,1.895)	57.3085	-67.1045
5.120336667087	5	(23.3976,416.3,1.895)	18.9766	-59.8077
5.125066219154	3	(27.0721,376.22,1.895)	21.4257	-60.4493
5.129642230819	0	(27.6332,316.102,1.895)	81.5465	-71.5748
5.204964017577	2	(23.978,354.121,1.895)	41.7527	-65.4705
5.219172076066	1	(27.425,338.403,1.895)	57.371	-67.1196
5.220336667087	5	(23.4163,414.295,1.895)	18.8456	-59.5976
5.225066219154	3	(27.0908,374.212,1.895)	21.5609	-60.4743
5.229642230819	0	(27.6519,314.091,1.895)	81.6843	-71.529
5.304964017577	2	(23.9967,352.114,1.895)	41.8722	-65.5677
5.319172076066	1	(27.4432,336.457,1.895)	57.4303	-67.1343
5.320336667087	5	(23.435,412.295,1.895)	18.734	-59.4725
5.325066219154	3	(27.1095,372.209,1.895)	21.6772	-60.5397
5.329642230819	0	(27.6707,312.08,1.895)	81.8088	-71.4886
5.404964017577	2	(24.0154,350.11,1.895)	41.9961	-65.6743
5.419172076066	1	(27.4613,334.513,1.895)	57.4942	-67.1507
5.420336667087	5	(23.4537,410.294,1.895)	18.6155	-59.3982
5.425066219154	3	(27.1282,370.204,1.895)	21.8022	-60.6539
5.429642230819	0	(27.6894,310.071,1.895)	81.9371	-71.4477
5.504964017577	2	(24.0342,348.099,1.895)	42.1137	-65.7806
5.519172076066	1	(27.4795,332.565,1.895)	57.5501	-67.1655
5.520336667087	5	(23.4723,408.294,1.895)	18.51	-59.3845
5.525066219154	3	(27.1469,368.204,1.895)	21.9093	-60.7865
5.529642230819	0	(27.7081,308.067,1.895)	82.0488	-71.4129
5.604964017577	2	(24.0529,346.091,1.895)	42.2355	-65.8962
5.619172076066	1	(27.4976,330.628,1.895)	57.601	-67.1793
5.620336667087	5	(23.4911,406.282,1.895)	18.3858	-59.4307
5.625066219154	3	(27.1656,366.194,1.895)	22.034	-60.9784
5.629642230819	0	(27.7268,306.064,1.895)	82.1665	-71.3769
5.704964017577	2	(24.0716,344.089,1.895)	42.3378	-65.9975
5.719172076066	1	(27.5157,328.684,1.895)	57.6452	-67.1915
5.720336667087	5	(23.5098,404.281,1.895)	18.2865	-59.5135
5.725066219154	3	(27.1844,364.184,1.895)	22.1436	-61.1775
5.729642230819	0	(27.7456,304.056,1.895)	82.2747	-71.3444
5.804964017577	2	(24.0903,342.084,1.895)	42.4399	-66.1023
5.819172076066	1	(27.5339,326.733,1.895)	57.6942	-67.2053
5.820336667087	5	(23.5285,402.277,1.895)	18.1854	-59.6347
5.825066219154	3	(27.2031,362.183,1.895)	22.2428	-61.3793
5.829642230819	0	(27.7644,302.044,1.895)	82.3845	-71.3121
5.904964017577	2	(24.1091,340.073,1.895)	42.559	-66.2294
5.919172076066	1	(27.5521,324.783,1.895)	57.7515	-67.2219
5.920336667087	5	(23.5472,400.267,1.895)	18.0697	-59.8094
5.925066219154	3	(27.2218,360.174,1.895)	22.3589	-61.6364
5.929642230819	0	(27.7831,300.041,1.895)	82.4953	-71.2801
6.004964017577	2	(24.1278,338.07,1.895)	42.661	-66.3421
6.019172076066	1	(27.5703,322.838,1.895)	57.7967	-67.2352
6.020336667087	5	(23.566,398.258,1.895)	17.9634	-59.9905
6.025066219154	3	(27.2406,358.166,1.895)	22.4676	-61.8924
6.029642230819	0	(27.8017,298.041,1.895)	82.5947	-71.2519
6.104964017577	2	(24.1465,336.066,1.895)	42.7612	-66.4563
6.119172076066	1	(27.5884,320.901,1.895)	57.8301	-67.2452
6.120336667087	5	(23.5847,396.252,1.895)	17.8623	-60.1652
6.125066219154	3	(27.2593,356.161,1.895)	22.5682	-62.1369
6.129642230819	0	(27.8204,296.037,1.895)	82.6951	-71.224
6.130111458793	6	(26.6976,416.34,1.895)	37.6132	-65.9397
6.204964017577	2	(24.1651,334.066,1.895)	42.8617	-66.5743
6.219172076066	1	(27.6065,318.953,1.895)	57.8789	-67.2601
6.220336667087	5	(23.6034,394.252,1.895)	17.7641	-60.3198
6.225066219154	3	(27.278,354.155,1.895)	22.6748	-62.3971
6.229642230819	0	(27.8391,294.034,1.895)	82.7986	-71.1957
6.230111458793	6	(26.7163,414.341,1.895)	37.5136	-66.0517
6.304964017577	2	(24.1838,332.063,1.895)	42.9556	-66.6876
6.319172076066	1	(27.6247,317.008,1.895)	57.9145	-67.2711
6.320336667087	5	(23.6221,392.242,1.895)	17.6641	-60.4429
6.325066219154	3	(27.2967,352.154,1.895)	22.7675	-62.6186
6.329642230819	0	(27.8579,292.026,1.895)	82.8981	-71.169
6.330111458793	6	(26.735,412.334,1.895)	37.4154	-66.1659
6.404964017577	2	(24.2025,330.06,1.895)	43.0581	-66.8146
6.419172076066	1	(27.6429,315.056,1.895)	57.9662	-67.2874
6.420336667087	5	(23.6408,390.241,1.895)	17.5657	-60.5123
6.425066219154	3	(27.3154,350.146,1.895)	22.8751	-62.8618
6.429642230819	0	(27.8766,290.017,1.895)	83.0065	-71.1404
6.430111458793	6	(26.7536,410.335,1.895)	37.3163	-66.2849
6.504964017577	2	(24.2212,328.057,1.895)	43.1483	-66.9292
6.519172076066	1	(27.6611,313.104,1.895)	58.0064	-67.3003
6.520336667087	5	(23.6595,388.237,1.895)	17.4755	-60.5184
6.525066219154	3	(27.3341,348.14,1.895)	22.9682	-63.0536
6.529642230819	0	(27.8953,288.015,1.895)	83.0966	-71.1171
6.530111458793	6	(26.7723,408.335,1.895)	37.2292	-66.3923
6.604964017577	2	(24.24,326.048,1.895)	43.2458	-67.0558
6.619172076066	1	(27.6793,311.152,1.895)	58.0467	-67.3134
6.620336667087	5	(23.6782,386.234,1.895)	17.3848	-60.4629
6.625066219154	3	(27.3528,346.137,1.895)	23.0609	-63.2217
6.629642230819	0	(27.914,286.008,1.895)	83.1923	-71.0927
6.630111458793	6	(26.791,406.329,1.895)	37.1346	-66.5115
6.704964017577	2	(24.2587,324.036,1.895)	43.3414	-67.1828
6.719172076066	1	(27.6976,309.2,1.895)	58.0832	-67.3254
6.720336667087	5	(23.6969,384.228,1.895)	17.2964	-60.3498
6.725066219154	3	(27.3715,344.133,1.895)	23.1485	-63.3544
6.729642230819	0	(27.9328,284,1.895)	83.2845	-71.0697
6.730111458793	6	(26.8098,404.321,1.895)	37.0422	-66.6301
6.804964017577	2	(24.2775,322.029,1.895)	43.429	-67.3016
6.819172076066	1	(27.7158,307.242,1.895)	58.1223	-67.3385
6.820336667087	5	(23.7157,382.224,1.895)	17.2132	-60.1951
6.825066219154	3	(27.3902,342.133,1.895)	23.23	-63.452
6.829642230819	0	(27.9515,281.998,1.895)	83.3677	-71.0492
6.830111458793	6	(26.8285,402.311,1.895)	36.9506	-66.7494
6.904964017577	2	(24.2962,320.021,1.895)	43.524	-67.4329
6.919172076066	1	(27.7341,305.287,1.895)	58.1645	-67.3529
6.920336667087	5	(23.7344,380.213,1.895)	17.117	-59.9711
6.925066219154	3	(27.4089,340.128,1.895)	23.3215	-63.5292
6.929642230819	0	(27.9702,279.993,1.895)	83.4595	-71.027
6.930111458793	6	(26.8472,400.306,1.895)	36.8588	-66.8701
7.004964017577	2	(24.315,318.01,1.895)	43.616	-67.5624
7.019172076066	1	(27.7523,303.333,1.895)	58.1993	-67.3648
7.020336667087	5	(23.7531,378.21,1.895)	17.0345	-59.7527
7.025066219154	3	(27.4276,338.121,1.895)	23.41	-63.5697
7.029642230819	0	(27.9888,277.994,1.895)	83.5396	-71.0079
7.030111458793	6	(26.866,398.297,1.895)	36.769	-66.9889
7.104964017577	2	(24.3337,316.01,1.895)	43.6992	-67.6816
7.119172076066	1	(27.7706,301.375,1.895)	58.2404	-67.3791
7.120336667087	5	(23.7719,376.2,1.895)	16.9429	-59.4982
7.125066219154	3	(27.4464,336.114,1.895)	23.4996	-63.5767
7.129642230819	0	(28.0076,275.987,1.895)	83.63	-70.9868
7.130111458793	6	(26.8847,396.297,1.895)	36.6854	-67.0994
7.149149505596	7	(26.6976,416.34,1.895)	56.7297	-66.9884
7.204964017577	2	(24.3523,314.008,1.895)	43.7718	-67.7868
7.219172076066	1	(27.7889,299.414,1.895)	58.2723	-67.3904
7.220336667087	5	(23.7906,374.195,1.895)	16.8682	-59.2917
7.225066219154	3	(27.4651,334.104,1.895)	23.5816	-63.5543
7.229642230819	0	(28.0263,273.984,1.895)	83.7042	-70.9697
7.230111458793	6	(26.9033,394.297,1.895)	36.6141	-67.1932
7.249149505596	7	(26.7149,414.487,1.895)	56.805	-67.001
7.304964017577	2	(24.371,312.006,1.895)	43.8507	-67.9028
7.319172076066	1	(27.8071,297.462,1.895)	58.3016	-67.4008
7.320336667087	5	(23.8093,372.189,1.895)	16.7874	-59.0798
7.325066219154	3	(27.4839,332.094,1.895)	23.6681	-63.5032
7.329642230819	0	(28.0449,271.985,1.895)	83.7796	-70.9525
7.330111458793	6	(26.922,392.296,1.895)	36.5369	-67.2937
7.349149505596	7	(26.7323,412.627,1.895)	56.8685	-67.0123
7.404964017577	2	(24.3898,309.996,1.895)	43.934	-68.0268
7.419172076066	1	(27.8254,295.503,1.895)	58.3345	-67.4127
7.420336667087	5	(23.828,370.184,1.895)	16.7099	-58.8951
7.425066219154	3	(27.5027,330.083,1.895)	23.7522	-63.4295
7.429642230819	0	(28.0636,269.981,1.895)	83.8574	-70.9352
7.430111458793	6	(26.9407,390.295,1.895)	36.4622	-67.3897
7.449149505596	7	(26.7495,410.774,1.895)	56.9422	-67.026
7.504964017577	2	(24.4085,307.994,1.895)	43.9974	-68.1222
7.519172076066	1	(27.8437,293.538,1.895)	58.3612	-67.4224
7.520336667087	5	(23.8468,368.177,1.895)	16.6425	-58.7542
7.525066219154	3	(27.5214,328.077,1.895)	23.8211	-63.3541
7.529642230819	0	(28.0823,267.976,1.895)	83.9241	-70.9204
7.530111458793	6	(26.9595,388.284,1.895)	36.3889	-67.482
7.549149505596	7	(26.7669,408.92,1.895)	57.0258	-67.0424
7.604964017577	2	(24.4272,305.992,1.895)	44.0643	-68.2236
7.619172076066	1	(27.8621,291.576,1.895)	58.3875	-67.432
7.620336667087	5	(23.8655,366.17,1.895)	16.5727	-58.6315
7.625066219154	3	(27.5401,326.074,1.895)	23.8878	-63.2702
7.629642230819	0	(28.101,265.97,1.895)	83.9944	-70.9052
7.630111458793	6	(26.9781,386.283,1.895)	36.324	-67.5618
7.649149505596	7	(26.7843,407.046,1.895)	57.0876	-67.0551
7.704964017577	2	(24.4458,303.992,1.895)	44.1389	-68.3379
7.719172076066	1	(27.8804,289.609,1.895)	58.4298	-67.4477
7.720336667087	5	(23.8843,364.159,1.895)	16.4871	-58.5173
7.725066219154	3	(27.5589,324.062,1.895)	23.9753	-63.1477
7.729642230819	0	(28.1197,263.969,1.895)	84.0709	-70.8888
7.730111458793	6	(26.9969,384.276,1.895)	36.2411	-67.6604
7.749149505596	7	(26.8017,405.186,1.895)	57.152	-67.0689
7.804964017577	2	(24.4645,301.99,1.895)	44.2039	-68.4382
7.819172076066	1	(27.8987,287.648,1.895)	58.4541	-67.4568
7.820336667087	5	(23.903,362.156,1.895)	16.4235	-58.4602
7.825066219154	3	(27.5776,322.057,1.895)	24.0432	-63.0452
7.829642230819	0	(28.1385,261.96,1.895)	84.1433	-70.8735
7.830111458793	6	(27.0156,382.265,1.895)	36.1671	-67.7448
7.849149505596	7	(26.8192,403.31,1.895)	57.2128	-67.0823
7.904964017577	2	(24.4833,299.981,1.895)	44.2796	-68.5559
7.919172076066	1	(27.9171,285.676,1.895)	58.4927	-67.4714
7.920336667087	5	(23.9217,360.147,1.895)	16.3489	-58.4247
7.925066219154	3	(27.5963,320.056,1.895)	24.1114	-62.9378
7.929642230819	0	(28.1573,259.948,1.895)	84.2216	-70.8572
7.930111458793	6	(27.0344,380.256,1.895)	36.0915	-67.8267
7.949149505596	7	(26.8367,401.434,1.895)	57.2706	-67.0956
8.004964017577	2	(24.502,297.973,1.895)	44.3568	-68.6767
8.019172076066	1	(27.9355,283.707,1.895)	58.5315	-67.4863
8.020336667087	5	(23.9404,358.147,1.895)	16.2807	-58.4221
8.025066219154	3	(27.6149,318.053,1.895)	24.1842	-62.8207
8.029642230819	0	(28.1759,257.948,1.895)	84.2915	-70.8429
8.030111458793	6	(27.0532,378.244,1.895)	36.01	-67.9094
8.049149505596	7	(26.8542,399.557,1.895)	57.3231	-67.108
8.104964017577	2	(24.5208,295.963,1.895)	44.4353	-68.8004
8.105159656343	8	(23.3976,416.3,1.895)	76.1011	-74.3616
8.119172076066	1	(27.9539,281.74,1.895)	58.5672	-67.5001
8.120336667087	5	(23.9591,356.142,1.895)	16.2079	-58.4501
8.125066219154	3	(27.6337,316.048,1.895)	24.2577	-62.7017
8.129642230819	0	(28.1946,255.944,1.895)	84.3644	-70.8282
8.130111458793	6	(27.0719,376.235,1.895)	35.9321	-67.9821
8.149149505596	7	(26.8718,397.677,1.895)	57.3747	-67.1205
8.204964017577	2	(24.5395,293.955,1.895)	44.5104	-68.9193
8.205159656343	8	(23.4163,414.297,1.895)	76.0312	-74.4108
8.219172076066	1	(27.9722,279.78,1.895)	58.5943	-67.5107
8.220336667087	5	(23.9778,354.138,1.895)	16.1386	-58.5045
8.225066219154	3	(27.6524,314.044,1.895)	24.3288	-62.5875
8.229642230819	0	(28.2133,253.939,1.895)	84.4363	-70.8139
8.230111458793	6	(27.0906,374.233,1.895)	35.8627	-68.0411
8.249149505596	7	(26.8893,395.797,1.895)	57.4277	-67.1337
8.304964017577	2	(24.5583,291.947,1.895)	44.5765	-69.0241
8.305159656343	8	(23.435,412.29,1.895)	75.9661	-74.4568
8.319172076066	1	(27.9905,277.81,1.895)	58.6231	-67.522
8.320336667087	5	(23.9965,352.133,1.895)	16.0769	-58.5736
8.325066219154	3	(27.6711,312.035,1.895)	24.3963	-62.4817
8.329642230819	0	(28.2321,251.93,1.895)	84.5038	-70.8007
8.330111458793	6	(27.1093,372.224,1.895)	35.7953	-68.0927
8.349149505596	7	(26.9069,393.92,1.895)	57.4921	-67.1502
8.404964017577	2	(24.577,289.943,1.895)	44.6403	-69.1257
8.405159656343	8	(23.4537,410.284,1.895)	75.9006	-74.5035
8.419172076066	1	(28.0089,275.845,1.895)	58.6475	-67.5317
8.420336667087	5	(24.0152,350.131,1.895)	16.0163	-58.6572
8.425066219154	3	(27.6899,310.026,1.895)	24.4648	-62.3776
8.429642230819	0	(28.2508,249.924,1.895)	84.5689	-70.7881
8.430111458793	6	(27.1281,370.215,1.895)	35.7271	-68.1387
8.449149505596	7	(26.9246,392.023,1.895)	57.5359	-67.1617
8.504964017577	2	(24.5957,287.932,1.895)	44.7098	-69.2365
8.505159656343	8	(23.4725,408.278,1.895)	75.8359	-74.5498
8.519172076066	1	(28.0273,273.874,1.895)	58.6771	-67.5436
8.520336667087	5	(24.034,348.12,1.895)	15.9482	-58.7661
8.525066219154	3	(27.7085,308.025,1.895)	24.5238	-62.2916
8.529642230819	0	(28.2695,247.919,1.895)	84.6331	-70.7759
8.530111458793	6	(27.1468,368.216,1.895)	35.6693	-68.1723
8.549149505596	7	(26.9422,390.129,1.895)	57.5829	-67.1743
8.604964017577	2	(24.6144,285.928,1.895)	44.7785	-69.3461
8.605159656343	8	(23.4912,406.273,1.895)	75.7661	-74.6
8.619172076066	1	(28.0456,271.909,1.895)	58.707	-67.5556
8.620336667087	5	(24.0527,346.11,1.895)	15.8752	-58.8929
8.625066219154	3	(27.7273,306.014,1.895)	24.6	-62.1866
8.629642230819	0	(28.2883,245.907,1.895)	84.7098	-70.7615
8.630111458793	6	(27.1655,366.213,1.895)	35.6011	-68.2055
8.649149505596	7	(26.9599,388.241,1.895)	57.6305	-67.1874
8.704964017577	2	(24.6332,283.922,1.895)	44.8424	-69.4479
8.705159656343	8	(23.5099,404.268,1.895)	75.7031	-74.6456
8.719172076066	1	(28.064,269.939,1.895)	58.7351	-67.5671
8.720336667087	5	(24.0714,344.107,1.895)	15.8153	-58.9981
8.725066219154	3	(27.746,304.012,1.895)	24.6607	-62.1082
8.729642230819	0	(28.307,243.903,1.895)	84.7719	-70.75
8.730111458793	6	(27.1842,364.207,1.895)	35.5372	-68.2297
8.749149505596	7	(26.9776,386.345,1.895)	57.6762	-67.2002
8.804964017577	2	(24.6519,281.916,1.895)	44.9022	-69.543
8.805159656343	8	(23.5286,402.268,1.895)	75.6491	-74.6849
8.819172076066	1	(28.0824,267.965,1.895)	58.7634	-67.5787
8.820336667087	5	(24.0901,342.104,1.895)	15.7593	-59.0922
8.825066219154	3	(27.7648,302,1.895)	24.7264	-62.0294
8.829642230819	0	(28.3258,241.895,1.895)	84.8344	-70.7386
8.830111458793	6	(27.2029,362.205,1.895)	35.4811	-68.2452
8.849149505596	7	(26.9952,384.453,1.895)	57.7302	-67.2157
8.904964017577	2	(24.6706,279.908,1.895)	44.9629	-69.6392
8.905159656343	8	(23.5473,400.261,1.895)	75.5891	-74.7286
8.919172076066	1	(28.1008,265.992,1.895)	58.7893	-67.5894
8.920336667087	5	(24.1088,340.104,1.895)	15.7073	-59.1708
8.925066219154	3	(27.7835,299.992,1.895)	24.7872	-61.9623
8.929642230819	0	(28.3445,239.891,1.895)	84.8911	-70.7284
8.930111458793	6	(27.2216,360.2,1.895)	35.4228	-68.2554
8.949149505596	7	(27.0129,382.559,1.895)	57.7829	-67.2311
9.004964017577	2	(24.6894,277.896,1.895)	45.0306	-69.7461
9.005159656343	8	(23.566,398.254,1.895)	75.5254	-74.7754
9.019172076066	1	(28.1192,264.02,1.895)	58.8166	-67.6008
9.020336667087	5	(24.1275,338.103,1.895)	15.652	-59.2401
9.025066219154	3	(27.8022,297.991,1.895)	24.8447	-61.9044
9.029642230819	0	(28.3632,237.883,1.895)	84.9554	-70.717
9.030111458793	6	(27.2403,358.19,1.895)	35.3574	-68.2596
9.049149505596	7	(27.0306,380.661,1.895)	57.8287	-67.2448
9.104964017577	2	(24.7081,275.897,1.895)	45.0907	-69.8406
9.105159656343	8	(23.5847,396.251,1.895)	75.4617	-74.8222
9.110420700861	9	(26.6976,416.34,1.895)	95.4491	-70.5112
9.119172076066	1	(28.1377,262.042,1.895)	58.8562	-67.6174
9.120336667087	5	(24.1462,336.097,1.895)	15.5868	-59.2966
9.125066219154	3	(27.8209,295.989,1.895)	24.9072	-61.8478
9.129642230819	0	(28.3819,235.877,1.895)	85.0218	-70.7054
9.130111458793	6	(27.2591,356.181,1.895)	35.2876	-68.2553
9.149149505596	7	(27.0484,378.757,1.895)	57.8644	-67.2556
9.204964017577	2	(24.7268,273.888,1.895)	45.1466	-69.9281
9.205159656343	8	(23.6035,394.241,1.895)	75.4052	-74.8641
9.210420700861	9	(26.7164,414.33,1.895)	95.3917	-70.5055
9.219172076066	1	(28.1561,260.068,1.895)	58.8768	-67.6262
9.220336667087	5	(24.1649,334.089,1.895)	15.5327	-59.3178
9.225066219154	3	(27.8396,293.983,1.895)	24.9605	-61.8048
9.229642230819	0	(28.4006,233.878,1.895)	85.0688	-70.6972
9.230111458793	6	(27.2778,354.179,1.895)	35.2374	-68.2465
9.249149505596	7	(27.0662,376.845,1.895)	57.9051	-67.2682
9.304964017577	2	(24.7455,271.882,1.895)	45.1992	-70.0097
9.305159656343	8	(23.6222,392.234,1.895)	75.3518	-74.9036
9.310420700861	9	(26.735,412.329,1.895)	95.3439	-70.5007
9.319172076066	1	(28.1745,258.099,1.895)	58.8924	-67.6328
9.320336667087	5	(24.1836,332.087,1.895)	15.4851	-59.3147
9.325066219154	3	(27.8583,291.974,1.895)	25.016	-61.7655
9.329642230819	0	(28.4193,231.874,1.895)	85.1187	-70.6887
9.330111458793	6	(27.2965,352.169,1.895)	35.1815	-68.231
9.349149505596	7	(27.084,374.942,1.895)	57.9554	-67.284
9.404964017577	2	(24.7642,269.881,1.895)	45.2404	-70.0733
9.405159656343	8	(23.641,390.224,1.895)	75.3009	-74.9416
9.410420700861	9	(26.7537,410.326,1.895)	95.3004	-70.4965
9.419172076066	1	(28.1929,256.127,1.895)	58.9055	-67.6384
9.420336667087	5	(24.2023,330.085,1.895)	15.4433	-59.2941
9.425066219154	3	(27.8771,289.966,1.895)	25.065	-61.7354
9.429642230819	0	(28.438,229.871,1.895)	85.1626	-70.6813
9.430111458793	6	(27.3153,350.159,1.895)	35.1312	-68.212
9.449149505596	7	(27.1018,373.032,1.895)	58.0053	-67.2999
9.504964017577	2	(24.7829,267.874,1.895)	45.2876	-70.1456
9.505159656343	8	(23.6597,388.22,1.895)	75.2558	-74.9752
9.510420700861	9	(26.7725,408.316,1.895)	95.2496	-70.4915
9.519172076066	1	(28.2114,254.15,1.895)	58.9232	-67.646
9.520336667087	5	(24.221,328.079,1.895)	15.3979	-59.2526
9.525066219154	3	(27.8958,287.956,1.895)	25.1148	-61.7093
9.529642230819	0	(28.4566,227.87,1.895)	85.2041	-70.6743
9.530111458793	6	(27.334,348.15,1.895)	35.0809	-68.1881
9.549149505596	7	(27.1197,371.118,1.895)	58.0503	-67.3146
9.604964017577	2	(24.8017,265.867,1.895)	45.3414	-70.2274
9.605159656343	8	(23.6784,386.22,1.895)	75.2095	-75.0099
9.610420700861	9	(26.7912,406.306,1.895)	95.1938	-70.4861
9.619172076066	1	(28.2297,252.181,1.895)	58.9382	-67.6525
9.620336667087	5	(24.2397,326.076,1.895)	15.3498	-59.1875
9.625066219154	3	(27.9145,285.954,1.895)	25.1638	-61.6881
9.629642230819	0	(28.4754,225.858,1.895)	85.2624	-70.6647
9.630111458793	6	(27.3528,346.139,1.895)	35.0234	-68.1549
9.649149505596	7	(27.1375,369.207,1.895)	58.0926	-67.3286
9.704964017577	2	(24.8204,263.856,1.895)	45.4065	-70.325
9.705159656343	8	(23.6971,384.215,1.895)	75.1504	-75.0542
9.710420700861	9	(26.81,404.298,1.895)	95.1312	-70.4802
9.719172076066	1	(28.2482,250.201,1.895)	58.9726	-67.6674
9.720336667087	5	(24.2584,324.074,1.895)	15.2946	-59.0879
9.725066219154	3	(27.9333,283.943,1.895)	25.2295	-61.6667
9.729642230819	0	(28.4941,223.856,1.895)	85.3192	-70.6554
9.730111458793	6	(27.3716,344.13,1.895)	34.9598	-68.111
9.749149505596	7	(27.1554,367.285,1.895)	58.1165	-67.3366
9.804964017577	2	(24.8392,261.847,1.895)	45.4602	-70.4047
9.805159656343	8	(23.7158,382.205,1.895)	75.0947	-75.0961
9.810420700861	9	(26.8287,402.297,1.895)	95.0849	-70.4758
9.819172076066	1	(28.2667,248.221,1.895)	58.9981	-67.6785
9.820336667087	5	(24.2771,322.071,1.895)	15.2475	-58.9845
9.825066219154	3	(27.952,281.938,1.895)	25.2794	-61.6559
9.829642230819	0	(28.5129,221.845,1.895)	85.3755	-70.6464
9.830111458793	6	(27.3903,342.118,1.895)	34.9028	-68.0653
9.849149505596	7	(27.1733,365.368,1.895)	58.1542	-67.3493
9.904964017577	2	(24.8579,259.846,1.895)	45.5003	-70.4634
9.905159656343	8	(23.7346,380.196,1.895)	75.0481	-75.1313
9.910420700861	9	(26.8474,400.293,1.895)	95.042	-70.4718
9.919172076066	1	(28.2852,246.24,1.895)	59.0172	-67.6869
9.920336667087	5	(24.2957,320.072,1.895)	15.2108	-58.8943
9.925066219154	3	(27.9708,279.929,1.895)	25.3274	-61.6499
9.929642230819	0	(28.5316,219.842,1.895)	85.4168	-70.6398
9.930111458793	6	(27.4091,340.112,1.895)	34.8591	-68.0263
9.949149505596	7	(27.1913,363.444,1.895)	58.1921	-67.3623
10.004964017577	2	(24.8765,257.846,1.895)	45.5446	-70.5275
10.005159656343	8	(23.7532,378.196,1.895)	75.0024	-75.1658
10.010420700861	9	(26.866,398.292,1.895)	94.9963	-70.4676
10.019172076066	1	(28.3036,244.263,1.895)	59.0398	-67.697
10.020336667087	5	(24.3144,318.07,1.895)	15.1651	-58.7723
10.025066219154	3	(27.9895,277.919,1.895)	25.3817	-61.6484
10.029642230819	0	(28.5503,217.838,1.895)	85.466	-70.632
10.030111458793	6	(27.4278,338.106,1.895)	34.8079	-67.9764
10.049149505596	7	(27.2092,361.522,1.895)	58.224	-67.3734
10.104964017577	2	(24.8952,255.847,1.895)	45.5843	-70.5844
10.105159656343	8	(23.7719,376.196,1.895)	74.9625	-75.196
10.110420700861	9	(26.8848,396.287,1.895)	94.9506	-70.4634
10.119172076066	1	(28.3221,242.29,1.895)	59.0531	-67.7029
10.120336667087	5	(24.3331,316.065,1.895)	15.1205	-58.6462
10.125066219154	3	(28.0082,275.914,1.895)	25.4276	-61.6514
10.129642230819	0	(28.569,215.835,1.895)	85.5089	-70.6254
10.130111458793	6	(27.4465,336.104,1.895)	34.7649	-67.931
10.149149505596	7	(27.2271,359.605,1.895)	58.267	-67.3885
10.204964017577	2	(24.9139,253.839,1.895)	45.6265	-70.6441
10.205159656343	8	(23.7906,374.195,1.895)	74.9275	-75.2226
10.210420700861	9	(26.9034,394.286,1.895)	94.9156	-70.4602
10.219172076066	1	(28.3405,240.315,1.895)	59.0621	-67.7069
10.220336667087	5	(24.3518,314.064,1.895)	15.0861	-58.5463
10.225066219154	3	(28.0269,273.912,1.895)	25.4638	-61.6566
10.229642230819	0	(28.5877,213.826,1.895)	85.5526	-70.6186
10.230111458793	6	(27.4651,334.104,1.895)	34.7313	-67.8935
10.249149505596	7	(27.2451,357.682,1.895)	58.3102	-67.4039
10.304964017577	2	(24.9327,251.829,1.895)	45.6793	-70.7175
10.305159656343	8	(23.8092,372.196,1.895)	74.8854	-75.2546
10.310420700861	9	(26.9222,392.278,1.895)	94.8641	-70.4555
10.319172076066	1	(28.359,238.332,1.895)	59.0878	-67.7184
10.320336667087	5	(24.3705,312.062,1.895)	15.0425	-58.4183
10.325066219154	3	(28.0456,271.91,1.895)	25.5089	-61.6665
10.329642230819	0	(28.6064,211.827,1.895)	85.5947	-70.6122
10.330111458793	6	(27.4839,332.092,1.895)	34.6764	-67.8284
10.349149505596	7	(27.263,355.765,1.895)	58.3499	-67.4183
10.404964017577	2	(24.9514,249.822,1.895)	45.7242	-70.7789
10.405159656343	8	(23.828,370.186,1.895)	74.8374	-75.2911
10.410420700861	9	(26.9409,390.267,1.895)	94.8159	-70.4512
10.419172076066	1	(28.3774,236.362,1.895)	59.0959	-67.722
10.420336667087	5	(24.3892,310.056,1.895)	14.9991	-58.2922
10.425066219154	3	(28.0644,269.902,1.895)	25.5549	-61.6804
10.429642230819	0	(28.6251,209.82,1.895)	85.639	-70.6055
10.430111458793	6	(27.5026,330.086,1.895)	34.6318	-67.7719
10.449149505596	7	(27.281,353.834,1.895)	58.3807	-67.4295
10.504964017577	2	(24.9702,247.813,1.895)	45.7754	-70.8475
10.505159656343	8	(23.8468,368.175,1.895)	74.7845	-75.3314
10.510420700861	9	(26.9596,388.265,1.895)	94.7719	-70.4473
10.519172076066	1	(28.3958,234.386,1.895)	59.1144	-67.7304
10.520336667087	5	(24.4079,308.056,1.895)	14.9587	-58.1781
10.525066219154	3	(28.0831,267.897,1.895)	25.6017	-61.6987
10.529642230819	0	(28.6438,207.814,1.895)	85.688	-70.5982
10.530111458793	6	(27.5214,328.078,1.895)	34.582	-67.7056
10.549149505596	7	(27.2989,351.911,1.895)	58.4157	-67.4425
10.604964017577	2	(24.9889,245.813,1.895)	45.8081	-70.8907
10.605159656343	8	(23.8655,366.174,1.895)	74.75	-75.3577
10.610420700861	9	(26.9783,386.264,1.895)	94.7372	-70.4443
10.619172076066	1	(28.4143,232.402,1.895)	59.1311	-67.7379
10.620336667087	5	(24.4266,306.05,1.895)	14.9203	-58.0747
10.625066219154	3	(28.1018,265.89,1.895)	25.6413	-61.7172
10.629642230819	0	(28.6626,205.806,1.895)	85.728	-70.5923
10.630111458793	6	(27.5401,326.07,1.895)	34.5412	-67.6487
10.649149505596	7	(27.317,349.979,1.895)	58.4509	-67.4556
10.704964017577	2	(25.0076,243.804,1.895)	45.8555	-70.952
10.705159656343	8	(23.8842,364.163,1.895)	74.7013	-75.3949
10.710420700861	9	(26.997,384.259,1.895)	94.6937	-70.4405
10.719172076066	1	(28.4329,230.414,1.895)	59.1581	-67.7503
10.720336667087	5	(24.4453,304.05,1.895)	14.8829	-57.9796
10.725066219154	3	(28.1205,263.891,1.895)	25.6794	-61.7378
10.729642230819	0	(28.6813,203.799,1.895)	85.7743	-70.5856
10.730111458793	6	(27.5589,324.058,1.895)	34.4909	-67.5755
10.749149505596	7	(27.3351,348.04,1.895)	58.4732	-67.464
10.804964017577	2	(25.0263,241.802,1.895)	45.8928	-70.9993
10.805159656343	8	(23.903,362.153,1.895)	74.6558	-75.4297
10.810420700861	9	(27.0157,382.257,1.895)	94.6567	-70.4373
10.819172076066	1	(28.4515,228.425,1.895)	59.1825	-67.7614
10.820336667087	5	(24.464,302.042,1.895)	14.8405	-57.8805
10.825066219154	3	(28.1392,261.882,1.895)	25.7236	-61.765
10.829642230819	0	(28.7,201.798,1.895)	85.8103	-70.5803
10.830111458793	6	(27.5776,322.055,1.895)	34.4522	-67.5171
10.849149505596	7	(27.3531,346.105,1.895)	58.5027	-67.4752
10.904964017577	2	(25.045,239.793,1.895)	45.9385	-71.0561
10.905159656343	8	(23.9217,360.147,1.895)	74.6123	-75.463
10.910420700861	9	(27.0345,380.246,1.895)	94.6089	-70.4332
10.919172076066	1	(28.4699,226.448,1.895)	59.1966	-67.7679
10.920336667087	5	(24.4828,300.036,1.895)	14.7981	-57.7922
10.925066219154	3	(28.1579,259.881,1.895)	25.7619	-61.7914
10.929642230819	0	(28.7187,199.796,1.895)	85.8496	-70.5747
10.930111458793	6	(27.5963,320.048,1.895)	34.4081	-67.4483
10.949149505596	7	(27.3711,344.176,1.895)	58.5371	-67.4884
11.004964017577	2	(25.0638,237.785,1.895)	45.9822	-71.1091
11.005159656343	8	(23.9405,358.137,1.895)	74.5667	-75.4978
11.010420700861	9	(27.0532,378.241,1.895)	94.5675	-70.4297
11.019172076066	1	(28.4885,224.462,1.895)	59.2174	-67.7775
11.020336667087	5	(24.5015,298.027,1.895)	14.7553	-57.7148
11.025066219154	3	(28.1766,257.875,1.895)	25.8031	-61.8227
11.029642230819	0	(28.7374,197.792,1.895)	85.8893	-70.5691
11.030111458793	6	(27.615,318.043,1.895)	34.367	-67.3825
11.049149505596	7	(27.3892,342.237,1.895)	58.5625	-67.4983
11.104964017577	2	(25.0825,235.779,1.895)	46.0187	-71.1522
11.105159656343	8	(23.9592,356.134,1.895)	74.5331	-75.5235
11.110420700861	9	(27.0719,376.239,1.895)	94.5357	-70.427
11.119172076066	1	(28.5069,222.483,1.895)	59.227	-67.782
11.120336667087	5	(24.5202,296.022,1.895)	14.7205	-57.6617
11.125066219154	3	(28.1953,255.874,1.895)	25.8345	-61.8486
11.129642230819	0	(28.7561,195.785,1.895)	85.9261	-70.5639
11.130111458793	6	(27.6338,316.036,1.895)	34.3301	-67.3218
11.149149505596	7	(27.4073,340.299,1.895)	58.5942	-67.5107
11.204964017577	2	(25.1013,233.769,1.895)	46.0675	-71.2086
11.205159656343	8	(23.9778,354.132,1.895)	74.4921	-75.555
11.210420700861	9	(27.0905,374.238,1.895)	94.4953	-70.4237
11.219172076066	1	(28.5255,220.494,1.895)	59.2559	-67.7955
11.220336667087	5	(24.5389,294.017,1.895)	14.677	-57.6081
11.225066219154	3	(28.214,253.871,1.895)	25.8773	-61.8867
11.229642230819	0	(28.7749,193.775,1.895)	85.9763	-70.557
11.230111458793	6	(27.6525,314.027,1.895)	34.2815	-67.2397
11.249149505596	7	(27.4254,338.365,1.895)	58.6204	-67.521
11.304964017577	2	(25.1199,231.767,1.895)	46.1043	-71.2499
11.305159656343	8	(23.9966,352.124,1.895)	74.4485	-75.5884
11.310420700861	9	(27.1092,372.238,1.895)	94.4599	-70.4207
11.319172076066	1	(28.5441,218.504,1.895)	59.2805	-67.807
11.320336667087	5	(24.5576,292.014,1.895)	14.6398	-57.5742
11.325066219154	3	(28.2327,251.86,1.895)	25.9235	-61.9313
11.329642230819	0	(28.7936,191.765,1.895)	86.0211	-70.5508
11.330111458793	6	(27.6713,312.015,1.895)	34.2345	-67.1587
11.349149505596	7	(27.4435,336.42,1.895)	58.6404	-67.5289
11.404964017577	2	(25.1387,229.76,1.895)	46.1321	-71.2804
11.405159656343	8	(24.0153,350.114,1.895)	74.4184	-75.6115
11.410420700861	9	(27.1279,370.232,1.895)	94.4335	-70.4186
11.419172076066	1	(28.5626,216.517,1.895)	59.2891	-67.8111
11.420336667087	5	(24.5764,290.004,1.895)	14.6096	-57.5549
11.425066219154	3	(28.2514,249.86,1.895)	25.9442	-61.9525
11.429642230819	0	(28.8123,189.763,1.895)	86.0437	-70.5478
11.430111458793	6	(27.69,310.013,1.895)	34.211	-67.1175
11.449149505596	7	(27.4616,334.479,1.895)	58.6783	-67.544
11.504964017577	2	(25.1574,227.749,1.895)	46.1795	-71.3309
11.505159656343	8	(24.0341,348.109,1.895)	74.3767	-75.6434
11.510420700861	9	(27.1467,368.223,1.895)	94.3872	-70.4148
11.519172076066	1	(28.5811,214.533,1.895)	59.3093	-67.8207
11.520336667087	5	(24.5951,287.998,1.895)	14.5683	-57.5405
11.525066219154	3	(28.2701,247.854,1.895)	25.9864	-61.9979
11.529642230819	0	(28.831,187.763,1.895)	86.0808	-70.5428
11.530111458793	6	(27.7087,308.006,1.895)	34.1679	-67.0407
11.549149505596	7	(27.4797,332.546,1.895)	58.7088	-67.5564
11.604964017577	2	(25.1761,225.746,1.895)	46.2131	-71.3656
11.605159656343	8	(24.0528,346.098,1.895)	74.3351	-75.6753
11.610420700861	9	(27.1655,366.213,1.895)	94.3469	-70.4116
11.619172076066	1	(28.5996,212.552,1.895)	59.3208	-67.8261
11.620336667087	5	(24.6138,285.992,1.895)	14.5333	-57.5391
11.625066219154	3	(28.2888,245.85,1.895)	26.0213	-62.0377
11.629642230819	0	(28.8497,185.761,1.895)	86.1127	-70.5385
11.630111458793	6	(27.7275,305.996,1.895)	34.1278	-66.9682
11.649149505596	7	(27.4978,330.603,1.895)	58.7356	-67.5673
11.704964017577	2	(25.1948,223.743,1.895)	46.2448	-71.3975
11.705159656343	8	(24.0716,344.089,1.895)	74.2981	-75.7036
11.710420700861	9	(27.1842,364.203,1.895)	94.3083	-70.4085
11.719172076066	1	(28.6182,210.565,1.895)	59.3361	-67.8334
11.720336667087	5	(24.6325,283.989,1.895)	14.502	-57.546
11.725066219154	3	(28.3076,243.842,1.895)	26.0578	-62.0815
11.729642230819	0	(28.8684,183.756,1.895)	86.1464	-70.534
11.730111458793	6	(27.7462,303.986,1.895)	34.089	-66.8972
11.749149505596	7	(27.5159,328.661,1.895)	58.7654	-67.5795
11.804964017577	2	(25.2136,221.733,1.895)	46.2806	-71.4325
11.805159656343	8	(24.0903,342.089,1.895)	74.2716	-75.7239
11.810420700861	9	(27.203,362.192,1.895)	94.271	-70.4055
11.819172076066	1	(28.6367,208.581,1.895)	59.3467	-67.8385
11.820336667087	5	(24.6513,281.978,1.895)	14.4663	-57.5632
11.825066219154	3	(28.3263,241.831,1.895)	26.0949	-62.1283
11.829642230819	0	(28.8871,181.752,1.895)	86.1772	-70.53
11.830111458793	6	(27.7649,301.986,1.895)	34.0625	-66.8481
11.849149505596	7	(27.5341,326.717,1.895)	58.795	-67.5918
11.904964017577	2	(25.2323,219.727,1.895)	46.3155	-71.4655
11.905159656343	8	(24.1089,340.087,1.895)	74.2401	-75.748
11.910420700861	9	(27.2217,360.186,1.895)	94.2362	-70.4028
11.919172076066	1	(28.6552,206.595,1.895)	59.3617	-67.8457
11.920336667087	5	(24.67,279.977,1.895)	14.4366	-57.5846
11.925066219154	3	(28.3451,239.82,1.895)	26.1347	-62.1808
11.929642230819	0	(28.9058,179.751,1.895)	86.2068	-70.5261
11.930111458793	6	(27.7836,299.98,1.895)	34.0271	-66.7819
11.949149505596	7	(27.5522,324.778,1.895)	58.8267	-67.605
12.004964017577	2	(25.251,217.725,1.895)	46.3431	-71.4909
12.005159656343	8	(24.1277,338.079,1.895)	74.2076	-75.7728
12.010420700861	9	(27.2404,358.184,1.895)	94.2094	-70.4007
12.019172076066	1	(28.6737,204.617,1.895)	59.365	-67.8472
12.020336667087	5	(24.6887,277.973,1.895)	14.4081	-57.6108
12.025066219154	3	(28.3639,237.809,1.895)	26.1712	-62.2311
12.029642230819	0	(28.9244,177.748,1.895)	86.2343	-70.5226
12.030111458793	6	(27.8023,297.977,1.895)	33.9998	-66.7306
12.049149505596	7	(27.5704,322.827,1.895)	58.8503	-67.6149
12.104964017577	2	(25.2698,215.715,1.895)	46.374	-71.5184
12.105159656343	8	(24.1464,336.078,1.895)	74.1849	-75.7901
12.110420700861	9	(27.259,356.185,1.895)	94.1886	-70.3991
12.119172076066	1	(28.6921,202.639,1.895)	59.3641	-67.8468
12.120336667087	5	(24.7075,275.961,1.895)	14.3761	-57.6465
12.125066219154	3	(28.3826,235.8,1.895)	26.2012	-62.2741
12.129642230819	0	(28.9432,175.74,1.895)	86.2634	-70.5189
12.130111458793	6	(27.821,295.972,1.895)	33.9732	-66.6804
12.149149505596	7	(27.5885,320.882,1.895)	58.8844	-67.6294
12.204964017577	2	(25.2884,213.714,1.895)	46.399	-71.54
12.205159656343	8	(24.1651,334.072,1.895)	74.1547	-75.8132
12.210420700861	9	(27.2778,354.175,1.895)	94.1544	-70.3965
12.219172076066	1	(28.7106,200.656,1.895)	59.3713	-67.8503
12.220336667087	5	(24.7262,273.956,1.895)	14.3479	-57.6829
12.225066219154	3	(28.4013,233.796,1.895)	26.2294	-62.3157
12.229642230819	0	(28.962,173.73,1.895)	86.2984	-70.5144
12.230111458793	6	(27.8397,293.971,1.895)	33.9482	-66.6328
12.249149505596	7	(27.6067,318.937,1.895)	58.9148	-67.6424
12.304964017577	2	(25.3071,211.714,1.895)	46.4276	-71.5641
12.305159656343	8	(24.1838,332.07,1.895)	74.1248	-75.836
12.310420700861	9	(27.2965,352.175,1.895)	94.1262	-70.3944
12.319172076066	1	(28.7293,198.66,1.895)	59.3959	-67.8622
12.320336667087	5	(24.7448,271.957,1.895)	14.3211	-57.7213
12.325066219154	3	(28.4201,231.785,1.895)	26.2687	-62.3756
12.329642230819	0	(28.9807,171.719,1.895)	86.3378	-70.5095
12.330111458793	6	(27.8584,291.967,1.895)	33.9159	-66.5711
12.349149505596	7	(27.6249,316.989,1.895)	58.9383	-67.6525
12.404964017577	2	(25.3259,209.703,1.895)	46.4637	-71.5934
12.405159656343	8	(24.2025,330.064,1.895)	74.0933	-75.86
12.410420700861	9	(27.3152,350.167,1.895)	94.0931	-70.3919
12.419172076066	1	(28.7479,196.665,1.895)	59.4162	-67.872
12.420336667087	5	(24.7635,269.957,1.895)	14.2969	-57.7586
12.425066219154	3	(28.4388,229.783,1.895)	26.2964	-62.4191
12.429642230819	0	(28.9994,169.713,1.895)	86.3691	-70.5056
12.430111458793	6	(27.8771,289.965,1.895)	33.8884	-66.5184
12.449149505596	7	(27.6431,315.032,1.895)	58.9569	-67.6606
12.504964017577	2	(25.3445,207.704,1.895)	46.4836	-71.609
12.505159656343	8	(24.2212,328.057,1.895)	74.0656	-75.8811
12.510420700861	9	(27.3339,348.166,1.895)	94.0717	-70.3902
12.519172076066	1	(28.7665,194.674,1.895)	59.4269	-67.8772
12.520336667087	5	(24.7823,267.947,1.895)	14.2669	-57.8078
12.525066219154	3	(28.4575,227.776,1.895)	26.3237	-62.4633
12.529642230819	0	(29.0182,167.707,1.895)	86.3958	-70.5023
12.530111458793	6	(27.8958,287.96,1.895)	33.8629	-66.4693
12.549149505596	7	(27.6614,313.078,1.895)	58.9824	-67.6717
12.604964017577	2	(25.3633,205.697,1.895)	46.5187	-71.6355
12.605159656343	8	(24.2399,326.057,1.895)	74.0373	-75.9027
12.610420700861	9	(27.3527,346.155,1.895)	94.0324	-70.3873
12.619172076066	1	(28.7851,192.68,1.895)	59.4493	-67.8881
12.620336667087	5	(24.801,265.942,1.895)	14.2343	-57.8638
12.625066219154	3	(28.4762,225.772,1.895)	26.3563	-62.5171
12.629642230819	0	(29.0369,165.703,1.895)	86.4274	-70.4984
12.630111458793	6	(27.9146,285.949,1.895)	33.8237	-66.3935
12.649149505596	7	(27.6796,311.13,1.895)	59.0056	-67.6818
12.704964017577	2	(25.382,203.691,1.895)	46.5506	-71.6585
12.705159656343	8	(24.2586,324.049,1.895)	74.0037	-75.9281
12.710420700861	9	(27.3714,344.15,1.895)	94.0013	-70.385
12.719172076066	1	(28.8037,190.691,1.895)	59.465	-67.8959
12.720336667087	5	(24.8197,263.931,1.895)	14.1982	-57.9276
12.725066219154	3	(28.495,223.763,1.895)	26.3911	-62.5762
12.729642230819	0	(29.0556,163.693,1.895)	86.4642	-70.4939
12.730111458793	6	(27.9333,283.948,1.895)	33.7967	-66.3413
12.749149505596	7	(27.6979,309.165,1.895)	59.0146	-67.6858
12.804964017577	2	(25.4008,201.679,1.895)	46.5788	-71.6781
12.805159656343	8	(24.2774,322.043,1.895)	73.9808	-75.9455
12.810420700861	9	(27.3901,342.146,1.895)	93.9803	-70.3835
12.819172076066	1	(28.8223,188.692,1.895)	59.4802	-67.9034
12.820336667087	5	(24.8385,261.926,1.895)	14.177	-57.9652
12.825066219154	3	(28.5137,221.758,1.895)	26.4126	-62.6136
12.829642230819	0	(29.0743,161.689,1.895)	86.4843	-70.4915
12.830111458793	6	(27.952,281.937,1.895)	33.7686	-66.2867
12.849149505596	7	(27.7161,307.21,1.895)	59.0427	-67.6983
12.904964017577	2	(25.4195,199.671,1.895)	46.6051	-71.6956
12.905159656343	8	(24.2961,320.033,1.895)	73.9529	-75.9666
12.910420700861	9	(27.4088,340.137,1.895)	93.9538	-70.3816
12.919172076066	1	(28.8409,186.699,1.895)	59.4914	-67.9089
12.920336667087	5	(24.8571,259.924,1.895)	14.1579	-57.9986
12.925066219154	3	(28.5324,219.753,1.895)	26.4358	-62.6547
12.929642230819	0	(29.0931,159.682,1.895)	86.5091	-70.4886
12.930111458793	6	(27.9707,279.938,1.895)	33.7517	-66.2539
12.949149505596	7	(27.7344,305.25,1.895)	59.0652	-67.7082
13.004964017577	2	(25.4382,197.671,1.895)	46.6216	-71.7062
13.005159656343	8	(24.3148,318.034,1.895)	73.9366	-75.979
13.010420700861	9	(27.4275,338.136,1.895)	93.935	-70.3802
13.019172076066	1	(28.8595,184.707,1.895)	59.5002	-67.9133
13.020336667087	5	(24.8759,257.917,1.895)	14.1342	-58.0392
13.025066219154	3	(28.5511,217.745,1.895)	26.4611	-62.7
13.029642230819	0	(29.1118,157.671,1.895)	86.5378	-70.4852
13.030111458793	6	(27.9894,277.936,1.895)	33.7332	-66.218
13.049149505596	7	(27.7526,303.3,1.895)	59.0977	-67.7228
13.104964017577	2	(25.4569,195.666,1.895)	46.65	-71.7239
13.105159656343	8	(24.3334,316.035,1.895)	73.9146	-75.9956
13.110420700861	9	(27.4463,336.125,1.895)	93.901	-70.3778
13.119172076066	1	(28.8782,182.707,1.895)	59.523	-67.9246
13.120336667087	5	(24.8946,255.913,1.895)	14.1084	-58.0815
13.125066219154	3	(28.5699,215.737,1.895)	26.492	-62.7566
13.129642230819	0	(29.1306,155.664,1.895)	86.5679	-70.4816
13.130111458793	6	(28.008,275.935,1.895)	33.7087	-66.1703
13.149149505596	7	(27.7709,301.343,1.895)	59.1175	-67.7318
13.204964017577	2	(25.4756,193.657,1.895)	46.6797	-71.7414
13.205159656343	8	(24.3521,314.031,1.895)	73.8904	-76.0139
13.210420700861	9	(27.4649,334.124,1.895)	93.8792	-70.3762
13.219172076066	1	(28.8968,180.713,1.895)	59.5381	-67.9321
13.220336667087	5	(24.9133,253.91,1.895)	14.0851	-58.1174
13.225066219154	3	(28.5886,213.733,1.895)	26.5166	-62.8025
13.229642230819	0	(29.1493,153.657,1.895)	86.5959	-70.4784
13.230111458793	6	(28.0267,273.935,1.895)	33.6879	-66.1298
13.249149505596	7	(27.7892,299.387,1.895)	59.1411	-67.7425
13.304964017577	2	(25.4944,191.651,1.895)	46.7104	-71.7586
13.305159656343	8	(24.3708,312.027,1.895)	73.8613	-76.0358
13.310420700861	9	(27.4837,332.118,1.895)	93.8486	-70.374
13.319172076066	1	(28.9154,178.719,1.895)	59.5563	-67.9412
13.320336667087	5	(24.932,251.905,1.895)	14.0561	-58.158
13.325066219154	3	(28.6073,211.732,1.895)	26.5423	-62.8511
13.329642230819	0	(29.168,151.65,1.895)	86.6267	-70.4748
13.330111458793	6	(28.0454,271.933,1.895)	33.6611	-66.0777
13.349149505596	7	(27.8074,297.431,1.895)	59.1605	-67.7513
13.404964017577	2	(25.5131,189.643,1.895)	46.7349	-71.7716
13.405159656343	8	(24.3895,310.025,1.895)	73.8428	-76.0497
13.410420700861	9	(27.5024,330.112,1.895)	93.8252	-70.3724
13.419172076066	1	(28.9339,176.734,1.895)	59.5588	-67.9425
13.420336667087	5	(24.9506,249.906,1.895)	14.0399	-58.1783
13.425066219154	3	(28.626,209.725,1.895)	26.5664	-62.8974
13.429642230819	0	(29.1868,149.643,1.895)	86.6512	-70.472
13.430111458793	6	(28.0641,269.93,1.895)	33.6414	-66.0395
13.449149505596	7	(27.8257,295.469,1.895)	59.1816	-67.761
13.504964017577	2	(25.5318,187.636,1.895)	46.7666	-71.7875
13.505159656343	8	(24.4082,308.024,1.895)	73.8172	-76.069
13.510420700861	9	(27.5211,328.111,1.895)	93.8005	-70.3707
13.519172076066	1	(28.9524,174.749,1.895)	59.5687	-67.9475
13.520336667087	5	(24.9693,247.906,1.895)	14.0165	-58.2044
13.525066219154	3	(28.6447,207.718,1.895)	26.5978	-62.9587
13.529642230819	0	(29.2055,147.634,1.895)	86.6842	-70.4682
13.530111458793	6	(28.0828,267.927,1.895)	33.6141	-65.9865
13.549149505596	7	(27.844,293.516,1.895)	59.2036	-67.7712
13.604964017577	2	(25.5506,185.628,1.895)	46.787	-71.7971
13.605159656343	8	(24.4269,306.025,1.895)	73.8057	-76.0776
13.610420700861	9	(27.5397,326.111,1.895)	93.7877	-70.3698
13.619172076066	1	(28.9711,172.752,1.895)	59.5778	-67.952
13.620336667087	5	(24.9881,245.896,1.895)	13.9944	-58.2248
13.625066219154	3	(28.6635,205.709,1.895)	26.6192	-63.001
13.629642230819	0	(29.2243,145.626,1.895)	86.7055	-70.4658
13.630111458793	6	(28.1015,265.922,1.895)	33.5961	-65.9516
13.649149505596	7	(27.8622,291.562,1.895)	59.2369	-67.7866
13.704964017577	2	(25.5693,183.619,1.895)	46.8143	-71.8093
13.705159656343	8	(24.4455,304.022,1.895)	73.7843	-76.0936
13.710420700861	9	(27.5584,324.107,1.895)	93.7654	-70.3683
13.719172076066	1	(28.9897,170.753,1.895)	59.5958	-67.9611
13.720336667087	5	(25.0068,243.888,1.895)	13.9693	-58.2425
13.725066219154	3	(28.6821,203.709,1.895)	26.6378	-63.0381
13.729642230819	0	(29.243,143.619,1.895)	86.731	-70.463
13.730111458793	6	(28.1203,263.911,1.895)	33.5671	-65.8954
13.749149505596	7	(27.8805,289.603,1.895)	59.2599	-67.7974
13.804964017577	2	(25.5881,181.611,1.895)	46.8483	-71.8235
13.805159656343	8	(24.4643,302.015,1.895)	73.7517	-76.1181
13.810420700861	9	(27.5771,322.106,1.895)	93.7381	-70.3664
13.819172076066	1	(29.0084,168.759,1.895)	59.6155	-67.9711
13.820336667087	5	(25.0256,241.878,1.895)	13.9345	-58.2566
13.825066219154	3	(28.7009,201.701,1.895)	26.6712	-63.1057
13.829642230819	0	(29.2617,141.612,1.895)	86.7638	-70.4593
13.830111458793	6	(28.139,261.908,1.895)	33.5383	-65.8397
13.849149505596	7	(27.8989,287.631,1.895)	59.2624	-67.7985
13.904964017577	2	(25.6068,179.601,1.895)	46.8779	-71.8347
13.905159656343	8	(24.483,300.009,1.895)	73.7256	-76.1375
13.910420700861	9	(27.5958,320.103,1.895)	93.7158	-70.3649
13.919172076066	1	(29.027,166.763,1.895)	59.6307	-67.9789
13.920336667087	5	(25.0443,239.873,1.895)	13.9098	-58.2585
13.925066219154	3	(28.7196,199.701,1.895)	26.6916	-63.1475
13.929642230819	0	(29.2805,139.603,1.895)	86.7918	-70.4562
13.930111458793	6	(28.1577,259.901,1.895)	33.5109	-65.787
13.949149505596	7	(27.9172,285.665,1.895)	59.276	-67.8049
14.004964017577	2	(25.6256,177.596,1.895)	46.9091	-71.8456
14.005159656343	8	(24.5017,298.01,1.895)	73.7001	-76.1565
14.010420700861	9	(27.6145,318.096,1.895)	93.6824	-70.3626
14.019172076066	1	(29.0456,164.771,1.895)	59.6487	-67.9881
14.020336667087	5	(25.063,237.868,1.895)	13.8801	-58.2516
14.025066219154	3	(28.7383,197.696,1.895)	26.7224	-63.2111
14.029642230819	0	(29.2992,137.594,1.895)	86.8271	-70.4524
14.030111458793	6	(28.1764,257.896,1.895)	33.4798	-65.7272
14.049149505596	7	(27.9355,283.703,1.895)	59.2886	-67.8109
14.104964017577	2	(25.6442,175.594,1.895)	46.9346	-71.8537
14.105159656343	8	(24.5204,296.007,1.895)	73.6739	-76.176
14.110420700861	9	(27.6332,316.093,1.895)	93.6563	-70.3609
14.119172076066	1	(29.0641,162.782,1.895)	59.6612	-67.9945
14.120336667087	5	(25.0818,235.857,1.895)	13.8461	-58.2308
14.125066219154	3	(28.757,195.686,1.895)	26.7561	-63.2817
14.129642230819	0	(29.318,135.584,1.895)	86.8606	-70.4488
14.130111458793	6	(28.1951,255.893,1.895)	33.4536	-65.6771
14.149149505596	7	(27.9539,281.737,1.895)	59.2983	-67.8154
14.204964017577	2	(25.663,173.583,1.895)	46.9564	-71.8601
14.205159656343	8	(24.5391,293.999,1.895)	73.6549	-76.19
14.210420700861	9	(27.652,314.086,1.895)	93.6383	-70.3597
14.219172076066	1	(29.0828,160.782,1.895)	59.6727	-68.0004
14.220336667087	5	(25.1005,233.853,1.895)	13.8317	-58.2178
14.225066219154	3	(28.7758,193.68,1.895)	26.7731	-63.3177
14.229642230819	0	(29.3367,133.581,1.895)	86.8747	-70.4473
14.230111458793	6	(28.2138,253.89,1.895)	33.4398	-65.6508
14.249149505596	7	(27.9723,279.767,1.895)	59.3177	-67.8247
14.304964017577	2	(25.6817,171.579,1.895)	46.9815	-71.8668
14.305159656343	8	(24.5578,291.992,1.895)	73.6269	-76.2107
14.310420700861	9	(27.6706,312.087,1.895)	93.618	-70.3583
14.319172076066	1	(29.1013,158.796,1.895)	59.6792	-68.0038
14.320336667087	5	(25.1192,231.842,1.895)	13.8009	-58.1819
14.325066219154	3	(28.7945,191.669,1.895)	26.8052	-63.3861
14.329642230819	0	(29.3553,131.581,1.895)	86.8952	-70.4451
14.330111458793	6	(28.2326,251.878,1.895)	33.407	-65.5884
14.349149505596	7	(27.9906,277.802,1.895)	59.3316	-67.8313
14.404964017577	2	(25.7005,169.57,1.895)	46.999	-71.871
14.405159656343	8	(24.5765,289.988,1.895)	73.6135	-76.2206
14.410420700861	9	(27.6893,310.087,1.895)	93.6095	-70.3578
14.419172076066	1	(29.1198,156.814,1.895)	59.671	-67.9995
14.420336667087	5	(25.138,229.832,1.895)	13.7823	-58.1548
14.425066219154	3	(28.8133,189.66,1.895)	26.8236	-63.4255
14.429642230819	0	(29.3741,129.573,1.895)	86.913	-70.4432
14.430111458793	6	(28.2513,249.874,1.895)	33.3934	-65.5626
14.449149505596	7	(28.009,275.829,1.895)	59.3492	-67.8397
14.504964017577	2	(25.7192,167.562,1.895)	47.0157	-71.8748
14.505159656343	8	(24.5953,287.982,1.895)	73.5992	-76.2312
14.510420700861	9	(27.708,308.085,1.895)	93.5985	-70.357
14.519172076066	1	(29.1385,154.817,1.895)	59.6763	-68.0023
14.520336667087	5	(25.1568,227.824,1.895)	13.7661	-58.1281
14.525066219154	3	(28.8321,187.648,1.895)	26.8435	-63.4686
14.529642230819	0	(29.3927,127.573,1.895)	86.9207	-70.4424
14.530111458793	6	(28.2699,247.874,1.895)	33.3846	-65.546
14.549149505596	7	(28.0274,273.86,1.895)	59.3726	-67.8509
14.604964017577	2	(25.7379,165.554,1.895)	47.036	-71.879
14.605159656343	8	(24.614,285.974,1.895)	73.5797	-76.2455
14.610420700861	9	(27.7267,306.077,1.895)	93.5783	-70.3557
14.619172076066	1	(29.157,152.829,1.895)	59.6766	-68.0025
14.620336667087	5	(25.1755,225.815,1.895)	13.7459	-58.091
14.625066219154	3	(28.8508,185.636,1.895)	26.8676	-63.5209
14.629642230819	0	(29.4114,125.573,1.895)	86.9335	-70.441
14.630111458793	6	(28.2886,245.87,1.895)	33.3683	-65.5153
14.649149505596	7	(28.0458,271.893,1.895)	59.3923	-67.8604
14.704964017577	2	(25.7566,163.554,1.895)	47.0414	-71.88
14.705159656343	8	(24.6327,283.974,1.895)	73.5734	-76.2502
14.710420700861	9	(27.7454,304.077,1.895)	93.5723	-70.3553
14.719172076066	1	(29.1756,150.834,1.895)	59.6773	-68.0028
14.720336667087	5	(25.1942,223.816,1.895)	13.7411	-58.0816
14.725066219154	3	(28.8695,183.636,1.895)	26.8734	-63.5335
14.729642230819	0	(29.4302,123.563,1.895)	86.9489	-70.4394
14.730111458793	6	(28.3074,243.862,1.895)	33.3551	-65.4903
14.749149505596	7	(28.0642,269.923,1.895)	59.4169	-67.8723
14.804964017577	2	(25.7754,161.544,1.895)	47.0722	-71.8853
14.805159656343	8	(24.6514,281.966,1.895)	73.5458	-76.2704
14.810420700861	9	(27.7641,302.077,1.895)	93.5524	-70.354
14.819172076066	1	(29.1943,148.84,1.895)	59.6917	-68.0102
14.820336667087	5	(25.2129,221.811,1.895)	13.7164	-58.0293
14.825066219154	3	(28.8882,181.629,1.895)	26.9007	-63.593
14.829642230819	0	(29.4489,121.558,1.895)	86.9745	-70.4368
14.830111458793	6	(28.3261,241.857,1.895)	33.3297	-65.4428
14.849149505596	7	(28.0826,267.951,1.895)	59.4251	-67.8763
14.904964017577	2	(25.7941,159.541,1.895)	47.0891	-71.8878
14.905159656343	8	(24.6702,279.957,1.895)	73.5223	-76.2876
14.910420700861	9	(27.7828,300.069,1.895)	93.5297	-70.3526
14.919172076066	1	(29.2129,146.844,1.895)	59.7018	-68.0155
14.920336667087	5	(25.2315,219.81,1.895)	13.7022	-57.9969
14.925066219154	3	(28.9069,179.626,1.895)	26.9186	-63.6324
14.929642230819	0	(29.4676,119.555,1.895)	86.9919	-70.435
14.930111458793	6	(28.3448,239.852,1.895)	33.3106	-65.4071
14.949149505596	7	(28.1009,265.985,1.895)	59.4442	-67.8857
15.004964017577	2	(25.8128,157.536,1.895)	47.1109	-71.8905
15.005159656343	8	(24.6889,277.949,1.895)	73.497	-76.306
15.010420700861	9	(27.8015,298.063,1.895)	93.5066	-70.3511
15.019172076066	1	(29.2315,144.846,1.895)	59.7171	-68.0234
15.020336667087	5	(25.2503,217.801,1.895)	13.676	-57.9325
15.025066219154	3	(28.9256,177.622,1.895)	26.9393	-63.6781
15.029642230819	0	(29.4863,117.554,1.895)	87.0098	-70.4331
15.030111458793	6	(28.3636,237.844,1.895)	33.2855	-65.3604
15.049149505596	7	(28.1194,264.006,1.895)	59.4487	-67.8878
15.104964017577	2	(25.8315,155.529,1.895)	47.1265	-71.8922
15.105159656343	8	(24.7076,275.944,1.895)	73.4834	-76.3159
15.110420700861	9	(27.8203,296.053,1.895)	93.4881	-70.3499
15.119172076066	1	(29.2501,142.861,1.895)	59.7105	-68.02
15.120336667087	5	(25.2691,215.789,1.895)	13.6564	-57.8812
15.125066219154	3	(28.9444,175.615,1.895)	26.9552	-63.7131
15.129642230819	0	(29.505,115.549,1.895)	87.0231	-70.4318
15.130111458793	6	(28.3823,235.839,1.895)	33.2715	-65.3345
15.149149505596	7	(28.1378,262.03,1.895)	59.4636	-67.8952
15.204964017577	2	(25.8503,153.517,1.895)	47.1459	-71.8939
15.205159656343	8	(24.7264,273.937,1.895)	73.4682	-76.327
15.210420700861	9	(27.839,294.05,1.895)	93.4773	-70.3493
15.219172076066	1	(29.2687,140.869,1.895)	59.7106	-68.02
15.220336667087	5	(25.2878,213.783,1.895)	13.6426	-57.8436
15.225066219154	3	(28.9631,173.603,1.895)	26.9749	-63.7566
15.229642230819	0	(29.5236,113.549,1.895)	87.0311	-70.431
15.230111458793	6	(28.4009,233.839,1.895)	33.2643	-65.3212
15.249149505596	7	(28.1563,260.052,1.895)	59.4783	-67.9024
15.304964017577	2	(25.8691,151.507,1.895)	47.1651	-71.8952
15.305159656343	8	(24.7451,271.932,1.895)	73.4549	-76.3366
15.310420700861	9	(27.8577,292.043,1.895)	93.4616	-70.3483
15.319172076066	1	(29.2872,138.881,1.895)	59.7071	-68.0182
15.320336667087	5	(25.3066,211.772,1.895)	13.6237	-57.7904
15.325066219154	3	(28.9819,171.598,1.895)	26.9887	-63.7872
15.329642230819	0	(29.5424,111.541,1.895)	87.0481	-70.4292
15.330111458793	6	(28.4196,231.837,1.895)	33.2529	-65.3002
15.349149505596	7	(28.1746,258.089,1.895)	59.5063	-67.9163
15.404964017577	2	(25.8878,149.495,1.895)	47.1901	-71.8962
15.405159656343	8	(24.7638,269.929,1.895)	73.4383	-76.3486
15.410420700861	9	(27.8764,290.043,1.895)	93.4484	-70.3474
15.419172076066	1	(29.3058,136.885,1.895)	59.7162	-68.0229
15.420336667087	5	(25.3253,209.763,1.895)	13.6023	-57.7281
15.425066219154	3	(29.0005,169.599,1.895)	27.0011	-63.8148
15.429642230819	0	(29.5611,109.535,1.895)	87.0673	-70.4273
15.430111458793	6	(28.4383,229.836,1.895)	33.2387	-65.274
15.449149505596	7	(28.193,256.123,1.895)	59.5267	-67.9264
15.504964017577	2	(25.9066,147.484,1.895)	47.2181	-71.8967
15.505159656343	8	(24.7825,267.926,1.895)	73.419	-76.3625
15.510420700861	9	(27.8951,288.031,1.895)	93.4203	-70.3457
15.519172076066	1	(29.3244,134.893,1.895)	59.7242	-68.0271
15.520336667087	5	(25.344,207.76,1.895)	13.5832	-57.6712
15.525066219154	3	(29.0192,167.596,1.895)	27.0206	-63.8581
15.529642230819	0	(29.5798,107.529,1.895)	87.09	-70.425
15.530111458793	6	(28.457,227.832,1.895)	33.2187	-65.2374
15.549149505596	7	(28.2114,254.149,1.895)	59.5362	-67.9312
15.604964017577	2	(25.9253,145.482,1.895)	47.2329	-71.8966
15.605159656343	8	(24.8012,265.915,1.895)	73.3952	-76.3797
15.610420700861	9	(27.9138,286.03,1.895)	93.4057	-70.3448
15.619172076066	1	(29.3431,132.897,1.895)	59.7342	-68.0323
15.620336667087	5	(25.3627,205.76,1.895)	13.5705	-57.6327
15.625066219154	3	(29.0379,165.596,1.895)	27.0329	-63.8853
15.629642230819	0	(29.5985,105.524,1.895)	87.1081	-70.4232
15.630111458793	6	(28.4757,225.825,1.895)	33.1985	-65.2007
15.649149505596	7	(28.2298,252.177,1.895)	59.5511	-67.9386
15.704964017577	2	(25.9441,143.471,1.895)	47.2611	-71.8958
15.705159656343	8	(24.82,263.906,1.895)	73.3688	-76.3987
15.710420700861	9	(27.9325,284.029,1.895)	93.3876	-70.3437
15.719172076066	1	(29.3617,130.9,1.895)	59.748	-68.0395
15.720336667087	5	(25.3814,203.754,1.895)	13.5477	-57.5633
15.725066219154	3	(29.0566,163.592,1.895)	27.0554	-63.9353
15.729642230819	0	(29.6172,103.523,1.895)	87.1268	-70.4214
15.730111458793	6	(28.4944,223.825,1.895)	33.1806	-65.1682
15.749149505596	7	(28.2482,250.204,1.895)	59.5607	-67.9434
15.804964017577	2	(25.9628,141.467,1.895)	47.2805	-71.8947
15.805159656343	8	(24.8387,261.896,1.895)	73.3431	-76.417
15.810420700861	9	(27.9512,282.022,1.895)	93.365	-70.3423
15.819172076066	1	(29.3802,128.914,1.895)	59.7495	-68.0403
15.820336667087	5	(25.4001,201.746,1.895)	13.5252	-57.4943
15.825066219154	3	(29.0753,161.587,1.895)	27.0758	-63.9808
15.829642230819	0	(29.6359,101.516,1.895)	87.1491	-70.4192
15.830111458793	6	(28.5131,221.821,1.895)	33.1611	-65.1331
15.849149505596	7	(28.2666,248.231,1.895)	59.5721	-67.9492
15.904964017577	2	(25.9814,139.467,1.895)	47.2951	-71.8937
15.905159656343	8	(24.8574,259.891,1.895)	73.3235	-76.4309
15.910420700861	9	(27.97,280.011,1.895)	93.3389	-70.3407
15.919172076066	1	(29.3988,126.923,1.895)	59.7558	-68.0436
15.920336667087	5	(25.4189,199.741,1.895)	13.5062	-57.4364
15.925066219154	3	(29.094,159.584,1.895)	27.0936	-64.0204
15.929642230819	0	(29.6547,99.5056,1.895)	87.1742	-70.4167
15.930111458793	6	(28.5318,219.813,1.895)	33.1382	-65.092
15.949149505596	7	(28.285,246.26,1.895)	59.587	-67.9567
16.004964017577	2	(26.0001,137.468,1.895)	47.3051	-71.8928
16.005159656343	8	(24.8762,257.88,1.895)	73.302	-76.4462
16.010420700861	9	(27.9887,278.006,1.895)	93.3242	-70.3398
16.019172076066	1	(29.4175,124.918,1.895)	59.7705	-68.0513
16.020336667087	5	(25.4376,197.731,1.895)	13.4864	-57.3763
16.025066219154	3	(29.1127,157.576,1.895)	27.1116	-64.0601
16.029642230819	0	(29.6735,97.4951,1.895)	87.1948	-70.4147
16.030111458793	6	(28.5506,217.804,1.895)	33.1194	-65.0584
16.049149505596	7	(28.3034,244.286,1.895)	59.6021	-67.9643
16.104964017577	2	(26.0188,135.46,1.895)	47.3197	-71.8914
16.105159656343	8	(24.895,255.87,1.895)	73.2856	-76.4578
16.110420700861	9	(28.0074,276.002,1.895)	93.3131	-70.3392
16.119172076066	1	(29.4362,122.923,1.895)	59.7728	-68.0525
16.120336667087	5	(25.4563,195.731,1.895)	13.4798	-57.3566
16.125066219154	3	(29.1314,155.572,1.895)	27.1224	-64.0841
16.129642230819	0	(29.6922,95.4907,1.895)	87.2059	-70.4137
16.130111458793	6	(28.5693,215.795,1.895)	33.1039	-65.0309
16.149149505596	7	(28.3219,242.309,1.895)	59.619	-67.9729
16.204964017577	2	(26.0376,133.45,1.895)	47.3341	-71.8898
16.205159656343	8	(24.9137,253.867,1.895)	73.2776	-76.4634
16.210420700861	9	(28.0261,274.002,1.895)	93.3084	-70.3389
16.219172076066	1	(29.4548,120.926,1.895)	59.774	-68.0532
16.220336667087	5	(25.4751,193.721,1.895)	13.4656	-57.3146
16.225066219154	3	(29.1501,153.568,1.895)	27.1308	-64.1028
16.229642230819	0	(29.7109,93.4831,1.895)	87.2181	-70.4125
16.230111458793	6	(28.5881,213.788,1.895)	33.092	-65.0099
16.249149505596	7	(28.3404,240.329,1.895)	59.6345	-67.9808
16.304964017577	2	(26.0563,131.441,1.895)	47.3473	-71.8882
16.305159656343	8	(24.9325,251.855,1.895)	73.2617	-76.4747
16.310420700861	9	(28.0448,271.992,1.895)	93.2943	-70.3381
16.319172076066	1	(29.4735,118.922,1.895)	59.7829	-68.0579
16.320336667087	5	(25.4937,191.72,1.895)	13.4607	-57.3003
16.325066219154	3	(29.1688,151.563,1.895)	27.1406	-64.1245
16.329642230819	0	(29.7296,91.4768,1.895)	87.229	-70.4115
16.330111458793	6	(28.6068,211.782,1.895)	33.0816	-64.9918
16.349149505596	7	(28.3588,238.353,1.895)	59.6536	-67.9906
16.404964017577	2	(26.075,129.439,1.895)	47.3589	-71.8866
16.405159656343	8	(24.9511,249.855,1.895)	73.2522	-76.4814
16.410420700861	9	(28.0636,269.984,1.895)	93.2772	-70.337
16.419172076066	1	(29.4921,116.926,1.895)	59.7876	-68.0603
16.420336667087	5	(25.5124,189.714,1.895)	13.4457	-57.2565
16.425066219154	3	(29.1875,149.56,1.895)	27.1526	-64.1509
16.429642230819	0	(29.7484,89.4673,1.895)	87.2478	-70.4097
16.430111458793	6	(28.6255,209.777,1.895)	33.0672	-64.9664
16.449149505596	7	(28.3773,236.369,1.895)	59.6608	-67.9943
16.504964017577	2	(26.0937,127.44,1.895)	47.367	-71.8854
16.505159656343	8	(24.9699,247.848,1.895)	73.2358	-76.4929
16.510420700861	9	(28.0822,267.985,1.895)	93.2686	-70.3365
16.519172076066	1	(29.5108,114.925,1.895)	59.7977	-68.0657
16.520336667087	5	(25.5312,187.702,1.895)	13.4252	-57.1989
16.525066219154	3	(29.2062,147.556,1.895)	27.1653	-64.179
16.529642230819	0	(29.7671,87.4631,1.895)	87.2612	-70.4084
16.530111458793	6	(28.6443,207.765,1.895)	33.0461	-64.9296
16.549149505596	7	(28.3957,234.395,1.895)	59.6769	-68.0026
16.604964017577	2	(26.1124,125.43,1.895)	47.3808	-71.8832
16.605159656343	8	(24.9886,245.84,1.895)	73.224	-76.5012
16.610420700861	9	(28.101,265.977,1.895)	93.2565	-70.3358
16.619172076066	1	(29.5294,112.932,1.895)	59.7957	-68.0646
16.620336667087	5	(25.5499,185.699,1.895)	13.418	-57.179
16.625066219154	3	(29.225,145.547,1.895)	27.1788	-64.2088
16.629642230819	0	(29.7858,85.4549,1.895)	87.2735	-70.4073
16.630111458793	6	(28.663,205.765,1.895)	33.042	-64.9224
16.649149505596	7	(28.4143,232.409,1.895)	59.6871	-68.0078
16.704964017577	2	(26.1312,123.425,1.895)	47.3915	-71.8813
16.705159656343	8	(25.0073,243.832,1.895)	73.2107	-76.5104
16.710420700861	9	(28.1196,263.977,1.895)	93.2516	-70.3355
16.719172076066	1	(29.5481,110.928,1.895)	59.8039	-68.0689
16.720336667087	5	(25.5687,183.692,1.895)	13.4066	-57.1483
16.725066219154	3	(29.2437,143.547,1.895)	27.1843	-64.2207
16.729642230819	0	(29.8046,83.4512,1.895)	87.2823	-70.4064
16.730111458793	6	(28.6817,203.759,1.895)	33.0306	-64.9027
16.749149505596	7	(28.4328,230.43,1.895)	59.7027	-68.0159
16.804964017577	2	(26.1499,121.419,1.895)	47.4048	-71.8789
16.805159656343	8	(25.0261,241.825,1.895)	73.1959	-76.5207
16.810420700861	9	(28.1383,261.974,1.895)	93.2408	-70.3349
16.819172076066	1	(29.5667,108.938,1.895)	59.8012	-68.0675
16.820336667087	5	(25.5874,181.688,1.895)	13.3955	-57.1189
16.825066219154	3	(29.2624,141.542,1.895)	27.1958	-64.246
16.829642230819	0	(29.8233,81.4449,1.895)	87.296	-70.4052
16.830111458793	6	(28.7004,201.752,1.895)	33.0159	-64.8774
16.849149505596	7	(28.4513,228.441,1.895)	59.7069	-68.0181
16.904964017577	2	(26.1686,119.411,1.895)	47.4196	-71.876
16.905159656343	8	(25.0448,239.82,1.895)	73.1843	-76.5288
16.910420700861	9	(28.157,259.975,1.895)	93.2343	-70.3345
16.919172076066	1	(29.5853,106.942,1.895)	59.805	-68.0695
16.920336667087	5	(25.6061,179.685,1.895)	13.385	-57.092
16.925066219154	3	(29.2811,139.536,1.895)	27.2099	-64.2768
16.929642230819	0	(29.842,79.4436,1.895)	87.3046	-70.4044
16.930111458793	6	(28.7192,199.74,1.895)	32.9971	-64.8451
16.949149505596	7	(28.4698,226.463,1.895)	59.7215	-68.0257
17.004964017577	2	(26.1874,117.404,1.895)	47.4373	-71.8722
17.005159656343	8	(25.0635,237.818,1.895)	73.1713	-76.5378
17.010420700861	9	(28.1757,257.97,1.895)	93.2192	-70.3337
17.019172076066	1	(29.6039,104.949,1.895)	59.8082	-68.0712
17.020336667087	5	(25.6248,177.679,1.895)	13.3689	-57.0521
17.025066219154	3	(29.2998,137.532,1.895)	27.2236	-64.3067
17.029642230819	0	(29.8606,77.4438,1.895)	87.3149	-70.4034
17.030111458793	6	(28.7379,197.732,1.895)	32.9781	-64.8128
17.049149505596	7	(28.4883,224.481,1.895)	59.7288	-68.0295
17.104964017577	2	(26.206,115.403,1.895)	47.4446	-71.8706
17.105159656343	8	(25.0822,235.816,1.895)	73.1624	-76.5439
17.110420700861	9	(28.1944,255.968,1.895)	93.2103	-70.3331
17.119172076066	1	(29.6225,102.959,1.895)	59.8059	-68.07
17.120336667087	5	(25.6434,175.679,1.895)	13.3628	-57.0373
17.125066219154	3	(29.3185,135.524,1.895)	27.239	-64.34
17.129642230819	0	(29.8794,75.4334,1.895)	87.3323	-70.4018
17.130111458793	6	(28.7567,195.721,1.895)	32.9603	-64.7827
17.149149505596	7	(28.5069,222.49,1.895)	59.7308	-68.0305
17.204964017577	2	(26.2248,113.392,1.895)	47.4604	-71.8669
17.205159656343	8	(25.1009,233.807,1.895)	73.1489	-76.5533
17.210420700861	9	(28.2132,253.958,1.895)	93.1959	-70.3323
17.219172076066	1	(29.6412,100.955,1.895)	59.8141	-68.0744
17.220336667087	5	(25.6622,173.668,1.895)	13.3469	-57.0004
17.225066219154	3	(29.3373,133.515,1.895)	27.2523	-64.3689
17.229642230819	0	(29.8981,73.4232,1.895)	87.3472	-70.4004
17.230111458793	6	(28.7754,193.72,1.895)	32.9549	-64.7735
17.249149505596	7	(28.5254,220.505,1.895)	59.7407	-68.0357
17.304964017577	2	(26.2435,111.393,1.895)	47.4651	-71.8657
17.305159656343	8	(25.1197,231.797,1.895)	73.1332	-76.5641
17.310420700861	9	(28.2318,251.959,1.895)	93.1908	-70.332
17.319172076066	1	(29.6599,98.9477,1.895)	59.8269	-68.0812
17.320336667087	5	(25.6809,171.661,1.895)	13.3356	-56.9755
17.325066219154	3	(29.356,131.511,1.895)	27.262	-64.3897
17.329642230819	0	(29.9169,71.4155,1.895)	87.3603	-70.3992
17.330111458793	6	(28.794,191.72,1.895)	32.9498	-64.7649
17.349149505596	7	(28.5438,218.527,1.895)	59.7578	-68.0447
17.404964017577	2	(26.2621,109.392,1.895)	47.4721	-71.864
17.405159656343	8	(25.1383,229.797,1.895)	73.1274	-76.5681
17.410420700861	9	(28.2506,249.95,1.895)	93.1755	-70.3312
17.419172076066	1	(29.6785,96.9536,1.895)	59.8271	-68.0812
17.420336667087	5	(25.6997,169.65,1.895)	13.3189	-56.9402
17.425066219154	3	(29.3747,129.511,1.895)	27.2684	-64.4036
17.429642230819	0	(29.9356,69.4113,1.895)	87.3705	-70.3983
17.430111458793	6	(28.8127,189.718,1.895)	32.9419	-64.7517
17.449149505596	7	(28.5623,216.545,1.895)	59.7697	-68.0509
17.504964017577	2	(26.2809,107.382,1.895)	47.4972	-71.8572
17.505159656343	8	(25.157,227.794,1.895)	73.1092	-76.5806
17.510420700861	9	(28.2693,247.939,1.895)	93.1495	-70.3297
17.519172076066	1	(29.6972,94.9579,1.895)	59.8379	-68.087
17.520336667087	5	(25.7184,167.648,1.895)	13.3022	-56.9075
17.525066219154	3	(29.3933,127.511,1.895)	27.2839	-64.4368
17.529642230819	0	(29.9543,67.4018,1.895)	87.3953	-70.3961
17.530111458793	6	(28.8315,187.707,1.895)	32.9148	-64.7065
17.549149505596	7	(28.5809,214.557,1.895)	59.7668	-68.0494
17.604964017577	2	(26.2996,105.377,1.895)	47.5087	-71.854
17.605159656343	8	(25.1757,225.79,1.895)	73.0988	-76.5876
17.610420700861	9	(28.288,245.938,1.895)	93.1432	-70.3293
17.619172076066	1	(29.7159,92.9523,1.895)	59.8496	-68.0933
17.620336667087	5	(25.7371,165.644,1.895)	13.2927	-56.8899
17.625066219154	3	(29.4121,125.5,1.895)	27.3007	-64.4723
17.629642230819	0	(29.9731,65.3948,1.895)	87.4083	-70.3949
17.630111458793	6	(28.8502,185.708,1.895)	32.9097	-64.698
17.649149505596	7	(28.5994,212.571,1.895)	59.7743	-68.0533
17.704964017577	2	(26.3184,103.366,1.895)	47.5207	-71.8504
17.705159656343	8	(25.1945,223.784,1.895)	73.0921	-76.5922
17.710420700861	9	(28.3067,243.939,1.895)	93.1429	-70.3293
17.719172076066	1	(29.7346,90.9471,1.895)	59.8558	-68.0966
17.720336667087	5	(25.7558,163.636,1.895)	13.2836	-56.8739
17.725066219154	3	(29.4308,123.494,1.895)	27.3073	-64.4865
17.729642230819	0	(29.9918,63.389,1.895)	87.415	-70.3943
17.730111458793	6	(28.8689,183.702,1.895)	32.9034	-64.6875
17.749149505596	7	(28.6179,210.596,1.895)	59.7986	-68.0662
17.804964017577	2	(26.3371,101.359,1.895)	47.5296	-71.8477
17.805159656343	8	(25.2131,221.783,1.895)	73.0889	-76.5944
17.810420700861	9	(28.3254,241.93,1.895)	93.1315	-70.3287
17.819172076066	1	(29.7533,88.9428,1.895)	59.8625	-68.1002
17.820336667087	5	(25.7746,161.625,1.895)	13.2709	-56.8529
17.825066219154	3	(29.4495,121.488,1.895)	27.3155	-64.5037
17.829642230819	0	(30.0106,61.3776,1.895)	87.4289	-70.3931
17.830111458793	6	(28.8876,181.696,1.895)	32.8949	-64.6736
17.849149505596	7	(28.6364,208.608,1.895)	59.8083	-68.0713
17.904964017577	2	(26.3558,99.3524,1.895)	47.5444	-71.8431
17.905159656343	8	(25.2318,219.78,1.895)	73.0776	-76.6021
17.910420700861	9	(28.3442,239.923,1.895)	93.1164	-70.3278
17.919172076066	1	(29.772,86.9368,1.895)	59.8767	-68.1078
17.920336667087	5	(25.7934,159.614,1.895)	13.2523	-56.8247
17.925066219154	3	(29.4682,119.488,1.895)	27.3244	-64.5225
17.929642230819	0	(30.0293,59.3672,1.895)	87.4474	-70.3914
17.930111458793	6	(28.9063,179.689,1.895)	32.88	-64.6491
17.949149505596	7	(28.655,206.623,1.895)	59.8145	-68.0746
18.004964017577	2	(26.3746,97.3457,1.895)	47.5546	-71.8397
18.005159656343	8	(25.2506,217.774,1.895)	73.0678	-76.6088
18.010420700861	9	(28.3628,237.923,1.895)	93.1128	-70.3276
18.019172076066	1	(29.7907,84.9351,1.895)	59.8819	-68.1106
18.020336667087	5	(25.8122,157.603,1.895)	13.2376	-56.8049
18.025066219154	3	(29.4869,117.484,1.895)	27.3313	-64.5369
18.029642230819	0	(30.0481,57.3602,1.895)	87.458	-70.3905
18.030111458793	6	(28.925,177.686,1.895)	32.8727	-64.6371
18.049149505596	7	(28.6735,204.638,1.895)	59.8266	-68.081
18.104964017577	2	(26.3933,95.3423,1.895)	47.5598	-71.838
18.105159656343	8	(25.2692,215.771,1.895)	73.0635	-76.6117
18.110420700861	9	(28.3815,235.921,1.895)	93.1091	-70.3274
18.119172076066	1	(29.8094,82.9349,1.895)	59.8839	-68.1117
18.120336667087	5	(25.8309,155.6,1.895)	13.2327	-56.7988
18.125066219154	3	(29.5056,115.476,1.895)	27.341	-64.5572
18.129642230819	0	(30.0668,55.3524,1.895)	87.4676	-70.3896
18.130111458793	6	(28.9437,175.684,1.895)	32.8697	-64.6322
18.149149505596	7	(28.692,202.651,1.895)	59.8371	-68.0866
18.204964017577	2	(26.412,93.3357,1.895)	47.5726	-71.8336
18.205159656343	8	(25.288,213.763,1.895)	73.0496	-76.6211
18.210420700861	9	(28.4002,233.916,1.895)	93.0978	-70.3268
18.219172076066	1	(29.8281,80.9275,1.895)	59.8975	-68.119
18.220336667087	5	(25.8496,153.591,1.895)	13.2188	-56.7826
18.225066219154	3	(29.5244,113.472,1.895)	27.3518	-64.5797
18.229642230819	0	(30.0855,53.3498,1.895)	87.4765	-70.3889
18.230111458793	6	(28.9624,173.678,1.895)	32.8567	-64.6112
18.249149505596	7	(28.7106,200.661,1.895)	59.8413	-68.0888
18.304964017577	2	(26.4307,91.3317,1.895)	47.5881	-71.8281
18.305159656343	8	(25.3067,211.761,1.895)	73.0354	-76.6307
18.310420700861	9	(28.4189,231.913,1.895)	93.0833	-70.326
18.319172076066	1	(29.8467,78.9322,1.895)	59.9043	-68.1227
18.320336667087	5	(25.8684,151.58,1.895)	13.1972	-56.7615
18.325066219154	3	(29.5431,111.46,1.895)	27.3749	-64.6272
18.329642230819	0	(30.1042,51.3465,1.895)	87.4912	-70.3876
18.330111458793	6	(28.9811,171.677,1.895)	32.8449	-64.592
18.349149505596	7	(28.7292,198.667,1.895)	59.8353	-68.0856
18.404964017577	2	(26.4494,89.331,1.895)	47.5869	-71.8285
18.405159656343	8	(25.3255,209.749,1.895)	73.0257	-76.6372
18.410420700861	9	(28.4376,229.912,1.895)	93.0835	-70.326
18.419172076066	1	(29.8654,76.9348,1.895)	59.8998	-68.1203
18.420336667087	5	(25.887,149.58,1.895)	13.1987	-56.7628
18.425066219154	3	(29.5618,109.46,1.895)	27.3728	-64.623
18.429642230819	0	(30.123,49.3345,1.895)	87.5013	-70.3867
18.430111458793	6	(28.9998,169.678,1.895)	32.8472	-64.5958
18.449149505596	7	(28.7477,196.683,1.895)	59.8531	-68.0951
18.504964017577	2	(26.4681,87.3239,1.895)	47.6033	-71.8224
18.505159656343	8	(25.3442,207.74,1.895)	73.007	-76.6497
18.510420700861	9	(28.4563,227.909,1.895)	93.0716	-70.3253
18.519172076066	1	(29.8841,74.9235,1.895)	59.9205	-68.1314
18.520336667087	5	(25.9057,147.581,1.895)	13.1906	-56.756
18.525066219154	3	(29.5805,107.46,1.895)	27.383	-64.6439
18.529642230819	0	(30.1417,47.3272,1.895)	87.518	-70.3853
18.530111458793	6	(29.0185,167.676,1.895)	32.836	-64.5776
18.549149505596	7	(28.7662,194.703,1.895)	59.8643	-68.1011
18.604964017577	2	(26.4868,85.3168,1.895)	47.6129	-71.8188
18.605159656343	8	(25.363,205.731,1.895)	72.9954	-76.6575
18.610420700861	9	(28.4751,225.897,1.895)	93.0572	-70.3246
18.619172076066	1	(29.9029,72.9168,1.895)	59.9297	-68.1365
18.620336667087	5	(25.9244,145.577,1.895)	13.1846	-56.7514
18.625066219154	3	(29.5992,105.455,1.895)	27.3906	-64.6592
18.629642230819	0	(30.1604,45.3193,1.895)	87.5285	-70.3844
18.630111458793	6	(29.0372,165.668,1.895)	32.825	-64.5601
18.649149505596	7	(28.7848,192.713,1.895)	59.8718	-68.1052
18.704964017577	2	(26.5056,83.3062,1.895)	47.6223	-71.8151
18.705159656343	8	(25.3817,203.722,1.895)	72.9881	-76.6623
18.710420700861	9	(28.4938,223.89,1.895)	93.0512	-70.3242
18.719172076066	1	(29.9216,70.9094,1.895)	59.936	-68.1399
18.720336667087	5	(25.9432,143.566,1.895)	13.1745	-56.7444
18.725066219154	3	(29.6179,103.449,1.895)	27.3947	-64.6676
18.729642230819	0	(30.1792,43.3092,1.895)	87.5375	-70.3836
18.730111458793	6	(29.056,163.658,1.895)	32.8171	-64.5474
18.749149505596	7	(28.8033,190.726,1.895)	59.8857	-68.1126
18.804964017577	2	(26.5244,81.2964,1.895)	47.6357	-71.8098
18.805159656343	8	(25.4004,201.718,1.895)	72.9798	-76.6678
18.810420700861	9	(28.5125,221.882,1.895)	93.0399	-70.3236
18.819172076066	1	(29.9403,68.9094,1.895)	59.9396	-68.1419
18.820336667087	5	(25.9619,141.555,1.895)	13.1602	-56.7364
18.825066219154	3	(29.6366,101.449,1.895)	27.3988	-64.6759
18.829642230819	0	(30.1979,41.3091,1.895)	87.5412	-70.3833
18.830111458793	6	(29.0746,161.658,1.895)	32.8132	-64.5412
18.849149505596	7	(28.822,188.729,1.895)	59.8847	-68.1121
18.904964017577	2	(26.5431,79.2871,1.895)	47.6511	-71.8034
18.905159656343	8	(25.4191,199.711,1.895)	72.9675	-76.676
18.910420700861	9	(28.5313,219.876,1.895)	93.0274	-70.3229
18.919172076066	1	(29.9589,66.9144,1.895)	59.9408	-68.1425
18.920336667087	5	(25.9806,139.552,1.895)	13.1517	-56.7327
18.925066219154	3	(29.6553,99.4408,1.895)	27.4129	-64.7043
18.929642230819	0	(30.2166,39.3027,1.895)	87.5537	-70.3822
18.930111458793	6	(29.0934,159.647,1.895)	32.7961	-64.514
18.949149505596	7	(28.8405,186.746,1.895)	59.8965	-68.1185
19.004964017577	2	(26.5618,77.285,1.895)	47.66	-71.7997
19.005159656343	8	(25.4378,197.712,1.895)	72.9609	-76.6804
19.010420700861	9	(28.5499,217.875,1.895)	93.02	-70.3225
19.019172076066	1	(29.9776,64.9075,1.895)	59.9544	-68.1499
19.020336667087	5	(25.9994,137.545,1.895)	13.1385	-56.7284
19.025066219154	3	(29.6741,97.4334,1.895)	27.4271	-64.7325
19.029642230819	0	(30.2354,37.2928,1.895)	87.5703	-70.3808
19.030111458793	6	(29.1122,157.636,1.895)	32.7786	-64.4865
19.049149505596	7	(28.8591,184.75,1.895)	59.8933	-68.1167
19.104964017577	2	(26.5805,75.2845,1.895)	47.6657	-71.7972
19.105159656343	8	(25.4565,195.709,1.895)	72.9528	-76.6858
19.110420700861	9	(28.5687,215.869,1.895)	93.0087	-70.3219
19.119172076066	1	(29.9963,62.9102,1.895)	59.957	-68.1513
19.120336667087	5	(26.0181,135.542,1.895)	13.1304	-56.7266
19.125066219154	3	(29.6927,95.4334,1.895)	27.4323	-64.7429
19.129642230819	0	(30.2541,35.2834,1.895)	87.585	-70.3796
19.130111458793	6	(29.1309,155.632,1.895)	32.769	-64.4713
19.149149505596	7	(28.8777,182.753,1.895)	59.8912	-68.1156
19.204964017577	2	(26.5992,73.2791,1.895)	47.6757	-71.7929
19.205159656343	8	(25.4752,193.702,1.895)	72.9411	-76.6935
19.210420700861	9	(28.5874,213.86,1.895)	92.9947	-70.3212
19.219172076066	1	(30.015,60.9049,1.895)	59.9669	-68.1568
19.220336667087	5	(26.0368,133.538,1.895)	13.1224	-56.7256
19.225066219154	3	(29.7114,93.4286,1.895)	27.4418	-64.7616
19.229642230819	0	(30.2729,33.2747,1.895)	87.5983	-70.3785
19.230111458793	6	(29.1496,153.622,1.895)	32.754	-64.4481
19.249149505596	7	(28.8963,180.763,1.895)	59.8965	-68.1184
19.304964017577	2	(26.6179,71.2761,1.895)	47.6775	-71.7921
19.305159656343	8	(25.494,191.693,1.895)	72.9341	-76.6981
19.310420700861	9	(28.6062,211.851,1.895)	92.9871	-70.3208
19.319172076066	1	(30.0337,58.9023,1.895)	59.9683	-68.1575
19.320336667087	5	(26.0555,131.533,1.895)	13.1186	-56.7253
19.325066219154	3	(29.7301,91.4278,1.895)	27.4414	-64.7608
19.329642230819	0	(30.2916,31.264,1.895)	87.6077	-70.3777
19.330111458793	6	(29.1684,151.615,1.895)	32.7485	-64.4395
19.349149505596	7	(28.915,178.763,1.895)	59.8981	-68.1193
19.404964017577	2	(26.6367,69.2648,1.895)	47.6914	-71.7858
19.405159656343	8	(25.5126,189.694,1.895)	72.9321	-76.6994
19.410420700861	9	(28.6249,209.841,1.895)	92.9746	-70.3201
19.419172076066	1	(30.0524,56.8911,1.895)	59.9822	-68.1652
19.420336667087	5	(26.0742,129.529,1.895)	13.1118	-56.7251
19.425066219154	3	(29.7488,89.4237,1.895)	27.4481	-64.7741
19.429642230819	0	(30.3103,29.2618,1.895)	87.6127	-70.3773
19.430111458793	6	(29.1871,149.611,1.895)	32.7413	-64.4285
19.449149505596	7	(28.9336,176.772,1.895)	59.9043	-68.1227
19.504964017577	2	(26.6554,67.254,1.895)	47.7125	-71.7761
19.505159656343	8	(25.5313,187.694,1.895)	72.9214	-76.7064
19.510420700861	9	(28.6436,207.84,1.895)	92.9628	-70.3195
19.519172076066	1	(30.0711,54.8962,1.895)	59.9874	-68.168
19.520336667087	5	(26.0929,127.526,1.895)	13.099	-56.7262
19.525066219154	3	(29.7675,87.4197,1.895)	27.4624	-64.802
19.529642230819	0	(30.329,27.2625,1.895)	87.6222	-70.3765
19.530111458793	6	(29.2058,147.603,1.895)	32.7234	-64.4008
19.549149505596	7	(28.9521,174.782,1.895)	59.9033	-68.1222
19.604964017577	2	(26.6742,65.246,1.895)	47.7247	-71.7703
19.605159656343	8	(25.55,185.689,1.895)	72.9124	-76.7123
19.610420700861	9	(28.6623,205.837,1.895)	92.956	-70.3192
19.619172076066	1	(30.0896,52.9065,1.895)	59.9813	-68.1647
19.620336667087	5	(26.1116,125.525,1.895)	13.0939	-56.727
19.625066219154	3	(29.7862,85.4131,1.895)	27.4732	-64.8227
19.629642230819	0	(30.3477,25.256,1.895)	87.633	-70.3756
19.630111458793	6	(29.2245,145.603,1.895)	32.7194	-64.3947
19.649149505596	7	(28.9708,172.785,1.895)	59.9023	-68.1216
19.704964017577	2	(26.6928,63.2455,1.895)	47.7236	-71.7708
19.705159656343	8	(25.5688,183.682,1.895)	72.9069	-76.7159
19.710420700861	9	(28.681,203.833,1.895)	92.9531	-70.319
19.719172076066	1	(30.1084,50.8984,1.895)	59.9878	-68.1682
19.720336667087	5	(26.1303,123.514,1.895)	13.0843	-56.7293
19.725066219154	3	(29.805,83.4024,1.895)	27.4824	-64.8402
19.730111458793	6	(29.2431,143.604,1.895)	32.7218	-64.3983
19.749149505596	7	(28.9893,170.795,1.895)	59.9141	-68.128
19.804964017577	2	(26.7115,61.2448,1.895)	47.7246	-71.7703
19.805159656343	8	(25.5875,181.676,1.895)	72.9007	-76.7199
19.810420700861	9	(28.6997,201.832,1.895)	92.9523	-70.319
19.819172076066	1	(30.1271,48.8912,1.895)	59.9953	-68.1724
19.820336667087	5	(26.149,121.51,1.895)	13.0806	-56.7305
19.825066219154	3	(29.8237,81.3962,1.895)	27.4888	-64.8525
19.830111458793	6	(29.2619,141.596,1.895)	32.7139	-64.3863
19.849149505596	7	(29.0079,168.809,1.895)	59.9276	-68.1353
19.904964017577	2	(26.7302,59.2429,1.895)	47.7266	-71.7694
19.905159656343	8	(25.6061,179.676,1.895)	72.9004	-76.7202
19.910420700861	9	(28.7184,199.821,1.895)	92.9411	-70.3184
19.919172076066	1	(30.1458,46.8921,1.895)	59.9945	-68.1719
19.920336667087	5	(26.1677,119.51,1.895)	13.0809	-56.7304
19.925066219154	3	(29.8425,79.3896,1.895)	27.4956	-64.8654
19.930111458793	6	(29.2805,139.596,1.895)	32.7134	-64.3857
19.949149505596	7	(29.0264,166.821,1.895)	59.9392	-68.1416
20.004964017577	2	(26.7489,57.2413,1.895)	47.7298	-71.7678
20.005159656343	8	(25.6248,177.673,1.895)	72.8956	-76.7233
20.010420700861	9	(28.7372,197.811,1.895)	92.9297	-70.3178
20.019172076066	1	(30.1645,44.8832,1.895)	60.0051	-68.1778
20.020336667087	5	(26.1864,117.507,1.895)	13.0764	-56.7319
20.025066219154	3	(29.8612,77.3808,1.895)	27.5061	-64.885
20.030111458793	6	(29.2993,137.587,1.895)	32.7026	-64.3692
20.049149505596	7	(29.045,164.836,1.895)	59.9525	-68.1489
20.104964017577	2	(26.7676,55.2391,1.895)	47.7307	-71.7674
20.105159656343	8	(25.6435,175.67,1.895)	72.8944	-76.724
20.110420700861	9	(28.7559,195.802,1.895)	92.9217	-70.3174
20.119172076066	1	(30.1833,42.875,1.895)	60.0119	-68.1815
20.120336667087	5	(26.2051,115.507,1.895)	13.0777	-56.7314
20.125066219154	3	(29.8799,75.3751,1.895)	27.5104	-64.8931
20.130111458793	6	(29.318,135.577,1.895)	32.6945	-64.357
20.149149505596	7	(29.0636,162.839,1.895)	59.9574	-68.1516
20.204964017577	2	(26.7863,53.2373,1.895)	47.7404	-71.7626
20.205159656343	8	(25.6622,173.669,1.895)	72.8856	-76.7298
20.210420700861	9	(28.7746,193.801,1.895)	92.9128	-70.3169
20.219172076066	1	(30.202,40.8688,1.895)	60.0261	-68.1894
20.220336667087	5	(26.2238,113.503,1.895)	13.0653	-56.7366
20.225066219154	3	(29.8987,73.365,1.895)	27.5285	-64.9265
20.230111458793	6	(29.3368,133.571,1.895)	32.6802	-64.3354
20.249149505596	7	(29.0823,160.84,1.895)	59.9502	-68.1476
20.304964017577	2	(26.805,51.2265,1.895)	47.7445	-71.7606
20.305159656343	8	(25.6809,171.667,1.895)	72.8899	-76.727
20.310420700861	9	(28.7934,191.792,1.895)	92.9108	-70.3168
20.319172076066	1	(30.2208,38.8582,1.895)	60.03	-68.1915
20.320336667087	5	(26.2425,111.501,1.895)	13.0706	-56.7342
20.325066219154	3	(29.9173,71.3657,1.895)	27.521	-64.9128
20.330111458793	6	(29.3555,131.569,1.895)	32.6852	-64.3429
20.349149505596	7	(29.1009,158.843,1.895)	59.9599	-68.1529
20.404964017577	2	(26.8238,49.2156,1.895)	47.767	-71.7491
20.405159656343	8	(25.6996,169.66,1.895)	72.8718	-76.7387
20.410420700861	9	(28.8121,189.784,1.895)	92.8904	-70.3158
20.419172076066	1	(30.2395,36.8515,1.895)	60.0483	-68.2017
20.420336667087	5	(26.2612,109.49,1.895)	13.0483	-56.746
20.425066219154	3	(29.9361,69.3552,1.895)	27.5432	-64.9533
20.430111458793	6	(29.3742,129.565,1.895)	32.669	-64.3186
20.449149505596	7	(29.1195,156.851,1.895)	59.9567	-68.1512
20.504964017577	2	(26.8425,47.2073,1.895)	47.7785	-71.7432
20.505159656343	8	(25.7183,167.661,1.895)	72.8688	-76.7407
20.510420700861	9	(28.8309,187.772,1.895)	92.8752	-70.315
20.519172076066	1	(30.2582,34.8411,1.895)	60.062	-68.2094
20.520336667087	5	(26.2799,107.486,1.895)	13.041	-56.7508
20.525066219154	3	(29.9548,67.3532,1.895)	27.5484	-64.9628
20.530111458793	6	(29.3929,127.561,1.895)	32.6616	-64.3076
20.549149505596	7	(29.138,154.864,1.895)	59.9657	-68.1561
20.604964017577	2	(26.8613,45.2005,1.895)	47.7858	-71.7393
20.605159656343	8	(25.737,165.652,1.895)	72.8595	-76.7466
20.610420700861	9	(28.8497,185.76,1.895)	92.8632	-70.3144
20.619172076066	1	(30.2769,32.8379,1.895)	60.0657	-68.2114
20.620336667087	5	(26.2986,105.486,1.895)	13.0408	-56.751
20.625066219154	3	(29.9735,65.3446,1.895)	27.5576	-64.9792
20.630111458793	6	(29.4116,125.555,1.895)	32.6555	-64.2985
20.649149505596	7	(29.1567,152.864,1.895)	59.9659	-68.1562
20.704964017577	2	(26.88,43.1887,1.895)	47.7944	-71.7347
20.705159656343	8	(25.7557,163.652,1.895)	72.8629	-76.7445
20.710420700861	9	(28.8684,183.756,1.895)	92.8622	-70.3143
20.719172076066	1	(30.2957,30.8312,1.895)	60.0692	-68.2133
20.720336667087	5	(26.3173,103.482,1.895)	13.0404	-56.7512
20.725066219154	3	(29.9922,63.3416,1.895)	27.5574	-64.9788
20.730111458793	6	(29.4303,123.552,1.895)	32.6559	-64.2991
20.749149505596	7	(29.1753,150.874,1.895)	59.9786	-68.1632
20.804964017577	2	(26.8987,41.1861,1.895)	47.8014	-71.7309
20.805159656343	8	(25.7744,161.652,1.895)	72.859	-76.747
20.810420700861	9	(28.8871,181.754,1.895)	92.8559	-70.314
20.819172076066	1	(30.3144,28.8252,1.895)	60.0796	-68.2192
20.820336667087	5	(26.336,101.477,1.895)	13.0314	-56.7579
20.825066219154	3	(30.011,61.3342,1.895)	27.5691	-64.9996
20.830111458793	6	(29.4489,121.552,1.895)	32.6512	-64.2922
20.849149505596	7	(29.1939,148.883,1.895)	59.9838	-68.166
20.904964017577	2	(26.9175,39.179,1.895)	47.805	-71.729
20.905159656343	8	(25.7931,159.649,1.895)	72.8593	-76.7468
20.910420700861	9	(28.9058,179.745,1.895)	92.8505	-70.3137
20.919172076066	1	(30.3331,26.8213,1.895)	60.0799	-68.2194
20.920336667087	5	(26.3547,99.4702,1.895)	13.0278	-56.7608
20.925066219154	3	(30.0297,59.3282,1.895)	27.5716	-65.004
20.930111458793	6	(29.4677,119.541,1.895)	32.6439	-64.2814
20.949149505596	7	(29.2124,146.898,1.895)	60.0015	-68.1758
21.004964017577	2	(26.9362,37.1686,1.895)	47.8172	-71.7223
21.005159656343	8	(25.8118,157.64,1.895)	72.8484	-76.7538
21.010420700861	9	(28.9245,177.743,1.895)	92.8465	-70.3135
21.020336667087	5	(26.3735,97.4593,1.895)	13.0156	-56.7714
21.025066219154	3	(30.0485,57.3187,1.895)	27.583	-65.0238
21.030111458793	6	(29.4864,117.534,1.895)	32.6354	-64.2689
21.049149505596	7	(29.2311,144.896,1.895)	59.9984	-68.1741
21.104964017577	2	(26.9549,35.1661,1.895)	47.8122	-71.725
21.105159656343	8	(25.8305,155.637,1.895)	72.8528	-76.751
21.110420700861	9	(28.9432,175.736,1.895)	92.8475	-70.3136
21.120336667087	5	(26.3922,95.4543,1.895)	13.0179	-56.7693
21.125066219154	3	(30.0672,55.313,1.895)	27.5812	-65.0206
21.130111458793	6	(29.5052,115.522,1.895)	32.6309	-64.2623
21.149149505596	7	(29.2497,142.896,1.895)	60.0051	-68.1778
21.204964017577	2	(26.9737,33.1551,1.895)	47.8217	-71.7197
21.205159656343	8	(25.8493,153.629,1.895)	72.8458	-76.7555
21.210420700861	9	(28.962,173.727,1.895)	92.8398	-70.3132
21.220336667087	5	(26.411,93.4432,1.895)	13.0086	-56.778
21.225066219154	3	(30.0859,53.3038,1.895)	27.5889	-65.034
21.230111458793	6	(29.5239,113.523,1.895)	32.6326	-64.2647
21.249149505596	7	(29.2685,140.889,1.895)	60.0004	-68.1752
21.304964017577	2	(26.9924,31.151,1.895)	47.8187	-71.7214
21.305159656343	8	(25.8679,151.626,1.895)	72.8503	-76.7526
21.310420700861	9	(28.9807,171.723,1.895)	92.8429	-70.3134
21.320336667087	5	(26.4297,91.4425,1.895)	13.0148	-56.7721
21.325066219154	3	(30.1046,51.3023,1.895)	27.5833	-65.0244
21.330111458793	6	(29.5426,111.513,1.895)	32.6298	-64.2607
21.349149505596	7	(29.2871,138.896,1.895)	60.0146	-68.183
21.404964017577	2	(27.0111,29.1485,1.895)	47.8295	-71.7153
21.405159656343	8	(25.8866,149.623,1.895)	72.8387	-76.76
21.410420700861	9	(28.9994,169.722,1.895)	92.8331	-70.3129
21.420336667087	5	(26.4484,89.4321,1.895)	12.9966	-56.7903
21.425066219154	3	(30.1233,49.2998,1.895)	27.5942	-65.0431
21.430111458793	6	(29.5613,109.509,1.895)	32.6177	-64.2431
21.449149505596	7	(29.3057,136.898,1.895)	60.0075	-68.1791
21.504964017577	2	(27.0299,27.137,1.895)	47.8384	-71.7103
21.505159656343	8	(25.9054,147.612,1.895)	72.8302	-76.7655
21.510420700861	9	(29.0181,167.714,1.895)	92.8276	-70.3126
21.520336667087	5	(26.4672,87.4264,1.895)	12.9937	-56.7934
21.525066219154	3	(30.142,47.2998,1.895)	27.5915	-65.0386
21.530111458793	6	(29.5801,107.498,1.895)	32.6091	-64.2306
21.549149505596	7	(29.3243,134.904,1.895)	60.016	-68.1838
21.604964017577	2	(27.0486,25.1349,1.895)	47.8447	-71.7067
21.605159656343	8	(25.9242,145.6,1.895)	72.8145	-76.7755
21.610420700861	9	(29.0369,165.703,1.895)	92.8128	-70.3119
21.620336667087	5	(26.4858,85.4238,1.895)	12.9871	-56.8008
21.625066219154	3	(30.1607,45.2932,1.895)	27.6023	-65.0569
21.630111458793	6	(29.5989,105.488,1.895)	32.5952	-64.2105
21.649149505596	7	(29.343,132.907,1.895)	60.0151	-68.1833
21.705159656343	8	(25.9429,143.595,1.895)	72.8092	-76.7788
21.710420700861	9	(29.0556,163.701,1.895)	92.8099	-70.3117
21.720336667087	5	(26.5045,83.4225,1.895)	12.9854	-56.8028
21.725066219154	3	(30.1794,43.2874,1.895)	27.6086	-65.0676
21.730111458793	6	(29.6175,103.488,1.895)	32.5942	-64.2091
21.749149505596	7	(29.3616,130.912,1.895)	60.0198	-68.1859
21.805159656343	8	(25.9616,141.589,1.895)	72.8045	-76.7818
21.810420700861	9	(29.0743,161.693,1.895)	92.8045	-70.3115
21.820336667087	5	(26.5232,81.4181,1.895)	12.9829	-56.8057
21.825066219154	3	(30.1981,41.281,1.895)	27.6132	-65.0753
21.830111458793	6	(29.6362,101.485,1.895)	32.5933	-64.2077
21.849149505596	7	(29.3802,128.92,1.895)	60.0294	-68.1912
21.905159656343	8	(25.9803,139.589,1.895)	72.8012	-76.7839
21.910420700861	9	(29.093,159.69,1.895)	92.7975	-70.3111
21.920336667087	5	(26.5419,79.4178,1.895)	12.9787	-56.8107
21.925066219154	3	(30.2168,39.2786,1.895)	27.6196	-65.086
21.930111458793	6	(29.655,99.4729,1.895)	32.5774	-64.185
21.949149505596	7	(29.3988,126.921,1.895)	60.0264	-68.1895
22.005159656343	8	(25.999,137.589,1.895)	72.7962	-76.7871
22.010420700861	9	(29.1117,157.69,1.895)	92.7914	-70.3108
22.020336667087	5	(26.5606,77.4148,1.895)	12.9708	-56.8204
22.025066219154	3	(30.2356,37.2671,1.895)	27.6362	-65.1134
22.030111458793	6	(29.6737,97.4725,1.895)	32.5718	-64.1771
22.049149505596	7	(29.4176,124.914,1.895)	60.0148	-68.1831
22.105159656343	8	(26.0177,135.584,1.895)	72.8011	-76.784
22.110420700861	9	(29.1303,155.69,1.895)	92.8019	-70.3113
22.120336667087	5	(26.5793,75.4091,1.895)	12.9753	-56.8149
22.125066219154	3	(30.2544,35.257,1.895)	27.6361	-65.1132
22.130111458793	6	(29.6924,95.4652,1.895)	32.5747	-64.1812
22.149149505596	7	(29.4361,122.923,1.895)	60.0339	-68.1937
22.205159656343	8	(26.0363,133.584,1.895)	72.8082	-76.7795
22.210420700861	9	(29.1491,153.679,1.895)	92.7984	-70.3112
22.220336667087	5	(26.5981,73.4004,1.895)	12.9736	-56.8169
22.225066219154	3	(30.2731,33.2532,1.895)	27.6328	-65.1078
22.230111458793	6	(29.7111,93.4623,1.895)	32.5788	-64.1871
22.249149505596	7	(29.4548,120.922,1.895)	60.0402	-68.1972
22.305159656343	8	(26.0551,131.579,1.895)	72.8004	-76.7844
22.310420700861	9	(29.1678,151.671,1.895)	92.7876	-70.3106
22.320336667087	5	(26.6168,71.3963,1.895)	12.9676	-56.8245
22.325066219154	3	(30.2917,31.2538,1.895)	27.6344	-65.1104
22.330111458793	6	(29.7299,91.4522,1.895)	32.5667	-64.1698
22.349149505596	7	(29.4735,118.924,1.895)	60.0397	-68.1969
22.405159656343	8	(26.0737,129.578,1.895)	72.7955	-76.7876
22.410420700861	9	(29.1866,149.663,1.895)	92.7759	-70.3101
22.420336667087	5	(26.6355,69.387,1.895)	12.9543	-56.8421
22.425066219154	3	(30.3104,29.2501,1.895)	27.6425	-65.1235
22.430111458793	6	(29.7486,89.4502,1.895)	32.5602	-64.1607
22.449149505596	7	(29.4921,116.928,1.895)	60.0394	-68.1967
22.505159656343	8	(26.0924,127.575,1.895)	72.7907	-76.7906
22.510420700861	9	(29.2053,147.655,1.895)	92.766	-70.3096
22.520336667087	5	(26.6543,67.3775,1.895)	12.9432	-56.8578
22.525066219154	3	(30.3291,27.2451,1.895)	27.6495	-65.1349
22.530111458793	6	(29.7673,87.4425,1.895)	32.5504	-64.1469
22.549149505596	7	(29.5107,114.937,1.895)	60.0466	-68.2007
22.605159656343	8	(26.1111,125.569,1.895)	72.7858	-76.7936
22.610420700861	9	(29.2241,145.647,1.895)	92.7592	-70.3093
22.620336667087	5	(26.673,65.3682,1.895)	12.9354	-56.8692
22.625066219154	3	(30.3478,25.2435,1.895)	27.6499	-65.1355
22.630111458793	6	(29.786,85.434,1.895)	32.5431	-64.1367
22.649149505596	7	(29.5294,112.936,1.895)	60.0462	-68.2006
22.705159656343	8	(26.1298,123.57,1.895)	72.7901	-76.791
22.710420700861	9	(29.2428,143.639,1.895)	92.7544	-70.309
22.720336667087	5	(26.6917,63.3682,1.895)	12.9387	-56.8643
22.730111458793	6	(29.8047,83.4315,1.895)	32.5441	-64.138
22.749149505596	7	(29.5481,110.931,1.895)	60.0452	-68.2
22.805159656343	8	(26.1485,121.566,1.895)	72.7928	-76.7893
22.810420700861	9	(29.2615,141.638,1.895)	92.7599	-70.3093
22.820336667087	5	(26.7104,61.3631,1.895)	12.9406	-56.8616
22.830111458793	6	(29.8234,81.4297,1.895)	32.5493	-64.1454
22.849149505596	7	(29.5667,108.933,1.895)	60.0534	-68.2045
22.905159656343	8	(26.1673,119.558,1.895)	72.7886	-76.7919
22.910420700861	9	(29.2802,139.635,1.895)	92.7607	-70.3093
22.920336667087	5	(26.7291,59.3601,1.895)	12.9408	-56.8612
22.930111458793	6	(29.8421,79.4277,1.895)	32.5507	-64.1472
22.949149505596	7	(29.5853,106.944,1.895)	60.0677	-68.2125
23.005159656343	8	(26.186,117.548,1.895)	72.7775	-76.7989
23.010420700861	9	(29.2989,137.629,1.895)	92.7535	-70.309
23.020336667087	5	(26.7478,57.3596,1.895)	12.9394	-56.8633
23.030111458793	6	(29.8608,77.4271,1.895)	32.5489	-64.1448
23.049149505596	7	(29.6039,104.946,1.895)	60.0695	-68.2135
23.105159656343	8	(26.2047,115.543,1.895)	72.7797	-76.7975
23.110420700861	9	(29.3176,135.624,1.895)	92.7567	-70.3091
23.120336667087	5	(26.7666,55.3483,1.895)	12.9359	-56.8684
23.130111458793	6	(29.8795,75.4209,1.895)	32.5505	-64.1471
23.149149505596	7	(29.6225,102.952,1.895)	60.0828	-68.221
23.205159656343	8	(26.2234,113.539,1.895)	72.7867	-76.7931
23.210420700861	9	(29.3363,133.624,1.895)	92.7668	-70.3096
23.220336667087	5	(26.7853,53.3387,1.895)	12.937	-56.8667
23.230111458793	6	(29.8982,73.4155,1.895)	32.5559	-64.1546
23.249149505596	7	(29.6412,100.952,1.895)	60.094	-68.2272
23.305159656343	8	(26.2421,111.535,1.895)	72.785	-76.7942
23.310420700861	9	(29.355,131.617,1.895)	92.7623	-70.3094
23.320336667087	5	(26.804,51.3389,1.895)	12.9392	-56.8635
23.330111458793	6	(29.9169,71.4087,1.895)	32.5512	-64.148
23.349149505596	7	(29.6599,98.9512,1.895)	60.0949	-68.2278
23.405159656343	8	(26.2608,109.534,1.895)	72.7865	-76.7932
23.410420700861	9	(29.3738,129.608,1.895)	92.756	-70.3091
23.420336667087	5	(26.8226,49.3385,1.895)	12.9417	-56.86
23.430111458793	6	(29.9357,69.4013,1.895)	32.5467	-64.1417
23.449149505596	7	(29.6786,96.951,1.895)	60.0976	-68.2293
23.505159656343	8	(26.2796,107.523,1.895)	72.7799	-76.7974
23.510420700861	9	(29.3924,127.608,1.895)	92.7605	-70.3093
23.520336667087	5	(26.8414,47.3301,1.895)	12.9378	-56.8656
23.530111458793	6	(29.9544,67.4007,1.895)	32.5506	-64.1471
23.549149505596	7	(29.6973,94.9466,1.895)	60.0976	-68.2293
23.605159656343	8	(26.2983,105.512,1.895)	72.7693	-76.8041
23.610420700861	9	(29.4112,125.598,1.895)	92.7506	-70.3088
23.620336667087	5	(26.8601,45.3278,1.895)	12.9354	-56.8691
23.630111458793	6	(29.9731,65.3931,1.895)	32.5428	-64.1362
23.649149505596	7	(29.7159,92.9539,1.895)	60.1047	-68.2333
23.705159656343	8	(26.3171,103.502,1.895)	72.7687	-76.8044
23.710420700861	9	(29.43,123.587,1.895)	92.7492	-70.3088
23.720336667087	5	(26.8788,43.3253,1.895)	12.9425	-56.8588
23.730111458793	6	(29.9918,63.3929,1.895)	32.5523	-64.1496
23.749149505596	7	(29.7345,90.9563,1.895)	60.1169	-68.2402
23.805159656343	8	(26.3358,101.503,1.895)	72.7804	-76.7971
23.810420700861	9	(29.4486,121.586,1.895)	92.7593	-70.3093
23.820336667087	5	(26.8975,41.3199,1.895)	12.9477	-56.8513
23.830111458793	6	(30.0105,61.3822,1.895)	32.5524	-64.1497
23.849149505596	7	(29.7531,88.9599,1.895)	60.1314	-68.2483
23.905159656343	8	(26.3545,99.4982,1.895)	72.7803	-76.7972
23.910420700861	9	(29.4674,119.579,1.895)	92.7562	-70.3091
23.920336667087	5	(26.9162,39.3175,1.895)	12.9497	-56.8486
23.930111458793	6	(30.0293,59.375,1.895)	32.5497	-64.1459
23.949149505596	7	(29.7719,86.9538,1.895)	60.1297	-68.2474
