5.104964017577	2	(23.9592,356.129,1.895)	60.174	-68.2726
5.119172076066	1	(27.4069,340.338,1.895)	76.0676	-74.3851
5.125066219154	3	(27.0721,376.22,1.895)	40.2486	-64.7351
5.129642230819	0	(27.6332,316.102,1.895)	100.288	-71.1917
5.141651904734	4	(26.8721,397.644,1.895)	18.9766	-59.8077
5.204964017577	2	(23.978,354.121,1.895)	60.1764	-68.2739
5.219172076066	1	(27.425,338.403,1.895)	75.997	-74.4349
5.225066219154	3	(27.0908,374.212,1.895)	40.2508	-64.7355
5.229642230819	0	(27.6519,314.091,1.895)	100.293	-71.1925
5.241651904734	4	(26.8896,395.772,1.895)	18.8456	-59.5976
5.304964017577	2	(23.9967,352.114,1.895)	60.183	-68.2777
5.319172076066	1	(27.4432,336.457,1.895)	75.9431	-74.4732
5.325066219154	3	(27.1095,372.209,1.895)	40.2538	-64.736
5.329642230819	0	(27.6707,312.08,1.895)	100.304	-71.1945
5.341651904734	4	(26.9072,393.885,1.895)	18.734	-59.4725
5.404964017577	2	(24.0154,350.11,1.895)	60.1868	-68.2799
5.419172076066	1	(27.4613,334.513,1.895)	75.8866	-74.5135
5.425066219154	3	(27.1282,370.204,1.895)	40.2583	-64.7368
5.429642230819	0	(27.6894,310.071,1.895)	100.312	-71.1959
5.441651904734	4	(26.9247,392.005,1.895)	18.6155	-59.3982
5.504964017577	2	(24.0342,348.099,1.895)	60.1976	-68.286
5.519172076066	1	(27.4795,332.565,1.895)	75.8353	-74.5502
5.525066219154	3	(27.1469,368.204,1.895)	40.2582	-64.7368
5.529642230819	0	(27.7081,308.067,1.895)	100.317	-71.1967
5.541651904734	4	(26.9424,390.112,1.895)	18.51	-59.3845
5.604964017577	2	(24.0529,346.091,1.895)	60.1936	-68.2837
5.619172076066	1	(27.4976,330.628,1.895)	75.7601	-74.6044
5.625066219154	3	(27.1656,366.194,1.895)	40.2567	-64.7365
5.629642230819	0	(27.7268,306.064,1.895)	100.308	-71.1952
5.641651904734	4	(26.96,388.227,1.895)	18.3858	-59.4307
5.704964017577	2	(24.0716,344.089,1.895)	60.1952	-68.2847
5.719172076066	1	(27.5157,328.684,1.895)	75.7034	-74.6454
5.725066219154	3	(27.1844,364.184,1.895)	40.2653	-64.7381
5.729642230819	0	(27.7456,304.056,1.895)	100.315	-71.1965
5.741651904734	4	(26.9777,386.327,1.895)	18.2865	-59.5135
5.804964017577	2	(24.0903,342.084,1.895)	60.1948	-68.2844
5.819172076066	1	(27.5339,326.733,1.895)	75.6496	-74.6845
5.825066219154	3	(27.2031,362.183,1.895)	40.2617	-64.7374
5.829642230819	0	(27.7644,302.044,1.895)	100.322	-71.1977
5.841651904734	4	(26.9955,384.425,1.895)	18.1854	-59.6347
5.904964017577	2	(24.1091,340.073,1.895)	60.1966	-68.2855
5.919172076066	1	(27.5521,324.783,1.895)	75.5893	-74.7285
5.925066219154	3	(27.2218,360.174,1.895)	40.2602	-64.7372
5.929642230819	0	(27.7831,300.041,1.895)	100.315	-71.1965
5.941651904734	4	(27.0131,382.532,1.895)	18.0697	-59.8094
6.004964017577	2	(24.1278,338.07,1.895)	60.1908	-68.2821
6.019172076066	1	(27.5703,322.838,1.895)	75.5265	-74.7745
6.025066219154	3	(27.2406,358.166,1.895)	40.2607	-64.7373
6.029642230819	0	(27.8017,298.041,1.895)	100.307	-71.1949
6.041651904734	4	(27.0309,380.632,1.895)	17.9634	-59.9905
6.104964017577	2	(24.1465,336.066,1.895)	60.1884	-68.2808
6.119172076066	1	(27.5884,320.901,1.895)	75.4571	-74.8257
6.125066219154	3	(27.2593,356.161,1.895)	40.2585	-64.7369
6.129642230819	0	(27.8204,296.037,1.895)	100.304	-71.1945
6.130111458793	6	(26.6976,416.34,1.895)	20.3282	-61.7488
6.141651904734	4	(27.0486,378.729,1.895)	17.8623	-60.1652
6.204964017577	2	(24.1651,334.066,1.895)	60.1892	-68.2813
6.219172076066	1	(27.6065,318.953,1.895)	75.406	-74.8635
6.225066219154	3	(27.278,354.155,1.895)	40.2651	-64.738
6.229642230819	0	(27.8391,294.034,1.895)	100.308	-71.1951
6.230111458793	6	(26.7163,414.341,1.895)	20.3284	-61.7484
6.241651904734	4	(27.0664,376.829,1.895)	17.7641	-60.3198
6.304964017577	2	(24.1838,332.063,1.895)	60.1817	-68.2769
6.319172076066	1	(27.6247,317.008,1.895)	75.3399	-74.9125
6.325066219154	3	(27.2967,352.154,1.895)	40.2561	-64.7364
6.329642230819	0	(27.8579,292.026,1.895)	100.305	-71.1947
6.330111458793	6	(26.735,412.334,1.895)	20.332	-61.7441
6.341651904734	4	(27.0842,374.92,1.895)	17.6641	-60.4429
6.404964017577	2	(24.2025,330.06,1.895)	60.1843	-68.2785
6.419172076066	1	(27.6429,315.056,1.895)	75.2915	-74.9485
6.425066219154	3	(27.3154,350.146,1.895)	40.2635	-64.7377
6.429642230819	0	(27.8766,290.017,1.895)	100.314	-71.1962
6.430111458793	6	(26.7536,410.335,1.895)	20.333	-61.7429
6.441651904734	4	(27.1019,373.02,1.895)	17.5657	-60.5123
6.504964017577	2	(24.2212,328.057,1.895)	60.183	-68.2777
6.519172076066	1	(27.6611,313.104,1.895)	75.2399	-74.9871
6.525066219154	3	(27.3341,348.14,1.895)	40.2647	-64.738
6.529642230819	0	(27.8953,288.015,1.895)	100.312	-71.1959
6.530111458793	6	(26.7723,408.335,1.895)	20.3377	-61.7371
6.541651904734	4	(27.1198,371.108,1.895)	17.4755	-60.5184
6.604964017577	2	(24.24,326.048,1.895)	60.1884	-68.2808
6.619172076066	1	(27.6793,311.152,1.895)	75.1879	-75.0261
6.625066219154	3	(27.3528,346.137,1.895)	40.2651	-64.738
6.629642230819	0	(27.914,286.008,1.895)	100.315	-71.1965
6.630111458793	6	(26.791,406.329,1.895)	20.3355	-61.7399
6.641651904734	4	(27.1376,369.196,1.895)	17.3848	-60.4629
6.704964017577	2	(24.2587,324.036,1.895)	60.1942	-68.2841
6.719172076066	1	(27.6976,309.2,1.895)	75.1344	-75.0662
6.725066219154	3	(27.3715,344.133,1.895)	40.2626	-64.7376
6.729642230819	0	(27.9328,284,1.895)	100.317	-71.1969
6.730111458793	6	(26.8098,404.321,1.895)	20.3331	-61.7428
6.741651904734	4	(27.1555,367.281,1.895)	17.2964	-60.3498
6.804964017577	2	(24.2775,322.029,1.895)	60.1973	-68.2859
6.819172076066	1	(27.7158,307.242,1.895)	75.0886	-75.1007
6.825066219154	3	(27.3902,342.133,1.895)	40.2593	-64.737
6.829642230819	0	(27.9515,281.998,1.895)	100.316	-71.1966
6.830111458793	6	(26.8285,402.311,1.895)	20.3264	-61.7508
6.841651904734	4	(27.1734,365.362,1.895)	17.2132	-60.1951
6.904964017577	2	(24.2962,320.021,1.895)	60.1946	-68.2843
6.919172076066	1	(27.7341,305.287,1.895)	75.033	-75.1427
6.925066219154	3	(27.4089,340.128,1.895)	40.2529	-64.7359
6.929642230819	0	(27.9702,279.993,1.895)	100.31	-71.1955
6.930111458793	6	(26.8472,400.306,1.895)	20.3326	-61.7434
6.941651904734	4	(27.1912,363.449,1.895)	17.117	-59.9711
7.004964017577	2	(24.315,318.01,1.895)	60.2026	-68.2889
7.019172076066	1	(27.7523,303.333,1.895)	74.9837	-75.18
7.025066219154	3	(27.4276,338.121,1.895)	40.2573	-64.7366
7.029642230819	0	(27.9888,277.994,1.895)	100.306	-71.1948
7.030111458793	6	(26.866,398.297,1.895)	20.327	-61.7502
7.041651904734	4	(27.2092,361.53,1.895)	17.0345	-59.7527
7.104964017577	2	(24.3337,316.01,1.895)	60.1928	-68.2833
7.119172076066	1	(27.7706,301.375,1.895)	74.9315	-75.2196
7.125066219154	3	(27.4464,336.114,1.895)	40.2535	-64.736
7.129642230819	0	(28.0076,275.987,1.895)	100.303	-71.1942
7.130111458793	6	(26.8847,396.297,1.895)	20.3366	-61.7385
7.141651904734	4	(27.2271,359.613,1.895)	16.9429	-59.4982
7.149149505596	7	(26.6976,416.34,1.895)	40.2468	-64.7348
7.204964017577	2	(24.3523,314.008,1.895)	60.1893	-68.2813
7.219172076066	1	(27.7889,299.414,1.895)	74.8873	-75.2532
7.225066219154	3	(27.4651,334.104,1.895)	40.2592	-64.737
7.229642230819	0	(28.0263,273.984,1.895)	100.301	-71.1939
7.230111458793	6	(26.9033,394.297,1.895)	20.3414	-61.7324
7.241651904734	4	(27.2451,357.684,1.895)	16.8682	-59.2917
7.249149505596	7	(26.7149,414.487,1.895)	40.3979	-64.7658
7.304964017577	2	(24.371,312.006,1.895)	60.1861	-68.2795
7.319172076066	1	(27.8071,297.462,1.895)	74.8342	-75.2935
7.325066219154	3	(27.4839,332.094,1.895)	40.2634	-64.7377
7.329642230819	0	(28.0449,271.985,1.895)	100.294	-71.1926
7.330111458793	6	(26.922,392.296,1.895)	20.3465	-61.7261
7.341651904734	4	(27.263,355.761,1.895)	16.7874	-59.0798
7.349149505596	7	(26.7323,412.627,1.895)	40.5432	-64.805
7.404964017577	2	(24.3898,309.996,1.895)	60.1906	-68.2821
7.419172076066	1	(27.8254,295.503,1.895)	74.7881	-75.3286
7.425066219154	3	(27.5027,330.083,1.895)	40.2684	-64.7386
7.429642230819	0	(28.0636,269.981,1.895)	100.292	-71.1924
7.430111458793	6	(26.9407,390.295,1.895)	20.3508	-61.7206
7.441651904734	4	(27.281,353.835,1.895)	16.7099	-58.8951
7.449149505596	7	(26.7495,410.774,1.895)	40.6955	-64.8557
7.504964017577	2	(24.4085,307.994,1.895)	60.1855	-68.2791
7.519172076066	1	(27.8437,293.538,1.895)	74.7461	-75.3607
7.525066219154	3	(27.5214,328.077,1.895)	40.2685	-64.7387
7.529642230819	0	(28.0823,267.976,1.895)	100.29	-71.1921
7.530111458793	6	(26.9595,388.284,1.895)	20.3464	-61.7262
7.541651904734	4	(27.2991,351.897,1.895)	16.6425	-58.7542
7.549149505596	7	(26.7669,408.92,1.895)	40.8474	-64.9161
7.604964017577	2	(24.4272,305.992,1.895)	60.1813	-68.2767
7.619172076066	1	(27.8621,291.576,1.895)	74.7012	-75.3949
7.625066219154	3	(27.5401,326.074,1.895)	40.2641	-64.7378
7.629642230819	0	(28.101,265.97,1.895)	100.289	-71.1919
7.630111458793	6	(26.9781,386.283,1.895)	20.3526	-61.7182
7.641651904734	4	(27.3171,349.961,1.895)	16.5727	-58.6315
7.649149505596	7	(26.7843,407.046,1.895)	40.98	-64.9766
7.704964017577	2	(24.4458,303.992,1.895)	60.1688	-68.2696
7.719172076066	1	(27.8804,289.609,1.895)	74.6562	-75.4293
7.725066219154	3	(27.5589,324.062,1.895)	40.2642	-64.7379
7.729642230819	0	(28.1197,263.969,1.895)	100.279	-71.1899
7.730111458793	6	(26.9969,384.276,1.895)	20.357	-61.7126
7.741651904734	4	(27.3351,348.037,1.895)	16.4871	-58.5173
7.749149505596	7	(26.8017,405.186,1.895)	41.1311	-65.0545
7.804964017577	2	(24.4645,301.99,1.895)	60.1691	-68.2697
7.819172076066	1	(27.8987,287.648,1.895)	74.6157	-75.4604
7.825066219154	3	(27.5776,322.057,1.895)	40.2672	-64.7384
7.829642230819	0	(28.1385,261.96,1.895)	100.286	-71.1913
7.830111458793	6	(27.0156,382.265,1.895)	20.348	-61.7241
7.841651904734	4	(27.3532,346.099,1.895)	16.4235	-58.4602
7.849149505596	7	(26.8192,403.31,1.895)	41.2564	-65.126
7.904964017577	2	(24.4833,299.981,1.895)	60.1688	-68.2696
7.919172076066	1	(27.9171,285.676,1.895)	74.5781	-75.4891
7.925066219154	3	(27.5963,320.056,1.895)	40.2593	-64.737
7.929642230819	0	(28.1573,259.948,1.895)	100.288	-71.1917
7.930111458793	6	(27.0344,380.256,1.895)	20.3485	-61.7235
7.941651904734	4	(27.3712,344.166,1.895)	16.3489	-58.4247
7.949149505596	7	(26.8367,401.434,1.895)	41.39	-65.2092
8.004964017577	2	(24.502,297.973,1.895)	60.1766	-68.274
8.019172076066	1	(27.9355,283.707,1.895)	74.5473	-75.5127
8.025066219154	3	(27.6149,318.053,1.895)	40.2625	-64.7376
8.029642230819	0	(28.1759,257.948,1.895)	100.289	-71.1917
8.030111458793	6	(27.0532,378.244,1.895)	20.3368	-61.7382
8.041651904734	4	(27.3892,342.236,1.895)	16.2807	-58.4221
8.049149505596	7	(26.8542,399.557,1.895)	41.5118	-65.2912
8.104964017577	2	(24.5208,295.963,1.895)	60.1809	-68.2765
8.105159656343	8	(23.3976,416.3,1.895)	60.1611	-68.2652
8.119172076066	1	(27.9539,281.74,1.895)	74.5087	-75.5423
8.125066219154	3	(27.6337,316.048,1.895)	40.2615	-64.7374
8.129642230819	0	(28.1946,255.944,1.895)	100.287	-71.1914
8.130111458793	6	(27.0719,376.235,1.895)	20.3334	-61.7424
8.141651904734	4	(27.4073,340.305,1.895)	16.2079	-58.4501
8.149149505596	7	(26.8718,397.677,1.895)	41.6373	-65.3818
8.204964017577	2	(24.5395,293.955,1.895)	60.1855	-68.2791
8.205159656343	8	(23.4163,414.297,1.895)	60.162	-68.2657
8.219172076066	1	(27.9722,279.78,1.895)	74.465	-75.5757
8.225066219154	3	(27.6524,314.044,1.895)	40.2619	-64.7375
8.229642230819	0	(28.2133,253.939,1.895)	100.288	-71.1916
8.230111458793	6	(27.0906,374.233,1.895)	20.3348	-61.7407
8.241651904734	4	(27.4253,338.372,1.895)	16.1386	-58.5045
8.249149505596	7	(26.8893,395.797,1.895)	41.7608	-65.4769
8.304964017577	2	(24.5583,291.947,1.895)	60.1886	-68.2809
8.305159656343	8	(23.435,412.29,1.895)	60.1599	-68.2645
8.319172076066	1	(27.9905,277.81,1.895)	74.4308	-75.6019
8.325066219154	3	(27.6711,312.035,1.895)	40.2662	-64.7382
8.329642230819	0	(28.2321,251.93,1.895)	100.293	-71.1924
8.330111458793	6	(27.1093,372.224,1.895)	20.3304	-61.746
8.341651904734	4	(27.4434,336.43,1.895)	16.0769	-58.5736
8.349149505596	7	(26.9069,393.92,1.895)	41.8878	-65.5808
8.404964017577	2	(24.577,289.943,1.895)	60.1908	-68.2822
8.405159656343	8	(23.4537,410.284,1.895)	60.1562	-68.2624
8.419172076066	1	(28.0089,275.845,1.895)	74.3934	-75.6306
8.425066219154	3	(27.6899,310.026,1.895)	40.2729	-64.7395
8.429642230819	0	(28.2508,249.924,1.895)	100.296	-71.193
8.430111458793	6	(27.1281,370.215,1.895)	20.3242	-61.7536
8.441651904734	4	(27.4615,334.49,1.895)	16.0163	-58.6572
8.449149505596	7	(26.9246,392.023,1.895)	41.9932	-65.6717
8.504964017577	2	(24.5957,287.932,1.895)	60.1908	-68.2821
8.505159656343	8	(23.4725,408.278,1.895)	60.1611	-68.2652
8.519172076066	1	(28.0273,273.874,1.895)	74.3534	-75.6613
8.525066219154	3	(27.7085,308.025,1.895)	40.2623	-64.7375
8.529642230819	0	(28.2695,247.919,1.895)	100.29	-71.192
8.530111458793	6	(27.1468,368.216,1.895)	20.3359	-61.7393
8.541651904734	4	(27.4797,332.548,1.895)	15.9482	-58.7661
8.549149505596	7	(26.9422,390.129,1.895)	42.1094	-65.7767
8.604964017577	2	(24.6144,285.928,1.895)	60.1851	-68.2789
8.605159656343	8	(23.4912,406.273,1.895)	60.1658	-68.2679
8.619172076066	1	(28.0456,271.909,1.895)	74.3086	-75.6955
8.625066219154	3	(27.7273,306.014,1.895)	40.2638	-64.7378
8.629642230819	0	(28.2883,245.907,1.895)	100.292	-71.1924
8.630111458793	6	(27.1655,366.213,1.895)	20.3423	-61.7314
8.641651904734	4	(27.4977,330.613,1.895)	15.8752	-58.8929
8.649149505596	7	(26.9599,388.241,1.895)	42.2313	-65.8922
8.704964017577	2	(24.6332,283.922,1.895)	60.188	-68.2806
8.705159656343	8	(23.5099,404.268,1.895)	60.164	-68.2669
8.719172076066	1	(28.064,269.939,1.895)	74.2756	-75.7208
8.725066219154	3	(27.746,304.012,1.895)	40.2633	-64.7377
8.729642230819	0	(28.307,243.903,1.895)	100.293	-71.1926
8.730111458793	6	(27.1842,364.207,1.895)	20.3396	-61.7347
8.741651904734	4	(27.5158,328.671,1.895)	15.8153	-58.9981
8.749149505596	7	(26.9776,386.345,1.895)	42.3379	-65.9976
8.804964017577	2	(24.6519,281.916,1.895)	60.1907	-68.2821
8.805159656343	8	(23.5286,402.268,1.895)	60.1672	-68.2687
8.819172076066	1	(28.0824,267.965,1.895)	74.2467	-75.7429
8.825066219154	3	(27.7648,302,1.895)	40.2717	-64.7392
8.829642230819	0	(28.3258,241.895,1.895)	100.299	-71.1935
8.830111458793	6	(27.2029,362.205,1.895)	20.3407	-61.7333
8.841651904734	4	(27.534,326.725,1.895)	15.7593	-59.0922
8.849149505596	7	(26.9952,384.453,1.895)	42.4488	-66.1117
8.904964017577	2	(24.6706,279.908,1.895)	60.1983	-68.2864
8.905159656343	8	(23.5473,400.261,1.895)	60.1604	-68.2648
8.919172076066	1	(28.1008,265.992,1.895)	74.2193	-75.7638
8.925066219154	3	(27.7835,299.992,1.895)	40.2793	-64.7406
8.929642230819	0	(28.3445,239.891,1.895)	100.302	-71.1941
8.930111458793	6	(27.2216,360.2,1.895)	20.3358	-61.7395
8.941651904734	4	(27.5522,324.778,1.895)	15.7073	-59.1708
8.949149505596	7	(27.0129,382.559,1.895)	42.5544	-66.2244
9.004964017577	2	(24.6894,277.896,1.895)	60.2096	-68.293
9.005159656343	8	(23.566,398.254,1.895)	60.1531	-68.2607
9.019172076066	1	(28.1192,264.02,1.895)	74.1902	-75.7861
9.025066219154	3	(27.8022,297.991,1.895)	40.2803	-64.7408
9.029642230819	0	(28.3632,237.883,1.895)	100.31	-71.1955
9.030111458793	6	(27.2403,358.19,1.895)	20.3269	-61.7503
9.041651904734	4	(27.5703,322.834,1.895)	15.652	-59.2401
9.049149505596	7	(27.0306,380.661,1.895)	42.6564	-66.3369
9.104964017577	2	(24.7081,275.897,1.895)	60.2032	-68.2892
9.105159656343	8	(23.5847,396.251,1.895)	60.1561	-68.2624
9.110420700861	9	(26.6976,416.34,1.895)	80.2836	-72.0451
9.119172076066	1	(28.1377,262.042,1.895)	74.163	-75.8068
9.125066219154	3	(27.8209,295.989,1.895)	40.276	-64.74
9.129642230819	0	(28.3819,235.877,1.895)	100.31	-71.1955
9.130111458793	6	(27.2591,356.181,1.895)	20.3239	-61.7538
9.141651904734	4	(27.5884,320.895,1.895)	15.5868	-59.2966
9.149149505596	7	(27.0484,378.757,1.895)	42.7586	-66.4533
9.204964017577	2	(24.7268,273.888,1.895)	60.204	-68.2897
9.205159656343	8	(23.6035,394.241,1.895)	60.1548	-68.2616
9.210420700861	9	(26.7164,414.33,1.895)	80.2815	-72.046
9.219172076066	1	(28.1561,260.068,1.895)	74.1284	-75.8333
9.225066219154	3	(27.8396,293.983,1.895)	40.274	-64.7397
9.229642230819	0	(28.4006,233.878,1.895)	100.301	-71.194
9.230111458793	6	(27.2778,354.179,1.895)	20.329	-61.7478
9.241651904734	4	(27.6066,318.943,1.895)	15.5327	-59.3178
9.249149505596	7	(27.0662,376.845,1.895)	42.8543	-66.5655
9.304964017577	2	(24.7455,271.882,1.895)	60.2079	-68.292
9.305159656343	8	(23.6222,392.234,1.895)	60.1502	-68.259
9.310420700861	9	(26.735,412.329,1.895)	80.2824	-72.0456
9.319172076066	1	(28.1745,258.099,1.895)	74.0952	-75.8585
9.325066219154	3	(27.8583,291.974,1.895)	40.2808	-64.7409
9.329642230819	0	(28.4193,231.874,1.895)	100.302	-71.1942
9.330111458793	6	(27.2965,352.169,1.895)	20.322	-61.7562
9.341651904734	4	(27.6249,316.989,1.895)	15.4851	-59.3147
9.349149505596	7	(27.084,374.942,1.895)	42.9531	-66.6845
9.404964017577	2	(24.7642,269.881,1.895)	60.2064	-68.2911
9.405159656343	8	(23.641,390.224,1.895)	60.142	-68.2543
9.410420700861	9	(26.7537,410.326,1.895)	80.2818	-72.0458
9.419172076066	1	(28.1929,256.127,1.895)	74.0656	-75.8811
9.425066219154	3	(27.8771,289.966,1.895)	40.2869	-64.7421
9.429642230819	0	(28.438,229.871,1.895)	100.303	-71.1944
9.430111458793	6	(27.3153,350.159,1.895)	20.3146	-61.7649
9.441651904734	4	(27.6432,315.03,1.895)	15.4433	-59.2941
9.449149505596	7	(27.1018,373.032,1.895)	43.0455	-66.7989
9.504964017577	2	(24.7829,267.874,1.895)	60.2073	-68.2916
9.505159656343	8	(23.6597,388.22,1.895)	60.1433	-68.2551
9.510420700861	9	(26.7725,408.316,1.895)	80.2774	-72.0476
9.519172076066	1	(28.2114,254.15,1.895)	74.0369	-75.9029
9.525066219154	3	(27.8958,287.956,1.895)	40.2903	-64.7427
9.529642230819	0	(28.4566,227.87,1.895)	100.299	-71.1935
9.530111458793	6	(27.334,348.15,1.895)	20.3107	-61.7694
9.541651904734	4	(27.6614,313.07,1.895)	15.3979	-59.2526
9.549149505596	7	(27.1197,371.118,1.895)	43.1367	-66.9142
9.604964017577	2	(24.8017,265.867,1.895)	60.212	-68.2943
9.605159656343	8	(23.6784,386.22,1.895)	60.1462	-68.2567
9.610420700861	9	(26.7912,406.306,1.895)	80.2708	-72.0504
9.619172076066	1	(28.2297,252.181,1.895)	74.0027	-75.9289
9.625066219154	3	(27.9145,285.954,1.895)	40.29	-64.7427
9.629642230819	0	(28.4754,225.858,1.895)	100.308	-71.1951
9.630111458793	6	(27.3528,346.139,1.895)	20.3026	-61.7786
9.641651904734	4	(27.6797,311.117,1.895)	15.3498	-59.1875
9.649149505596	7	(27.1375,369.207,1.895)	43.2279	-67.0323
9.704964017577	2	(24.8204,263.856,1.895)	60.2207	-68.2993
9.705159656343	8	(23.6971,384.215,1.895)	60.1436	-68.2553
9.710420700861	9	(26.81,404.298,1.895)	80.2647	-72.0528
9.719172076066	1	(28.2482,250.201,1.895)	73.9805	-75.9457
9.725066219154	3	(27.9333,283.943,1.895)	40.2992	-64.7444
9.729642230819	0	(28.4941,223.856,1.895)	100.308	-71.1951
9.730111458793	6	(27.3716,344.13,1.895)	20.2956	-61.7863
9.741651904734	4	(27.6978,309.171,1.895)	15.2946	-59.0879
9.749149505596	7	(27.1554,367.285,1.895)	43.3081	-67.1383
9.804964017577	2	(24.8392,261.847,1.895)	60.2264	-68.3026
9.805159656343	8	(23.7158,382.205,1.895)	60.1361	-68.251
9.810420700861	9	(26.8287,402.297,1.895)	80.2667	-72.052
9.819172076066	1	(28.2667,248.221,1.895)	73.9578	-75.9629
9.825066219154	3	(27.952,281.938,1.895)	40.3008	-64.7447
9.829642230819	0	(28.5129,221.845,1.895)	100.316	-71.1966
9.830111458793	6	(27.3903,342.118,1.895)	20.287	-61.7956
9.841651904734	4	(27.7161,307.216,1.895)	15.2475	-58.9845
9.849149505596	7	(27.1733,365.368,1.895)	43.3938	-67.2536
9.904964017577	2	(24.8579,259.846,1.895)	60.229	-68.3041
9.905159656343	8	(23.7346,380.196,1.895)	60.127	-68.2458
9.910420700861	9	(26.8474,400.293,1.895)	80.2614	-72.0542
9.919172076066	1	(28.2852,246.24,1.895)	73.9394	-75.9769
9.925066219154	3	(27.9708,279.929,1.895)	40.3113	-64.7468
9.929642230819	0	(28.5316,219.842,1.895)	100.32	-71.1972
9.930111458793	6	(27.4091,340.112,1.895)	20.2809	-61.802
9.941651904734	4	(27.7344,305.255,1.895)	15.2108	-58.8943
9.949149505596	7	(27.1913,363.444,1.895)	43.4691	-67.3567
10.004964017577	2	(24.8765,257.846,1.895)	60.2265	-68.3027
10.005159656343	8	(23.7532,378.196,1.895)	60.1281	-68.2465
10.010420700861	9	(26.866,398.292,1.895)	80.2625	-72.0537
10.019172076066	1	(28.3036,244.263,1.895)	73.9152	-75.9951
10.025066219154	3	(27.9895,277.919,1.895)	40.3187	-64.7483
10.029642230819	0	(28.5503,217.838,1.895)	100.322	-71.1977
10.030111458793	6	(27.4278,338.106,1.895)	20.2766	-61.8064
10.041651904734	4	(27.7526,303.3,1.895)	15.1651	-58.7723
10.049149505596	7	(27.2092,361.522,1.895)	43.5476	-67.4659
10.104964017577	2	(24.8952,255.847,1.895)	60.2206	-68.2992
10.105159656343	8	(23.7719,376.196,1.895)	60.134	-68.2498
10.110420700861	9	(26.8848,396.287,1.895)	80.2625	-72.0537
10.119172076066	1	(28.3221,242.29,1.895)	73.8827	-76.0197
10.125066219154	3	(28.0082,275.914,1.895)	40.3188	-64.7483
10.129642230819	0	(28.569,215.835,1.895)	100.319	-71.1972
10.130111458793	6	(27.4465,336.104,1.895)	20.2793	-61.8036
10.141651904734	4	(27.7709,301.34,1.895)	15.1205	-58.6462
10.149149505596	7	(27.2271,359.605,1.895)	43.636	-67.591
10.204964017577	2	(24.9139,253.839,1.895)	60.2277	-68.3034
10.205159656343	8	(23.7906,374.195,1.895)	60.134	-68.2498
10.210420700861	9	(26.9034,394.286,1.895)	80.2627	-72.0537
10.219172076066	1	(28.3405,240.315,1.895)	73.8566	-76.0393
10.225066219154	3	(28.0269,273.912,1.895)	40.3198	-64.7485
10.229642230819	0	(28.5877,213.826,1.895)	100.328	-71.1987
10.230111458793	6	(27.4651,334.104,1.895)	20.2809	-61.802
10.241651904734	4	(27.7893,299.375,1.895)	15.0861	-58.5463
10.249149505596	7	(27.2451,357.682,1.895)	43.7142	-67.7032
10.304964017577	2	(24.9327,251.829,1.895)	60.2359	-68.3081
10.305159656343	8	(23.8092,372.196,1.895)	60.1366	-68.2513
10.310420700861	9	(26.9222,392.278,1.895)	80.256	-72.0564
10.319172076066	1	(28.359,238.332,1.895)	73.8376	-76.0536
10.325066219154	3	(28.0456,271.91,1.895)	40.3202	-64.7486
10.329642230819	0	(28.6064,211.827,1.895)	100.325	-71.1982
10.330111458793	6	(27.4839,332.092,1.895)	20.2709	-61.8121
10.341651904734	4	(27.8075,297.418,1.895)	15.0425	-58.4183
10.349149505596	7	(27.263,355.765,1.895)	43.7985	-67.8259
10.404964017577	2	(24.9514,249.822,1.895)	60.2365	-68.3084
10.405159656343	8	(23.828,370.186,1.895)	60.1331	-68.2493
10.410420700861	9	(26.9409,390.267,1.895)	80.2522	-72.058
10.419172076066	1	(28.3774,236.362,1.895)	73.8013	-76.0809
10.425066219154	3	(28.0644,269.902,1.895)	40.3217	-64.7489
10.429642230819	0	(28.6251,209.82,1.895)	100.325	-71.1982
10.430111458793	6	(27.5026,330.086,1.895)	20.2707	-61.8123
10.441651904734	4	(27.8259,295.455,1.895)	14.9991	-58.2922
10.449149505596	7	(27.281,353.834,1.895)	43.8734	-67.9365
10.504964017577	2	(24.9702,247.813,1.895)	60.2463	-68.3141
10.505159656343	8	(23.8468,368.175,1.895)	60.1216	-68.2428
10.510420700861	9	(26.9596,388.265,1.895)	80.2497	-72.059
10.519172076066	1	(28.3958,234.386,1.895)	73.7784	-76.0981
10.525066219154	3	(28.0831,267.897,1.895)	40.3271	-64.75
10.529642230819	0	(28.6438,207.814,1.895)	100.332	-71.1995
10.530111458793	6	(27.5214,328.078,1.895)	20.2625	-61.8204
10.541651904734	4	(27.8441,293.498,1.895)	14.9587	-58.1781
10.549149505596	7	(27.2989,351.911,1.895)	43.9497	-68.0503
10.604964017577	2	(24.9889,245.813,1.895)	60.2399	-68.3104
10.605159656343	8	(23.8655,366.174,1.895)	60.1263	-68.2455
10.610420700861	9	(26.9783,386.264,1.895)	80.2543	-72.0571
10.619172076066	1	(28.4143,232.402,1.895)	73.7557	-76.115
10.625066219154	3	(28.1018,265.89,1.895)	40.3273	-64.7501
10.629642230819	0	(28.6626,205.806,1.895)	100.333	-71.1997
10.630111458793	6	(27.5401,326.07,1.895)	20.261	-61.8218
10.641651904734	4	(27.8625,291.531,1.895)	14.9203	-58.0747
10.649149505596	7	(27.317,349.979,1.895)	44.024	-68.1624
10.704964017577	2	(25.0076,243.804,1.895)	60.2489	-68.3156
10.705159656343	8	(23.8842,364.163,1.895)	60.116	-68.2396
10.710420700861	9	(26.997,384.259,1.895)	80.2492	-72.0592
10.719172076066	1	(28.4329,230.414,1.895)	73.7444	-76.1235
10.725066219154	3	(28.1205,263.891,1.895)	40.327	-64.75
10.729642230819	0	(28.6813,203.799,1.895)	100.341	-71.2011
10.730111458793	6	(27.5589,324.058,1.895)	20.2493	-61.8327
10.741651904734	4	(27.8808,289.569,1.895)	14.8829	-57.9796
10.749149505596	7	(27.3351,348.04,1.895)	44.0845	-68.2546
10.804964017577	2	(25.0263,241.802,1.895)	60.2429	-68.3121
10.805159656343	8	(23.903,362.153,1.895)	60.1139	-68.2385
10.810420700861	9	(27.0157,382.257,1.895)	80.2557	-72.0565
10.819172076066	1	(28.4515,228.425,1.895)	73.7253	-76.1377
10.825066219154	3	(28.1392,261.882,1.895)	40.3277	-64.7502
10.829642230819	0	(28.7,201.798,1.895)	100.333	-71.1997
10.830111458793	6	(27.5776,322.055,1.895)	20.254	-61.8284
10.841651904734	4	(27.8991,287.605,1.895)	14.8405	-57.8805
10.849149505596	7	(27.3531,346.105,1.895)	44.1573	-68.3662
10.904964017577	2	(25.045,239.793,1.895)	60.2453	-68.3135
10.905159656343	8	(23.9217,360.147,1.895)	60.1138	-68.2384
10.910420700861	9	(27.0345,380.246,1.895)	80.2513	-72.0584
10.919172076066	1	(28.4699,226.448,1.895)	73.696	-76.1595
10.925066219154	3	(28.1579,259.881,1.895)	40.3226	-64.7491
10.929642230819	0	(28.7187,199.796,1.895)	100.329	-71.199
10.930111458793	6	(27.5963,320.048,1.895)	20.2533	-61.8291
10.941651904734	4	(27.9174,285.642,1.895)	14.7981	-57.7922
10.949149505596	7	(27.3711,344.176,1.895)	44.2349	-68.4863
11.004964017577	2	(25.0638,237.785,1.895)	60.2451	-68.3134
11.005159656343	8	(23.9405,358.137,1.895)	60.1122	-68.2375
11.010420700861	9	(27.0532,378.241,1.895)	80.2539	-72.0573
11.019172076066	1	(28.4885,224.462,1.895)	73.6728	-76.1768
11.025066219154	3	(28.1766,257.875,1.895)	40.3198	-64.7485
11.029642230819	0	(28.7374,197.792,1.895)	100.325	-71.1982
11.030111458793	6	(27.615,318.043,1.895)	20.2562	-61.8263
11.041651904734	4	(27.9358,283.677,1.895)	14.7553	-57.7148
11.049149505596	7	(27.3892,342.237,1.895)	44.3041	-68.5942
11.104964017577	2	(25.0825,235.779,1.895)	60.246	-68.3139
11.105159656343	8	(23.9592,356.134,1.895)	60.1142	-68.2386
11.110420700861	9	(27.0719,376.239,1.895)	80.2578	-72.0557
11.119172076066	1	(28.5069,222.483,1.895)	73.6468	-76.196
11.125066219154	3	(28.1953,255.874,1.895)	40.3156	-64.7477
11.129642230819	0	(28.7561,195.785,1.895)	100.326	-71.1984
11.130111458793	6	(27.6338,316.036,1.895)	20.255	-61.8275
11.141651904734	4	(27.9542,281.708,1.895)	14.7205	-57.6617
11.149149505596	7	(27.4073,340.299,1.895)	44.3713	-68.6995
11.204964017577	2	(25.1013,233.769,1.895)	60.2503	-68.3164
11.205159656343	8	(23.9778,354.132,1.895)	60.1179	-68.2407
11.210420700861	9	(27.0905,374.238,1.895)	80.2621	-72.0539
11.219172076066	1	(28.5255,220.494,1.895)	73.631	-76.2077
11.225066219154	3	(28.214,253.871,1.895)	40.3137	-64.7473
11.229642230819	0	(28.7749,193.775,1.895)	100.332	-71.1994
11.230111458793	6	(27.6525,314.027,1.895)	20.2511	-61.8311
11.241651904734	4	(27.9725,279.747,1.895)	14.677	-57.6081
11.249149505596	7	(27.4254,338.365,1.895)	44.442	-68.8109
11.304964017577	2	(25.1199,231.767,1.895)	60.249	-68.3157
11.305159656343	8	(23.9966,352.124,1.895)	60.1124	-68.2376
11.310420700861	9	(27.1092,372.238,1.895)	80.2648	-72.0528
11.319172076066	1	(28.5441,218.504,1.895)	73.6174	-76.2177
11.325066219154	3	(28.2327,251.86,1.895)	40.3217	-64.7489
11.329642230819	0	(28.7936,191.765,1.895)	100.338	-71.2006
11.330111458793	6	(27.6713,312.015,1.895)	20.2424	-61.8389
11.341651904734	4	(27.9908,277.782,1.895)	14.6398	-57.5742
11.349149505596	7	(27.4435,336.42,1.895)	44.5	-68.9028
11.404964017577	2	(25.1387,229.76,1.895)	60.2459	-68.3139
11.405159656343	8	(24.0153,350.114,1.895)	60.1132	-68.2381
11.410420700861	9	(27.1279,370.232,1.895)	80.2694	-72.0509
11.419172076066	1	(28.5626,216.517,1.895)	73.5951	-76.2342
11.425066219154	3	(28.2514,249.86,1.895)	40.3115	-64.7469
11.429642230819	0	(28.8123,189.763,1.895)	100.33	-71.1991
11.430111458793	6	(27.69,310.013,1.895)	20.2498	-61.8323
11.441651904734	4	(28.0093,275.803,1.895)	14.6096	-57.5549
11.449149505596	7	(27.4616,334.479,1.895)	44.5686	-69.0117
11.504964017577	2	(25.1574,227.749,1.895)	60.251	-68.3168
11.505159656343	8	(24.0341,348.109,1.895)	60.1138	-68.2384
11.510420700861	9	(27.1467,368.223,1.895)	80.2655	-72.0525
11.519172076066	1	(28.5811,214.533,1.895)	73.5729	-76.2505
11.525066219154	3	(28.2701,247.854,1.895)	40.3113	-64.7468
11.529642230819	0	(28.831,187.763,1.895)	100.325	-71.1981
11.530111458793	6	(27.7087,308.006,1.895)	20.2491	-61.8329
11.541651904734	4	(28.0276,273.84,1.895)	14.5683	-57.5405
11.549149505596	7	(27.4797,332.546,1.895)	44.6414	-69.1274
11.604964017577	2	(25.1761,225.746,1.895)	60.2488	-68.3155
11.605159656343	8	(24.0528,346.098,1.895)	60.1081	-68.2352
11.610420700861	9	(27.1655,366.213,1.895)	80.2611	-72.0543
11.619172076066	1	(28.5996,212.552,1.895)	73.5485	-76.2684
11.625066219154	3	(28.2888,245.85,1.895)	40.3103	-64.7466
11.629642230819	0	(28.8497,185.761,1.895)	100.321	-71.1974
11.630111458793	6	(27.7275,305.996,1.895)	20.245	-61.8366
11.641651904734	4	(28.046,271.87,1.895)	14.5333	-57.5391
11.649149505596	7	(27.4978,330.603,1.895)	44.704	-69.2271
11.704964017577	2	(25.1948,223.743,1.895)	60.2484	-68.3153
11.705159656343	8	(24.0716,344.089,1.895)	60.1033	-68.2325
11.710420700861	9	(27.1842,364.203,1.895)	80.2547	-72.057
11.719172076066	1	(28.6182,210.565,1.895)	73.5317	-76.2807
11.725066219154	3	(28.3076,243.842,1.895)	40.3146	-64.7475
11.729642230819	0	(28.8684,183.756,1.895)	100.322	-71.1977
11.730111458793	6	(27.7462,303.986,1.895)	20.2385	-61.8423
11.741651904734	4	(28.0644,269.899,1.895)	14.502	-57.546
11.749149505596	7	(27.5159,328.661,1.895)	44.7657	-69.3256
11.804964017577	2	(25.2136,221.733,1.895)	60.2476	-68.3149
11.805159656343	8	(24.0903,342.089,1.895)	60.1134	-68.2382
11.810420700861	9	(27.203,362.192,1.895)	80.2541	-72.0572
11.819172076066	1	(28.6367,208.581,1.895)	73.5056	-76.2998
11.825066219154	3	(28.3263,241.831,1.895)	40.3151	-64.7476
11.829642230819	0	(28.8871,181.752,1.895)	100.316	-71.1967
11.830111458793	6	(27.7649,301.986,1.895)	20.2484	-61.8335
11.841651904734	4	(28.0828,267.925,1.895)	14.4663	-57.5632
11.849149505596	7	(27.5341,326.717,1.895)	44.8318	-69.431
11.904964017577	2	(25.2323,219.727,1.895)	60.2521	-68.3174
11.905159656343	8	(24.1089,340.087,1.895)	60.1124	-68.2376
11.910420700861	9	(27.2217,360.186,1.895)	80.2498	-72.059
11.919172076066	1	(28.6552,206.595,1.895)	73.4901	-76.311
11.925066219154	3	(28.3451,239.82,1.895)	40.3243	-64.7495
11.929642230819	0	(28.9058,179.751,1.895)	100.315	-71.1965
11.930111458793	6	(27.7836,299.98,1.895)	20.2436	-61.8378
11.941651904734	4	(28.1012,265.954,1.895)	14.4366	-57.5846
11.949149505596	7	(27.5522,324.778,1.895)	44.8939	-69.5297
12.004964017577	2	(25.251,217.725,1.895)	60.2505	-68.3165
12.005159656343	8	(24.1277,338.079,1.895)	60.1091	-68.2358
12.010420700861	9	(27.2404,358.184,1.895)	80.2521	-72.058
12.019172076066	1	(28.6737,204.617,1.895)	73.4643	-76.3298
12.025066219154	3	(28.3639,237.809,1.895)	40.3315	-64.751
12.029642230819	0	(28.9244,177.748,1.895)	100.314	-71.1962
12.030111458793	6	(27.8023,297.977,1.895)	20.2455	-61.8362
12.041651904734	4	(28.1196,263.979,1.895)	14.4081	-57.6108
12.049149505596	7	(27.5704,322.827,1.895)	44.9465	-69.6133
12.104964017577	2	(25.2698,215.715,1.895)	60.2486	-68.3154
12.105159656343	8	(24.1464,336.078,1.895)	60.1193	-68.2415
12.110420700861	9	(27.259,356.185,1.895)	80.2644	-72.053
12.119172076066	1	(28.6921,202.639,1.895)	73.4305	-76.3543
12.125066219154	3	(28.3826,235.8,1.895)	40.3287	-64.7504
12.129642230819	0	(28.9432,175.74,1.895)	100.31	-71.1955
12.130111458793	6	(27.821,295.972,1.895)	20.2518	-61.8305
12.141651904734	4	(28.1381,262,1.895)	14.3761	-57.6465
12.149149505596	7	(27.5885,320.882,1.895)	45.0134	-69.7191
12.204964017577	2	(25.2884,213.714,1.895)	60.2447	-68.3131
12.205159656343	8	(24.1651,334.072,1.895)	60.118	-68.2408
12.210420700861	9	(27.2778,354.175,1.895)	80.2591	-72.0551
12.219172076066	1	(28.7106,200.656,1.895)	73.4088	-76.3699
12.225066219154	3	(28.4013,233.796,1.895)	40.3279	-64.7502
12.229642230819	0	(28.962,173.73,1.895)	100.316	-71.1966
12.230111458793	6	(27.8397,293.971,1.895)	20.2556	-61.8269
12.241651904734	4	(28.1565,260.024,1.895)	14.3479	-57.6829
12.249149505596	7	(27.6067,318.937,1.895)	45.0726	-69.8122
12.304964017577	2	(25.3071,211.714,1.895)	60.2458	-68.3138
12.305159656343	8	(24.1838,332.07,1.895)	60.1157	-68.2395
12.310420700861	9	(27.2965,352.175,1.895)	80.2585	-72.0554
12.319172076066	1	(28.7293,198.66,1.895)	73.4058	-76.3721
12.325066219154	3	(28.4201,231.785,1.895)	40.3396	-64.7527
12.329642230819	0	(28.9807,171.719,1.895)	100.328	-71.1987
12.330111458793	6	(27.8584,291.967,1.895)	20.251	-61.8312
12.341651904734	4	(28.1749,258.053,1.895)	14.3211	-57.7213
12.349149505596	7	(27.6249,316.989,1.895)	45.1235	-69.8919
12.404964017577	2	(25.3259,209.703,1.895)	60.2571	-68.3204
12.405159656343	8	(24.2025,330.064,1.895)	60.109	-68.2357
12.410420700861	9	(27.3152,350.167,1.895)	80.2503	-72.0588
12.419172076066	1	(28.7479,196.665,1.895)	73.4012	-76.3754
12.425066219154	3	(28.4388,229.783,1.895)	40.3423	-64.7532
12.429642230819	0	(28.9994,169.713,1.895)	100.334	-71.1998
12.430111458793	6	(27.8771,289.965,1.895)	20.2484	-61.8335
12.441651904734	4	(28.1934,256.078,1.895)	14.2969	-57.7586
12.449149505596	7	(27.6431,315.032,1.895)	45.1668	-69.9595
12.504964017577	2	(25.3445,207.704,1.895)	60.2462	-68.314
12.505159656343	8	(24.2212,328.057,1.895)	60.1121	-68.2374
12.510420700861	9	(27.3339,348.166,1.895)	80.2596	-72.0549
12.519172076066	1	(28.7665,194.674,1.895)	73.381	-76.3899
12.525066219154	3	(28.4575,227.776,1.895)	40.3389	-64.7525
12.529642230819	0	(29.0182,167.707,1.895)	100.33	-71.1991
12.530111458793	6	(27.8958,287.96,1.895)	20.2537	-61.8287
12.541651904734	4	(28.2118,254.099,1.895)	14.2669	-57.8078
12.549149505596	7	(27.6614,313.078,1.895)	45.2231	-70.0466
12.604964017577	2	(25.3633,205.697,1.895)	60.248	-68.3151
12.605159656343	8	(24.2399,326.057,1.895)	60.1172	-68.2403
12.610420700861	9	(27.3527,346.155,1.895)	80.2538	-72.0573
12.619172076066	1	(28.7851,192.68,1.895)	73.37	-76.3978
12.625066219154	3	(28.4762,225.772,1.895)	40.338	-64.7523
12.629642230819	0	(29.0369,165.703,1.895)	100.328	-71.1988
12.630111458793	6	(27.9146,285.949,1.895)	20.248	-61.8339
12.641651904734	4	(28.2302,252.127,1.895)	14.2343	-57.8638
12.649149505596	7	(27.6796,311.13,1.895)	45.2795	-70.1333
12.704964017577	2	(25.382,203.691,1.895)	60.2428	-68.3121
12.705159656343	8	(24.2586,324.049,1.895)	60.1207	-68.2423
12.710420700861	9	(27.3714,344.15,1.895)	80.2598	-72.0548
12.719172076066	1	(28.8037,190.691,1.895)	73.3486	-76.413
12.725066219154	3	(28.495,223.763,1.895)	40.3357	-64.7518
12.729642230819	0	(29.0556,163.693,1.895)	100.328	-71.1987
12.730111458793	6	(27.9333,283.948,1.895)	20.258	-61.8247
12.741651904734	4	(28.2487,250.153,1.895)	14.1982	-57.9276
12.749149505596	7	(27.6979,309.165,1.895)	45.3256	-70.2033
12.804964017577	2	(25.4008,201.679,1.895)	60.2493	-68.3158
12.805159656343	8	(24.2774,322.043,1.895)	60.1196	-68.2417
12.810420700861	9	(27.3901,342.146,1.895)	80.2606	-72.0545
12.819172076066	1	(28.8223,188.692,1.895)	73.342	-76.4177
12.825066219154	3	(28.5137,221.758,1.895)	40.3353	-64.7518
12.829642230819	0	(29.0743,161.689,1.895)	100.326	-71.1984
12.830111458793	6	(27.952,281.937,1.895)	20.2518	-61.8305
12.841651904734	4	(28.2672,248.17,1.895)	14.177	-57.9652
12.849149505596	7	(27.7161,307.21,1.895)	45.3754	-70.2785
12.904964017577	2	(25.4195,199.671,1.895)	60.256	-68.3197
12.905159656343	8	(24.2961,320.033,1.895)	60.1113	-68.237
12.910420700861	9	(27.4088,340.137,1.895)	80.2538	-72.0573
12.919172076066	1	(28.8409,186.699,1.895)	73.3337	-76.4237
12.925066219154	3	(28.5324,219.753,1.895)	40.339	-64.7525
12.929642230819	0	(29.0931,159.682,1.895)	100.331	-71.1993
12.930111458793	6	(27.9707,279.938,1.895)	20.2544	-61.828
12.941651904734	4	(28.2857,246.187,1.895)	14.1579	-57.9986
12.949149505596	7	(27.7344,305.25,1.895)	45.4173	-70.3411
13.004964017577	2	(25.4382,197.671,1.895)	60.2482	-68.3152
13.005159656343	8	(24.3148,318.034,1.895)	60.1193	-68.2415
13.010420700861	9	(27.4275,338.136,1.895)	80.2593	-72.0551
13.019172076066	1	(28.8595,184.707,1.895)	73.3181	-76.4348
13.025066219154	3	(28.5511,217.745,1.895)	40.3399	-64.7527
13.029642230819	0	(29.1118,157.671,1.895)	100.336	-71.2001
13.030111458793	6	(27.9894,277.936,1.895)	20.2603	-61.8225
13.041651904734	4	(28.3042,244.205,1.895)	14.1342	-58.0392
13.049149505596	7	(27.7526,303.3,1.895)	45.4741	-70.425
13.104964017577	2	(25.4569,195.666,1.895)	60.2501	-68.3163
13.105159656343	8	(24.3334,316.035,1.895)	60.1239	-68.2441
13.110420700861	9	(27.4463,336.125,1.895)	80.2519	-72.0581
13.119172076066	1	(28.8782,182.707,1.895)	73.3143	-76.4375
13.125066219154	3	(28.5699,215.737,1.895)	40.3442	-64.7536
13.129642230819	0	(29.1306,155.664,1.895)	100.339	-71.2007
13.130111458793	6	(28.008,275.935,1.895)	20.2623	-61.8206
13.141651904734	4	(28.3226,242.228,1.895)	14.1084	-58.0815
13.149149505596	7	(27.7709,301.343,1.895)	45.5203	-70.4924
13.204964017577	2	(25.4756,193.657,1.895)	60.2559	-68.3196
13.205159656343	8	(24.3521,314.031,1.895)	60.1236	-68.2439
13.210420700861	9	(27.4649,334.124,1.895)	80.254	-72.0572
13.219172076066	1	(28.8968,180.713,1.895)	73.3055	-76.4437
13.225066219154	3	(28.5886,213.733,1.895)	40.3449	-64.7538
13.229642230819	0	(29.1493,153.657,1.895)	100.343	-71.2015
13.230111458793	6	(28.0267,273.935,1.895)	20.2653	-61.8176
13.241651904734	4	(28.3411,240.249,1.895)	14.0851	-58.1174
13.249149505596	7	(27.7892,299.387,1.895)	45.5677	-70.5608
13.304964017577	2	(25.4944,191.651,1.895)	60.2568	-68.3202
13.305159656343	8	(24.3708,312.027,1.895)	60.1243	-68.2444
13.310420700861	9	(27.4837,332.118,1.895)	80.2533	-72.0575
13.319172076066	1	(28.9154,178.719,1.895)	73.2938	-76.452
13.325066219154	3	(28.6073,211.732,1.895)	40.3407	-64.7529
13.329642230819	0	(29.168,151.65,1.895)	100.344	-71.2016
13.330111458793	6	(28.0454,271.933,1.895)	20.2684	-61.8146
13.341651904734	4	(28.3596,238.273,1.895)	14.0561	-58.158
13.349149505596	7	(27.8074,297.431,1.895)	45.6168	-70.6304
13.404964017577	2	(25.5131,189.643,1.895)	60.2648	-68.3248
13.405159656343	8	(24.3895,310.025,1.895)	60.1225	-68.2433
13.410420700861	9	(27.5024,330.112,1.895)	80.2465	-72.0603
13.419172076066	1	(28.9339,176.734,1.895)	73.2797	-76.462
13.425066219154	3	(28.626,209.725,1.895)	40.3482	-64.7545
13.429642230819	0	(29.1868,149.643,1.895)	100.352	-71.203
13.430111458793	6	(28.0641,269.93,1.895)	20.2654	-61.8176
13.441651904734	4	(28.3781,236.29,1.895)	14.0399	-58.1783
13.449149505596	7	(27.8257,295.469,1.895)	45.6545	-70.6831
13.504964017577	2	(25.5318,187.636,1.895)	60.2724	-68.3292
13.505159656343	8	(24.4082,308.024,1.895)	60.1209	-68.2424
13.510420700861	9	(27.5211,328.111,1.895)	80.246	-72.0606
13.519172076066	1	(28.9524,174.749,1.895)	73.2655	-76.472
13.525066219154	3	(28.6447,207.718,1.895)	40.3554	-64.7561
13.529642230819	0	(29.2055,147.634,1.895)	100.361	-71.2046
13.530111458793	6	(28.0828,267.927,1.895)	20.2622	-61.8206
13.541651904734	4	(28.3965,234.315,1.895)	14.0165	-58.2044
13.549149505596	7	(27.844,293.516,1.895)	45.7005	-70.7466
13.604964017577	2	(25.5506,185.628,1.895)	60.2701	-68.3279
13.605159656343	8	(24.4269,306.025,1.895)	60.1322	-68.2488
13.610420700861	9	(27.5397,326.111,1.895)	80.2559	-72.0565
13.619172076066	1	(28.9711,172.752,1.895)	73.2518	-76.4816
13.625066219154	3	(28.6635,205.709,1.895)	40.3541	-64.7558
13.629642230819	0	(29.2243,145.626,1.895)	100.359	-71.2044
13.630111458793	6	(28.1015,265.922,1.895)	20.2669	-61.8161
13.641651904734	4	(28.415,232.327,1.895)	13.9944	-58.2248
13.649149505596	7	(27.8622,291.562,1.895)	45.7564	-70.8222
13.704964017577	2	(25.5693,183.619,1.895)	60.2717	-68.3288
13.705159656343	8	(24.4455,304.022,1.895)	60.1366	-68.2513
13.710420700861	9	(27.5584,324.107,1.895)	80.2594	-72.055
13.719172076066	1	(28.9897,170.753,1.895)	73.2441	-76.4871
13.725066219154	3	(28.6821,203.709,1.895)	40.3469	-64.7542
13.729642230819	0	(29.243,143.619,1.895)	100.359	-71.2043
13.730111458793	6	(28.1203,263.911,1.895)	20.2637	-61.8192
13.741651904734	4	(28.4335,230.346,1.895)	13.9693	-58.2425
13.749149505596	7	(27.8805,289.603,1.895)	45.8051	-70.8867
13.804964017577	2	(25.5881,181.611,1.895)	60.2699	-68.3278
13.805159656343	8	(24.4643,302.015,1.895)	60.1398	-68.2531
13.810420700861	9	(27.5771,322.106,1.895)	80.268	-72.0515
13.819172076066	1	(29.0084,168.759,1.895)	73.2279	-76.4984
13.825066219154	3	(28.7009,201.701,1.895)	40.3445	-64.7537
13.829642230819	0	(29.2617,141.612,1.895)	100.356	-71.2038
13.830111458793	6	(28.139,261.908,1.895)	20.2707	-61.8123
13.841651904734	4	(28.452,228.371,1.895)	13.9345	-58.2566
13.849149505596	7	(27.8989,287.631,1.895)	45.8433	-70.9363
13.904964017577	2	(25.6068,179.601,1.895)	60.2742	-68.3303
13.905159656343	8	(24.483,300.009,1.895)	60.139	-68.2527
13.910420700861	9	(27.5958,320.103,1.895)	80.271	-72.0503
13.919172076066	1	(29.027,166.763,1.895)	73.2178	-76.5054
13.925066219154	3	(28.7196,199.701,1.895)	40.3396	-64.7527
13.929642230819	0	(29.2805,139.603,1.895)	100.359	-71.2042
13.930111458793	6	(28.1577,259.901,1.895)	20.2687	-61.8143
13.941651904734	4	(28.4704,226.391,1.895)	13.9098	-58.2585
13.949149505596	7	(27.9172,285.665,1.895)	45.8822	-70.986
14.004964017577	2	(25.6256,177.596,1.895)	60.2749	-68.3307
14.005159656343	8	(24.5017,298.01,1.895)	60.1441	-68.2555
14.010420700861	9	(27.6145,318.096,1.895)	80.2682	-72.0514
14.019172076066	1	(29.0456,164.771,1.895)	73.2052	-76.5142
14.025066219154	3	(28.7383,197.696,1.895)	40.3397	-64.7527
14.029642230819	0	(29.2992,137.594,1.895)	100.363	-71.2051
14.030111458793	6	(28.1764,257.896,1.895)	20.2682	-61.8148
14.041651904734	4	(28.4889,224.417,1.895)	13.8801	-58.2516
14.049149505596	7	(27.9355,283.703,1.895)	45.9253	-71.0398
14.104964017577	2	(25.6442,175.594,1.895)	60.2655	-68.3252
14.105159656343	8	(24.5204,296.007,1.895)	60.1529	-68.2605
14.110420700861	9	(27.6332,316.093,1.895)	80.2771	-72.0478
14.119172076066	1	(29.0641,162.782,1.895)	73.1827	-76.5299
14.125066219154	3	(28.757,195.686,1.895)	40.3384	-64.7524
14.129642230819	0	(29.318,135.584,1.895)	100.362	-71.2048
14.130111458793	6	(28.1951,255.893,1.895)	20.2769	-61.8061
14.141651904734	4	(28.5073,222.441,1.895)	13.8461	-58.2308
14.149149505596	7	(27.9539,281.737,1.895)	45.9699	-71.0942
14.204964017577	2	(25.663,173.583,1.895)	60.2725	-68.3293
14.205159656343	8	(24.5391,293.999,1.895)	60.1487	-68.2582
14.210420700861	9	(27.652,314.086,1.895)	80.274	-72.049
14.219172076066	1	(29.0828,160.782,1.895)	73.1793	-76.5322
14.225066219154	3	(28.7758,193.68,1.895)	40.3405	-64.7529
14.229642230819	0	(29.3367,133.581,1.895)	100.361	-71.2047
14.230111458793	6	(28.2138,253.89,1.895)	20.2779	-61.805
14.241651904734	4	(28.5259,220.452,1.895)	13.8317	-58.2178
14.249149505596	7	(27.9723,279.767,1.895)	46.004	-71.135
14.304964017577	2	(25.6817,171.579,1.895)	60.266	-68.3255
14.305159656343	8	(24.5578,291.992,1.895)	60.1524	-68.2602
14.310420700861	9	(27.6706,312.087,1.895)	80.2854	-72.0444
14.319172076066	1	(29.1013,158.796,1.895)	73.1542	-76.5496
14.325066219154	3	(28.7945,191.669,1.895)	40.3409	-64.7529
14.329642230819	0	(29.3553,131.581,1.895)	100.35	-71.2027
14.330111458793	6	(28.2326,251.878,1.895)	20.2769	-61.8061
14.341651904734	4	(28.5444,218.473,1.895)	13.8009	-58.1819
14.349149505596	7	(27.9906,277.802,1.895)	46.0495	-71.188
14.404964017577	2	(25.7005,169.57,1.895)	60.2643	-68.3245
14.405159656343	8	(24.5765,289.988,1.895)	60.1582	-68.2635
14.410420700861	9	(27.6893,310.087,1.895)	80.2961	-72.04
14.419172076066	1	(29.1198,156.814,1.895)	73.1268	-76.5685
14.425066219154	3	(28.8133,189.66,1.895)	40.3401	-64.7528
14.429642230819	0	(29.3741,129.573,1.895)	100.349	-71.2024
14.430111458793	6	(28.2513,249.874,1.895)	20.2823	-61.8005
14.441651904734	4	(28.5629,216.482,1.895)	13.7823	-58.1548
14.449149505596	7	(28.009,275.829,1.895)	46.0862	-71.2297
14.504964017577	2	(25.7192,167.562,1.895)	60.2643	-68.3245
14.505159656343	8	(24.5953,287.982,1.895)	60.1605	-68.2649
14.510420700861	9	(27.708,308.085,1.895)	80.3017	-72.0377
14.519172076066	1	(29.1385,154.817,1.895)	73.1155	-76.5763
14.525066219154	3	(28.8321,187.648,1.895)	40.3434	-64.7535
14.529642230819	0	(29.3927,127.573,1.895)	100.34	-71.2008
14.530111458793	6	(28.2699,247.874,1.895)	20.2902	-61.7922
14.541651904734	4	(28.5815,214.49,1.895)	13.7661	-58.1281
14.549149505596	7	(28.0274,273.86,1.895)	46.1262	-71.2739
14.604964017577	2	(25.7379,165.554,1.895)	60.2639	-68.3243
14.605159656343	8	(24.614,285.974,1.895)	60.1618	-68.2656
14.610420700861	9	(27.7267,306.077,1.895)	80.3023	-72.0374
14.619172076066	1	(29.157,152.829,1.895)	73.0951	-76.5902
14.625066219154	3	(28.8508,185.636,1.895)	40.3467	-64.7542
14.629642230819	0	(29.4114,125.573,1.895)	100.332	-71.1994
14.630111458793	6	(28.2886,245.87,1.895)	20.2946	-61.7874
14.641651904734	4	(28.6001,212.503,1.895)	13.7459	-58.091
14.649149505596	7	(28.0458,271.893,1.895)	46.1665	-71.3172
14.704964017577	2	(25.7566,163.554,1.895)	60.2645	-68.3246
14.705159656343	8	(24.6327,283.974,1.895)	60.1604	-68.2648
14.710420700861	9	(27.7454,304.077,1.895)	80.3012	-72.0379
14.719172076066	1	(29.1756,150.834,1.895)	73.0908	-76.5931
14.725066219154	3	(28.8695,183.636,1.895)	40.3476	-64.7544
14.729642230819	0	(29.4302,123.563,1.895)	100.342	-71.2013
14.730111458793	6	(28.3074,243.862,1.895)	20.2864	-61.7962
14.741651904734	4	(28.6187,210.508,1.895)	13.7411	-58.0816
14.749149505596	7	(28.0642,269.923,1.895)	46.1959	-71.348
14.804964017577	2	(25.7754,161.544,1.895)	60.2698	-68.3277
14.805159656343	8	(24.6514,281.966,1.895)	60.1583	-68.2636
14.810420700861	9	(27.7641,302.077,1.895)	80.3068	-72.0356
14.819172076066	1	(29.1943,148.84,1.895)	73.0797	-76.6007
14.825066219154	3	(28.8882,181.629,1.895)	40.3493	-64.7547
14.829642230819	0	(29.4489,121.558,1.895)	100.342	-71.2013
14.830111458793	6	(28.3261,241.857,1.895)	20.2866	-61.796
14.841651904734	4	(28.6372,208.529,1.895)	13.7164	-58.0293
14.849149505596	7	(28.0826,267.951,1.895)	46.2296	-71.3823
14.904964017577	2	(25.7941,159.541,1.895)	60.2722	-68.3291
14.905159656343	8	(24.6702,279.957,1.895)	60.1493	-68.2585
14.910420700861	9	(27.7828,300.069,1.895)	80.2987	-72.0389
14.919172076066	1	(29.2129,146.844,1.895)	73.0752	-76.6037
14.925066219154	3	(28.9069,179.626,1.895)	40.3526	-64.7555
14.929642230819	0	(29.4676,119.555,1.895)	100.345	-71.2018
14.930111458793	6	(28.3448,239.852,1.895)	20.2821	-61.8007
14.941651904734	4	(28.6557,206.543,1.895)	13.7022	-57.9969
14.949149505596	7	(28.1009,265.985,1.895)	46.2632	-71.4156
15.004964017577	2	(25.8128,157.536,1.895)	60.267	-68.3261
15.005159656343	8	(24.6889,277.949,1.895)	60.1511	-68.2595
15.010420700861	9	(27.8015,298.063,1.895)	80.3027	-72.0373
15.019172076066	1	(29.2315,144.846,1.895)	73.0635	-76.6117
15.025066219154	3	(28.9256,177.622,1.895)	40.3463	-64.7541
15.029642230819	0	(29.4863,117.554,1.895)	100.336	-71.2002
15.030111458793	6	(28.3636,237.844,1.895)	20.284	-61.7987
15.041651904734	4	(28.6742,204.56,1.895)	13.676	-57.9325
15.049149505596	7	(28.1194,264.006,1.895)	46.2946	-71.4459
15.104964017577	2	(25.8315,155.529,1.895)	60.2625	-68.3235
15.105159656343	8	(24.7076,275.944,1.895)	60.1577	-68.2632
15.110420700861	9	(27.8203,296.053,1.895)	80.3043	-72.0366
15.119172076066	1	(29.2501,142.861,1.895)	73.0367	-76.6298
15.125066219154	3	(28.9444,175.615,1.895)	40.342	-64.7532
15.129642230819	0	(29.505,115.549,1.895)	100.329	-71.1989
15.130111458793	6	(28.3823,235.839,1.895)	20.2901	-61.7923
15.141651904734	4	(28.6928,202.569,1.895)	13.6564	-57.8812
15.149149505596	7	(28.1378,262.03,1.895)	46.3296	-71.4786
15.204964017577	2	(25.8503,153.517,1.895)	60.2677	-68.3265
15.205159656343	8	(24.7264,273.937,1.895)	60.1566	-68.2626
15.210420700861	9	(27.839,294.05,1.895)	80.3077	-72.0352
15.219172076066	1	(29.2687,140.869,1.895)	73.0226	-76.6393
15.225066219154	3	(28.9631,173.603,1.895)	40.3475	-64.7544
15.229642230819	0	(29.5236,113.549,1.895)	100.323	-71.1978
15.230111458793	6	(28.4009,233.839,1.895)	20.297	-61.7848
15.241651904734	4	(28.7114,200.577,1.895)	13.6426	-57.8436
15.249149505596	7	(28.1563,260.052,1.895)	46.3585	-71.5047
15.304964017577	2	(25.8691,151.507,1.895)	60.2675	-68.3264
15.305159656343	8	(24.7451,271.932,1.895)	60.1628	-68.2662
15.310420700861	9	(27.8577,292.043,1.895)	80.3114	-72.0337
15.319172076066	1	(29.2872,138.881,1.895)	72.9998	-76.6546
15.325066219154	3	(28.9819,171.598,1.895)	40.3418	-64.7531
15.329642230819	0	(29.5424,111.541,1.895)	100.32	-71.1974
15.330111458793	6	(28.4196,231.837,1.895)	20.3049	-61.7759
15.341651904734	4	(28.73,198.585,1.895)	13.6237	-57.7904
15.349149505596	7	(28.1746,258.089,1.895)	46.4058	-71.5459
15.404964017577	2	(25.8878,149.495,1.895)	60.2704	-68.3281
15.405159656343	8	(24.7638,269.929,1.895)	60.1682	-68.2693
15.410420700861	9	(27.8764,290.043,1.895)	80.3203	-72.0301
15.419172076066	1	(29.3058,136.885,1.895)	72.9867	-76.6633
15.425066219154	3	(29.0005,169.599,1.895)	40.3322	-64.7511
15.429642230819	0	(29.5611,109.535,1.895)	100.317	-71.1969
15.430111458793	6	(28.4383,229.836,1.895)	20.3127	-61.7671
15.441651904734	4	(28.7485,196.599,1.895)	13.6023	-57.7281
15.449149505596	7	(28.193,256.123,1.895)	46.4482	-71.581
15.504964017577	2	(25.9066,147.484,1.895)	60.2789	-68.333
15.505159656343	8	(24.7825,267.926,1.895)	60.1686	-68.2695
15.510420700861	9	(27.8951,288.031,1.895)	80.312	-72.0335
15.519172076066	1	(29.3244,134.893,1.895)	72.975	-76.671
15.525066219154	3	(29.0192,167.596,1.895)	40.3321	-64.7511
15.529642230819	0	(29.5798,107.529,1.895)	100.32	-71.1974
15.530111458793	6	(28.457,227.832,1.895)	20.3124	-61.7674
15.541651904734	4	(28.767,194.615,1.895)	13.5832	-57.6712
15.549149505596	7	(28.2114,254.149,1.895)	46.4773	-71.6041
15.604964017577	2	(25.9253,145.482,1.895)	60.2805	-68.334
15.605159656343	8	(24.8012,265.915,1.895)	60.1579	-68.2634
15.610420700861	9	(27.9138,286.03,1.895)	80.3104	-72.0341
15.619172076066	1	(29.3431,132.897,1.895)	72.9719	-76.6731
15.625066219154	3	(29.0379,165.596,1.895)	40.3312	-64.7509
15.629642230819	0	(29.5985,105.524,1.895)	100.325	-71.1983
15.630111458793	6	(28.4757,225.825,1.895)	20.3055	-61.7753
15.641651904734	4	(28.7856,192.628,1.895)	13.5705	-57.6327
15.649149505596	7	(28.2298,252.177,1.895)	46.5053	-71.6255
15.704964017577	2	(25.9441,143.471,1.895)	60.2853	-68.3368
15.705159656343	8	(24.82,263.906,1.895)	60.1549	-68.2617
15.710420700861	9	(27.9325,284.029,1.895)	80.3158	-72.0319
15.719172076066	1	(29.3617,130.9,1.895)	72.9623	-76.6795
15.725066219154	3	(29.0566,163.592,1.895)	40.3302	-64.7507
15.729642230819	0	(29.6172,103.523,1.895)	100.321	-71.1974
15.730111458793	6	(28.4944,223.825,1.895)	20.3109	-61.7692
15.741651904734	4	(28.8041,190.646,1.895)	13.5477	-57.5633
15.749149505596	7	(28.2482,250.204,1.895)	46.5383	-71.6498
15.804964017577	2	(25.9628,141.467,1.895)	60.2816	-68.3346
15.805159656343	8	(24.8387,261.896,1.895)	60.1524	-68.2602
15.810420700861	9	(27.9512,282.022,1.895)	80.3164	-72.0316
15.819172076066	1	(29.3802,128.914,1.895)	72.9406	-76.6938
15.825066219154	3	(29.0753,161.587,1.895)	40.3275	-64.7501
15.829642230819	0	(29.6359,101.516,1.895)	100.32	-71.1973
15.830111458793	6	(28.5131,221.821,1.895)	20.3146	-61.7649
15.841651904734	4	(28.8226,188.661,1.895)	13.5252	-57.4943
15.849149505596	7	(28.2666,248.231,1.895)	46.5728	-71.674
15.904964017577	2	(25.9814,139.467,1.895)	60.2766	-68.3317
15.905159656343	8	(24.8574,259.891,1.895)	60.1524	-68.2602
15.910420700861	9	(27.97,280.011,1.895)	80.3099	-72.0343
15.919172076066	1	(29.3988,126.923,1.895)	72.9273	-76.7025
15.925066219154	3	(29.094,159.584,1.895)	40.3257	-64.7498
15.929642230819	0	(29.6547,99.5056,1.895)	100.325	-71.1983
15.930111458793	6	(28.5318,219.813,1.895)	20.3113	-61.7687
15.941651904734	4	(28.8411,186.676,1.895)	13.5062	-57.4364
15.949149505596	7	(28.285,246.26,1.895)	46.6072	-71.697
16.004964017577	2	(26.0001,137.468,1.895)	60.2662	-68.3256
16.005159656343	8	(24.8762,257.88,1.895)	60.1513	-68.2596
16.010420700861	9	(27.9887,278.006,1.895)	80.3157	-72.032
16.019172076066	1	(29.4175,124.918,1.895)	72.9216	-76.7063
16.025066219154	3	(29.1127,157.576,1.895)	40.3232	-64.7492
16.029642230819	0	(29.6735,97.4951,1.895)	100.325	-71.1983
16.030111458793	6	(28.5506,217.804,1.895)	20.3129	-61.7668
16.041651904734	4	(28.8597,184.686,1.895)	13.4864	-57.3763
16.049149505596	7	(28.3034,244.286,1.895)	46.6427	-71.7194
16.104964017577	2	(26.0188,135.46,1.895)	60.2741	-68.3302
16.105159656343	8	(24.895,255.87,1.895)	60.1416	-68.2541
16.110420700861	9	(28.0074,276.002,1.895)	80.3114	-72.0337
16.119172076066	1	(29.4362,122.923,1.895)	72.9171	-76.7092
16.125066219154	3	(29.1314,155.572,1.895)	40.3272	-64.7501
16.129642230819	0	(29.6922,95.4907,1.895)	100.33	-71.1991
16.130111458793	6	(28.5693,215.795,1.895)	20.3043	-61.7767
16.141651904734	4	(28.8783,182.693,1.895)	13.4798	-57.3566
16.149149505596	7	(28.3219,242.309,1.895)	46.6663	-71.7336
16.204964017577	2	(26.0376,133.45,1.895)	60.2739	-68.3301
16.205159656343	8	(24.9137,253.867,1.895)	60.1483	-68.2579
16.210420700861	9	(28.0261,274.002,1.895)	80.3213	-72.0297
16.219172076066	1	(29.4548,120.926,1.895)	72.9037	-76.718
16.225066219154	3	(29.1501,153.568,1.895)	40.3211	-64.7488
16.229642230819	0	(29.7109,93.4831,1.895)	100.327	-71.1986
16.230111458793	6	(28.5881,213.788,1.895)	20.307	-61.7736
16.241651904734	4	(28.8969,180.697,1.895)	13.4656	-57.3146
16.249149505596	7	(28.3404,240.329,1.895)	46.6963	-71.7508
16.304964017577	2	(26.0563,131.441,1.895)	60.2821	-68.3349
16.305159656343	8	(24.9325,251.855,1.895)	60.1374	-68.2518
16.310420700861	9	(28.0448,271.992,1.895)	80.3122	-72.0334
16.319172076066	1	(29.4735,118.922,1.895)	72.9076	-76.7155
16.325066219154	3	(29.1688,151.563,1.895)	40.3258	-64.7498
16.329642230819	0	(29.7296,91.4768,1.895)	100.333	-71.1997
16.330111458793	6	(28.6068,211.782,1.895)	20.3017	-61.7795
16.341651904734	4	(28.9155,178.702,1.895)	13.4607	-57.3003
16.349149505596	7	(28.3588,238.353,1.895)	46.7204	-71.764
16.404964017577	2	(26.075,129.439,1.895)	60.2781	-68.3326
16.405159656343	8	(24.9511,249.855,1.895)	60.1434	-68.2552
16.410420700861	9	(28.0636,269.984,1.895)	80.3107	-72.034
16.419172076066	1	(29.4921,116.926,1.895)	72.8967	-76.7225
16.425066219154	3	(29.1875,149.56,1.895)	40.3222	-64.749
16.429642230819	0	(29.7484,89.4673,1.895)	100.336	-71.2003
16.430111458793	6	(28.6255,209.777,1.895)	20.3028	-61.7783
16.441651904734	4	(28.9341,176.711,1.895)	13.4457	-57.2565
16.449149505596	7	(28.3773,236.369,1.895)	46.7431	-71.7758
16.504964017577	2	(26.0937,127.44,1.895)	60.2652	-68.325
16.505159656343	8	(24.9699,247.848,1.895)	60.1481	-68.2578
16.510420700861	9	(28.0822,267.985,1.895)	80.3232	-72.0289
16.519172076066	1	(29.5108,114.925,1.895)	72.8857	-76.7297
16.525066219154	3	(29.2062,147.556,1.895)	40.3139	-64.7473
16.529642230819	0	(29.7671,87.4631,1.895)	100.329	-71.1989
16.530111458793	6	(28.6443,207.765,1.895)	20.3028	-61.7783
16.541651904734	4	(28.9527,174.72,1.895)	13.4252	-57.1989
16.549149505596	7	(28.3957,234.395,1.895)	46.7802	-71.7939
16.604964017577	2	(26.1124,125.43,1.895)	60.2715	-68.3287
16.605159656343	8	(24.9886,245.84,1.895)	60.1437	-68.2553
16.610420700861	9	(28.101,265.977,1.895)	80.3185	-72.0308
16.619172076066	1	(29.5294,112.932,1.895)	72.8763	-76.7358
16.625066219154	3	(29.225,145.547,1.895)	40.3199	-64.7486
16.629642230819	0	(29.7858,85.4549,1.895)	100.334	-71.1998
16.630111458793	6	(28.663,205.765,1.895)	20.3061	-61.7746
16.641651904734	4	(28.9713,172.725,1.895)	13.418	-57.179
16.649149505596	7	(28.4143,232.409,1.895)	46.7978	-71.802
16.704964017577	2	(26.1312,123.425,1.895)	60.2706	-68.3282
16.705159656343	8	(25.0073,243.832,1.895)	60.1422	-68.2545
16.710420700861	9	(28.1196,263.977,1.895)	80.3253	-72.028
16.719172076066	1	(29.5481,110.928,1.895)	72.8727	-76.7381
16.725066219154	3	(29.2437,143.547,1.895)	40.3137	-64.7473
16.729642230819	0	(29.8046,83.4512,1.895)	100.331	-71.1992
16.730111458793	6	(28.6817,203.759,1.895)	20.3064	-61.7742
16.741651904734	4	(28.99,170.73,1.895)	13.4066	-57.1483
16.749149505596	7	(28.4328,230.43,1.895)	46.8251	-71.8139
16.804964017577	2	(26.1499,121.419,1.895)	60.2723	-68.3292
16.805159656343	8	(25.0261,241.825,1.895)	60.1389	-68.2526
16.810420700861	9	(28.1383,261.974,1.895)	80.3261	-72.0277
16.819172076066	1	(29.5667,108.938,1.895)	72.8585	-76.7473
16.825066219154	3	(29.2624,141.542,1.895)	40.3137	-64.7473
16.829642230819	0	(29.8233,81.4449,1.895)	100.333	-71.1996
16.830111458793	6	(28.7004,201.752,1.895)	20.3033	-61.7777
16.841651904734	4	(29.0086,168.737,1.895)	13.3955	-57.1189
16.849149505596	7	(28.4513,228.441,1.895)	46.8407	-71.8204
16.904964017577	2	(26.1686,119.411,1.895)	60.2764	-68.3315
16.905159656343	8	(25.0448,239.82,1.895)	60.1381	-68.2521
16.910420700861	9	(28.157,259.975,1.895)	80.3304	-72.026
16.919172076066	1	(29.5853,106.942,1.895)	72.8516	-76.7518
16.925066219154	3	(29.2811,139.536,1.895)	40.317	-64.748
16.929642230819	0	(29.842,79.4436,1.895)	100.331	-71.1992
16.930111458793	6	(28.7192,199.74,1.895)	20.2954	-61.7865
16.941651904734	4	(29.0272,166.744,1.895)	13.385	-57.092
16.949149505596	7	(28.4698,226.463,1.895)	46.8661	-71.8303
17.004964017577	2	(26.1874,117.404,1.895)	60.2776	-68.3323
17.005159656343	8	(25.0635,237.818,1.895)	60.1416	-68.2541
17.010420700861	9	(28.1757,257.97,1.895)	80.3318	-72.0254
17.019172076066	1	(29.6039,104.949,1.895)	72.8382	-76.7603
17.025066219154	3	(29.2998,137.532,1.895)	40.3141	-64.7474
17.029642230819	0	(29.8606,77.4438,1.895)	100.324	-71.1981
17.030111458793	6	(28.7379,197.732,1.895)	20.293	-61.7891
17.041651904734	4	(29.0457,164.755,1.895)	13.3689	-57.0521
17.049149505596	7	(28.4883,224.481,1.895)	46.8898	-71.839
17.104964017577	2	(26.206,115.403,1.895)	60.2785	-68.3328
17.105159656343	8	(25.0822,235.816,1.895)	60.1391	-68.2527
17.110420700861	9	(28.1944,255.968,1.895)	80.3293	-72.0264
17.119172076066	1	(29.6225,102.959,1.895)	72.8296	-76.7659
17.125066219154	3	(29.3185,135.524,1.895)	40.3231	-64.7492
17.129642230819	0	(29.8794,75.4334,1.895)	100.335	-71.2001
17.130111458793	6	(28.7567,195.721,1.895)	20.2818	-61.8011
17.141651904734	4	(29.0643,162.762,1.895)	13.3628	-57.0373
17.149149505596	7	(28.5069,222.49,1.895)	46.8982	-71.8419
17.204964017577	2	(26.2248,113.392,1.895)	60.2779	-68.3325
17.205159656343	8	(25.1009,233.807,1.895)	60.142	-68.2544
17.210420700861	9	(28.2132,253.958,1.895)	80.3313	-72.0256
17.219172076066	1	(29.6412,100.955,1.895)	72.8213	-76.7711
17.225066219154	3	(29.3373,133.515,1.895)	40.32	-64.7486
17.229642230819	0	(29.8981,73.4232,1.895)	100.334	-71.1998
17.230111458793	6	(28.7754,193.72,1.895)	20.2926	-61.7895
17.241651904734	4	(29.0829,160.767,1.895)	13.3469	-57.0004
17.249149505596	7	(28.5254,220.505,1.895)	46.9245	-71.8506
17.304964017577	2	(26.2435,111.393,1.895)	60.2711	-68.3285
17.305159656343	8	(25.1197,231.797,1.895)	60.1379	-68.252
17.310420700861	9	(28.2318,251.959,1.895)	80.3378	-72.0229
17.319172076066	1	(29.6599,98.9477,1.895)	72.8225	-76.7704
17.325066219154	3	(29.356,131.511,1.895)	40.3181	-64.7482
17.329642230819	0	(29.9169,71.4155,1.895)	100.335	-71.2001
17.330111458793	6	(28.794,191.72,1.895)	20.299	-61.7825
17.341651904734	4	(29.1016,158.772,1.895)	13.3356	-56.9755
17.349149505596	7	(28.5438,218.527,1.895)	46.9531	-71.8591
17.404964017577	2	(26.2621,109.392,1.895)	60.2608	-68.3225
17.405159656343	8	(25.1383,229.797,1.895)	60.1494	-68.2585
17.410420700861	9	(28.2506,249.95,1.895)	80.3398	-72.0221
17.419172076066	1	(29.6785,96.9536,1.895)	72.8054	-76.7812
17.425066219154	3	(29.3747,129.511,1.895)	40.3073	-64.746
17.429642230819	0	(29.9356,69.4113,1.895)	100.328	-71.1988
17.430111458793	6	(28.8127,189.718,1.895)	20.3083	-61.7721
17.441651904734	4	(29.1202,156.778,1.895)	13.3189	-56.9402
17.449149505596	7	(28.5623,216.545,1.895)	46.9822	-71.8669
17.504964017577	2	(26.2809,107.382,1.895)	60.2688	-68.3271
17.505159656343	8	(25.157,227.794,1.895)	60.1483	-68.2579
17.510420700861	9	(28.2693,247.939,1.895)	80.331	-72.0257
17.519172076066	1	(29.6972,94.9579,1.895)	72.7991	-76.7852
17.525066219154	3	(29.3933,127.511,1.895)	40.3056	-64.7457
17.529642230819	0	(29.9543,67.4018,1.895)	100.336	-71.2002
17.530111458793	6	(28.8315,187.707,1.895)	20.2986	-61.783
17.541651904734	4	(29.1387,154.793,1.895)	13.3022	-56.9075
17.549149505596	7	(28.5809,214.557,1.895)	46.9965	-71.8704
17.604964017577	2	(26.2996,105.377,1.895)	60.2704	-68.328
17.605159656343	8	(25.1757,225.79,1.895)	60.1478	-68.2577
17.610420700861	9	(28.288,245.938,1.895)	80.3346	-72.0243
17.619172076066	1	(29.7159,92.9523,1.895)	72.8009	-76.7841
17.625066219154	3	(29.4121,125.5,1.895)	40.3124	-64.747
17.629642230819	0	(29.9731,65.3948,1.895)	100.339	-71.2007
17.630111458793	6	(28.8502,185.708,1.895)	20.3032	-61.7779
17.641651904734	4	(29.1573,152.799,1.895)	13.2927	-56.8899
17.649149505596	7	(28.5994,212.571,1.895)	47.0138	-71.8744
17.704964017577	2	(26.3184,103.366,1.895)	60.2731	-68.3297
17.705159656343	8	(25.1945,223.784,1.895)	60.1504	-68.2591
17.710420700861	9	(28.3067,243.939,1.895)	80.3436	-72.0206
17.719172076066	1	(29.7346,90.9471,1.895)	72.7977	-76.7861
17.725066219154	3	(29.4308,123.494,1.895)	40.3098	-64.7465
17.729642230819	0	(29.9918,63.389,1.895)	100.336	-71.2003
17.730111458793	6	(28.8689,183.702,1.895)	20.3062	-61.7745
17.741651904734	4	(29.176,150.8,1.895)	13.2836	-56.8739
17.749149505596	7	(28.6179,210.596,1.895)	47.0474	-71.8811
17.804964017577	2	(26.3371,101.359,1.895)	60.2689	-68.3272
17.805159656343	8	(25.2131,221.783,1.895)	60.1603	-68.2647
17.810420700861	9	(28.3254,241.93,1.895)	80.3453	-72.0199
17.819172076066	1	(29.7533,88.9428,1.895)	72.7914	-76.7901
17.825066219154	3	(29.4495,121.488,1.895)	40.3049	-64.7455
17.829642230819	0	(30.0106,61.3776,1.895)	100.337	-71.2004
17.830111458793	6	(28.8876,181.696,1.895)	20.3107	-61.7693
17.841651904734	4	(29.1946,148.803,1.895)	13.2709	-56.8529
17.849149505596	7	(28.6364,208.608,1.895)	47.07	-71.885
17.904964017577	2	(26.3558,99.3524,1.895)	60.2645	-68.3246
17.905159656343	8	(25.2318,219.78,1.895)	60.1682	-68.2693
17.910420700861	9	(28.3442,239.923,1.895)	80.3494	-72.0182
17.919172076066	1	(29.772,86.9368,1.895)	72.7863	-76.7933
17.925066219154	3	(29.4682,119.488,1.895)	40.2946	-64.7435
17.929642230819	0	(30.0293,59.3672,1.895)	100.336	-71.2003
17.930111458793	6	(28.9063,179.689,1.895)	20.3151	-61.7643
17.941651904734	4	(29.2132,146.811,1.895)	13.2523	-56.8247
17.949149505596	7	(28.655,206.623,1.895)	47.0954	-71.8886
18.004964017577	2	(26.3746,97.3457,1.895)	60.2596	-68.3218
18.005159656343	8	(25.2506,217.774,1.895)	60.1736	-68.2723
18.010420700861	9	(28.3628,237.923,1.895)	80.3609	-72.0135
18.019172076066	1	(29.7907,84.9351,1.895)	72.7764	-76.7996
18.025066219154	3	(29.4869,117.484,1.895)	40.2863	-64.742
18.029642230819	0	(30.0481,57.3602,1.895)	100.332	-71.1995
18.030111458793	6	(28.925,177.686,1.895)	20.3227	-61.7553
18.041651904734	4	(29.2318,144.814,1.895)	13.2376	-56.8049
18.049149505596	7	(28.6735,204.638,1.895)	47.1227	-71.8918
18.104964017577	2	(26.3933,95.3423,1.895)	60.2598	-68.3219
18.105159656343	8	(25.2692,215.771,1.895)	60.1743	-68.2727
18.110420700861	9	(28.3815,235.921,1.895)	80.3622	-72.013
18.119172076066	1	(29.8094,82.9349,1.895)	72.7734	-76.8015
18.125066219154	3	(29.5056,115.476,1.895)	40.291	-64.7428
18.129642230819	0	(30.0668,55.3524,1.895)	100.337	-71.2003
18.130111458793	6	(28.9437,175.684,1.895)	20.3248	-61.7528
18.141651904734	4	(29.2505,142.816,1.895)	13.2327	-56.7988
18.149149505596	7	(28.692,202.651,1.895)	47.1381	-71.8932
18.204964017577	2	(26.412,93.3357,1.895)	60.2582	-68.321
18.205159656343	8	(25.288,213.763,1.895)	60.1748	-68.273
18.210420700861	9	(28.4002,233.916,1.895)	80.3654	-72.0117
18.219172076066	1	(29.8281,80.9275,1.895)	72.7726	-76.802
18.225066219154	3	(29.5244,113.472,1.895)	40.2874	-64.7422
18.229642230819	0	(30.0855,53.3498,1.895)	100.331	-71.1993
18.230111458793	6	(28.9624,173.678,1.895)	20.3262	-61.7511
18.241651904734	4	(29.2691,140.822,1.895)	13.2188	-56.7826
18.249149505596	7	(28.7106,200.661,1.895)	47.1567	-71.8946
18.304964017577	2	(26.4307,91.3317,1.895)	60.2514	-68.3171
18.305159656343	8	(25.3067,211.761,1.895)	60.1828	-68.2776
18.310420700861	9	(28.4189,231.913,1.895)	80.3731	-72.0086
18.319172076066	1	(29.8467,78.9322,1.895)	72.7572	-76.8117
18.325066219154	3	(29.5431,111.46,1.895)	40.2882	-64.7423
18.329642230819	0	(30.1042,51.3465,1.895)	100.323	-71.1979
18.330111458793	6	(28.9811,171.677,1.895)	20.3365	-61.7386
18.341651904734	4	(29.2876,138.834,1.895)	13.1972	-56.7615
18.349149505596	7	(28.7292,198.667,1.895)	47.1729	-71.8956
18.404964017577	2	(26.4494,89.331,1.895)	60.2518	-68.3172
18.405159656343	8	(25.3255,209.749,1.895)	60.1716	-68.2712
18.410420700861	9	(28.4376,229.912,1.895)	80.3718	-72.0091
18.419172076066	1	(29.8654,76.9348,1.895)	72.7542	-76.8135
18.425066219154	3	(29.5618,109.46,1.895)	40.2876	-64.7422
18.429642230819	0	(30.123,49.3345,1.895)	100.335	-71.2
18.430111458793	6	(28.9998,169.678,1.895)	20.3373	-61.7376
18.441651904734	4	(29.3063,136.832,1.895)	13.1987	-56.7628
18.449149505596	7	(28.7477,196.683,1.895)	47.1891	-71.8962
18.504964017577	2	(26.4681,87.3239,1.895)	60.2599	-68.322
18.505159656343	8	(25.3442,207.74,1.895)	60.1612	-68.2653
18.510420700861	9	(28.4563,227.909,1.895)	80.3683	-72.0106
18.519172076066	1	(29.8841,74.9235,1.895)	72.7665	-76.8058
18.525066219154	3	(29.5805,107.46,1.895)	40.2896	-64.7426
18.529642230819	0	(30.1417,47.3272,1.895)	100.343	-71.2015
18.530111458793	6	(29.0185,167.676,1.895)	20.3344	-61.7411
18.541651904734	4	(29.3249,134.841,1.895)	13.1906	-56.756
18.549149505596	7	(28.7662,194.703,1.895)	47.2087	-71.8966
18.604964017577	2	(26.4868,85.3168,1.895)	60.2633	-68.3239
18.605159656343	8	(25.363,205.731,1.895)	60.1559	-68.2622
18.610420700861	9	(28.4751,225.897,1.895)	80.3601	-72.0139
18.619172076066	1	(29.9029,72.9168,1.895)	72.7695	-76.8039
18.625066219154	3	(29.5992,105.455,1.895)	40.2909	-64.7428
18.629642230819	0	(30.1604,45.3193,1.895)	100.348	-71.2023
18.630111458793	6	(29.0372,165.668,1.895)	20.3298	-61.7468
18.641651904734	4	(29.3436,132.844,1.895)	13.1846	-56.7514
18.649149505596	7	(28.7848,192.713,1.895)	47.2224	-71.8967
18.704964017577	2	(26.5056,83.3062,1.895)	60.2623	-68.3234
18.705159656343	8	(25.3817,203.722,1.895)	60.159	-68.264
18.710420700861	9	(28.4938,223.89,1.895)	80.3645	-72.0121
18.719172076066	1	(29.9216,70.9094,1.895)	72.7653	-76.8065
18.725066219154	3	(29.6179,103.449,1.895)	40.2846	-64.7416
18.729642230819	0	(30.1792,43.3092,1.895)	100.346	-71.202
18.730111458793	6	(29.056,163.658,1.895)	20.3323	-61.7438
18.741651904734	4	(29.3622,130.843,1.895)	13.1745	-56.7444
18.749149505596	7	(28.8033,190.726,1.895)	47.2466	-71.8963
18.804964017577	2	(26.5244,81.2964,1.895)	60.2609	-68.3226
18.805159656343	8	(25.4004,201.718,1.895)	60.1655	-68.2677
18.810420700861	9	(28.5125,221.882,1.895)	80.3681	-72.0106
18.819172076066	1	(29.9403,68.9094,1.895)	72.7542	-76.8135
18.825066219154	3	(29.6366,101.449,1.895)	40.2739	-64.7396
18.829642230819	0	(30.1979,41.3091,1.895)	100.335	-71.2
18.830111458793	6	(29.0746,161.658,1.895)	20.343	-61.7304
18.841651904734	4	(29.3809,128.846,1.895)	13.1602	-56.7364
18.849149505596	7	(28.822,188.729,1.895)	47.2604	-71.8958
18.904964017577	2	(26.5431,79.2871,1.895)	60.2676	-68.3264
18.905159656343	8	(25.4191,199.711,1.895)	60.1619	-68.2657
18.910420700861	9	(28.5313,219.876,1.895)	80.3642	-72.0122
18.919172076066	1	(29.9589,66.9144,1.895)	72.7466	-76.8183
18.925066219154	3	(29.6553,99.4408,1.895)	40.2792	-64.7406
18.929642230819	0	(30.2166,39.3027,1.895)	100.339	-71.2007
18.930111458793	6	(29.0934,159.647,1.895)	20.3347	-61.7408
18.941651904734	4	(29.3995,126.853,1.895)	13.1517	-56.7327
18.949149505596	7	(28.8405,186.746,1.895)	47.2809	-71.8947
19.004964017577	2	(26.5618,77.285,1.895)	60.2629	-68.3237
19.005159656343	8	(25.4378,197.712,1.895)	60.1689	-68.2697
19.010420700861	9	(28.5499,217.875,1.895)	80.3705	-72.0097
19.019172076066	1	(29.9776,64.9075,1.895)	72.7466	-76.8182
19.025066219154	3	(29.6741,97.4334,1.895)	40.2798	-64.7407
19.029642230819	0	(30.2354,37.2928,1.895)	100.342	-71.2012
19.030111458793	6	(29.1122,157.636,1.895)	20.3309	-61.7454
19.041651904734	4	(29.4181,124.859,1.895)	13.1385	-56.7284
19.049149505596	7	(28.8591,184.75,1.895)	47.2913	-71.894
19.104964017577	2	(26.5805,75.2845,1.895)	60.2601	-68.3221
19.105159656343	8	(25.4565,195.709,1.895)	60.1692	-68.2698
19.110420700861	9	(28.5687,215.869,1.895)	80.3677	-72.0108
19.119172076066	1	(29.9963,62.9102,1.895)	72.7407	-76.8219
19.125066219154	3	(29.6927,95.4334,1.895)	40.2766	-64.7401
19.129642230819	0	(30.2541,35.2834,1.895)	100.348	-71.2023
19.130111458793	6	(29.1309,155.632,1.895)	20.3297	-61.7469
19.141651904734	4	(29.4367,122.865,1.895)	13.1304	-56.7266
19.149149505596	7	(28.8777,182.753,1.895)	47.2977	-71.8935
19.204964017577	2	(26.5992,73.2791,1.895)	60.262	-68.3232
19.205159656343	8	(25.4752,193.702,1.895)	60.1658	-68.2679
19.210420700861	9	(28.5874,213.86,1.895)	80.3619	-72.0132
19.219172076066	1	(30.015,60.9049,1.895)	72.7425	-76.8208
19.225066219154	3	(29.7114,93.4286,1.895)	40.2778	-64.7404
19.229642230819	0	(30.2729,33.2747,1.895)	100.353	-71.2032
19.230111458793	6	(29.1496,153.622,1.895)	20.3231	-61.7548
19.241651904734	4	(29.4553,120.869,1.895)	13.1224	-56.7256
19.249149505596	7	(28.8963,180.763,1.895)	47.3111	-71.8923
19.304964017577	2	(26.6179,71.2761,1.895)	60.2598	-68.3219
19.305159656343	8	(25.494,191.693,1.895)	60.1627	-68.2661
19.310420700861	9	(28.6062,211.851,1.895)	80.3582	-72.0147
19.319172076066	1	(30.0337,58.9023,1.895)	72.7399	-76.8224
19.325066219154	3	(29.7301,91.4278,1.895)	40.2735	-64.7396
19.329642230819	0	(30.2916,31.264,1.895)	100.359	-71.2042
19.330111458793	6	(29.1684,151.615,1.895)	20.3216	-61.7567
19.341651904734	4	(29.474,118.868,1.895)	13.1186	-56.7253
19.349149505596	7	(28.915,178.763,1.895)	47.3167	-71.8917
19.404964017577	2	(26.6367,69.2648,1.895)	60.2668	-68.326
19.405159656343	8	(25.5126,189.694,1.895)	60.1677	-68.269
19.410420700861	9	(28.6249,209.841,1.895)	80.3527	-72.0169
19.419172076066	1	(30.0524,56.8911,1.895)	72.7468	-76.8181
19.425066219154	3	(29.7488,89.4237,1.895)	40.2732	-64.7395
19.429642230819	0	(30.3103,29.2618,1.895)	100.357	-71.2039
19.430111458793	6	(29.1871,149.611,1.895)	20.3214	-61.7568
19.441651904734	4	(29.4926,116.871,1.895)	13.1118	-56.7251
19.449149505596	7	(28.9336,176.772,1.895)	47.3299	-71.8903
19.504964017577	2	(26.6554,67.254,1.895)	60.2747	-68.3305
19.505159656343	8	(25.5313,187.694,1.895)	60.1702	-68.2704
19.510420700861	9	(28.6436,207.84,1.895)	80.3542	-72.0163
19.519172076066	1	(30.0711,54.8962,1.895)	72.7387	-76.8232
19.525066219154	3	(29.7675,87.4197,1.895)	40.2743	-64.7397
19.529642230819	0	(30.329,27.2625,1.895)	100.353	-71.2032
19.530111458793	6	(29.2058,147.603,1.895)	20.3168	-61.7623
19.541651904734	4	(29.5112,114.881,1.895)	13.099	-56.7262
19.549149505596	7	(28.9521,174.782,1.895)	47.3421	-71.8888
19.604964017577	2	(26.6742,65.246,1.895)	60.2816	-68.3346
19.605159656343	8	(25.55,185.689,1.895)	60.1665	-68.2683
19.610420700861	9	(28.6623,205.837,1.895)	80.3527	-72.0169
19.619172076066	1	(30.0896,52.9065,1.895)	72.7274	-76.8302
19.625066219154	3	(29.7862,85.4131,1.895)	40.2798	-64.7407
19.629642230819	0	(30.3477,25.256,1.895)	100.358	-71.2042
19.630111458793	6	(29.2245,145.603,1.895)	20.318	-61.7608
19.641651904734	4	(29.5298,112.885,1.895)	13.0939	-56.727
19.649149505596	7	(28.9708,172.785,1.895)	47.3463	-71.8883
19.704964017577	2	(26.6928,63.2455,1.895)	60.2707	-68.3282
19.705159656343	8	(25.5688,183.682,1.895)	60.1709	-68.2708
19.710420700861	9	(28.681,203.833,1.895)	80.3596	-72.0141
19.719172076066	1	(30.1084,50.8984,1.895)	72.724	-76.8323
19.725066219154	3	(29.805,83.4024,1.895)	40.2791	-64.7406
19.730111458793	6	(29.2431,143.604,1.895)	20.3301	-61.7464
19.741651904734	4	(29.5485,110.884,1.895)	13.0843	-56.7293
19.749149505596	7	(28.9893,170.795,1.895)	47.3679	-71.8852
19.804964017577	2	(26.7115,61.2448,1.895)	60.2679	-68.3266
19.805159656343	8	(25.5875,181.676,1.895)	60.1685	-68.2694
19.810420700861	9	(28.6997,201.832,1.895)	80.3627	-72.0128
19.819172076066	1	(30.1271,48.8912,1.895)	72.7277	-76.83
19.825066219154	3	(29.8237,81.3962,1.895)	40.2817	-64.7411
19.830111458793	6	(29.2619,141.596,1.895)	20.3261	-61.7512
19.841651904734	4	(29.5672,108.884,1.895)	13.0806	-56.7305
19.849149505596	7	(29.0079,168.809,1.895)	47.3852	-71.8824
19.904964017577	2	(26.7302,59.2429,1.895)	60.2701	-68.3279
19.905159656343	8	(25.6061,179.676,1.895)	60.1679	-68.2691
19.910420700861	9	(28.7184,199.821,1.895)	80.3512	-72.0175
19.919172076066	1	(30.1458,46.8921,1.895)	72.7271	-76.8304
19.925066219154	3	(29.8425,79.3896,1.895)	40.2888	-64.7424
19.930111458793	6	(29.2805,139.596,1.895)	20.3254	-61.7521
19.941651904734	4	(29.5858,106.884,1.895)	13.0809	-56.7304
19.949149505596	7	(29.0264,166.821,1.895)	47.3965	-71.8804
20.004964017577	2	(26.7489,57.2413,1.895)	60.2687	-68.3271
20.005159656343	8	(25.6248,177.673,1.895)	60.1678	-68.269
20.010420700861	9	(28.7372,197.811,1.895)	80.3444	-72.0202
20.019172076066	1	(30.1645,44.8832,1.895)	72.7331	-76.8267
20.025066219154	3	(29.8612,77.3808,1.895)	40.2945	-64.7435
20.030111458793	6	(29.2993,137.587,1.895)	20.3194	-61.7593
20.041651904734	4	(29.6045,104.886,1.895)	13.0764	-56.7319
20.049149505596	7	(29.045,164.836,1.895)	47.4144	-71.8771
20.104964017577	2	(26.7676,55.2391,1.895)	60.271	-68.3284
20.105159656343	8	(25.6435,175.67,1.895)	60.1652	-68.2675
20.110420700861	9	(28.7559,195.802,1.895)	80.335	-72.0241
20.119172076066	1	(30.1833,42.875,1.895)	72.7413	-76.8216
20.125066219154	3	(29.8799,75.3751,1.895)	40.3003	-64.7446
20.130111458793	6	(29.318,135.577,1.895)	20.31	-61.7702
20.141651904734	4	(29.6232,102.884,1.895)	13.0777	-56.7314
20.149149505596	7	(29.0636,162.839,1.895)	47.4179	-71.8763
20.204964017577	2	(26.7863,53.2373,1.895)	60.2678	-68.3266
20.205159656343	8	(25.6622,173.669,1.895)	60.1692	-68.2698
20.210420700861	9	(28.7746,193.801,1.895)	80.339	-72.0225
20.219172076066	1	(30.202,40.8688,1.895)	72.7426	-76.8207
20.225066219154	3	(29.8987,73.365,1.895)	40.3054	-64.7457
20.230111458793	6	(29.3368,133.571,1.895)	20.3085	-61.7719
20.241651904734	4	(29.6418,100.892,1.895)	13.0653	-56.7366
20.249149505596	7	(29.0823,160.84,1.895)	47.4235	-71.8752
20.304964017577	2	(26.805,51.2265,1.895)	60.2774	-68.3322
20.305159656343	8	(25.6809,171.667,1.895)	60.168	-68.2691
20.310420700861	9	(28.7934,191.792,1.895)	80.3315	-72.0255
20.319172076066	1	(30.2208,38.8582,1.895)	72.752	-76.8149
20.325066219154	3	(29.9173,71.3657,1.895)	40.3035	-64.7453
20.330111458793	6	(29.3555,131.569,1.895)	20.308	-61.7724
20.341651904734	4	(29.6605,98.8855,1.895)	13.0706	-56.7342
20.349149505596	7	(29.1009,158.843,1.895)	47.4278	-71.8743
20.404964017577	2	(26.8238,49.2156,1.895)	60.2769	-68.3319
20.405159656343	8	(25.6996,169.66,1.895)	60.173	-68.272
20.410420700861	9	(28.8121,189.784,1.895)	80.3342	-72.0244
20.419172076066	1	(30.2395,36.8515,1.895)	72.7472	-76.8179
20.425066219154	3	(29.9361,69.3552,1.895)	40.3026	-64.7451
20.430111458793	6	(29.3742,129.565,1.895)	20.3148	-61.7646
20.441651904734	4	(29.6791,96.8972,1.895)	13.0483	-56.746
20.449149505596	7	(29.1195,156.851,1.895)	47.4475	-71.8699
20.504964017577	2	(26.8425,47.2073,1.895)	60.281	-68.3342
20.505159656343	8	(25.7183,167.661,1.895)	60.1775	-68.2745
20.510420700861	9	(28.8309,187.772,1.895)	80.3264	-72.0276
20.519172076066	1	(30.2582,34.8411,1.895)	72.7535	-76.814
20.525066219154	3	(29.9548,67.3532,1.895)	40.3004	-64.7447
20.530111458793	6	(29.3929,127.561,1.895)	20.3149	-61.7645
20.541651904734	4	(29.6977,94.9005,1.895)	13.041	-56.7508
20.549149505596	7	(29.138,154.864,1.895)	47.464	-71.866
20.604964017577	2	(26.8613,45.2005,1.895)	60.288	-68.3383
20.605159656343	8	(25.737,165.652,1.895)	60.1685	-68.2694
20.610420700861	9	(28.8497,185.76,1.895)	80.3148	-72.0323
20.619172076066	1	(30.2769,32.8379,1.895)	72.7569	-76.8118
20.625066219154	3	(29.9735,65.3446,1.895)	40.3092	-64.7464
20.630111458793	6	(29.4116,125.555,1.895)	20.3091	-61.7712
20.641651904734	4	(29.7164,92.901,1.895)	13.0408	-56.751
20.649149505596	7	(29.1567,152.864,1.895)	47.4645	-71.8659
20.704964017577	2	(26.88,43.1887,1.895)	60.2962	-68.3431
20.705159656343	8	(25.7557,163.652,1.895)	60.1722	-68.2715
20.710420700861	9	(28.8684,183.756,1.895)	80.3142	-72.0326
20.719172076066	1	(30.2957,30.8312,1.895)	72.7599	-76.8099
20.725066219154	3	(29.9922,63.3416,1.895)	40.3086	-64.7463
20.730111458793	6	(29.4303,123.552,1.895)	20.3099	-61.7703
20.741651904734	4	(29.735,90.8978,1.895)	13.0404	-56.7512
20.749149505596	7	(29.1753,150.874,1.895)	47.4775	-71.8626
20.804964017577	2	(26.8987,41.1861,1.895)	60.294	-68.3418
20.805159656343	8	(25.7744,161.652,1.895)	60.1777	-68.2746
20.810420700861	9	(28.8871,181.754,1.895)	80.3171	-72.0314
20.819172076066	1	(30.3144,28.8252,1.895)	72.761	-76.8092
20.825066219154	3	(30.011,61.3342,1.895)	40.311	-64.7468
20.830111458793	6	(29.4489,121.552,1.895)	20.3145	-61.765
20.841651904734	4	(29.7537,88.9022,1.895)	13.0314	-56.7579
20.849149505596	7	(29.1939,148.883,1.895)	47.492	-71.8587
20.904964017577	2	(26.9175,39.179,1.895)	60.2938	-68.3417
20.905159656343	8	(25.7931,159.649,1.895)	60.1817	-68.2769
20.910420700861	9	(28.9058,179.745,1.895)	80.3155	-72.032
20.919172076066	1	(30.3331,26.8213,1.895)	72.7577	-76.8113
20.925066219154	3	(30.0297,59.3282,1.895)	40.3098	-64.7465
20.930111458793	6	(29.4677,119.541,1.895)	20.3109	-61.7691
20.941651904734	4	(29.7724,86.8987,1.895)	13.0278	-56.7608
20.949149505596	7	(29.2124,146.898,1.895)	47.5134	-71.8526
21.004964017577	2	(26.9362,37.1686,1.895)	60.2934	-68.3414
21.005159656343	8	(25.8118,157.64,1.895)	60.1834	-68.2779
21.010420700861	9	(28.9245,177.743,1.895)	80.3241	-72.0285
21.025066219154	3	(30.0485,57.3187,1.895)	40.3085	-64.7463
21.030111458793	6	(29.4864,117.534,1.895)	20.315	-61.7644
21.041651904734	4	(29.791,84.9004,1.895)	13.0156	-56.7714
21.049149505596	7	(29.2311,144.896,1.895)	47.5229	-71.8498
21.104964017577	2	(26.9549,35.1661,1.895)	60.2908	-68.3399
21.105159656343	8	(25.8305,155.637,1.895)	60.1854	-68.279
21.110420700861	9	(28.9432,175.736,1.895)	80.3227	-72.0291
21.125066219154	3	(30.0672,55.313,1.895)	40.3091	-64.7464
21.130111458793	6	(29.5052,115.522,1.895)	20.3082	-61.7722
21.141651904734	4	(29.8098,82.893,1.895)	13.0179	-56.7693
21.149149505596	7	(29.2497,142.896,1.895)	47.5272	-71.8485
21.204964017577	2	(26.9737,33.1551,1.895)	60.2908	-68.3399
21.205159656343	8	(25.8493,153.629,1.895)	60.188	-68.2805
21.210420700861	9	(28.962,173.727,1.895)	80.3246	-72.0283
21.225066219154	3	(30.0859,53.3038,1.895)	40.3073	-64.746
21.230111458793	6	(29.5239,113.523,1.895)	20.3193	-61.7593
21.241651904734	4	(29.8284,80.8915,1.895)	13.0086	-56.778
21.249149505596	7	(29.2685,140.889,1.895)	47.5321	-71.847
21.304964017577	2	(26.9924,31.151,1.895)	60.2941	-68.3419
21.305159656343	8	(25.8679,151.626,1.895)	60.1861	-68.2795
21.310420700861	9	(28.9807,171.723,1.895)	80.3213	-72.0297
21.325066219154	3	(30.1046,51.3023,1.895)	40.308	-64.7462
21.330111458793	6	(29.5426,111.513,1.895)	20.3103	-61.7698
21.341651904734	4	(29.8472,78.8844,1.895)	13.0148	-56.7721
21.349149505596	7	(29.2871,138.896,1.895)	47.5398	-71.8445
21.404964017577	2	(27.0111,29.1485,1.895)	60.2862	-68.3372
21.405159656343	8	(25.8866,149.623,1.895)	60.1932	-68.2835
21.410420700861	9	(28.9994,169.722,1.895)	80.3303	-72.026
21.425066219154	3	(30.1233,49.2998,1.895)	40.3002	-64.7446
21.430111458793	6	(29.5613,109.509,1.895)	20.3169	-61.7621
21.441651904734	4	(29.8658,76.8928,1.895)	12.9966	-56.7903
21.449149505596	7	(29.3057,136.898,1.895)	47.5515	-71.8407
21.504964017577	2	(27.0299,27.137,1.895)	60.2921	-68.3407
21.505159656343	8	(25.9054,147.612,1.895)	60.1877	-68.2804
21.510420700861	9	(29.0181,167.714,1.895)	80.3278	-72.027
21.525066219154	3	(30.142,47.2998,1.895)	40.2946	-64.7435
21.530111458793	6	(29.5801,107.498,1.895)	20.3114	-61.7686
21.541651904734	4	(29.8845,74.8901,1.895)	12.9937	-56.7934
21.549149505596	7	(29.3243,134.904,1.895)	47.563	-71.8369
21.604964017577	2	(27.0486,25.1349,1.895)	60.2915	-68.3404
21.605159656343	8	(25.9242,145.6,1.895)	60.1789	-68.2753
21.610420700861	9	(29.0369,165.703,1.895)	80.3198	-72.0302
21.625066219154	3	(30.1607,45.2932,1.895)	40.2985	-64.7443
21.630111458793	6	(29.5989,105.488,1.895)	20.3044	-61.7766
21.641651904734	4	(29.9031,72.8943,1.895)	12.9871	-56.8008
21.649149505596	7	(29.343,132.907,1.895)	47.5689	-71.8349
21.705159656343	8	(25.9429,143.595,1.895)	60.1753	-68.2733
21.710420700861	9	(29.0556,163.701,1.895)	80.3187	-72.0307
21.725066219154	3	(30.1794,43.2874,1.895)	40.303	-64.7452
21.730111458793	6	(29.6175,103.488,1.895)	20.3051	-61.7757
21.741651904734	4	(29.9217,70.8948,1.895)	12.9854	-56.8028
21.749149505596	7	(29.3616,130.912,1.895)	47.5754	-71.8326
21.805159656343	8	(25.9616,141.589,1.895)	60.1732	-68.2721
21.810420700861	9	(29.0743,161.693,1.895)	80.3158	-72.0319
21.825066219154	3	(30.1981,41.281,1.895)	40.305	-64.7456
21.830111458793	6	(29.6362,101.485,1.895)	20.3067	-61.7739
21.841651904734	4	(29.9404,68.893,1.895)	12.9829	-56.8057
21.849149505596	7	(29.3802,128.92,1.895)	47.5875	-71.8283
21.905159656343	8	(25.9803,139.589,1.895)	60.1743	-68.2727
21.910420700861	9	(29.093,159.69,1.895)	80.3132	-72.0329
21.925066219154	3	(30.2168,39.2786,1.895)	40.307	-64.746
21.930111458793	6	(29.655,99.4729,1.895)	20.2953	-61.7866
21.941651904734	4	(29.9591,66.897,1.895)	12.9787	-56.8107
21.949149505596	7	(29.3988,126.921,1.895)	47.5888	-71.8278
22.005159656343	8	(25.999,137.589,1.895)	60.1773	-68.2745
22.010420700861	9	(29.1117,157.69,1.895)	80.3153	-72.0321
22.025066219154	3	(30.2356,37.2671,1.895)	40.3155	-64.7477
22.030111458793	6	(29.6737,97.4725,1.895)	20.2979	-61.7838
22.041651904734	4	(29.9777,64.9021,1.895)	12.9708	-56.8204
22.049149505596	7	(29.4176,124.914,1.895)	47.5854	-71.829
22.105159656343	8	(26.0177,135.584,1.895)	60.1777	-68.2746
22.110420700861	9	(29.1303,155.69,1.895)	80.3211	-72.0297
22.125066219154	3	(30.2544,35.257,1.895)	40.32	-64.7486
22.130111458793	6	(29.6924,95.4652,1.895)	20.2962	-61.7856
22.141651904734	4	(29.9964,62.8919,1.895)	12.9753	-56.8149
22.149149505596	7	(29.4361,122.923,1.895)	47.5998	-71.8237
22.205159656343	8	(26.0363,133.584,1.895)	60.1866	-68.2797
22.210420700861	9	(29.1491,153.679,1.895)	80.3193	-72.0305
22.225066219154	3	(30.2731,33.2532,1.895)	40.315	-64.7476
22.230111458793	6	(29.7111,93.4623,1.895)	20.302	-61.7792
22.241651904734	4	(30.0152,60.8849,1.895)	12.9736	-56.8169
22.249149505596	7	(29.4548,120.922,1.895)	47.6079	-71.8207
22.305159656343	8	(26.0551,131.579,1.895)	60.185	-68.2788
22.310420700861	9	(29.1678,151.671,1.895)	80.3148	-72.0323
22.325066219154	3	(30.2917,31.2538,1.895)	40.3103	-64.7466
22.330111458793	6	(29.7299,91.4522,1.895)	20.2962	-61.7857
22.341651904734	4	(30.0338,58.887,1.895)	12.9676	-56.8245
22.349149505596	7	(29.4735,118.924,1.895)	47.6136	-71.8185
22.405159656343	8	(26.0737,129.578,1.895)	60.1937	-68.2838
22.410420700861	9	(29.1866,149.663,1.895)	80.3168	-72.0315
22.425066219154	3	(30.3104,29.2501,1.895)	40.3047	-64.7455
22.430111458793	6	(29.7486,89.4502,1.895)	20.3033	-61.7778
22.441651904734	4	(30.0524,56.8914,1.895)	12.9543	-56.8421
22.449149505596	7	(29.4921,116.928,1.895)	47.6269	-71.8133
22.505159656343	8	(26.0924,127.575,1.895)	60.2005	-68.2877
22.510420700861	9	(29.2053,147.655,1.895)	80.3185	-72.0308
22.525066219154	3	(30.3291,27.2451,1.895)	40.3003	-64.7446
22.530111458793	6	(29.7673,87.4425,1.895)	20.305	-61.7758
22.541651904734	4	(30.0711,54.8935,1.895)	12.9432	-56.8578
22.549149505596	7	(29.5107,114.937,1.895)	47.6456	-71.8057
22.605159656343	8	(26.1111,125.569,1.895)	60.2037	-68.2895
22.610420700861	9	(29.2241,145.647,1.895)	80.3197	-72.0303
22.625066219154	3	(30.3478,25.2435,1.895)	40.2926	-64.7432
22.630111458793	6	(29.786,85.434,1.895)	20.3058	-61.775
22.641651904734	4	(30.0898,52.8923,1.895)	12.9354	-56.8692
22.649149505596	7	(29.5294,112.936,1.895)	47.6533	-71.8025
22.705159656343	8	(26.1298,123.57,1.895)	60.2045	-68.29
22.710420700861	9	(29.2428,143.639,1.895)	80.3115	-72.0337
22.730111458793	6	(29.8047,83.4315,1.895)	20.3033	-61.7777
22.741651904734	4	(30.1085,50.8888,1.895)	12.9387	-56.8643
22.749149505596	7	(29.5481,110.931,1.895)	47.6489	-71.8043
22.805159656343	8	(26.1485,121.566,1.895)	60.2052	-68.2904
22.810420700861	9	(29.2615,141.638,1.895)	80.315	-72.0322
22.830111458793	6	(29.8234,81.4297,1.895)	20.3066	-61.774
22.841651904734	4	(30.1272,48.8818,1.895)	12.9406	-56.8616
22.849149505596	7	(29.5667,108.933,1.895)	47.6551	-71.8017
22.905159656343	8	(26.1673,119.558,1.895)	60.2008	-68.2879
22.910420700861	9	(29.2802,139.635,1.895)	80.3156	-72.032
22.930111458793	6	(29.8421,79.4277,1.895)	20.3077	-61.7728
22.941651904734	4	(30.1459,46.8785,1.895)	12.9408	-56.8612
22.949149505596	7	(29.5853,106.944,1.895)	47.6691	-71.7957
23.005159656343	8	(26.186,117.548,1.895)	60.1912	-68.2824
23.010420700861	9	(29.2989,137.629,1.895)	80.3099	-72.0343
23.030111458793	6	(29.8608,77.4271,1.895)	20.3074	-61.7731
23.041651904734	4	(30.1646,44.8795,1.895)	12.9394	-56.8633
23.049149505596	7	(29.6039,104.946,1.895)	47.6724	-71.7943
23.105159656343	8	(26.2047,115.543,1.895)	60.197	-68.2857
23.110420700861	9	(29.3176,135.624,1.895)	80.3166	-72.0316
23.130111458793	6	(29.8795,75.4209,1.895)	20.3126	-61.7672
23.141651904734	4	(30.1833,42.8718,1.895)	12.9359	-56.8684
23.149149505596	7	(29.6225,102.952,1.895)	47.6892	-71.7868
23.205159656343	8	(26.2234,113.539,1.895)	60.2028	-68.289
23.210420700861	9	(29.3363,133.624,1.895)	80.3256	-72.0279
23.230111458793	6	(29.8982,73.4155,1.895)	20.3167	-61.7624
23.241651904734	4	(30.2021,40.861,1.895)	12.937	-56.8667
23.249149505596	7	(29.6412,100.952,1.895)	47.6992	-71.7823
23.305159656343	8	(26.2421,111.535,1.895)	60.1988	-68.2868
23.310420700861	9	(29.355,131.617,1.895)	80.3189	-72.0307
23.330111458793	6	(29.9169,71.4087,1.895)	20.3098	-61.7704
23.341651904734	4	(30.2207,38.8589,1.895)	12.9392	-56.8635
23.349149505596	7	(29.6599,98.9512,1.895)	47.6979	-71.7829
23.405159656343	8	(26.2608,109.534,1.895)	60.1978	-68.2862
23.410420700861	9	(29.3738,129.608,1.895)	80.31	-72.0343
23.430111458793	6	(29.9357,69.4013,1.895)	20.3028	-61.7783
23.441651904734	4	(30.2394,36.856,1.895)	12.9417	-56.86
23.449149505596	7	(29.6786,96.951,1.895)	47.698	-71.7828
23.505159656343	8	(26.2796,107.523,1.895)	60.1952	-68.2846
23.510420700861	9	(29.3924,127.608,1.895)	80.3184	-72.0308
23.530111458793	6	(29.9544,67.4007,1.895)	20.3106	-61.7694
23.541651904734	4	(30.2581,34.8516,1.895)	12.9378	-56.8656
23.549149505596	7	(29.6973,94.9466,1.895)	47.7021	-71.7809
23.605159656343	8	(26.2983,105.512,1.895)	60.1871	-68.28
23.610420700861	9	(29.4112,125.598,1.895)	80.311	-72.0338
23.630111458793	6	(29.9731,65.3931,1.895)	20.3054	-61.7754
23.641651904734	4	(30.2768,32.8518,1.895)	12.9354	-56.8691
23.649149505596	7	(29.7159,92.9539,1.895)	47.7116	-71.7765
23.705159656343	8	(26.3171,103.502,1.895)	60.1792	-68.2755
23.710420700861	9	(29.43,123.587,1.895)	80.3023	-72.0374
23.730111458793	6	(29.9918,63.3929,1.895)	20.3076	-61.7729
23.741651904734	4	(30.2956,30.842,1.895)	12.9425	-56.8588
23.749149505596	7	(29.7345,90.9563,1.895)	47.7165	-71.7742
23.805159656343	8	(26.3358,101.503,1.895)	60.1854	-68.2791
23.810420700861	9	(29.4486,121.586,1.895)	80.307	-72.0355
23.830111458793	6	(30.0105,61.3822,1.895)	20.3024	-61.7788
23.841651904734	4	(30.3143,28.8312,1.895)	12.9477	-56.8513
23.849149505596	7	(29.7531,88.9599,1.895)	47.7255	-71.7699
23.905159656343	8	(26.3545,99.4982,1.895)	60.1833	-68.2779
23.910420700861	9	(29.4674,119.579,1.895)	80.3019	-72.0376
23.930111458793	6	(30.0293,59.375,1.895)	20.2977	-61.784
23.941651904734	4	(30.333,26.8268,1.895)	12.9497	-56.8486
23.949149505596	7	(29.7719,86.9538,1.895)	47.7218	-71.7716
24.005159656343	8	(26.3732,97.4961,1.895)	60.1803	-68.2762
24.010420700861	9	(29.4861,117.576,1.895)	80.2976	-72.0393
24.030111458793	6	(30.048,57.3672,1.895)	20.289	-61.7934
24.049149505596	7	(29.7905,84.9588,1.895)	47.7258	-71.7697
24.105159656343	8	(26.3919,95.491,1.895)	60.1798	-68.2758
24.110420700861	9	(29.5048,115.564,1.895)	80.2909	-72.0421
24.130111458793	6	(30.0667,55.3626,1.895)	20.289	-61.7934
24.149149505596	7	(29.8092,82.957,1.895)	47.7287	-71.7683
24.205159656343	8	(26.4106,93.4804,1.895)	60.1694	-68.2699
24.210420700861	9	(29.5235,113.563,1.895)	80.2899	-72.0425
24.230111458793	6	(30.0854,53.3578,1.895)	20.2845	-61.7982
24.249149505596	7	(29.8278,80.9595,1.895)	47.7314	-71.767
24.305159656343	8	(26.4293,91.478,1.895)	60.1693	-68.2699
24.310420700861	9	(29.5422,111.564,1.895)	80.2929	-72.0413
24.330111458793	6	(30.1042,51.349,1.895)	20.2782	-61.8047
24.349149505596	7	(29.8465,78.9543,1.895)	47.7285	-71.7684
24.405159656343	8	(26.448,89.4757,1.895)	60.1689	-68.2696
24.410420700861	9	(29.5608,109.563,1.895)	80.2945	-72.0406
24.430111458793	6	(30.1229,49.3399,1.895)	20.271	-61.812
24.449149505596	7	(29.8652,76.9483,1.895)	47.7244	-71.7704
24.505159656343	8	(26.4668,87.4644,1.895)	60.1611	-68.2652
24.510420700861	9	(29.5795,107.561,1.895)	80.2956	-72.0402
24.530111458793	6	(30.1417,47.3324,1.895)	20.2671	-61.8159
24.549149505596	7	(29.884,74.9432,1.895)	47.7228	-71.7712
24.605159656343	8	(26.4855,85.4601,1.895)	60.1674	-68.2688
24.610420700861	9	(29.5982,105.56,1.895)	80.3049	-72.0364
24.630111458793	6	(30.1604,45.3266,1.895)	20.2718	-61.8112
24.649149505596	7	(29.9026,72.9448,1.895)	47.7351	-71.7652
