6.104964017577	2	(24.1465,336.066,1.895)	80.3148	-72.0323
6.119172076066	1	(27.5884,320.901,1.895)	95.4433	-70.5106
6.120336667087	5	(23.5847,396.252,1.895)	20.3282	-61.7488
6.125066219154	3	(27.2593,356.161,1.895)	60.1815	-68.2768
6.129642230819	0	(27.8204,296.037,1.895)	120.308	-77.3491
6.141651904734	4	(27.0486,378.729,1.895)	37.6132	-65.9397
6.204964017577	2	(24.1651,334.066,1.895)	80.3158	-72.0319
6.219172076066	1	(27.6065,318.953,1.895)	95.3925	-70.5056
6.220336667087	5	(23.6034,394.252,1.895)	20.3284	-61.7484
6.225066219154	3	(27.278,354.155,1.895)	60.1884	-68.2808
6.229642230819	0	(27.8391,294.034,1.895)	120.312	-77.3508
6.241651904734	4	(27.0664,376.829,1.895)	37.5136	-66.0517
6.304964017577	2	(24.1838,332.063,1.895)	80.3118	-72.0335
6.319172076066	1	(27.6247,317.008,1.895)	95.3299	-70.4994
6.320336667087	5	(23.6221,392.242,1.895)	20.332	-61.7441
6.325066219154	3	(27.2967,352.154,1.895)	60.1829	-68.2777
6.329642230819	0	(27.8579,292.026,1.895)	120.313	-77.3514
6.341651904734	4	(27.0842,374.92,1.895)	37.4154	-66.1659
6.404964017577	2	(24.2025,330.06,1.895)	80.3156	-72.032
6.419172076066	1	(27.6429,315.056,1.895)	95.2825	-70.4947
6.420336667087	5	(23.6408,390.241,1.895)	20.333	-61.7429
6.425066219154	3	(27.3154,350.146,1.895)	60.1914	-68.2825
6.429642230819	0	(27.8766,290.017,1.895)	120.323	-77.3555
6.441651904734	4	(27.1019,373.02,1.895)	37.3163	-66.2849
6.504964017577	2	(24.2212,328.057,1.895)	80.3189	-72.0306
6.519172076066	1	(27.6611,313.104,1.895)	95.2356	-70.4902
6.520336667087	5	(23.6595,388.237,1.895)	20.3377	-61.7371
6.525066219154	3	(27.3341,348.14,1.895)	60.1973	-68.2859
6.529642230819	0	(27.8953,288.015,1.895)	120.326	-77.3568
6.541651904734	4	(27.1198,371.108,1.895)	37.2292	-66.3923
6.604964017577	2	(24.24,326.048,1.895)	80.3221	-72.0293
6.619172076066	1	(27.6793,311.152,1.895)	95.1813	-70.4849
6.620336667087	5	(23.6782,386.234,1.895)	20.3355	-61.7399
6.625066219154	3	(27.3528,346.137,1.895)	60.1955	-68.2848
6.629642230819	0	(27.914,286.008,1.895)	120.327	-77.3573
6.641651904734	4	(27.1376,369.196,1.895)	37.1346	-66.5115
6.704964017577	2	(24.2587,324.036,1.895)	80.3255	-72.0279
6.719172076066	1	(27.6976,309.2,1.895)	95.1254	-70.4796
6.720336667087	5	(23.6969,384.228,1.895)	20.3331	-61.7428
6.725066219154	3	(27.3715,344.133,1.895)	60.1906	-68.2821
6.729642230819	0	(27.9328,284,1.895)	120.327	-77.3572
6.741651904734	4	(27.1555,367.281,1.895)	37.0422	-66.6301
6.804964017577	2	(24.2775,322.029,1.895)	80.3218	-72.0294
6.819172076066	1	(27.7158,307.242,1.895)	95.0728	-70.4747
6.820336667087	5	(23.7157,382.224,1.895)	20.3264	-61.7508
6.825066219154	3	(27.3902,342.133,1.895)	60.1806	-68.2763
6.829642230819	0	(27.9515,281.998,1.895)	120.318	-77.3535
6.841651904734	4	(27.1734,365.362,1.895)	36.9506	-66.7494
6.904964017577	2	(24.2962,320.021,1.895)	80.3254	-72.028
6.919172076066	1	(27.7341,305.287,1.895)	95.0234	-70.4701
6.920336667087	5	(23.7344,380.213,1.895)	20.3326	-61.7434
6.925066219154	3	(27.4089,340.128,1.895)	60.1803	-68.2762
6.929642230819	0	(27.9702,279.993,1.895)	120.318	-77.3535
6.941651904734	4	(27.1912,363.449,1.895)	36.8588	-66.8701
7.004964017577	2	(24.315,318.01,1.895)	80.3278	-72.027
7.019172076066	1	(27.7523,303.333,1.895)	94.9683	-70.465
7.020336667087	5	(23.7531,378.21,1.895)	20.327	-61.7502
7.025066219154	3	(27.4276,338.121,1.895)	60.1791	-68.2754
7.029642230819	0	(27.9888,277.994,1.895)	120.309	-77.3493
7.041651904734	4	(27.2092,361.53,1.895)	36.769	-66.9889
7.104964017577	2	(24.3337,316.01,1.895)	80.3276	-72.0271
7.119172076066	1	(27.7706,301.375,1.895)	94.9258	-70.4611
7.120336667087	5	(23.7719,376.2,1.895)	20.3366	-61.7385
7.125066219154	3	(27.4464,336.114,1.895)	60.185	-68.2788
7.129642230819	0	(28.0076,275.987,1.895)	120.315	-77.3523
7.141651904734	4	(27.2271,359.613,1.895)	36.6854	-67.0994
7.149149505596	7	(26.6976,416.34,1.895)	20.0443	-61.9165
7.204964017577	2	(24.3523,314.008,1.895)	80.3291	-72.0265
7.219172076066	1	(27.7889,299.414,1.895)	94.8864	-70.4575
7.220336667087	5	(23.7906,374.195,1.895)	20.3414	-61.7324
7.225066219154	3	(27.4651,334.104,1.895)	60.1956	-68.2849
7.229642230819	0	(28.0263,273.984,1.895)	120.318	-77.3535
7.241651904734	4	(27.2451,357.684,1.895)	36.6141	-67.1932
7.249149505596	7	(26.7149,414.487,1.895)	20.191	-61.8782
7.304964017577	2	(24.371,312.006,1.895)	80.331	-72.0257
7.319172076066	1	(27.8071,297.462,1.895)	94.8385	-70.4532
7.320336667087	5	(23.8093,372.189,1.895)	20.3465	-61.7261
7.325066219154	3	(27.4839,332.094,1.895)	60.205	-68.2903
7.329642230819	0	(28.0449,271.985,1.895)	120.317	-77.3527
7.341651904734	4	(27.263,355.761,1.895)	36.5369	-67.2937
7.349149505596	7	(26.7323,412.627,1.895)	20.3316	-61.7445
7.404964017577	2	(24.3898,309.996,1.895)	80.3399	-72.0221
7.419172076066	1	(27.8254,295.503,1.895)	94.7967	-70.4495
7.420336667087	5	(23.828,370.184,1.895)	20.3508	-61.7206
7.425066219154	3	(27.5027,330.083,1.895)	60.2144	-68.2957
7.429642230819	0	(28.0636,269.981,1.895)	120.32	-77.3541
7.441651904734	4	(27.281,353.835,1.895)	36.4622	-67.3897
7.449149505596	7	(26.7495,410.774,1.895)	20.48	-61.5332
7.504964017577	2	(24.4085,307.994,1.895)	80.3302	-72.026
7.519172076066	1	(27.8437,293.538,1.895)	94.7501	-70.4454
7.520336667087	5	(23.8468,368.177,1.895)	20.3464	-61.7262
7.525066219154	3	(27.5214,328.077,1.895)	60.21	-68.2932
7.529642230819	0	(28.0823,267.976,1.895)	120.313	-77.3512
7.541651904734	4	(27.2991,351.897,1.895)	36.3889	-67.482
7.549149505596	7	(26.7669,408.92,1.895)	20.6369	-61.2723
7.604964017577	2	(24.4272,305.992,1.895)	80.3324	-72.0251
7.619172076066	1	(27.8621,291.576,1.895)	94.7116	-70.442
7.620336667087	5	(23.8655,366.17,1.895)	20.3526	-61.7182
7.625066219154	3	(27.5401,326.074,1.895)	60.2119	-68.2942
7.629642230819	0	(28.101,265.97,1.895)	120.318	-77.3536
7.641651904734	4	(27.3171,349.961,1.895)	36.324	-67.5618
7.649149505596	7	(26.7843,407.046,1.895)	20.7636	-61.0604
7.704964017577	2	(24.4458,303.992,1.895)	80.3243	-72.0284
7.719172076066	1	(27.8804,289.609,1.895)	94.6709	-70.4385
7.720336667087	5	(23.8843,364.159,1.895)	20.357	-61.7126
7.725066219154	3	(27.5589,324.062,1.895)	60.2164	-68.2968
7.729642230819	0	(28.1197,263.969,1.895)	120.312	-77.3507
7.741651904734	4	(27.3351,348.037,1.895)	36.2411	-67.6604
7.749149505596	7	(26.8017,405.186,1.895)	20.9108	-60.8364
7.804964017577	2	(24.4645,301.99,1.895)	80.3155	-72.032
7.819172076066	1	(27.8987,287.648,1.895)	94.6212	-70.4343
7.820336667087	5	(23.903,362.156,1.895)	20.348	-61.7241
7.825066219154	3	(27.5776,322.057,1.895)	60.2103	-68.2934
7.829642230819	0	(28.1385,261.96,1.895)	120.31	-77.3501
7.841651904734	4	(27.3532,346.099,1.895)	36.1671	-67.7448
7.849149505596	7	(26.8192,403.31,1.895)	21.0456	-60.6676
7.904964017577	2	(24.4833,299.981,1.895)	80.3158	-72.0319
7.919172076066	1	(27.9171,285.676,1.895)	94.5842	-70.4311
7.920336667087	5	(23.9217,360.147,1.895)	20.3485	-61.7235
7.925066219154	3	(27.5963,320.056,1.895)	60.2029	-68.2891
7.929642230819	0	(28.1573,259.948,1.895)	120.313	-77.3512
7.941651904734	4	(27.3712,344.166,1.895)	36.0915	-67.8267
7.949149505596	7	(26.8367,401.434,1.895)	21.1791	-60.5444
8.004964017577	2	(24.502,297.973,1.895)	80.3116	-72.0336
8.019172076066	1	(27.9355,283.707,1.895)	94.5414	-70.4275
8.020336667087	5	(23.9404,358.147,1.895)	20.3368	-61.7382
8.025066219154	3	(27.6149,318.053,1.895)	60.1942	-68.2841
8.029642230819	0	(28.1759,257.948,1.895)	120.301	-77.3461
8.041651904734	4	(27.3892,342.236,1.895)	36.01	-67.9094
8.049149505596	7	(26.8542,399.557,1.895)	21.3132	-60.4705
8.104964017577	2	(24.5208,295.963,1.895)	80.3125	-72.0332
8.105159656343	8	(23.3976,416.3,1.895)	40.2329	-64.7325
8.119172076066	1	(27.9539,281.74,1.895)	94.4993	-70.424
8.120336667087	5	(23.9591,356.142,1.895)	20.3334	-61.7424
8.125066219154	3	(27.6337,316.048,1.895)	60.1898	-68.2816
8.129642230819	0	(28.1946,255.944,1.895)	120.296	-77.3439
8.141651904734	4	(27.4073,340.305,1.895)	35.9321	-67.9821
8.149149505596	7	(26.8718,397.677,1.895)	21.4426	-60.4494
8.204964017577	2	(24.5395,293.955,1.895)	80.3185	-72.0308
8.205159656343	8	(23.4163,414.297,1.895)	40.2323	-64.7324
8.219172076066	1	(27.9722,279.78,1.895)	94.457	-70.4205
8.220336667087	5	(23.9778,354.138,1.895)	20.3348	-61.7407
8.225066219154	3	(27.6524,314.044,1.895)	60.1916	-68.2826
8.229642230819	0	(28.2133,253.939,1.895)	120.299	-77.345
8.241651904734	4	(27.4253,338.372,1.895)	35.8627	-68.0411
8.249149505596	7	(26.8893,395.797,1.895)	21.565	-60.4759
8.304964017577	2	(24.5583,291.947,1.895)	80.3172	-72.0313
8.305159656343	8	(23.435,412.29,1.895)	40.2347	-64.7328
8.319172076066	1	(27.9905,277.81,1.895)	94.4184	-70.4173
8.320336667087	5	(23.9965,352.133,1.895)	20.3304	-61.746
8.325066219154	3	(27.6711,312.035,1.895)	60.1915	-68.2826
8.329642230819	0	(28.2321,251.93,1.895)	120.299	-77.3451
8.341651904734	4	(27.4434,336.43,1.895)	35.7953	-68.0927
8.349149505596	7	(26.9069,393.92,1.895)	21.6968	-60.5546
8.404964017577	2	(24.577,289.943,1.895)	80.3131	-72.033
8.405159656343	8	(23.4537,410.284,1.895)	40.2373	-64.7332
8.419172076066	1	(28.0089,275.845,1.895)	94.3746	-70.4138
8.420336667087	5	(24.0152,350.131,1.895)	20.3242	-61.7536
8.425066219154	3	(27.6899,310.026,1.895)	60.1919	-68.2828
8.429642230819	0	(28.2508,249.924,1.895)	120.296	-77.3437
8.441651904734	4	(27.4615,334.49,1.895)	35.7271	-68.1387
8.449149505596	7	(26.9246,392.023,1.895)	21.8089	-60.6612
8.504964017577	2	(24.5957,287.932,1.895)	80.325	-72.0282
8.505159656343	8	(23.4725,408.278,1.895)	40.2304	-64.732
8.519172076066	1	(28.0273,273.874,1.895)	94.3464	-70.4115
8.520336667087	5	(24.034,348.12,1.895)	20.3359	-61.7393
8.525066219154	3	(27.7085,308.025,1.895)	60.1931	-68.2835
8.529642230819	0	(28.2695,247.919,1.895)	120.302	-77.3465
8.541651904734	4	(27.4797,332.548,1.895)	35.6693	-68.1723
8.549149505596	7	(26.9422,390.129,1.895)	21.9136	-60.7924
8.604964017577	2	(24.6144,285.928,1.895)	80.3257	-72.0279
8.605159656343	8	(23.4912,406.273,1.895)	40.2286	-64.7318
8.619172076066	1	(28.0456,271.909,1.895)	94.3081	-70.4085
8.620336667087	5	(24.0527,346.11,1.895)	20.3423	-61.7314
8.625066219154	3	(27.7273,306.014,1.895)	60.2011	-68.2881
8.629642230819	0	(28.2883,245.907,1.895)	120.311	-77.3503
8.641651904734	4	(27.4977,330.613,1.895)	35.6011	-68.2055
8.649149505596	7	(26.9599,388.241,1.895)	22.0294	-60.9707
8.704964017577	2	(24.6332,283.922,1.895)	80.3259	-72.0278
8.705159656343	8	(23.5099,404.268,1.895)	40.2295	-64.7319
8.719172076066	1	(28.064,269.939,1.895)	94.2723	-70.4056
8.720336667087	5	(24.0714,344.107,1.895)	20.3396	-61.7347
8.725066219154	3	(27.746,304.012,1.895)	60.1979	-68.2862
8.729642230819	0	(28.307,243.903,1.895)	120.309	-77.3495
8.741651904734	4	(27.5158,328.671,1.895)	35.5372	-68.2297
8.749149505596	7	(26.9776,386.345,1.895)	22.139	-61.1687
8.804964017577	2	(24.6519,281.916,1.895)	80.3298	-72.0262
8.805159656343	8	(23.5286,402.268,1.895)	40.2315	-64.7322
8.819172076066	1	(28.0824,267.965,1.895)	94.2445	-70.4035
8.820336667087	5	(24.0901,342.104,1.895)	20.3407	-61.7333
8.825066219154	3	(27.7648,302,1.895)	60.2075	-68.2917
8.829642230819	0	(28.3258,241.895,1.895)	120.316	-77.3523
8.841651904734	4	(27.534,326.725,1.895)	35.4811	-68.2452
8.849149505596	7	(26.9952,384.453,1.895)	22.2491	-61.3926
8.904964017577	2	(24.6706,279.908,1.895)	80.3323	-72.0252
8.905159656343	8	(23.5473,400.261,1.895)	40.2298	-64.732
8.919172076066	1	(28.1008,265.992,1.895)	94.2121	-70.4009
8.920336667087	5	(24.1088,340.104,1.895)	20.3358	-61.7395
8.925066219154	3	(27.7835,299.992,1.895)	60.21	-68.2932
8.929642230819	0	(28.3445,239.891,1.895)	120.314	-77.3516
8.941651904734	4	(27.5522,324.778,1.895)	35.4228	-68.2554
8.949149505596	7	(27.0129,382.559,1.895)	22.3601	-61.639
9.004964017577	2	(24.6894,277.896,1.895)	80.3347	-72.0242
9.005159656343	8	(23.566,398.254,1.895)	40.2315	-64.7322
9.019172076066	1	(28.1192,264.02,1.895)	94.174	-70.398
9.020336667087	5	(24.1275,338.103,1.895)	20.3269	-61.7503
9.025066219154	3	(27.8022,297.991,1.895)	60.2021	-68.2886
9.029642230819	0	(28.3632,237.883,1.895)	120.313	-77.3511
9.041651904734	4	(27.5703,322.834,1.895)	35.3574	-68.2596
9.049149505596	7	(27.0306,380.661,1.895)	22.4713	-61.9012
9.104964017577	2	(24.7081,275.897,1.895)	80.3252	-72.0281
9.105159656343	8	(23.5847,396.251,1.895)	40.2375	-64.7332
9.110420700861	9	(26.6976,416.34,1.895)	60.1615	-68.2654
9.119172076066	1	(28.1377,262.042,1.895)	94.1438	-70.3957
9.120336667087	5	(24.1462,336.097,1.895)	20.3239	-61.7538
9.125066219154	3	(27.8209,295.989,1.895)	60.1948	-68.2844
9.129642230819	0	(28.3819,235.877,1.895)	120.309	-77.3496
9.141651904734	4	(27.5884,320.895,1.895)	35.2876	-68.2553
9.149149505596	7	(27.0484,378.757,1.895)	22.5768	-62.1579
9.204964017577	2	(24.7268,273.888,1.895)	80.3311	-72.0257
9.205159656343	8	(23.6035,394.241,1.895)	40.2311	-64.7322
9.210420700861	9	(26.7164,414.33,1.895)	60.1543	-68.2613
9.219172076066	1	(28.1561,260.068,1.895)	94.1142	-70.3934
9.220336667087	5	(24.1649,334.089,1.895)	20.329	-61.7478
9.225066219154	3	(27.8396,293.983,1.895)	60.1979	-68.2862
9.229642230819	0	(28.4006,233.878,1.895)	120.306	-77.3482
9.241651904734	4	(27.6066,318.943,1.895)	35.2374	-68.2465
9.249149505596	7	(27.0662,376.845,1.895)	22.6677	-62.3799
9.304964017577	2	(24.7455,271.882,1.895)	80.328	-72.0269
9.305159656343	8	(23.6222,392.234,1.895)	40.2335	-64.7326
9.310420700861	9	(26.735,412.329,1.895)	60.1623	-68.2659
9.319172076066	1	(28.1745,258.099,1.895)	94.0739	-70.3904
9.320336667087	5	(24.1836,332.087,1.895)	20.322	-61.7562
9.325066219154	3	(27.8583,291.974,1.895)	60.1975	-68.286
9.329642230819	0	(28.4193,231.874,1.895)	120.3	-77.3456
9.341651904734	4	(27.6249,316.989,1.895)	35.1815	-68.231
9.349149505596	7	(27.084,374.942,1.895)	22.7739	-62.6335
9.404964017577	2	(24.7642,269.881,1.895)	80.319	-72.0306
9.405159656343	8	(23.641,390.224,1.895)	40.2329	-64.7325
9.410420700861	9	(26.7537,410.326,1.895)	60.1692	-68.2698
9.419172076066	1	(28.1929,256.127,1.895)	94.0368	-70.3876
9.420336667087	5	(24.2023,330.085,1.895)	20.3146	-61.7649
9.425066219154	3	(27.8771,289.966,1.895)	60.1962	-68.2853
9.429642230819	0	(28.438,229.871,1.895)	120.294	-77.3427
9.441651904734	4	(27.6432,315.03,1.895)	35.1312	-68.212
9.449149505596	7	(27.1018,373.032,1.895)	22.8741	-62.8597
9.504964017577	2	(24.7829,267.874,1.895)	80.3159	-72.0319
9.505159656343	8	(23.6597,388.22,1.895)	40.2381	-64.7333
9.510420700861	9	(26.7725,408.316,1.895)	60.1687	-68.2695
9.519172076066	1	(28.2114,254.15,1.895)	94.0041	-70.3852
9.520336667087	5	(24.221,328.079,1.895)	20.3107	-61.7694
9.525066219154	3	(27.8958,287.956,1.895)	60.1957	-68.285
9.529642230819	0	(28.4566,227.87,1.895)	120.285	-77.3389
9.541651904734	4	(27.6614,313.07,1.895)	35.0809	-68.1881
9.549149505596	7	(27.1197,371.118,1.895)	22.9694	-63.0561
9.604964017577	2	(24.8017,265.867,1.895)	80.3124	-72.0333
9.605159656343	8	(23.6784,386.22,1.895)	40.2491	-64.7352
9.610420700861	9	(26.7912,406.306,1.895)	60.1703	-68.2705
9.619172076066	1	(28.2297,252.181,1.895)	93.9616	-70.3821
9.620336667087	5	(24.2397,326.076,1.895)	20.3026	-61.7786
9.625066219154	3	(27.9145,285.954,1.895)	60.1872	-68.2801
9.629642230819	0	(28.4754,225.858,1.895)	120.286	-77.3392
9.641651904734	4	(27.6797,311.117,1.895)	35.0234	-68.1549
9.649149505596	7	(27.1375,369.207,1.895)	23.0692	-63.2353
9.704964017577	2	(24.8204,263.856,1.895)	80.314	-72.0326
9.705159656343	8	(23.6971,384.215,1.895)	40.2536	-64.736
9.710420700861	9	(26.81,404.298,1.895)	60.1713	-68.271
9.719172076066	1	(28.2482,250.201,1.895)	93.9324	-70.38
9.720336667087	5	(24.2584,324.074,1.895)	20.2956	-61.7863
9.725066219154	3	(27.9333,283.943,1.895)	60.1893	-68.2813
9.729642230819	0	(28.4941,223.856,1.895)	120.279	-77.3362
9.741651904734	4	(27.6978,309.171,1.895)	34.9598	-68.111
9.749149505596	7	(27.1554,367.285,1.895)	23.1567	-63.3654
9.804964017577	2	(24.8392,261.847,1.895)	80.311	-72.0339
9.805159656343	8	(23.7158,382.205,1.895)	40.2549	-64.7362
9.810420700861	9	(26.8287,402.297,1.895)	60.182	-68.2771
9.819172076066	1	(28.2667,248.221,1.895)	93.9009	-70.3778
9.820336667087	5	(24.2771,322.071,1.895)	20.287	-61.7956
9.825066219154	3	(27.952,281.938,1.895)	60.1822	-68.2772
9.829642230819	0	(28.5129,221.845,1.895)	120.278	-77.3359
9.841651904734	4	(27.7161,307.216,1.895)	34.9028	-68.0653
9.849149505596	7	(27.1733,365.368,1.895)	23.2514	-63.4732
9.904964017577	2	(24.8579,259.846,1.895)	80.3074	-72.0353
9.905159656343	8	(23.7346,380.196,1.895)	40.2519	-64.7357
9.910420700861	9	(26.8474,400.293,1.895)	60.1829	-68.2777
9.919172076066	1	(28.2852,246.24,1.895)	93.8763	-70.376
9.920336667087	5	(24.2957,320.072,1.895)	20.2809	-61.802
9.925066219154	3	(27.9708,279.929,1.895)	60.1865	-68.2797
9.929642230819	0	(28.5316,219.842,1.895)	120.276	-77.3348
9.941651904734	4	(27.7344,305.255,1.895)	34.8591	-68.0263
9.949149505596	7	(27.1913,363.444,1.895)	23.3331	-63.5364
10.004964017577	2	(24.8765,257.846,1.895)	80.3005	-72.0381
10.005159656343	8	(23.7532,378.196,1.895)	40.2574	-64.7367
10.010420700861	9	(26.866,398.292,1.895)	60.1884	-68.2808
10.019172076066	1	(28.3036,244.263,1.895)	93.8477	-70.374
10.020336667087	5	(24.3144,318.07,1.895)	20.2766	-61.8064
10.025066219154	3	(27.9895,277.919,1.895)	60.1896	-68.2815
10.029642230819	0	(28.5503,217.838,1.895)	120.274	-77.334
10.041651904734	4	(27.7526,303.3,1.895)	34.8079	-67.9764
10.049149505596	7	(27.2092,361.522,1.895)	23.4162	-63.5713
10.104964017577	2	(24.8952,255.847,1.895)	80.2974	-72.0394
10.105159656343	8	(23.7719,376.196,1.895)	40.2605	-64.7372
10.110420700861	9	(26.8848,396.287,1.895)	60.1857	-68.2792
10.119172076066	1	(28.3221,242.29,1.895)	93.818	-70.3719
10.120336667087	5	(24.3331,316.065,1.895)	20.2793	-61.8036
10.125066219154	3	(28.0082,275.914,1.895)	60.1925	-68.2831
10.129642230819	0	(28.569,215.835,1.895)	120.274	-77.3339
10.141651904734	4	(27.7709,301.34,1.895)	34.7649	-67.931
10.149149505596	7	(27.2271,359.605,1.895)	23.5021	-63.5764
10.204964017577	2	(24.9139,253.839,1.895)	80.3062	-72.0358
10.205159656343	8	(23.7906,374.195,1.895)	40.2589	-64.7369
10.210420700861	9	(26.9034,394.286,1.895)	60.1842	-68.2784
10.219172076066	1	(28.3405,240.315,1.895)	93.7934	-70.3702
10.220336667087	5	(24.3518,314.064,1.895)	20.2809	-61.802
10.225066219154	3	(28.0269,273.912,1.895)	60.1951	-68.2846
10.229642230819	0	(28.5877,213.826,1.895)	120.284	-77.3384
10.241651904734	4	(27.7893,299.375,1.895)	34.7313	-67.8935
10.249149505596	7	(27.2451,357.682,1.895)	23.5789	-63.5555
10.304964017577	2	(24.9327,251.829,1.895)	80.3042	-72.0366
10.305159656343	8	(23.8092,372.196,1.895)	40.2716	-64.7392
10.310420700861	9	(26.9222,392.278,1.895)	60.1877	-68.2804
10.319172076066	1	(28.359,238.332,1.895)	93.7643	-70.3682
10.320336667087	5	(24.3705,312.062,1.895)	20.2709	-61.8121
10.325066219154	3	(28.0456,271.91,1.895)	60.1854	-68.279
10.329642230819	0	(28.6064,211.827,1.895)	120.271	-77.3328
10.341651904734	4	(27.8075,297.418,1.895)	34.6764	-67.8284
10.349149505596	7	(27.263,355.765,1.895)	23.6735	-63.4991
10.404964017577	2	(24.9514,249.822,1.895)	80.3046	-72.0365
10.405159656343	8	(23.828,370.186,1.895)	40.2683	-64.7386
10.410420700861	9	(26.9409,390.267,1.895)	60.1841	-68.2783
10.419172076066	1	(28.3774,236.362,1.895)	93.7277	-70.3657
10.420336667087	5	(24.3892,310.056,1.895)	20.2707	-61.8123
10.425066219154	3	(28.0644,269.902,1.895)	60.1867	-68.2798
10.429642230819	0	(28.6251,209.82,1.895)	120.271	-77.3326
10.441651904734	4	(27.8259,295.455,1.895)	34.6318	-67.7719
10.449149505596	7	(27.281,353.834,1.895)	23.7489	-63.4328
10.504964017577	2	(24.9702,247.813,1.895)	80.3061	-72.0359
10.505159656343	8	(23.8468,368.175,1.895)	40.2651	-64.738
10.510420700861	9	(26.9596,388.265,1.895)	60.1898	-68.2816
10.519172076066	1	(28.3958,234.386,1.895)	93.6965	-70.3636
10.520336667087	5	(24.4079,308.056,1.895)	20.2625	-61.8204
10.525066219154	3	(28.0831,267.897,1.895)	60.1838	-68.2781
10.529642230819	0	(28.6438,207.814,1.895)	120.27	-77.3323
10.541651904734	4	(27.8441,293.498,1.895)	34.582	-67.7056
10.549149505596	7	(27.2989,351.911,1.895)	23.8337	-63.339
10.604964017577	2	(24.9889,245.813,1.895)	80.2982	-72.0391
10.605159656343	8	(23.8655,366.174,1.895)	40.2713	-64.7392
10.610420700861	9	(26.9783,386.264,1.895)	60.196	-68.2851
10.619172076066	1	(28.4143,232.402,1.895)	93.6723	-70.3619
10.620336667087	5	(24.4266,306.05,1.895)	20.261	-61.8218
10.625066219154	3	(28.1018,265.89,1.895)	60.1825	-68.2774
10.629642230819	0	(28.6626,205.806,1.895)	120.269	-77.332
10.641651904734	4	(27.8625,291.531,1.895)	34.5412	-67.6487
10.649149505596	7	(27.317,349.979,1.895)	23.9096	-63.2409
10.704964017577	2	(25.0076,243.804,1.895)	80.2953	-72.0403
10.705159656343	8	(23.8842,364.163,1.895)	40.2729	-64.7394
10.710420700861	9	(26.997,384.259,1.895)	60.2027	-68.289
10.719172076066	1	(28.4329,230.414,1.895)	93.649	-70.3604
10.720336667087	5	(24.4453,304.05,1.895)	20.2493	-61.8327
10.725066219154	3	(28.1205,263.891,1.895)	60.1703	-68.2704
10.729642230819	0	(28.6813,203.799,1.895)	120.265	-77.3302
10.741651904734	4	(27.8808,289.569,1.895)	34.4909	-67.5755
10.749149505596	7	(27.3351,348.04,1.895)	23.9823	-63.1374
10.804964017577	2	(25.0263,241.802,1.895)	80.2941	-72.0408
10.805159656343	8	(23.903,362.153,1.895)	40.2661	-64.7382
10.810420700861	9	(27.0157,382.257,1.895)	60.2045	-68.29
10.819172076066	1	(28.4515,228.425,1.895)	93.6348	-70.3594
10.820336667087	5	(24.464,302.042,1.895)	20.254	-61.8284
10.825066219154	3	(28.1392,261.882,1.895)	60.1758	-68.2736
10.829642230819	0	(28.7,201.798,1.895)	120.263	-77.329
10.841651904734	4	(27.8991,287.605,1.895)	34.4522	-67.5171
10.849149505596	7	(27.3531,346.105,1.895)	24.0504	-63.0339
10.904964017577	2	(25.045,239.793,1.895)	80.2957	-72.0401
10.905159656343	8	(23.9217,360.147,1.895)	40.2667	-64.7383
10.910420700861	9	(27.0345,380.246,1.895)	60.2008	-68.2879
10.919172076066	1	(28.4699,226.448,1.895)	93.6047	-70.3574
10.920336667087	5	(24.4828,300.036,1.895)	20.2533	-61.8291
10.925066219154	3	(28.1579,259.881,1.895)	60.17	-68.2703
10.929642230819	0	(28.7187,199.796,1.895)	120.258	-77.3269
10.941651904734	4	(27.9174,285.642,1.895)	34.4081	-67.4483
10.949149505596	7	(27.3711,344.176,1.895)	24.129	-62.9097
11.004964017577	2	(25.0638,237.785,1.895)	80.2985	-72.039
11.005159656343	8	(23.9405,358.137,1.895)	40.2621	-64.7375
11.010420700861	9	(27.0532,378.241,1.895)	60.2004	-68.2877
11.019172076066	1	(28.4885,224.462,1.895)	93.5844	-70.3561
11.020336667087	5	(24.5015,298.027,1.895)	20.2562	-61.8263
11.025066219154	3	(28.1766,257.875,1.895)	60.1701	-68.2703
11.029642230819	0	(28.7374,197.792,1.895)	120.256	-77.3263
11.041651904734	4	(27.9358,283.677,1.895)	34.367	-67.3825
11.049149505596	7	(27.3892,342.237,1.895)	24.1955	-62.8024
11.104964017577	2	(25.0825,235.779,1.895)	80.2982	-72.0391
11.105159656343	8	(23.9592,356.134,1.895)	40.2654	-64.7381
11.110420700861	9	(27.0719,376.239,1.895)	60.2055	-68.2906
11.119172076066	1	(28.5069,222.483,1.895)	93.5571	-70.3544
11.120336667087	5	(24.5202,296.022,1.895)	20.255	-61.8275
11.125066219154	3	(28.1953,255.874,1.895)	60.1647	-68.2672
11.129642230819	0	(28.7561,195.785,1.895)	120.256	-77.3262
11.141651904734	4	(27.9542,281.708,1.895)	34.3301	-67.3218
11.149149505596	7	(27.4073,340.299,1.895)	24.2641	-62.6913
11.204964017577	2	(25.1013,233.769,1.895)	80.2984	-72.039
11.205159656343	8	(23.9778,354.132,1.895)	40.273	-64.7395
11.210420700861	9	(27.0905,374.238,1.895)	60.2139	-68.2954
11.219172076066	1	(28.5255,220.494,1.895)	93.5373	-70.3531
11.220336667087	5	(24.5389,294.017,1.895)	20.2511	-61.8311
11.225066219154	3	(28.214,253.871,1.895)	60.1588	-68.2639
11.229642230819	0	(28.7749,193.775,1.895)	120.258	-77.3269
11.241651904734	4	(27.9725,279.747,1.895)	34.2815	-67.2397
11.249149505596	7	(27.4254,338.365,1.895)	24.339	-62.5715
11.304964017577	2	(25.1199,231.767,1.895)	80.2884	-72.0431
11.305159656343	8	(23.9966,352.124,1.895)	40.2762	-64.7401
11.310420700861	9	(27.1092,372.238,1.895)	60.2253	-68.302
11.319172076066	1	(28.5441,218.504,1.895)	93.515	-70.3516
11.320336667087	5	(24.5576,292.014,1.895)	20.2424	-61.8389
11.325066219154	3	(28.2327,251.86,1.895)	60.158	-68.2634
11.329642230819	0	(28.7936,191.765,1.895)	120.256	-77.326
11.341651904734	4	(27.9908,277.782,1.895)	34.2345	-67.1587
11.349149505596	7	(27.4435,336.42,1.895)	24.4059	-62.4667
11.404964017577	2	(25.1387,229.76,1.895)	80.2928	-72.0413
11.405159656343	8	(24.0153,350.114,1.895)	40.2696	-64.7388
11.410420700861	9	(27.1279,370.232,1.895)	60.2224	-68.3003
11.419172076066	1	(28.5626,216.517,1.895)	93.5001	-70.3507
11.420336667087	5	(24.5764,290.004,1.895)	20.2498	-61.8323
11.425066219154	3	(28.2514,249.86,1.895)	60.1553	-68.2619
11.429642230819	0	(28.8123,189.763,1.895)	120.255	-77.3256
11.441651904734	4	(28.0093,275.803,1.895)	34.211	-67.1175
11.449149505596	7	(27.4616,334.479,1.895)	24.4672	-62.374
11.504964017577	2	(25.1574,227.749,1.895)	80.2972	-72.0395
11.505159656343	8	(24.0341,348.109,1.895)	40.271	-64.7391
11.510420700861	9	(27.1467,368.223,1.895)	60.2193	-68.2985
11.519172076066	1	(28.5811,214.533,1.895)	93.4772	-70.3492
11.520336667087	5	(24.5951,287.998,1.895)	20.2491	-61.8329
11.525066219154	3	(28.2701,247.854,1.895)	60.1543	-68.2613
11.529642230819	0	(28.831,187.763,1.895)	120.249	-77.3229
11.541651904734	4	(28.0276,273.84,1.895)	34.1679	-67.0407
11.549149505596	7	(27.4797,332.546,1.895)	24.5409	-62.2674
11.604964017577	2	(25.1761,225.746,1.895)	80.2908	-72.0421
11.605159656343	8	(24.0528,346.098,1.895)	40.2694	-64.7388
11.610420700861	9	(27.1655,366.213,1.895)	60.2191	-68.2984
11.619172076066	1	(28.5996,212.552,1.895)	93.4486	-70.3475
11.620336667087	5	(24.6138,285.992,1.895)	20.245	-61.8366
11.625066219154	3	(28.2888,245.85,1.895)	60.1492	-68.2584
11.629642230819	0	(28.8497,185.761,1.895)	120.241	-77.3194
11.641651904734	4	(28.046,271.87,1.895)	34.1278	-66.9682
11.649149505596	7	(27.4978,330.603,1.895)	24.6078	-62.1762
11.704964017577	2	(25.1948,223.743,1.895)	80.2838	-72.045
11.705159656343	8	(24.0716,344.089,1.895)	40.2712	-64.7391
11.710420700861	9	(27.1842,364.203,1.895)	60.2193	-68.2985
11.719172076066	1	(28.6182,210.565,1.895)	93.4252	-70.346
11.720336667087	5	(24.6325,283.989,1.895)	20.2385	-61.8423
11.725066219154	3	(28.3076,243.842,1.895)	60.1468	-68.2571
11.729642230819	0	(28.8684,183.756,1.895)	120.235	-77.3171
11.741651904734	4	(28.0644,269.899,1.895)	34.089	-66.8972
11.749149505596	7	(27.5159,328.661,1.895)	24.6763	-62.0889
11.804964017577	2	(25.2136,221.733,1.895)	80.2932	-72.0412
11.805159656343	8	(24.0903,342.089,1.895)	40.2711	-64.7391
11.810420700861	9	(27.203,362.192,1.895)	60.2085	-68.2923
11.819172076066	1	(28.6367,208.581,1.895)	93.4092	-70.345
11.820336667087	5	(24.6513,281.978,1.895)	20.2484	-61.8335
11.825066219154	3	(28.3263,241.831,1.895)	60.1575	-68.2631
11.829642230819	0	(28.8871,181.752,1.895)	120.24	-77.319
11.841651904734	4	(28.0828,267.925,1.895)	34.0625	-66.8481
11.849149505596	7	(27.5341,326.717,1.895)	24.7325	-62.0224
11.904964017577	2	(25.2323,219.727,1.895)	80.2927	-72.0413
11.905159656343	8	(24.1089,340.087,1.895)	40.275	-64.7398
11.910420700861	9	(27.2217,360.186,1.895)	60.2091	-68.2926
11.919172076066	1	(28.6552,206.595,1.895)	93.3888	-70.3438
11.920336667087	5	(24.67,279.977,1.895)	20.2436	-61.8378
11.925066219154	3	(28.3451,239.82,1.895)	60.1618	-68.2656
11.929642230819	0	(28.9058,179.751,1.895)	120.234	-77.3164
11.941651904734	4	(28.1012,265.954,1.895)	34.0271	-66.7819
11.949149505596	7	(27.5522,324.778,1.895)	24.7997	-61.9493
12.004964017577	2	(25.251,217.725,1.895)	80.2931	-72.0412
12.005159656343	8	(24.1277,338.079,1.895)	40.2699	-64.7389
12.010420700861	9	(27.2404,358.184,1.895)	60.2096	-68.2929
12.019172076066	1	(28.6737,204.617,1.895)	93.3648	-70.3423
12.020336667087	5	(24.6887,277.973,1.895)	20.2455	-61.8362
12.025066219154	3	(28.3639,237.809,1.895)	60.171	-68.2708
12.029642230819	0	(28.9244,177.748,1.895)	120.234	-77.3165
12.041651904734	4	(28.1196,263.979,1.895)	33.9998	-66.7306
12.049149505596	7	(27.5704,322.827,1.895)	24.8505	-61.8989
12.104964017577	2	(25.2698,215.715,1.895)	80.2975	-72.0394
12.105159656343	8	(24.1464,336.078,1.895)	40.2737	-64.7396
12.110420700861	9	(27.259,356.185,1.895)	60.2154	-68.2963
12.119172076066	1	(28.6921,202.639,1.895)	93.3373	-70.3406
12.120336667087	5	(24.7075,275.961,1.895)	20.2518	-61.8305
12.125066219154	3	(28.3826,235.8,1.895)	60.1745	-68.2728
12.129642230819	0	(28.9432,175.74,1.895)	120.237	-77.3176
12.141651904734	4	(28.1381,262,1.895)	33.9732	-66.6804
12.149149505596	7	(27.5885,320.882,1.895)	24.9112	-61.8444
12.204964017577	2	(25.2884,213.714,1.895)	80.2975	-72.0394
12.205159656343	8	(24.1651,334.072,1.895)	40.2685	-64.7386
12.210420700861	9	(27.2778,354.175,1.895)	60.2063	-68.291
12.219172076066	1	(28.7106,200.656,1.895)	93.3195	-70.3396
12.220336667087	5	(24.7262,273.956,1.895)	20.2556	-61.8269
12.225066219154	3	(28.4013,233.796,1.895)	60.1776	-68.2746
12.229642230819	0	(28.962,173.73,1.895)	120.247	-77.322
12.241651904734	4	(28.1565,260.024,1.895)	33.9482	-66.6328
12.249149505596	7	(27.6067,318.937,1.895)	24.9666	-61.8002
12.304964017577	2	(25.3071,211.714,1.895)	80.2939	-72.0409
12.305159656343	8	(24.1838,332.07,1.895)	40.2709	-64.7391
12.310420700861	9	(27.2965,352.175,1.895)	60.2104	-68.2934
12.319172076066	1	(28.7293,198.66,1.895)	93.3118	-70.3391
12.320336667087	5	(24.7448,271.957,1.895)	20.251	-61.8312
12.325066219154	3	(28.4201,231.785,1.895)	60.1846	-68.2786
12.329642230819	0	(28.9807,171.719,1.895)	120.254	-77.3251
12.341651904734	4	(28.1749,258.053,1.895)	33.9159	-66.5711
12.349149505596	7	(27.6249,316.989,1.895)	25.0224	-61.7613
12.404964017577	2	(25.3259,209.703,1.895)	80.3026	-72.0373
12.405159656343	8	(24.2025,330.064,1.895)	40.2668	-64.7383
12.410420700861	9	(27.3152,350.167,1.895)	60.2047	-68.2901
12.419172076066	1	(28.7479,196.665,1.895)	93.3046	-70.3387
12.420336667087	5	(24.7635,269.957,1.895)	20.2484	-61.8335
12.425066219154	3	(28.4388,229.783,1.895)	60.1848	-68.2787
12.429642230819	0	(28.9994,169.713,1.895)	120.258	-77.3268
12.441651904734	4	(28.1934,256.078,1.895)	33.8884	-66.5184
12.449149505596	7	(27.6431,315.032,1.895)	25.0684	-61.7334
12.504964017577	2	(25.3445,207.704,1.895)	80.297	-72.0396
12.505159656343	8	(24.2212,328.057,1.895)	40.2646	-64.7379
12.510420700861	9	(27.3339,348.166,1.895)	60.2088	-68.2925
12.519172076066	1	(28.7665,194.674,1.895)	93.2898	-70.3378
12.520336667087	5	(24.7823,267.947,1.895)	20.2537	-61.8287
12.525066219154	3	(28.4575,227.776,1.895)	60.1866	-68.2798
12.529642230819	0	(29.0182,167.707,1.895)	120.259	-77.3273
12.541651904734	4	(28.2118,254.099,1.895)	33.8629	-66.4693
12.549149505596	7	(27.6614,313.078,1.895)	25.1195	-61.707
12.604964017577	2	(25.3633,205.697,1.895)	80.2931	-72.0412
12.605159656343	8	(24.2399,326.057,1.895)	40.2754	-64.7399
12.610420700861	9	(27.3527,346.155,1.895)	60.2087	-68.2924
12.619172076066	1	(28.7851,192.68,1.895)	93.273	-70.3368
12.620336667087	5	(24.801,265.942,1.895)	20.248	-61.8339
12.625066219154	3	(28.4762,225.772,1.895)	60.18	-68.276
12.629642230819	0	(29.0369,165.703,1.895)	120.251	-77.324
12.641651904734	4	(28.2302,252.127,1.895)	33.8237	-66.3935
12.649149505596	7	(27.6796,311.13,1.895)	25.1819	-61.6814
12.704964017577	2	(25.382,203.691,1.895)	80.298	-72.0392
12.705159656343	8	(24.2586,324.049,1.895)	40.2688	-64.7387
12.710420700861	9	(27.3714,344.15,1.895)	60.2046	-68.29
12.719172076066	1	(28.8037,190.691,1.895)	93.2617	-70.3361
12.720336667087	5	(24.8197,263.931,1.895)	20.258	-61.8247
12.725066219154	3	(28.495,223.763,1.895)	60.1878	-68.2804
12.729642230819	0	(29.0556,163.693,1.895)	120.261	-77.3283
12.741651904734	4	(28.2487,250.153,1.895)	33.7967	-66.3413
12.749149505596	7	(27.6979,309.165,1.895)	25.2179	-61.6699
12.804964017577	2	(25.4008,201.679,1.895)	80.2982	-72.0391
12.805159656343	8	(24.2774,322.043,1.895)	40.274	-64.7397
12.810420700861	9	(27.3901,342.146,1.895)	60.2117	-68.2941
12.819172076066	1	(28.8223,188.692,1.895)	93.2488	-70.3354
12.820336667087	5	(24.8385,261.926,1.895)	20.2518	-61.8305
12.825066219154	3	(28.5137,221.758,1.895)	60.1812	-68.2766
12.829642230819	0	(29.0743,161.689,1.895)	120.253	-77.3248
12.841651904734	4	(28.2672,248.17,1.895)	33.7686	-66.2867
12.849149505596	7	(27.7161,307.21,1.895)	25.2741	-61.6568
12.904964017577	2	(25.4195,199.671,1.895)	80.3076	-72.0353
12.905159656343	8	(24.2961,320.033,1.895)	40.263	-64.7377
12.910420700861	9	(27.4088,340.137,1.895)	60.2021	-68.2886
12.919172076066	1	(28.8409,186.699,1.895)	93.2431	-70.335
12.920336667087	5	(24.8571,259.924,1.895)	20.2544	-61.828
12.925066219154	3	(28.5324,219.753,1.895)	60.1875	-68.2803
12.929642230819	0	(29.0931,159.682,1.895)	120.261	-77.3282
12.941651904734	4	(28.2857,246.187,1.895)	33.7517	-66.2539
12.949149505596	7	(27.7344,305.25,1.895)	25.3135	-61.6512
13.004964017577	2	(25.4382,197.671,1.895)	80.3057	-72.036
13.005159656343	8	(24.3148,318.034,1.895)	40.2651	-64.738
13.010420700861	9	(27.4275,338.136,1.895)	60.2018	-68.2884
13.019172076066	1	(28.8595,184.707,1.895)	93.2334	-70.3345
13.020336667087	5	(24.8759,257.917,1.895)	20.2603	-61.8225
13.025066219154	3	(28.5511,217.745,1.895)	60.1943	-68.2842
13.029642230819	0	(29.1118,157.671,1.895)	120.271	-77.3327
13.041651904734	4	(28.3042,244.205,1.895)	33.7332	-66.218
13.049149505596	7	(27.7526,303.3,1.895)	25.3645	-61.6483
13.104964017577	2	(25.4569,195.666,1.895)	80.3097	-72.0344
13.105159656343	8	(24.3334,316.035,1.895)	40.2676	-64.7385
13.110420700861	9	(27.4463,336.125,1.895)	60.1923	-68.283
13.119172076066	1	(28.8782,182.707,1.895)	93.2317	-70.3344
13.120336667087	5	(24.8946,255.913,1.895)	20.2623	-61.8206
13.125066219154	3	(28.5699,215.737,1.895)	60.2007	-68.2878
13.129642230819	0	(29.1306,155.664,1.895)	120.277	-77.3352
13.141651904734	4	(28.3226,242.228,1.895)	33.7087	-66.1703
13.149149505596	7	(27.7709,301.343,1.895)	25.4088	-61.6497
13.204964017577	2	(25.4756,193.657,1.895)	80.3185	-72.0308
13.205159656343	8	(24.3521,314.031,1.895)	40.2642	-64.7379
13.210420700861	9	(27.4649,334.124,1.895)	60.1913	-68.2825
13.219172076066	1	(28.8968,180.713,1.895)	93.226	-70.334
13.220336667087	5	(24.9133,253.91,1.895)	20.2653	-61.8176
13.225066219154	3	(28.5886,213.733,1.895)	60.2045	-68.29
13.229642230819	0	(29.1493,153.657,1.895)	120.284	-77.3383
13.241651904734	4	(28.3411,240.249,1.895)	33.6879	-66.1298
13.249149505596	7	(27.7892,299.387,1.895)	25.4532	-61.6548
13.304964017577	2	(25.4944,191.651,1.895)	80.3226	-72.0291
13.305159656343	8	(24.3708,312.027,1.895)	40.2619	-64.7375
13.310420700861	9	(27.4837,332.118,1.895)	60.1875	-68.2803
13.319172076066	1	(28.9154,178.719,1.895)	93.2174	-70.3336
13.320336667087	5	(24.932,251.905,1.895)	20.2684	-61.8146
13.325066219154	3	(28.6073,211.732,1.895)	60.2034	-68.2894
13.329642230819	0	(29.168,151.65,1.895)	120.288	-77.3401
13.341651904734	4	(28.3596,238.273,1.895)	33.6611	-66.0777
13.349149505596	7	(27.8074,297.431,1.895)	25.4994	-61.6641
13.404964017577	2	(25.5131,189.643,1.895)	80.3274	-72.0272
13.405159656343	8	(24.3895,310.025,1.895)	40.2631	-64.7377
13.410420700861	9	(27.5024,330.112,1.895)	60.1838	-68.2781
13.419172076066	1	(28.9339,176.734,1.895)	93.2002	-70.3326
13.420336667087	5	(24.9506,249.906,1.895)	20.2654	-61.8176
13.425066219154	3	(28.626,209.725,1.895)	60.2078	-68.2919
13.429642230819	0	(29.1868,149.643,1.895)	120.293	-77.3422
13.441651904734	4	(28.3781,236.29,1.895)	33.6414	-66.0395
13.449149505596	7	(27.8257,295.469,1.895)	25.5402	-61.6755
13.504964017577	2	(25.5318,187.636,1.895)	80.3319	-72.0253
13.505159656343	8	(24.4082,308.024,1.895)	40.2647	-64.738
13.510420700861	9	(27.5211,328.111,1.895)	60.1864	-68.2796
13.519172076066	1	(28.9524,174.749,1.895)	93.1828	-70.3316
13.520336667087	5	(24.9693,247.906,1.895)	20.2622	-61.8206
13.525066219154	3	(28.6447,207.718,1.895)	60.2119	-68.2943
13.529642230819	0	(29.2055,147.634,1.895)	120.298	-77.3447
13.541651904734	4	(28.3965,234.315,1.895)	33.6141	-65.9865
13.549149505596	7	(27.844,293.516,1.895)	25.5895	-61.6935
13.604964017577	2	(25.5506,185.628,1.895)	80.3344	-72.0243
13.605159656343	8	(24.4269,306.025,1.895)	40.2713	-64.7392
13.610420700861	9	(27.5397,326.111,1.895)	60.1916	-68.2826
13.619172076066	1	(28.9711,172.752,1.895)	93.1739	-70.3311
13.620336667087	5	(24.9881,245.896,1.895)	20.2669	-61.8161
13.625066219154	3	(28.6635,205.709,1.895)	60.2153	-68.2962
13.629642230819	0	(29.2243,145.626,1.895)	120.302	-77.3462
13.641651904734	4	(28.415,232.327,1.895)	33.5961	-65.9516
13.649149505596	7	(27.8622,291.562,1.895)	25.6408	-61.717
13.704964017577	2	(25.5693,183.619,1.895)	80.3328	-72.025
13.705159656343	8	(24.4455,304.022,1.895)	40.2788	-64.7405
13.710420700861	9	(27.5584,324.107,1.895)	60.1983	-68.2865
13.719172076066	1	(28.9897,170.753,1.895)	93.1629	-70.3304
13.720336667087	5	(25.0068,243.888,1.895)	20.2637	-61.8192
13.725066219154	3	(28.6821,203.709,1.895)	60.2049	-68.2902
13.729642230819	0	(29.243,143.619,1.895)	120.298	-77.3446
13.741651904734	4	(28.4335,230.346,1.895)	33.5671	-65.8954
13.749149505596	7	(27.8805,289.603,1.895)	25.6928	-61.7457
13.804964017577	2	(25.5881,181.611,1.895)	80.338	-72.0229
13.805159656343	8	(24.4643,302.015,1.895)	40.2749	-64.7398
13.810420700861	9	(27.5771,322.106,1.895)	60.1998	-68.2873
13.819172076066	1	(29.0084,168.759,1.895)	93.1538	-70.3299
13.820336667087	5	(25.0256,241.878,1.895)	20.2707	-61.8123
13.825066219154	3	(28.7009,201.701,1.895)	60.2095	-68.2929
13.829642230819	0	(29.2617,141.612,1.895)	120.302	-77.3464
13.841651904734	4	(28.452,228.371,1.895)	33.5383	-65.8397
13.849149505596	7	(27.8989,287.631,1.895)	25.7241	-61.7653
13.904964017577	2	(25.6068,179.601,1.895)	80.3403	-72.0219
13.905159656343	8	(24.483,300.009,1.895)	40.2762	-64.7401
13.910420700861	9	(27.5958,320.103,1.895)	60.2049	-68.2902
13.919172076066	1	(29.027,166.763,1.895)	93.1417	-70.3292
13.920336667087	5	(25.0443,239.873,1.895)	20.2687	-61.8143
13.925066219154	3	(28.7196,199.701,1.895)	60.2026	-68.2889
13.929642230819	0	(29.2805,139.603,1.895)	120.303	-77.3467
13.941651904734	4	(28.4704,226.391,1.895)	33.5109	-65.787
13.949149505596	7	(27.9172,285.665,1.895)	25.7651	-61.7938
14.004964017577	2	(25.6256,177.596,1.895)	80.3405	-72.0218
14.005159656343	8	(24.5017,298.01,1.895)	40.2818	-64.7411
14.010420700861	9	(27.6145,318.096,1.895)	60.2026	-68.2889
14.019172076066	1	(29.0456,164.771,1.895)	93.1285	-70.3285
14.020336667087	5	(25.063,237.868,1.895)	20.2682	-61.8148
14.025066219154	3	(28.7383,197.696,1.895)	60.2022	-68.2887
14.029642230819	0	(29.2992,137.594,1.895)	120.307	-77.3485
14.041651904734	4	(28.4889,224.417,1.895)	33.4798	-65.7272
14.049149505596	7	(27.9355,283.703,1.895)	25.8088	-61.8273
14.104964017577	2	(25.6442,175.594,1.895)	80.3399	-72.0221
14.105159656343	8	(24.5204,296.007,1.895)	40.2817	-64.7411
14.110420700861	9	(27.6332,316.093,1.895)	60.2027	-68.2889
14.119172076066	1	(29.0641,162.782,1.895)	93.1148	-70.3277
14.120336667087	5	(25.0818,235.857,1.895)	20.2769	-61.8061
14.125066219154	3	(28.757,195.686,1.895)	60.2097	-68.293
14.129642230819	0	(29.318,135.584,1.895)	120.314	-77.3517
14.141651904734	4	(28.5073,222.441,1.895)	33.4536	-65.6771
14.149149505596	7	(27.9539,281.737,1.895)	25.8447	-61.8574
14.204964017577	2	(25.663,173.583,1.895)	80.3479	-72.0188
14.205159656343	8	(24.5391,293.999,1.895)	40.2765	-64.7401
14.210420700861	9	(27.652,314.086,1.895)	60.1985	-68.2866
14.219172076066	1	(29.0828,160.782,1.895)	93.1125	-70.3276
14.220336667087	5	(25.1005,233.853,1.895)	20.2779	-61.805
14.225066219154	3	(28.7758,193.68,1.895)	60.2129	-68.2948
14.229642230819	0	(29.3367,133.581,1.895)	120.314	-77.3518
14.241651904734	4	(28.5259,220.452,1.895)	33.4398	-65.6508
14.249149505596	7	(27.9723,279.767,1.895)	25.8779	-61.8872
14.304964017577	2	(25.6817,171.579,1.895)	80.3403	-72.0219
14.305159656343	8	(24.5578,291.992,1.895)	40.2813	-64.741
14.310420700861	9	(27.6706,312.087,1.895)	60.211	-68.2937
14.319172076066	1	(29.1013,158.796,1.895)	93.0862	-70.3261
14.320336667087	5	(25.1192,231.842,1.895)	20.2769	-61.8061
14.325066219154	3	(28.7945,191.669,1.895)	60.2122	-68.2944
14.329642230819	0	(29.3553,131.581,1.895)	120.302	-77.3465
14.341651904734	4	(28.5444,218.473,1.895)	33.407	-65.5884
14.349149505596	7	(27.9906,277.802,1.895)	25.9246	-61.9324
14.404964017577	2	(25.7005,169.57,1.895)	80.3442	-72.0203
14.405159656343	8	(24.5765,289.988,1.895)	40.2815	-64.741
14.410420700861	9	(27.6893,310.087,1.895)	60.2161	-68.2967
14.419172076066	1	(29.1198,156.814,1.895)	93.0644	-70.325
14.420336667087	5	(25.138,229.832,1.895)	20.2823	-61.8005
14.425066219154	3	(28.8133,189.66,1.895)	60.217	-68.2972
14.429642230819	0	(29.3741,129.573,1.895)	120.306	-77.3483
14.441651904734	4	(28.5629,216.482,1.895)	33.3934	-65.5626
14.449149505596	7	(28.009,275.829,1.895)	25.9558	-61.9647
14.504964017577	2	(25.7192,167.562,1.895)	80.3521	-72.0171
14.505159656343	8	(24.5953,287.982,1.895)	40.276	-64.74
14.510420700861	9	(27.708,308.085,1.895)	60.2138	-68.2954
14.519172076066	1	(29.1385,154.817,1.895)	93.0609	-70.3248
14.520336667087	5	(25.1568,227.824,1.895)	20.2902	-61.7922
14.525066219154	3	(28.8321,187.648,1.895)	60.2282	-68.3036
14.529642230819	0	(29.3927,127.573,1.895)	120.305	-77.3478
14.541651904734	4	(28.5815,214.49,1.895)	33.3846	-65.546
14.549149505596	7	(28.0274,273.86,1.895)	25.988	-61.9996
14.604964017577	2	(25.7379,165.554,1.895)	80.3562	-72.0155
14.605159656343	8	(24.614,285.974,1.895)	40.2727	-64.7394
14.610420700861	9	(27.7267,306.077,1.895)	60.21	-68.2931
14.619172076066	1	(29.157,152.829,1.895)	93.045	-70.3239
14.620336667087	5	(25.1755,225.815,1.895)	20.2946	-61.7874
14.625066219154	3	(28.8508,185.636,1.895)	60.236	-68.3081
14.629642230819	0	(29.4114,125.573,1.895)	120.302	-77.3463
14.641651904734	4	(28.6001,212.503,1.895)	33.3683	-65.5153
14.649149505596	7	(28.0458,271.893,1.895)	26.024	-62.0408
14.704964017577	2	(25.7566,163.554,1.895)	80.3484	-72.0186
14.705159656343	8	(24.6327,283.974,1.895)	40.2797	-64.7407
14.710420700861	9	(27.7454,304.077,1.895)	60.2172	-68.2973
14.719172076066	1	(29.1756,150.834,1.895)	93.0324	-70.3232
14.720336667087	5	(25.1942,223.816,1.895)	20.2864	-61.7962
14.725066219154	3	(28.8695,183.636,1.895)	60.2285	-68.3038
14.729642230819	0	(29.4302,123.563,1.895)	120.304	-77.3472
14.741651904734	4	(28.6187,210.508,1.895)	33.3551	-65.4903
14.749149505596	7	(28.0642,269.923,1.895)	26.0618	-62.0864
14.804964017577	2	(25.7754,161.544,1.895)	80.3539	-72.0164
14.805159656343	8	(24.6514,281.966,1.895)	40.2774	-64.7403
14.810420700861	9	(27.7641,302.077,1.895)	60.2226	-68.3004
14.819172076066	1	(29.1943,148.84,1.895)	93.0214	-70.3226
14.820336667087	5	(25.2129,221.811,1.895)	20.2866	-61.796
14.825066219154	3	(28.8882,181.629,1.895)	60.2304	-68.3049
14.829642230819	0	(29.4489,121.558,1.895)	120.304	-77.3473
14.841651904734	4	(28.6372,208.529,1.895)	33.3297	-65.4428
14.849149505596	7	(28.0826,267.951,1.895)	26.0954	-62.1288
14.904964017577	2	(25.7941,159.541,1.895)	80.3517	-72.0173
14.905159656343	8	(24.6702,279.957,1.895)	40.273	-64.7395
14.910420700861	9	(27.7828,300.069,1.895)	60.219	-68.2984
14.919172076066	1	(29.2129,146.844,1.895)	93.0124	-70.3221
14.920336667087	5	(25.2315,219.81,1.895)	20.2821	-61.8007
14.925066219154	3	(28.9069,179.626,1.895)	60.2292	-68.3042
14.929642230819	0	(29.4676,119.555,1.895)	120.303	-77.3466
14.941651904734	4	(28.6557,206.543,1.895)	33.3106	-65.4071
14.949149505596	7	(28.1009,265.985,1.895)	26.1336	-62.1792
15.004964017577	2	(25.8128,157.536,1.895)	80.3485	-72.0186
15.005159656343	8	(24.6889,277.949,1.895)	40.2728	-64.7394
15.010420700861	9	(27.8015,298.063,1.895)	60.2211	-68.2996
15.019172076066	1	(29.2315,144.846,1.895)	93.0026	-70.3216
15.020336667087	5	(25.2503,217.801,1.895)	20.284	-61.7987
15.025066219154	3	(28.9256,177.622,1.895)	60.2249	-68.3017
15.029642230819	0	(29.4863,117.554,1.895)	120.295	-77.3434
15.041651904734	4	(28.6742,204.56,1.895)	33.2855	-65.3604
15.049149505596	7	(28.1194,264.006,1.895)	26.1632	-62.2199
15.104964017577	2	(25.8315,155.529,1.895)	80.3502	-72.0179
15.105159656343	8	(24.7076,275.944,1.895)	40.2732	-64.7395
15.110420700861	9	(27.8203,296.053,1.895)	60.2166	-68.297
15.119172076066	1	(29.2501,142.861,1.895)	92.982	-70.3205
15.120336667087	5	(25.2691,215.789,1.895)	20.2901	-61.7923
15.125066219154	3	(28.9444,175.615,1.895)	60.2267	-68.3028
15.129642230819	0	(29.505,115.549,1.895)	120.295	-77.3431
15.141651904734	4	(28.6928,202.569,1.895)	33.2715	-65.3345
15.149149505596	7	(28.1378,262.03,1.895)	26.1921	-62.2609
15.204964017577	2	(25.8503,153.517,1.895)	80.3624	-72.013
15.205159656343	8	(24.7264,273.937,1.895)	40.2652	-64.738
15.210420700861	9	(27.839,294.05,1.895)	60.213	-68.2949
15.219172076066	1	(29.2687,140.869,1.895)	92.9749	-70.3201
15.220336667087	5	(25.2878,213.783,1.895)	20.297	-61.7848
15.225066219154	3	(28.9631,173.603,1.895)	60.2392	-68.31
15.229642230819	0	(29.5236,113.549,1.895)	120.295	-77.3434
15.241651904734	4	(28.7114,200.577,1.895)	33.2643	-65.3212
15.249149505596	7	(28.1563,260.052,1.895)	26.214	-62.2928
15.304964017577	2	(25.8691,151.507,1.895)	80.3702	-72.0098
15.305159656343	8	(24.7451,271.932,1.895)	40.2633	-64.7377
15.310420700861	9	(27.8577,292.043,1.895)	60.2086	-68.2924
15.319172076066	1	(29.2872,138.881,1.895)	92.9601	-70.3194
15.320336667087	5	(25.3066,211.772,1.895)	20.3049	-61.7759
15.325066219154	3	(28.9819,171.598,1.895)	60.2416	-68.3114
15.329642230819	0	(29.5424,111.541,1.895)	120.301	-77.3459
15.341651904734	4	(28.73,198.585,1.895)	33.2529	-65.3002
15.349149505596	7	(28.1746,258.089,1.895)	26.2533	-62.3519
15.404964017577	2	(25.8878,149.495,1.895)	80.381	-72.0054
15.405159656343	8	(24.7638,269.929,1.895)	40.2609	-64.7373
15.410420700861	9	(27.8764,290.043,1.895)	60.2097	-68.293
15.419172076066	1	(29.3058,136.885,1.895)	92.9549	-70.3191
15.420336667087	5	(25.3253,209.763,1.895)	20.3127	-61.7671
15.425066219154	3	(29.0005,169.599,1.895)	60.2398	-68.3103
15.429642230819	0	(29.5611,109.535,1.895)	120.306	-77.3481
15.441651904734	4	(28.7485,196.599,1.895)	33.2387	-65.274
15.449149505596	7	(28.193,256.123,1.895)	26.288	-62.4059
15.504964017577	2	(25.9066,147.484,1.895)	80.3891	-72.0021
15.505159656343	8	(24.7825,267.926,1.895)	40.2616	-64.7374
15.510420700861	9	(27.8951,288.031,1.895)	60.2016	-68.2884
15.519172076066	1	(29.3244,134.893,1.895)	92.9429	-70.3185
15.520336667087	5	(25.344,207.76,1.895)	20.3124	-61.7674
15.525066219154	3	(29.0192,167.596,1.895)	60.2393	-68.31
15.529642230819	0	(29.5798,107.529,1.895)	120.309	-77.3493
15.541651904734	4	(28.767,194.615,1.895)	33.2187	-65.2374
15.549149505596	7	(28.2114,254.149,1.895)	26.3175	-62.4531
15.604964017577	2	(25.9253,145.482,1.895)	80.3838	-72.0043
15.605159656343	8	(24.8012,265.915,1.895)	40.258	-64.7368
15.610420700861	9	(27.9138,286.03,1.895)	60.2071	-68.2915
15.619172076066	1	(29.3431,132.897,1.895)	92.9327	-70.3179
15.620336667087	5	(25.3627,205.76,1.895)	20.3055	-61.7753
15.625066219154	3	(29.0379,165.596,1.895)	60.2314	-68.3055
15.629642230819	0	(29.5985,105.524,1.895)	120.307	-77.3484
15.641651904734	4	(28.7856,192.628,1.895)	33.1985	-65.2007
15.649149505596	7	(28.2298,252.177,1.895)	26.3526	-62.5109
15.704964017577	2	(25.9441,143.471,1.895)	80.3941	-72.0001
15.705159656343	8	(24.82,263.906,1.895)	40.2495	-64.7353
15.710420700861	9	(27.9325,284.029,1.895)	60.207	-68.2915
15.719172076066	1	(29.3617,130.9,1.895)	92.9286	-70.3177
15.720336667087	5	(25.3814,203.754,1.895)	20.3109	-61.7692
15.725066219154	3	(29.0566,163.592,1.895)	60.2359	-68.3081
15.729642230819	0	(29.6172,103.523,1.895)	120.307	-77.3487
15.741651904734	4	(28.8041,190.646,1.895)	33.1806	-65.1682
15.749149505596	7	(28.2482,250.204,1.895)	26.3801	-62.5575
15.804964017577	2	(25.9628,141.467,1.895)	80.3941	-72.0001
15.805159656343	8	(24.8387,261.896,1.895)	40.2432	-64.7342
15.810420700861	9	(27.9512,282.022,1.895)	60.2039	-68.2897
15.819172076066	1	(29.3802,128.914,1.895)	92.9107	-70.3168
15.820336667087	5	(25.4001,201.746,1.895)	20.3146	-61.7649
15.825066219154	3	(29.0753,161.587,1.895)	60.2369	-68.3087
15.829642230819	0	(29.6359,101.516,1.895)	120.31	-77.35
15.841651904734	4	(28.8226,188.661,1.895)	33.1611	-65.1331
15.849149505596	7	(28.2666,248.231,1.895)	26.411	-62.6108
15.904964017577	2	(25.9814,139.467,1.895)	80.3858	-72.0035
15.905159656343	8	(24.8574,259.891,1.895)	40.2465	-64.7348
15.910420700861	9	(27.97,280.011,1.895)	60.2007	-68.2878
15.919172076066	1	(29.3988,126.923,1.895)	92.894	-70.3159
15.920336667087	5	(25.4189,199.741,1.895)	20.3113	-61.7687
15.925066219154	3	(29.094,159.584,1.895)	60.2318	-68.3057
15.929642230819	0	(29.6547,99.5056,1.895)	120.312	-77.3509
15.941651904734	4	(28.8411,186.676,1.895)	33.1382	-65.092
15.949149505596	7	(28.285,246.26,1.895)	26.4488	-62.6779
16.004964017577	2	(26.0001,137.468,1.895)	80.377	-72.007
16.005159656343	8	(24.8762,257.88,1.895)	40.2439	-64.7343
16.010420700861	9	(27.9887,278.006,1.895)	60.2048	-68.2902
16.019172076066	1	(29.4175,124.918,1.895)	92.8899	-70.3157
16.020336667087	5	(25.4376,197.731,1.895)	20.3129	-61.7668
16.025066219154	3	(29.1127,157.576,1.895)	60.2309	-68.3052
16.029642230819	0	(29.6735,97.4951,1.895)	120.314	-77.3517
16.041651904734	4	(28.8597,184.686,1.895)	33.1194	-65.0584
16.049149505596	7	(28.3034,244.286,1.895)	26.4828	-62.7396
16.104964017577	2	(26.0188,135.46,1.895)	80.3761	-72.0074
16.105159656343	8	(24.895,255.87,1.895)	40.2429	-64.7341
16.110420700861	9	(28.0074,276.002,1.895)	60.2093	-68.2927
16.119172076066	1	(29.4362,122.923,1.895)	92.8767	-70.3151
16.120336667087	5	(25.4563,195.731,1.895)	20.3043	-61.7767
16.125066219154	3	(29.1314,155.572,1.895)	60.2262	-68.3025
16.129642230819	0	(29.6922,95.4907,1.895)	120.31	-77.3498
16.141651904734	4	(28.8783,182.693,1.895)	33.1039	-65.0309
16.149149505596	7	(28.3219,242.309,1.895)	26.5152	-62.7998
16.204964017577	2	(26.0376,133.45,1.895)	80.3787	-72.0064
16.205159656343	8	(24.9137,253.867,1.895)	40.2468	-64.7348
16.210420700861	9	(28.0261,274.002,1.895)	60.2164	-68.2969
16.219172076066	1	(29.4548,120.926,1.895)	92.866	-70.3145
16.220336667087	5	(25.4751,193.721,1.895)	20.307	-61.7736
16.225066219154	3	(29.1501,153.568,1.895)	60.2228	-68.3005
16.229642230819	0	(29.7109,93.4831,1.895)	120.31	-77.3499
16.241651904734	4	(28.8969,180.697,1.895)	33.092	-65.0099
16.249149505596	7	(28.3404,240.329,1.895)	26.5425	-62.8516
16.304964017577	2	(26.0563,131.441,1.895)	80.3816	-72.0052
16.305159656343	8	(24.9325,251.855,1.895)	40.2413	-64.7339
16.310420700861	9	(28.0448,271.992,1.895)	60.2127	-68.2947
16.319172076066	1	(29.4735,118.922,1.895)	92.8646	-70.3145
16.320336667087	5	(25.4937,191.72,1.895)	20.3017	-61.7795
16.325066219154	3	(29.1688,151.563,1.895)	60.2222	-68.3002
16.329642230819	0	(29.7296,91.4768,1.895)	120.311	-77.3501
16.341651904734	4	(28.9155,178.702,1.895)	33.0816	-64.9918
16.349149505596	7	(28.3588,238.353,1.895)	26.572	-62.9082
16.404964017577	2	(26.075,129.439,1.895)	80.3787	-72.0063
16.405159656343	8	(24.9511,249.855,1.895)	40.2462	-64.7347
16.410420700861	9	(28.0636,269.984,1.895)	60.21	-68.2932
16.419172076066	1	(29.4921,116.926,1.895)	92.8548	-70.314
16.420336667087	5	(25.5124,189.714,1.895)	20.3028	-61.7783
16.425066219154	3	(29.1875,149.56,1.895)	60.2197	-68.2988
16.429642230819	0	(29.7484,89.4673,1.895)	120.315	-77.352
16.441651904734	4	(28.9341,176.711,1.895)	33.0672	-64.9664
16.449149505596	7	(28.3773,236.369,1.895)	26.5936	-62.9504
16.504964017577	2	(26.0937,127.44,1.895)	80.3658	-72.0116
16.505159656343	8	(24.9699,247.848,1.895)	40.2508	-64.7355
16.510420700861	9	(28.0822,267.985,1.895)	60.2226	-68.3004
16.519172076066	1	(29.5108,114.925,1.895)	92.8437	-70.3134
16.520336667087	5	(25.5312,187.702,1.895)	20.3028	-61.7783
16.525066219154	3	(29.2062,147.556,1.895)	60.2114	-68.2939
16.529642230819	0	(29.7671,87.4631,1.895)	120.307	-77.3487
16.541651904734	4	(28.9527,174.72,1.895)	33.0461	-64.9296
16.549149505596	7	(28.3957,234.395,1.895)	26.6308	-63.0242
16.604964017577	2	(26.1124,125.43,1.895)	80.3755	-72.0077
16.605159656343	8	(24.9886,245.84,1.895)	40.2431	-64.7342
16.610420700861	9	(28.101,265.977,1.895)	60.2145	-68.2958
16.619172076066	1	(29.5294,112.932,1.895)	92.8377	-70.3131
16.620336667087	5	(25.5499,185.699,1.895)	20.3061	-61.7746
16.625066219154	3	(29.225,145.547,1.895)	60.2208	-68.2994
16.629642230819	0	(29.7858,85.4549,1.895)	120.315	-77.3523
16.641651904734	4	(28.9713,172.725,1.895)	33.042	-64.9224
16.649149505596	7	(28.4143,232.409,1.895)	26.6451	-63.0528
16.704964017577	2	(26.1312,123.425,1.895)	80.3748	-72.0079
16.705159656343	8	(25.0073,243.832,1.895)	40.2413	-64.7339
16.710420700861	9	(28.1196,263.977,1.895)	60.221	-68.2995
16.719172076066	1	(29.5481,110.928,1.895)	92.8344	-70.3129
16.720336667087	5	(25.5687,183.692,1.895)	20.3064	-61.7742
16.725066219154	3	(29.2437,143.547,1.895)	60.2148	-68.2959
16.729642230819	0	(29.8046,83.4512,1.895)	120.313	-77.3511
16.741651904734	4	(28.99,170.73,1.895)	33.0306	-64.9027
16.749149505596	7	(28.4328,230.43,1.895)	26.6721	-63.1076
16.804964017577	2	(26.1499,121.419,1.895)	80.3735	-72.0085
16.805159656343	8	(25.0261,241.825,1.895)	40.2411	-64.7338
16.810420700861	9	(28.1383,261.974,1.895)	60.2249	-68.3018
16.819172076066	1	(29.5667,108.938,1.895)	92.8171	-70.3121
16.820336667087	5	(25.5874,181.688,1.895)	20.3033	-61.7777
16.825066219154	3	(29.2624,141.542,1.895)	60.2117	-68.2942
16.829642230819	0	(29.8233,81.4449,1.895)	120.312	-77.3507
16.841651904734	4	(29.0086,168.737,1.895)	33.0159	-64.8774
16.849149505596	7	(28.4513,228.441,1.895)	26.691	-63.1461
16.904964017577	2	(26.1686,119.411,1.895)	80.3694	-72.0101
16.905159656343	8	(25.0448,239.82,1.895)	40.2483	-64.7351
16.910420700861	9	(28.157,259.975,1.895)	60.2372	-68.3089
16.919172076066	1	(29.5853,106.942,1.895)	92.8021	-70.3113
16.920336667087	5	(25.6061,179.685,1.895)	20.2954	-61.7865
16.925066219154	3	(29.2811,139.536,1.895)	60.207	-68.2914
16.929642230819	0	(29.842,79.4436,1.895)	120.302	-77.3462
16.941651904734	4	(29.0272,166.744,1.895)	32.9971	-64.8451
16.949149505596	7	(28.4698,226.463,1.895)	26.7244	-63.2154
17.004964017577	2	(26.1874,117.404,1.895)	80.3683	-72.0106
17.005159656343	8	(25.0635,237.818,1.895)	40.2543	-64.7361
17.010420700861	9	(28.1757,257.97,1.895)	60.2411	-68.3111
17.019172076066	1	(29.6039,104.949,1.895)	92.7863	-70.3106
17.020336667087	5	(25.6248,177.679,1.895)	20.293	-61.7891
17.025066219154	3	(29.2998,137.532,1.895)	60.2017	-68.2884
17.029642230819	0	(29.8606,77.4438,1.895)	120.293	-77.3424
17.041651904734	4	(29.0457,164.755,1.895)	32.9781	-64.8128
17.049149505596	7	(28.4883,224.481,1.895)	26.7507	-63.2703
17.104964017577	2	(26.206,115.403,1.895)	80.3577	-72.0148
17.105159656343	8	(25.0822,235.816,1.895)	40.2632	-64.7377
17.110420700861	9	(28.1944,255.968,1.895)	60.25	-68.3162
17.119172076066	1	(29.6225,102.959,1.895)	92.7662	-70.3096
17.120336667087	5	(25.6434,175.679,1.895)	20.2818	-61.8011
17.125066219154	3	(29.3185,135.524,1.895)	60.1993	-68.287
17.129642230819	0	(29.8794,75.4334,1.895)	120.293	-77.3422
17.141651904734	4	(29.0643,162.762,1.895)	32.9603	-64.7827
17.149149505596	7	(28.5069,222.49,1.895)	26.7705	-63.3121
17.204964017577	2	(26.2248,113.392,1.895)	80.3682	-72.0106
17.205159656343	8	(25.1009,233.807,1.895)	40.2551	-64.7362
17.210420700861	9	(28.2132,253.958,1.895)	60.241	-68.311
17.219172076066	1	(29.6412,100.955,1.895)	92.769	-70.3097
17.220336667087	5	(25.6622,173.668,1.895)	20.2926	-61.7895
17.225066219154	3	(29.3373,133.515,1.895)	60.2072	-68.2915
17.229642230819	0	(29.8981,73.4232,1.895)	120.302	-77.3464
17.241651904734	4	(29.0829,160.767,1.895)	32.9549	-64.7735
17.249149505596	7	(28.5254,220.505,1.895)	26.7858	-63.3447
17.304964017577	2	(26.2435,111.393,1.895)	80.3678	-72.0107
17.305159656343	8	(25.1197,231.797,1.895)	40.2445	-64.7344
17.310420700861	9	(28.2318,251.959,1.895)	60.241	-68.3111
17.319172076066	1	(29.6599,98.9477,1.895)	92.7767	-70.3101
17.320336667087	5	(25.6809,171.661,1.895)	20.299	-61.7825
17.325066219154	3	(29.356,131.511,1.895)	60.2118	-68.2942
17.329642230819	0	(29.9169,71.4155,1.895)	120.31	-77.3499
17.341651904734	4	(29.1016,158.772,1.895)	32.9498	-64.7649
17.349149505596	7	(28.5438,218.527,1.895)	26.8081	-63.3922
17.404964017577	2	(26.2621,109.392,1.895)	80.3669	-72.0111
17.405159656343	8	(25.1383,229.797,1.895)	40.2465	-64.7348
17.410420700861	9	(28.2506,249.95,1.895)	60.2336	-68.3068
17.419172076066	1	(29.6785,96.9536,1.895)	92.769	-70.3097
17.420336667087	5	(25.6997,169.65,1.895)	20.3083	-61.7721
17.425066219154	3	(29.3747,129.511,1.895)	60.2103	-68.2934
17.429642230819	0	(29.9356,69.4113,1.895)	120.312	-77.3509
17.441651904734	4	(29.1202,156.778,1.895)	32.9419	-64.7517
17.449149505596	7	(28.5623,216.545,1.895)	26.8278	-63.4347
17.504964017577	2	(26.2809,107.382,1.895)	80.3651	-72.0119
17.505159656343	8	(25.157,227.794,1.895)	40.2554	-64.7363
17.510420700861	9	(28.2693,247.939,1.895)	60.2347	-68.3074
17.519172076066	1	(29.6972,94.9579,1.895)	92.7528	-70.3089
17.520336667087	5	(25.7184,167.648,1.895)	20.2986	-61.783
17.525066219154	3	(29.3933,127.511,1.895)	60.1988	-68.2867
17.529642230819	0	(29.9543,67.4018,1.895)	120.31	-77.3499
17.541651904734	4	(29.1387,154.793,1.895)	32.9148	-64.7065
17.549149505596	7	(28.5809,214.557,1.895)	26.852	-63.4868
17.604964017577	2	(26.2996,105.377,1.895)	80.3713	-72.0093
17.605159656343	8	(25.1757,225.79,1.895)	40.2502	-64.7354
17.610420700861	9	(28.288,245.938,1.895)	60.2336	-68.3067
17.619172076066	1	(29.7159,92.9523,1.895)	92.7592	-70.3093
17.620336667087	5	(25.7371,165.644,1.895)	20.3032	-61.7779
17.625066219154	3	(29.4121,125.5,1.895)	60.2103	-68.2933
17.629642230819	0	(29.9731,65.3948,1.895)	120.318	-77.3534
17.641651904734	4	(29.1573,152.799,1.895)	32.9097	-64.698
17.649149505596	7	(28.5994,212.571,1.895)	26.8647	-63.5145
17.704964017577	2	(26.3184,103.366,1.895)	80.3771	-72.007
17.705159656343	8	(25.1945,223.784,1.895)	40.2497	-64.7353
17.710420700861	9	(28.3067,243.939,1.895)	60.2395	-68.3102
17.719172076066	1	(29.7346,90.9471,1.895)	92.7591	-70.3092
17.720336667087	5	(25.7558,163.636,1.895)	20.3062	-61.7745
17.725066219154	3	(29.4308,123.494,1.895)	60.2107	-68.2936
17.729642230819	0	(29.9918,63.389,1.895)	120.318	-77.3536
17.741651904734	4	(29.176,150.8,1.895)	32.9034	-64.6875
17.749149505596	7	(28.6179,210.596,1.895)	26.8952	-63.5812
17.804964017577	2	(26.3371,101.359,1.895)	80.3775	-72.0068
17.805159656343	8	(25.2131,221.783,1.895)	40.255	-64.7362
17.810420700861	9	(28.3254,241.93,1.895)	60.2366	-68.3085
17.819172076066	1	(29.7533,88.9428,1.895)	92.7574	-70.3092
17.820336667087	5	(25.7746,161.625,1.895)	20.3107	-61.7693
17.825066219154	3	(29.4495,121.488,1.895)	60.2104	-68.2934
17.829642230819	0	(30.0106,61.3776,1.895)	120.324	-77.356
17.841651904734	4	(29.1946,148.803,1.895)	32.8949	-64.6736
17.849149505596	7	(28.6364,208.608,1.895)	26.9134	-63.6209
17.904964017577	2	(26.3558,99.3524,1.895)	80.3775	-72.0068
17.905159656343	8	(25.2318,219.78,1.895)	40.2585	-64.7369
17.910420700861	9	(28.3442,239.923,1.895)	60.2364	-68.3084
17.919172076066	1	(29.772,86.9368,1.895)	92.7567	-70.3091
17.920336667087	5	(25.7934,159.614,1.895)	20.3151	-61.7643
17.925066219154	3	(29.4682,119.488,1.895)	60.2044	-68.29
17.929642230819	0	(30.0293,59.3672,1.895)	120.327	-77.3575
17.941651904734	4	(29.2132,146.811,1.895)	32.88	-64.6491
17.949149505596	7	(28.655,206.623,1.895)	26.9345	-63.6673
18.004964017577	2	(26.3746,97.3457,1.895)	80.3804	-72.0057
18.005159656343	8	(25.2506,217.774,1.895)	40.2561	-64.7364
18.010420700861	9	(28.3628,237.923,1.895)	60.2401	-68.3105
18.019172076066	1	(29.7907,84.9351,1.895)	92.7546	-70.309
18.020336667087	5	(25.8122,157.603,1.895)	20.3227	-61.7553
18.025066219154	3	(29.4869,117.484,1.895)	60.2039	-68.2897
18.029642230819	0	(30.0481,57.3602,1.895)	120.331	-77.359
18.041651904734	4	(29.2318,144.814,1.895)	32.8727	-64.6371
18.049149505596	7	(28.6735,204.638,1.895)	26.954	-63.7104
18.104964017577	2	(26.3933,95.3423,1.895)	80.3827	-72.0047
18.105159656343	8	(25.2692,215.771,1.895)	40.2547	-64.7362
18.110420700861	9	(28.3815,235.921,1.895)	60.2394	-68.3101
18.119172076066	1	(29.8094,82.9349,1.895)	92.7536	-70.309
18.120336667087	5	(25.8309,155.6,1.895)	20.3248	-61.7528
18.125066219154	3	(29.5056,115.476,1.895)	60.2107	-68.2935
18.129642230819	0	(30.0668,55.3524,1.895)	120.337	-77.3619
18.141651904734	4	(29.2505,142.816,1.895)	32.8697	-64.6322
18.149149505596	7	(28.692,202.651,1.895)	26.9674	-63.7401
18.204964017577	2	(26.412,93.3357,1.895)	80.3825	-72.0048
18.205159656343	8	(25.288,213.763,1.895)	40.2538	-64.736
18.210420700861	9	(28.4002,233.916,1.895)	60.2411	-68.3111
18.219172076066	1	(29.8281,80.9275,1.895)	92.7543	-70.309
18.220336667087	5	(25.8496,153.591,1.895)	20.3262	-61.7511
18.225066219154	3	(29.5244,113.472,1.895)	60.2086	-68.2923
18.229642230819	0	(30.0855,53.3498,1.895)	120.333	-77.3601
18.241651904734	4	(29.2691,140.822,1.895)	32.8567	-64.6112
18.249149505596	7	(28.7106,200.661,1.895)	26.9846	-63.7781
18.304964017577	2	(26.4307,91.3317,1.895)	80.3862	-72.0033
18.305159656343	8	(25.3067,211.761,1.895)	40.2514	-64.7356
18.310420700861	9	(28.4189,231.913,1.895)	60.2384	-68.3095
18.319172076066	1	(29.8467,78.9322,1.895)	92.7492	-70.3088
18.320336667087	5	(25.8684,151.58,1.895)	20.3365	-61.7386
18.325066219154	3	(29.5431,111.46,1.895)	60.2197	-68.2988
18.329642230819	0	(30.1042,51.3465,1.895)	120.336	-77.3614
18.341651904734	4	(29.2876,138.834,1.895)	32.8449	-64.592
18.349149505596	7	(28.7292,198.667,1.895)	26.9904	-63.791
18.404964017577	2	(26.4494,89.331,1.895)	80.3873	-72.0029
18.405159656343	8	(25.3255,209.749,1.895)	40.2394	-64.7336
18.410420700861	9	(28.4376,229.912,1.895)	60.2363	-68.3083
18.419172076066	1	(29.8654,76.9348,1.895)	92.747	-70.3087
18.420336667087	5	(25.887,149.58,1.895)	20.3373	-61.7376
18.425066219154	3	(29.5618,109.46,1.895)	60.22	-68.2989
18.429642230819	0	(30.123,49.3345,1.895)	120.349	-77.3668
18.441651904734	4	(29.3063,136.832,1.895)	32.8472	-64.5958
18.449149505596	7	(28.7477,196.683,1.895)	27.0058	-63.8253
18.504964017577	2	(26.4681,87.3239,1.895)	80.3925	-72.0008
18.505159656343	8	(25.3442,207.74,1.895)	40.2319	-64.7323
18.510420700861	9	(28.4563,227.909,1.895)	60.2356	-68.3079
18.519172076066	1	(29.8841,74.9235,1.895)	92.7564	-70.3091
18.520336667087	5	(25.9057,147.581,1.895)	20.3344	-61.7411
18.525066219154	3	(29.5805,107.46,1.895)	60.219	-68.2983
18.529642230819	0	(30.1417,47.3272,1.895)	120.354	-77.3692
18.541651904734	4	(29.3249,134.841,1.895)	32.836	-64.5776
18.549149505596	7	(28.7662,194.703,1.895)	27.0283	-63.8753
18.604964017577	2	(26.4868,85.3168,1.895)	80.3912	-72.0013
18.605159656343	8	(25.363,205.731,1.895)	40.2313	-64.7322
18.610420700861	9	(28.4751,225.897,1.895)	60.2322	-68.3059
18.619172076066	1	(29.9029,72.9168,1.895)	92.7547	-70.309
18.620336667087	5	(25.9244,145.577,1.895)	20.3298	-61.7468
18.625066219154	3	(29.5992,105.455,1.895)	60.2156	-68.2964
18.629642230819	0	(30.1604,45.3193,1.895)	120.354	-77.369
18.641651904734	4	(29.3436,132.844,1.895)	32.825	-64.5601
18.649149505596	7	(28.7848,192.713,1.895)	27.0468	-63.9163
18.704964017577	2	(26.5056,83.3062,1.895)	80.3927	-72.0007
18.705159656343	8	(25.3817,203.722,1.895)	40.2319	-64.7323
18.710420700861	9	(28.4938,223.89,1.895)	60.2341	-68.307
18.719172076066	1	(29.9216,70.9094,1.895)	92.7531	-70.309
18.720336667087	5	(25.9432,143.566,1.895)	20.3323	-61.7438
18.725066219154	3	(29.6179,103.449,1.895)	60.2118	-68.2942
18.729642230819	0	(30.1792,43.3092,1.895)	120.355	-77.3695
18.741651904734	4	(29.3622,130.843,1.895)	32.8171	-64.5474
18.749149505596	7	(28.8033,190.726,1.895)	27.0686	-63.9647
18.804964017577	2	(26.5244,81.2964,1.895)	80.4022	-71.9969
18.805159656343	8	(25.4004,201.718,1.895)	40.2276	-64.7316
18.810420700861	9	(28.5125,221.882,1.895)	60.2268	-68.3028
18.819172076066	1	(29.9403,68.9094,1.895)	92.7528	-70.3089
18.820336667087	5	(25.9619,141.555,1.895)	20.343	-61.7304
18.825066219154	3	(29.6366,101.449,1.895)	60.212	-68.2943
18.829642230819	0	(30.1979,41.3091,1.895)	120.354	-77.3694
18.841651904734	4	(29.3809,128.846,1.895)	32.8132	-64.5412
18.849149505596	7	(28.822,188.729,1.895)	27.0715	-63.9712
18.904964017577	2	(26.5431,79.2871,1.895)	80.4005	-71.9976
18.905159656343	8	(25.4191,199.711,1.895)	40.2324	-64.7324
18.910420700861	9	(28.5313,219.876,1.895)	60.2313	-68.3054
18.919172076066	1	(29.9589,66.9144,1.895)	92.7368	-70.3082
18.920336667087	5	(25.9806,139.552,1.895)	20.3347	-61.7408
18.925066219154	3	(29.6553,99.4408,1.895)	60.209	-68.2926
18.929642230819	0	(30.2166,39.3027,1.895)	120.35	-77.3674
18.941651904734	4	(29.3995,126.853,1.895)	32.7961	-64.514
18.949149505596	7	(28.8405,186.746,1.895)	27.1004	-64.0355
19.004964017577	2	(26.5618,77.285,1.895)	80.3919	-72.001
19.005159656343	8	(25.4378,197.712,1.895)	40.2432	-64.7342
19.010420700861	9	(28.5499,217.875,1.895)	60.2414	-68.3113
19.019172076066	1	(29.9776,64.9075,1.895)	92.733	-70.308
19.020336667087	5	(25.9994,137.545,1.895)	20.3309	-61.7454
19.025066219154	3	(29.6741,97.4334,1.895)	60.2056	-68.2907
19.029642230819	0	(30.2354,37.2928,1.895)	120.349	-77.367
19.041651904734	4	(29.4181,124.859,1.895)	32.7786	-64.4865
19.049149505596	7	(28.8591,184.75,1.895)	27.1147	-64.0671
19.104964017577	2	(26.5805,75.2845,1.895)	80.388	-72.0026
19.105159656343	8	(25.4565,195.709,1.895)	40.2447	-64.7344
19.110420700861	9	(28.5687,215.869,1.895)	60.2398	-68.3103
19.119172076066	1	(29.9963,62.9102,1.895)	92.7259	-70.3077
19.120336667087	5	(26.0181,135.542,1.895)	20.3297	-61.7469
19.125066219154	3	(29.6927,95.4334,1.895)	60.2012	-68.2881
19.129642230819	0	(30.2541,35.2834,1.895)	120.354	-77.3692
19.141651904734	4	(29.4367,122.865,1.895)	32.769	-64.4713
19.149149505596	7	(28.8777,182.753,1.895)	27.1223	-64.084
19.204964017577	2	(26.5992,73.2791,1.895)	80.3831	-72.0045
19.205159656343	8	(25.4752,193.702,1.895)	40.2479	-64.735
19.210420700861	9	(28.5874,213.86,1.895)	60.2407	-68.3108
19.219172076066	1	(30.015,60.9049,1.895)	92.721	-70.3074
19.220336667087	5	(26.0368,133.538,1.895)	20.3231	-61.7548
19.225066219154	3	(29.7114,93.4286,1.895)	60.1958	-68.285
19.229642230819	0	(30.2729,33.2747,1.895)	120.352	-77.3685
19.241651904734	4	(29.4553,120.869,1.895)	32.754	-64.4481
19.249149505596	7	(28.8963,180.763,1.895)	27.1424	-64.1285
19.304964017577	2	(26.6179,71.2761,1.895)	80.3794	-72.0061
19.305159656343	8	(25.494,191.693,1.895)	40.2464	-64.7347
19.310420700861	9	(28.6062,211.851,1.895)	60.2386	-68.3096
19.319172076066	1	(30.0337,58.9023,1.895)	92.7168	-70.3072
19.320336667087	5	(26.0555,131.533,1.895)	20.3216	-61.7567
19.325066219154	3	(29.7301,91.4278,1.895)	60.1899	-68.2816
19.329642230819	0	(30.2916,31.264,1.895)	120.356	-77.3702
19.341651904734	4	(29.474,118.868,1.895)	32.7485	-64.4395
19.349149505596	7	(28.915,178.763,1.895)	27.1496	-64.1444
19.404964017577	2	(26.6367,69.2648,1.895)	80.3862	-72.0033
19.405159656343	8	(25.5126,189.694,1.895)	40.2515	-64.7356
19.410420700861	9	(28.6249,209.841,1.895)	60.2333	-68.3066
19.419172076066	1	(30.0524,56.8911,1.895)	92.7236	-70.3075
19.420336667087	5	(26.0742,129.529,1.895)	20.3214	-61.7568
19.425066219154	3	(29.7488,89.4237,1.895)	60.1895	-68.2814
19.429642230819	0	(30.3103,29.2618,1.895)	120.354	-77.3693
19.441651904734	4	(29.4926,116.871,1.895)	32.7413	-64.4285
19.449149505596	7	(28.9336,176.772,1.895)	27.163	-64.1739
19.504964017577	2	(26.6554,67.254,1.895)	80.3894	-72.002
19.505159656343	8	(25.5313,187.694,1.895)	40.2588	-64.7369
19.510420700861	9	(28.6436,207.84,1.895)	60.2394	-68.3101
19.519172076066	1	(30.0711,54.8962,1.895)	92.7107	-70.3069
19.520336667087	5	(26.0929,127.526,1.895)	20.3168	-61.7623
19.525066219154	3	(29.7675,87.4197,1.895)	60.1858	-68.2793
19.529642230819	0	(30.329,27.2625,1.895)	120.346	-77.3655
19.541651904734	4	(29.5112,114.881,1.895)	32.7234	-64.4008
19.549149505596	7	(28.9521,174.782,1.895)	27.1799	-64.2112
19.604964017577	2	(26.6742,65.246,1.895)	80.3976	-71.9987
19.605159656343	8	(25.55,185.689,1.895)	40.2538	-64.736
19.610420700861	9	(28.6623,205.837,1.895)	60.2366	-68.3085
19.619172076066	1	(30.0896,52.9065,1.895)	92.7007	-70.3065
19.620336667087	5	(26.1116,125.525,1.895)	20.318	-61.7608
19.625066219154	3	(29.7862,85.4131,1.895)	60.1926	-68.2832
19.629642230819	0	(30.3477,25.256,1.895)	120.352	-77.3685
19.641651904734	4	(29.5298,112.885,1.895)	32.7194	-64.3947
19.649149505596	7	(28.9708,172.785,1.895)	27.1829	-64.2177
19.704964017577	2	(26.6928,63.2455,1.895)	80.3989	-71.9982
19.705159656343	8	(25.5688,183.682,1.895)	40.246	-64.7347
19.710420700861	9	(28.681,203.833,1.895)	60.2314	-68.3055
19.719172076066	1	(30.1084,50.8984,1.895)	92.7096	-70.3069
19.720336667087	5	(26.1303,123.514,1.895)	20.3301	-61.7464
19.725066219154	3	(29.805,83.4024,1.895)	60.2041	-68.2898
19.741651904734	4	(29.5485,110.884,1.895)	32.7218	-64.3983
19.749149505596	7	(28.9893,170.795,1.895)	27.1924	-64.2384
19.804964017577	2	(26.7115,61.2448,1.895)	80.392	-72.001
19.805159656343	8	(25.5875,181.676,1.895)	40.2476	-64.735
19.810420700861	9	(28.6997,201.832,1.895)	60.2385	-68.3096
19.819172076066	1	(30.1271,48.8912,1.895)	92.7092	-70.3069
19.820336667087	5	(26.149,121.51,1.895)	20.3261	-61.7512
19.825066219154	3	(29.8237,81.3962,1.895)	60.2027	-68.289
19.841651904734	4	(29.5672,108.884,1.895)	32.7139	-64.3863
19.849149505596	7	(29.0079,168.809,1.895)	27.2137	-64.2851
19.904964017577	2	(26.7302,59.2429,1.895)	80.3936	-72.0003
19.905159656343	8	(25.6061,179.676,1.895)	40.2477	-64.735
19.910420700861	9	(28.7184,199.821,1.895)	60.2277	-68.3033
19.919172076066	1	(30.1458,46.8921,1.895)	92.708	-70.3068
19.920336667087	5	(26.1677,119.51,1.895)	20.3254	-61.7521
19.925066219154	3	(29.8425,79.3896,1.895)	60.2091	-68.2926
19.941651904734	4	(29.5858,106.884,1.895)	32.7134	-64.3857
19.949149505596	7	(29.0264,166.821,1.895)	27.2258	-64.3113
20.004964017577	2	(26.7489,57.2413,1.895)	80.386	-72.0034
20.005159656343	8	(25.6248,177.673,1.895)	40.2537	-64.736
20.010420700861	9	(28.7372,197.811,1.895)	60.227	-68.303
20.019172076066	1	(30.1645,44.8832,1.895)	92.7078	-70.3068
20.020336667087	5	(26.1864,117.507,1.895)	20.3194	-61.7593
20.025066219154	3	(29.8612,77.3808,1.895)	60.2087	-68.2924
20.041651904734	4	(29.6045,104.886,1.895)	32.7026	-64.3692
20.049149505596	7	(29.045,164.836,1.895)	27.2498	-64.3635
20.104964017577	2	(26.7676,55.2391,1.895)	80.3788	-72.0063
20.105159656343	8	(25.6435,175.67,1.895)	40.2606	-64.7372
20.110420700861	9	(28.7559,195.802,1.895)	60.2272	-68.303
20.119172076066	1	(30.1833,42.875,1.895)	92.7065	-70.3067
20.120336667087	5	(26.2051,115.507,1.895)	20.31	-61.7702
20.125066219154	3	(29.8799,75.3751,1.895)	60.205	-68.2903
20.141651904734	4	(29.6232,102.884,1.895)	32.6945	-64.357
20.149149505596	7	(29.0636,162.839,1.895)	27.2629	-64.3916
20.204964017577	2	(26.7863,53.2373,1.895)	80.3742	-72.0082
20.205159656343	8	(25.6622,173.669,1.895)	40.2661	-64.7382
20.210420700861	9	(28.7746,193.801,1.895)	60.2326	-68.3062
20.219172076066	1	(30.202,40.8688,1.895)	92.7063	-70.3067
20.220336667087	5	(26.2238,113.503,1.895)	20.3085	-61.7719
20.225066219154	3	(29.8987,73.365,1.895)	60.2087	-68.2924
20.241651904734	4	(29.6418,100.892,1.895)	32.6802	-64.3354
20.249149505596	7	(29.0823,160.84,1.895)	27.2699	-64.4068
20.304964017577	2	(26.805,51.2265,1.895)	80.3833	-72.0045
20.305159656343	8	(25.6809,171.667,1.895)	40.2654	-64.7381
20.310420700861	9	(28.7934,191.792,1.895)	60.2256	-68.3022
20.319172076066	1	(30.2208,38.8582,1.895)	92.7152	-70.3071
20.320336667087	5	(26.2425,111.501,1.895)	20.308	-61.7724
20.325066219154	3	(29.9173,71.3657,1.895)	60.2062	-68.291
20.341651904734	4	(29.6605,98.8855,1.895)	32.6852	-64.3429
20.349149505596	7	(29.1009,158.843,1.895)	27.2748	-64.4171
20.404964017577	2	(26.8238,49.2156,1.895)	80.3896	-72.0019
20.405159656343	8	(25.6996,169.66,1.895)	40.2636	-64.7378
20.410420700861	9	(28.8121,189.784,1.895)	60.2214	-68.2997
20.419172076066	1	(30.2395,36.8515,1.895)	92.7173	-70.3072
20.420336667087	5	(26.2612,109.49,1.895)	20.3148	-61.7646
20.425066219154	3	(29.9361,69.3552,1.895)	60.2122	-68.2944
20.441651904734	4	(29.6791,96.8972,1.895)	32.669	-64.3186
20.449149505596	7	(29.1195,156.851,1.895)	27.2877	-64.4448
20.504964017577	2	(26.8425,47.2073,1.895)	80.3938	-72.0002
20.505159656343	8	(25.7183,167.661,1.895)	40.2678	-64.7385
20.510420700861	9	(28.8309,187.772,1.895)	60.2135	-68.2952
20.519172076066	1	(30.2582,34.8411,1.895)	92.7237	-70.3076
20.520336667087	5	(26.2799,107.486,1.895)	20.3149	-61.7645
20.525066219154	3	(29.9548,67.3532,1.895)	60.2101	-68.2932
20.541651904734	4	(29.6977,94.9005,1.895)	32.6616	-64.3076
20.549149505596	7	(29.138,154.864,1.895)	27.3041	-64.4796
20.604964017577	2	(26.8613,45.2005,1.895)	80.395	-71.9998
20.605159656343	8	(25.737,165.652,1.895)	40.2648	-64.738
20.610420700861	9	(28.8497,185.76,1.895)	60.2078	-68.2919
20.619172076066	1	(30.2769,32.8379,1.895)	92.7212	-70.3074
20.620336667087	5	(26.2986,105.486,1.895)	20.3091	-61.7712
20.625066219154	3	(29.9735,65.3446,1.895)	60.2131	-68.2949
20.641651904734	4	(29.7164,92.901,1.895)	32.6555	-64.2985
20.649149505596	7	(29.1567,152.864,1.895)	27.3105	-64.4931
20.704964017577	2	(26.88,43.1887,1.895)	80.404	-71.9961
20.705159656343	8	(25.7557,163.652,1.895)	40.2677	-64.7385
20.710420700861	9	(28.8684,183.756,1.895)	60.2064	-68.2911
20.719172076066	1	(30.2957,30.8312,1.895)	92.725	-70.3076
20.720336667087	5	(26.3173,103.482,1.895)	20.3099	-61.7703
20.725066219154	3	(29.9922,63.3416,1.895)	60.2133	-68.295
20.741651904734	4	(29.735,90.8978,1.895)	32.6559	-64.2991
20.749149505596	7	(29.1753,150.874,1.895)	27.3227	-64.5189
20.804964017577	2	(26.8987,41.1861,1.895)	80.4064	-71.9952
20.805159656343	8	(25.7744,161.652,1.895)	40.2685	-64.7386
20.810420700861	9	(28.8871,181.754,1.895)	60.2047	-68.2901
20.819172076066	1	(30.3144,28.8252,1.895)	92.7308	-70.3079
20.820336667087	5	(26.336,101.477,1.895)	20.3145	-61.765
20.825066219154	3	(30.011,61.3342,1.895)	60.2204	-68.2991
20.841651904734	4	(29.7537,88.9022,1.895)	32.6512	-64.2922
20.849149505596	7	(29.1939,148.883,1.895)	27.3325	-64.5395
20.904964017577	2	(26.9175,39.179,1.895)	80.4026	-71.9967
20.905159656343	8	(25.7931,159.649,1.895)	40.2761	-64.74
20.910420700861	9	(28.9058,179.745,1.895)	60.2066	-68.2912
20.919172076066	1	(30.3331,26.8213,1.895)	92.7238	-70.3076
20.920336667087	5	(26.3547,99.4702,1.895)	20.3109	-61.7691
20.925066219154	3	(30.0297,59.3282,1.895)	60.2155	-68.2963
20.941651904734	4	(29.7724,86.8987,1.895)	32.6439	-64.2814
20.949149505596	7	(29.2124,146.898,1.895)	27.3577	-64.5918
21.004964017577	2	(26.9362,37.1686,1.895)	80.4063	-71.9952
21.005159656343	8	(25.8118,157.64,1.895)	40.2737	-64.7396
21.010420700861	9	(28.9245,177.743,1.895)	60.2111	-68.2938
21.020336667087	5	(26.3735,97.4593,1.895)	20.315	-61.7644
21.025066219154	3	(30.0485,57.3187,1.895)	60.2184	-68.298
21.041651904734	4	(29.791,84.9004,1.895)	32.6354	-64.2689
21.049149505596	7	(29.2311,144.896,1.895)	27.363	-64.6028
21.104964017577	2	(26.9549,35.1661,1.895)	80.3968	-71.999
21.105159656343	8	(25.8305,155.637,1.895)	40.2825	-64.7412
21.110420700861	9	(28.9432,175.736,1.895)	60.2166	-68.297
21.120336667087	5	(26.3922,95.4543,1.895)	20.3082	-61.7722
21.125066219154	3	(30.0672,55.313,1.895)	60.212	-68.2943
21.141651904734	4	(29.8098,82.893,1.895)	32.6309	-64.2623
21.149149505596	7	(29.2497,142.896,1.895)	27.3742	-64.6259
21.204964017577	2	(26.9737,33.1551,1.895)	80.408	-71.9945
21.205159656343	8	(25.8493,153.629,1.895)	40.2739	-64.7396
21.210420700861	9	(28.962,173.727,1.895)	60.2073	-68.2916
21.220336667087	5	(26.411,93.4432,1.895)	20.3193	-61.7593
21.225066219154	3	(30.0859,53.3038,1.895)	60.2215	-68.2998
21.241651904734	4	(29.8284,80.8915,1.895)	32.6326	-64.2647
21.249149505596	7	(29.2685,140.889,1.895)	27.3678	-64.6128
21.304964017577	2	(26.9924,31.151,1.895)	80.4022	-71.9968
21.305159656343	8	(25.8679,151.626,1.895)	40.2811	-64.741
21.310420700861	9	(28.9807,171.723,1.895)	60.2131	-68.2949
21.320336667087	5	(26.4297,91.4425,1.895)	20.3103	-61.7698
21.325066219154	3	(30.1046,51.3023,1.895)	60.2131	-68.2949
21.341651904734	4	(29.8472,78.8844,1.895)	32.6298	-64.2607
21.349149505596	7	(29.2871,138.896,1.895)	27.3848	-64.6475
21.404964017577	2	(27.0111,29.1485,1.895)	80.401	-71.9973
21.405159656343	8	(25.8866,149.623,1.895)	40.2815	-64.741
21.410420700861	9	(28.9994,169.722,1.895)	60.2153	-68.2962
21.420336667087	5	(26.4484,89.4321,1.895)	20.3169	-61.7621
21.425066219154	3	(30.1233,49.2998,1.895)	60.2119	-68.2943
21.441651904734	4	(29.8658,76.8928,1.895)	32.6177	-64.2431
21.449149505596	7	(29.3057,136.898,1.895)	27.3898	-64.6576
21.504964017577	2	(27.0299,27.137,1.895)	80.4013	-71.9972
21.505159656343	8	(25.9054,147.612,1.895)	40.2817	-64.7411
21.510420700861	9	(29.0181,167.714,1.895)	60.2185	-68.2981
21.520336667087	5	(26.4672,87.4264,1.895)	20.3114	-61.7686
21.525066219154	3	(30.142,47.2998,1.895)	60.2007	-68.2878
21.541651904734	4	(29.8845,74.8901,1.895)	32.6091	-64.2306
21.549149505596	7	(29.3243,134.904,1.895)	27.4069	-64.6923
21.604964017577	2	(27.0486,25.1349,1.895)	80.3937	-72.0003
21.605159656343	8	(25.9242,145.6,1.895)	40.2799	-64.7407
21.610420700861	9	(29.0369,165.703,1.895)	60.2177	-68.2976
21.620336667087	5	(26.4858,85.4238,1.895)	20.3044	-61.7766
21.625066219154	3	(30.1607,45.2932,1.895)	60.1975	-68.286
21.641651904734	4	(29.9031,72.8943,1.895)	32.5952	-64.2105
21.649149505596	7	(29.343,132.907,1.895)	27.4199	-64.7182
21.705159656343	8	(25.9429,143.595,1.895)	40.2756	-64.7399
21.710420700861	9	(29.0556,163.701,1.895)	60.2157	-68.2964
21.720336667087	5	(26.5045,83.4225,1.895)	20.3051	-61.7757
21.725066219154	3	(30.1794,43.2874,1.895)	60.2028	-68.289
21.741651904734	4	(29.9217,70.8948,1.895)	32.5942	-64.2091
21.749149505596	7	(29.3616,130.912,1.895)	27.4256	-64.7297
21.805159656343	8	(25.9616,141.589,1.895)	40.2719	-64.7393
21.810420700861	9	(29.0743,161.693,1.895)	60.2112	-68.2939
21.820336667087	5	(26.5232,81.4181,1.895)	20.3067	-61.7739
21.825066219154	3	(30.1981,41.281,1.895)	60.2065	-68.2911
21.841651904734	4	(29.9404,68.893,1.895)	32.5933	-64.2077
21.849149505596	7	(29.3802,128.92,1.895)	27.4362	-64.7506
21.905159656343	8	(25.9803,139.589,1.895)	40.2844	-64.7416
21.910420700861	9	(29.093,159.69,1.895)	60.2202	-68.299
21.920336667087	5	(26.5419,79.4178,1.895)	20.2953	-61.7866
21.925066219154	3	(30.2168,39.2786,1.895)	60.1969	-68.2857
21.941651904734	4	(29.9591,66.897,1.895)	32.5774	-64.185
21.949149505596	7	(29.3988,126.921,1.895)	27.449	-64.7758
22.005159656343	8	(25.999,137.589,1.895)	40.2849	-64.7417
22.010420700861	9	(29.1117,157.69,1.895)	60.2197	-68.2987
22.020336667087	5	(26.5606,77.4148,1.895)	20.2979	-61.7838
22.025066219154	3	(30.2356,37.2671,1.895)	60.208	-68.292
22.041651904734	4	(29.9777,64.9021,1.895)	32.5718	-64.1771
22.049149505596	7	(29.4176,124.914,1.895)	27.4431	-64.7641
22.105159656343	8	(26.0177,135.584,1.895)	40.2869	-64.7421
22.110420700861	9	(29.1303,155.69,1.895)	60.2272	-68.303
22.120336667087	5	(26.5793,75.4091,1.895)	20.2962	-61.7856
22.125066219154	3	(30.2544,35.257,1.895)	60.2108	-68.2936
22.141651904734	4	(29.9964,62.8919,1.895)	32.5747	-64.1812
22.149149505596	7	(29.4361,122.923,1.895)	27.4591	-64.7956
22.205159656343	8	(26.0363,133.584,1.895)	40.29	-64.7426
22.210420700861	9	(29.1491,153.679,1.895)	60.2195	-68.2986
22.220336667087	5	(26.5981,73.4004,1.895)	20.302	-61.7792
22.225066219154	3	(30.2731,33.2532,1.895)	60.2117	-68.2941
22.241651904734	4	(30.0152,60.8849,1.895)	32.5788	-64.1871
22.249149505596	7	(29.4548,120.922,1.895)	27.4614	-64.7998
22.305159656343	8	(26.0551,131.579,1.895)	40.2943	-64.7435
22.310420700861	9	(29.1678,151.671,1.895)	60.221	-68.2995
22.320336667087	5	(26.6168,71.3963,1.895)	20.2962	-61.7857
22.325066219154	3	(30.2917,31.2538,1.895)	60.2011	-68.288
22.341651904734	4	(30.0338,58.887,1.895)	32.5667	-64.1698
22.349149505596	7	(29.4735,118.924,1.895)	27.473	-64.8224
22.405159656343	8	(26.0737,129.578,1.895)	40.2958	-64.7438
22.410420700861	9	(29.1866,149.663,1.895)	60.2157	-68.2965
22.420336667087	5	(26.6355,69.387,1.895)	20.3033	-61.7778
22.425066219154	3	(30.3104,29.2501,1.895)	60.2027	-68.2889
22.441651904734	4	(30.0524,56.8914,1.895)	32.5602	-64.1607
22.449149505596	7	(29.4921,116.928,1.895)	27.4792	-64.8341
22.505159656343	8	(26.0924,127.575,1.895)	40.3008	-64.7447
22.510420700861	9	(29.2053,147.655,1.895)	60.2156	-68.2964
22.520336667087	5	(26.6543,67.3775,1.895)	20.305	-61.7758
22.525066219154	3	(30.3291,27.2451,1.895)	60.2	-68.2874
22.541651904734	4	(30.0711,54.8935,1.895)	32.5504	-64.1469
22.549149505596	7	(29.5107,114.937,1.895)	27.4961	-64.8664
22.605159656343	8	(26.1111,125.569,1.895)	40.3032	-64.7452
22.610420700861	9	(29.2241,145.647,1.895)	60.216	-68.2966
22.620336667087	5	(26.673,65.3682,1.895)	20.3058	-61.775
22.625066219154	3	(30.3478,25.2435,1.895)	60.1931	-68.2835
22.641651904734	4	(30.0898,52.8923,1.895)	32.5431	-64.1367
22.649149505596	7	(29.5294,112.936,1.895)	27.5031	-64.8794
22.705159656343	8	(26.1298,123.57,1.895)	40.3065	-64.7459
22.710420700861	9	(29.2428,143.639,1.895)	60.2103	-68.2934
22.720336667087	5	(26.6917,63.3682,1.895)	20.3033	-61.7777
22.741651904734	4	(30.1085,50.8888,1.895)	32.5441	-64.138
22.749149505596	7	(29.5481,110.931,1.895)	27.5011	-64.8757
22.805159656343	8	(26.1485,121.566,1.895)	40.3039	-64.7454
22.810420700861	9	(29.2615,141.638,1.895)	60.2105	-68.2935
22.820336667087	5	(26.7104,61.3631,1.895)	20.3066	-61.774
22.841651904734	4	(30.1272,48.8818,1.895)	32.5493	-64.1454
22.849149505596	7	(29.5667,108.933,1.895)	27.5041	-64.8813
22.905159656343	8	(26.1673,119.558,1.895)	40.2985	-64.7443
22.910420700861	9	(29.2802,139.635,1.895)	60.2101	-68.2932
22.920336667087	5	(26.7291,59.3601,1.895)	20.3077	-61.7728
22.941651904734	4	(30.1459,46.8785,1.895)	32.5507	-64.1472
22.949149505596	7	(29.5853,106.944,1.895)	27.517	-64.9054
23.005159656343	8	(26.186,117.548,1.895)	40.2891	-64.7425
23.010420700861	9	(29.2989,137.629,1.895)	60.2046	-68.29
23.020336667087	5	(26.7478,57.3596,1.895)	20.3074	-61.7731
23.041651904734	4	(30.1646,44.8795,1.895)	32.5489	-64.1448
23.049149505596	7	(29.6039,104.946,1.895)	27.5206	-64.912
23.105159656343	8	(26.2047,115.543,1.895)	40.2897	-64.7426
23.110420700861	9	(29.3176,135.624,1.895)	60.2061	-68.2909
23.120336667087	5	(26.7666,55.3483,1.895)	20.3126	-61.7672
23.141651904734	4	(30.1833,42.8718,1.895)	32.5505	-64.1471
23.149149505596	7	(29.6225,102.952,1.895)	27.5322	-64.9334
23.205159656343	8	(26.2234,113.539,1.895)	40.2913	-64.7429
23.210420700861	9	(29.3363,133.624,1.895)	60.2109	-68.2937
23.220336667087	5	(26.7853,53.3387,1.895)	20.3167	-61.7624
23.241651904734	4	(30.2021,40.861,1.895)	32.5559	-64.1546
23.249149505596	7	(29.6412,100.952,1.895)	27.5381	-64.944
23.305159656343	8	(26.2421,111.535,1.895)	40.2943	-64.7435
23.310420700861	9	(29.355,131.617,1.895)	60.2111	-68.2938
23.320336667087	5	(26.804,51.3389,1.895)	20.3098	-61.7704
23.341651904734	4	(30.2207,38.8589,1.895)	32.5512	-64.148
23.349149505596	7	(29.6599,98.9512,1.895)	27.5437	-64.9542
23.405159656343	8	(26.2608,109.534,1.895)	40.3003	-64.7446
23.410420700861	9	(29.3738,129.608,1.895)	60.2093	-68.2928
23.420336667087	5	(26.8226,49.3385,1.895)	20.3028	-61.7783
23.441651904734	4	(30.2394,36.856,1.895)	32.5467	-64.1417
23.449149505596	7	(29.6786,96.951,1.895)	27.5509	-64.9672
23.505159656343	8	(26.2796,107.523,1.895)	40.2898	-64.7426
23.510420700861	9	(29.3924,127.608,1.895)	60.2099	-68.2931
23.520336667087	5	(26.8414,47.3301,1.895)	20.3106	-61.7694
23.541651904734	4	(30.2581,34.8516,1.895)	32.5506	-64.1471
23.549149505596	7	(29.6973,94.9466,1.895)	27.547	-64.9602
23.605159656343	8	(26.2983,105.512,1.895)	40.2871	-64.7421
23.610420700861	9	(29.4112,125.598,1.895)	60.2078	-68.2919
23.620336667087	5	(26.8601,45.3278,1.895)	20.3054	-61.7754
23.641651904734	4	(30.2768,32.8518,1.895)	32.5428	-64.1362
23.649149505596	7	(29.7159,92.9539,1.895)	27.5619	-64.9868
23.705159656343	8	(26.3171,103.502,1.895)	40.277	-64.7402
23.710420700861	9	(29.43,123.587,1.895)	60.1969	-68.2856
23.720336667087	5	(26.8788,43.3253,1.895)	20.3076	-61.7729
23.741651904734	4	(30.2956,30.842,1.895)	32.5523	-64.1496
23.749149505596	7	(29.7345,90.9563,1.895)	27.5646	-64.9916
23.805159656343	8	(26.3358,101.503,1.895)	40.2885	-64.7424
23.810420700861	9	(29.4486,121.586,1.895)	60.2068	-68.2913
23.820336667087	5	(26.8975,41.3199,1.895)	20.3024	-61.7788
23.841651904734	4	(30.3143,28.8312,1.895)	32.5524	-64.1497
23.849149505596	7	(29.7531,88.9599,1.895)	27.5789	-65.0168
23.905159656343	8	(26.3545,99.4982,1.895)	40.2911	-64.7429
23.910420700861	9	(29.4674,119.579,1.895)	60.2065	-68.2912
23.920336667087	5	(26.9162,39.3175,1.895)	20.2977	-61.784
23.941651904734	4	(30.333,26.8268,1.895)	32.5497	-64.1459
23.949149505596	7	(29.7719,86.9538,1.895)	27.58	-65.0185
24.005159656343	8	(26.3732,97.4961,1.895)	40.2969	-64.744
24.010420700861	9	(29.4861,117.576,1.895)	60.211	-68.2937
24.020336667087	5	(26.9348,37.3184,1.895)	20.289	-61.7934
24.049149505596	7	(29.7905,84.9588,1.895)	27.5928	-65.0408
24.105159656343	8	(26.3919,95.491,1.895)	40.2963	-64.7439
24.110420700861	9	(29.5048,115.564,1.895)	60.2043	-68.2899
24.120336667087	5	(26.9535,35.3138,1.895)	20.289	-61.7934
24.149149505596	7	(29.8092,82.957,1.895)	27.5956	-65.0456
24.205159656343	8	(26.4106,93.4804,1.895)	40.2905	-64.7428
24.210420700861	9	(29.5235,113.563,1.895)	60.2078	-68.2919
24.220336667087	5	(26.9722,33.3136,1.895)	20.2845	-61.7982
24.249149505596	7	(29.8278,80.9595,1.895)	27.6029	-65.0579
24.305159656343	8	(26.4293,91.478,1.895)	40.2968	-64.744
24.310420700861	9	(29.5422,111.564,1.895)	60.2172	-68.2973
24.320336667087	5	(26.9909,31.3113,1.895)	20.2782	-61.8047
24.349149505596	7	(29.8465,78.9543,1.895)	27.6064	-65.0639
24.405159656343	8	(26.448,89.4757,1.895)	40.3037	-64.7453
24.410420700861	9	(29.5608,109.563,1.895)	60.2261	-68.3024
24.420336667087	5	(27.0096,29.3094,1.895)	20.271	-61.812
24.449149505596	7	(29.8652,76.9483,1.895)	27.6096	-65.0692
24.505159656343	8	(26.4668,87.4644,1.895)	40.2999	-64.7446
24.510420700861	9	(29.5795,107.561,1.895)	60.2311	-68.3053
24.520336667087	5	(27.0283,27.3059,1.895)	20.2671	-61.8159
24.549149505596	7	(29.884,74.9432,1.895)	27.612	-65.0733
24.605159656343	8	(26.4855,85.4601,1.895)	40.3013	-64.7448
24.610420700861	9	(29.5982,105.56,1.895)	60.2356	-68.3079
24.620336667087	5	(27.0471,25.2953,1.895)	20.2718	-61.8112
24.649149505596	7	(29.9026,72.9448,1.895)	27.6194	-65.0857
24.705159656343	8	(26.5042,83.452,1.895)	40.2932	-64.7433
24.710420700861	9	(29.6169,103.561,1.895)	60.2364	-68.3084
24.749149505596	7	(29.9213,70.9399,1.895)	27.6144	-65.0773
24.805159656343	8	(26.523,81.4444,1.895)	40.2954	-64.7437
24.810420700861	9	(29.6356,101.555,1.895)	60.2409	-68.311
24.849149505596	7	(29.9399,68.9486,1.895)	27.6328	-65.1078
24.905159656343	8	(26.5417,79.4344,1.895)	40.286	-64.7419
24.910420700861	9	(29.6543,99.5479,1.895)	60.2342	-68.3071
24.949149505596	7	(29.9586,66.9411,1.895)	27.6261	-65.0967
25.005159656343	8	(26.5605,77.4234,1.895)	40.2838	-64.7415
25.010420700861	9	(29.673,97.5454,1.895)	60.2406	-68.3108
25.049149505596	7	(29.9773,64.9474,1.895)	27.6411	-65.1214
25.105159656343	8	(26.5792,75.4166,1.895)	40.2764	-64.7401
25.110420700861	9	(29.6917,95.54,1.895)	60.2344	-68.3072
25.149149505596	7	(29.996,62.9417,1.895)	27.6347	-65.1109
25.205159656343	8	(26.5979,73.414,1.895)	40.2806	-64.7409
25.210420700861	9	(29.7105,93.5332,1.895)	60.2344	-68.3072
25.249149505596	7	(30.0146,60.9442,1.895)	27.6441	-65.1261
25.305159656343	8	(26.6166,71.4116,1.895)	40.2798	-64.7407
25.310420700861	9	(29.7291,91.5304,1.895)	60.2333	-68.3066
25.349149505596	7	(30.0333,58.9466,1.895)	27.6481	-65.1325
25.405159656343	8	(26.6354,69.4025,1.895)	40.2786	-64.7405
25.410420700861	9	(29.7478,89.5311,1.895)	60.2418	-68.3115
25.449149505596	7	(30.0518,56.9552,1.895)	27.6645	-65.1586
25.505159656343	8	(26.6541,67.3927,1.895)	40.2692	-64.7388
25.510420700861	9	(29.7665,87.5283,1.895)	60.2393	-68.31
25.549149505596	7	(30.0706,54.9497,1.895)	27.6593	-65.1504
25.605159656343	8	(26.6729,65.3832,1.895)	40.2658	-64.7382
25.610420700861	9	(29.7853,85.519,1.895)	60.2363	-68.3083
25.649149505596	7	(30.0892,52.9509,1.895)	27.6668	-65.1622
