7.104964017577	2	(24.3337,316.01,1.895)	100.358	-71.2042
7.119172076066	1	(27.7706,301.375,1.895)	114.97	-75.204
7.120336667087	5	(23.7719,376.2,1.895)	40.2468	-64.7348
7.125066219154	3	(27.4464,336.114,1.895)	80.2293	-72.0675
7.129642230819	0	(28.0076,275.987,1.895)	140.36	-87.7667
7.130111458793	6	(26.8847,396.297,1.895)	20.0443	-61.9165
7.141651904734	4	(27.2271,359.613,1.895)	56.7297	-66.9884
7.204964017577	2	(24.3523,314.008,1.895)	100.506	-71.2308
7.219172076066	1	(27.7889,299.414,1.895)	115.077	-75.2433
7.220336667087	5	(23.7906,374.195,1.895)	40.3979	-64.7658
7.225066219154	3	(27.4651,334.104,1.895)	80.3866	-72.0032
7.229642230819	0	(28.0263,273.984,1.895)	140.509	-87.7949
7.230111458793	6	(26.9033,394.297,1.895)	20.191	-61.8782
7.241651904734	4	(27.2451,357.684,1.895)	56.805	-67.001
7.304964017577	2	(24.371,312.006,1.895)	100.649	-71.2568
7.319172076066	1	(27.8071,297.462,1.895)	115.17	-75.2774
7.320336667087	5	(23.8093,372.189,1.895)	40.5432	-64.805
7.325066219154	3	(27.4839,332.094,1.895)	80.5366	-71.9433
7.329642230819	0	(28.0449,271.985,1.895)	140.648	-87.8187
7.330111458793	6	(26.922,392.296,1.895)	20.3316	-61.7445
7.341651904734	4	(27.263,355.761,1.895)	56.8685	-67.0123
7.404964017577	2	(24.3898,309.996,1.895)	100.806	-71.2857
7.419172076066	1	(27.8254,295.503,1.895)	115.277	-75.3167
7.420336667087	5	(23.828,370.184,1.895)	40.6955	-64.8557
7.425066219154	3	(27.5027,330.083,1.895)	80.6944	-71.8817
7.429642230819	0	(28.0636,269.981,1.895)	140.8	-87.8421
7.430111458793	6	(26.9407,390.295,1.895)	20.48	-61.5332
7.441651904734	4	(27.281,353.835,1.895)	56.9422	-67.026
7.504964017577	2	(24.4085,307.994,1.895)	100.953	-71.3131
7.519172076066	1	(27.8437,293.538,1.895)	115.387	-75.3576
7.520336667087	5	(23.8468,368.177,1.895)	40.8474	-64.9161
7.525066219154	3	(27.5214,328.077,1.895)	80.8469	-71.8237
7.529642230819	0	(28.0823,267.976,1.895)	140.95	-87.8625
7.530111458793	6	(26.9595,388.284,1.895)	20.6369	-61.2723
7.541651904734	4	(27.2991,351.897,1.895)	57.0258	-67.0424
7.604964017577	2	(24.4272,305.992,1.895)	101.082	-71.3374
7.619172076066	1	(27.8621,291.576,1.895)	115.475	-75.3903
7.620336667087	5	(23.8655,366.17,1.895)	40.98	-64.9766
7.625066219154	3	(27.5401,326.074,1.895)	80.9755	-71.7759
7.629642230819	0	(28.101,265.97,1.895)	141.082	-87.8783
7.630111458793	6	(26.9781,386.283,1.895)	20.7636	-61.0604
7.641651904734	4	(27.3171,349.961,1.895)	57.0876	-67.0551
7.704964017577	2	(24.4458,303.992,1.895)	101.221	-71.3638
7.719172076066	1	(27.8804,289.609,1.895)	115.582	-75.4301
7.720336667087	5	(23.8843,364.159,1.895)	41.1311	-65.0545
7.725066219154	3	(27.5589,324.062,1.895)	81.1272	-71.7206
7.729642230819	0	(28.1197,263.969,1.895)	141.223	-87.8928
7.730111458793	6	(26.9969,384.276,1.895)	20.9108	-60.8364
7.741651904734	4	(27.3351,348.037,1.895)	57.152	-67.0689
7.804964017577	2	(24.4645,301.99,1.895)	101.347	-71.388
7.819172076066	1	(27.8987,287.648,1.895)	115.667	-75.4619
7.820336667087	5	(23.903,362.156,1.895)	41.2564	-65.126
7.825066219154	3	(27.5776,322.057,1.895)	81.256	-71.6748
7.829642230819	0	(28.1385,261.96,1.895)	141.356	-87.9043
7.830111458793	6	(27.0156,382.265,1.895)	21.0456	-60.6676
7.841651904734	4	(27.3532,346.099,1.895)	57.2128	-67.0823
7.904964017577	2	(24.4833,299.981,1.895)	101.481	-71.4139
7.919172076066	1	(27.9171,285.676,1.895)	115.763	-75.4981
7.920336667087	5	(23.9217,360.147,1.895)	41.39	-65.2092
7.925066219154	3	(27.5963,320.056,1.895)	81.382	-71.6308
7.929642230819	0	(28.1573,259.948,1.895)	141.492	-87.9139
7.930111458793	6	(27.0344,380.256,1.895)	21.1791	-60.5444
7.941651904734	4	(27.3712,344.166,1.895)	57.2706	-67.0956
8.004964017577	2	(24.502,297.973,1.895)	101.611	-71.4393
8.019172076066	1	(27.9355,283.707,1.895)	115.855	-75.5325
8.020336667087	5	(23.9404,358.147,1.895)	41.5118	-65.2912
8.025066219154	3	(27.6149,318.053,1.895)	81.5074	-71.588
8.029642230819	0	(28.1759,257.948,1.895)	141.615	-87.9206
8.030111458793	6	(27.0532,378.244,1.895)	21.3132	-60.4705
8.041651904734	4	(27.3892,342.236,1.895)	57.3231	-67.108
8.104964017577	2	(24.5208,295.963,1.895)	101.741	-71.465
8.105159656343	8	(23.3976,416.3,1.895)	18.9445	-59.7502
8.119172076066	1	(27.9539,281.74,1.895)	115.942	-75.5655
8.120336667087	5	(23.9591,356.142,1.895)	41.6373	-65.3818
8.125066219154	3	(27.6337,316.048,1.895)	81.6323	-71.5462
8.129642230819	0	(28.1946,255.944,1.895)	141.739	-87.9256
8.130111458793	6	(27.0719,376.235,1.895)	21.4426	-60.4494
8.141651904734	4	(27.4073,340.305,1.895)	57.3747	-67.1205
8.204964017577	2	(24.5395,293.955,1.895)	101.869	-71.4905
8.205159656343	8	(23.4163,414.297,1.895)	18.8234	-59.5686
8.219172076066	1	(27.9722,279.78,1.895)	116.022	-75.5958
8.220336667087	5	(23.9778,354.138,1.895)	41.7608	-65.4769
8.225066219154	3	(27.6524,314.044,1.895)	81.7565	-71.5054
8.229642230819	0	(28.2133,253.939,1.895)	141.864	-87.9288
8.230111458793	6	(27.0906,374.233,1.895)	21.565	-60.4759
8.241651904734	4	(27.4253,338.372,1.895)	57.4277	-67.1337
8.304964017577	2	(24.5583,291.947,1.895)	102	-71.5168
8.305159656343	8	(23.435,412.29,1.895)	18.6959	-59.4419
8.319172076066	1	(27.9905,277.81,1.895)	116.115	-75.6312
8.320336667087	5	(23.9965,352.133,1.895)	41.8878	-65.5808
8.325066219154	3	(27.6711,312.035,1.895)	81.8883	-71.4631
8.329642230819	0	(28.2321,251.93,1.895)	141.996	-87.9302
8.330111458793	6	(27.1093,372.224,1.895)	21.6968	-60.5546
8.341651904734	4	(27.4434,336.43,1.895)	57.4921	-67.1502
8.404964017577	2	(24.577,289.943,1.895)	102.107	-71.5386
8.405159656343	8	(23.4537,410.284,1.895)	18.5882	-59.3899
8.419172076066	1	(28.0089,275.845,1.895)	116.183	-75.6572
8.420336667087	5	(24.0152,350.131,1.895)	41.9932	-65.6717
8.425066219154	3	(27.6899,310.026,1.895)	82.0007	-71.4278
8.429642230819	0	(28.2508,249.924,1.895)	142.105	-87.9298
8.430111458793	6	(27.1281,370.215,1.895)	21.8089	-60.6612
8.441651904734	4	(27.4615,334.49,1.895)	57.5359	-67.1617
8.504964017577	2	(24.5957,287.932,1.895)	102.224	-71.5624
8.505159656343	8	(23.4725,408.278,1.895)	18.4783	-59.3899
8.519172076066	1	(28.0273,273.874,1.895)	116.26	-75.6865
8.520336667087	5	(24.034,348.12,1.895)	42.1094	-65.7767
8.525066219154	3	(27.7085,308.025,1.895)	82.1067	-71.3951
8.529642230819	0	(28.2695,247.919,1.895)	142.216	-87.928
8.530111458793	6	(27.1468,368.216,1.895)	21.9136	-60.7924
8.541651904734	4	(27.4797,332.548,1.895)	57.5829	-67.1743
8.604964017577	2	(24.6144,285.928,1.895)	102.34	-71.5863
8.605159656343	8	(23.4912,406.273,1.895)	18.3627	-59.4465
8.619172076066	1	(28.0456,271.909,1.895)	116.337	-75.7162
8.620336667087	5	(24.0527,346.11,1.895)	42.2313	-65.8922
8.625066219154	3	(27.7273,306.014,1.895)	82.2304	-71.3576
8.629642230819	0	(28.2883,245.907,1.895)	142.34	-87.9244
8.630111458793	6	(27.1655,366.213,1.895)	22.0294	-60.9707
8.641651904734	4	(27.4977,330.613,1.895)	57.6305	-67.1874
8.704964017577	2	(24.6332,283.922,1.895)	102.45	-71.6091
8.705159656343	8	(23.5099,404.268,1.895)	18.2557	-59.5467
8.719172076066	1	(28.064,269.939,1.895)	116.411	-75.7445
8.720336667087	5	(24.0714,344.107,1.895)	42.3379	-65.9976
8.725066219154	3	(27.746,304.012,1.895)	82.3369	-71.3261
8.729642230819	0	(28.307,243.903,1.895)	142.448	-87.9198
8.730111458793	6	(27.1842,364.207,1.895)	22.139	-61.1687
8.741651904734	4	(27.5158,328.671,1.895)	57.6762	-67.2002
8.804964017577	2	(24.6519,281.916,1.895)	102.564	-71.6328
8.805159656343	8	(23.5286,402.268,1.895)	18.1494	-59.6855
8.819172076066	1	(28.0824,267.965,1.895)	116.494	-75.7762
8.820336667087	5	(24.0901,342.104,1.895)	42.4488	-66.1117
8.825066219154	3	(27.7648,302,1.895)	82.4566	-71.2912
8.829642230819	0	(28.3258,241.895,1.895)	142.565	-87.9134
8.830111458793	6	(27.2029,362.205,1.895)	22.2491	-61.3926
8.841651904734	4	(27.534,326.725,1.895)	57.7302	-67.2157
8.904964017577	2	(24.6706,279.908,1.895)	102.678	-71.6567
8.905159656343	8	(23.5473,400.261,1.895)	18.0386	-59.8611
8.919172076066	1	(28.1008,265.992,1.895)	116.572	-75.8066
8.920336667087	5	(24.1088,340.104,1.895)	42.5544	-66.2244
8.925066219154	3	(27.7835,299.992,1.895)	82.5701	-71.2589
8.929642230819	0	(28.3445,239.891,1.895)	142.674	-87.906
8.930111458793	6	(27.2216,360.2,1.895)	22.3601	-61.639
8.941651904734	4	(27.5522,324.778,1.895)	57.7829	-67.2311
9.004964017577	2	(24.6894,277.896,1.895)	102.791	-71.6807
9.005159656343	8	(23.566,398.254,1.895)	17.9309	-60.0472
9.019172076066	1	(28.1192,264.02,1.895)	116.645	-75.8349
9.020336667087	5	(24.1275,338.103,1.895)	42.6564	-66.3369
9.025066219154	3	(27.8022,297.991,1.895)	82.6734	-71.23
9.029642230819	0	(28.3632,237.883,1.895)	142.784	-87.8973
9.030111458793	6	(27.2403,358.19,1.895)	22.4713	-61.9012
9.041651904734	4	(27.5703,322.834,1.895)	57.8287	-67.2448
9.104964017577	2	(24.7081,275.897,1.895)	102.887	-71.7012
9.105159656343	8	(23.5847,396.251,1.895)	17.8331	-60.2135
9.110420700861	9	(26.6976,416.34,1.895)	37.5847	-65.9714
9.119172076066	1	(28.1377,262.042,1.895)	116.721	-75.8641
9.120336667087	5	(24.1462,336.097,1.895)	42.7586	-66.4533
9.125066219154	3	(27.8209,295.989,1.895)	82.7716	-71.203
9.129642230819	0	(28.3819,235.877,1.895)	142.886	-87.8881
9.130111458793	6	(27.2591,356.181,1.895)	22.5768	-62.1579
9.141651904734	4	(27.5884,320.895,1.895)	57.8644	-67.2556
9.204964017577	2	(24.7268,273.888,1.895)	102.984	-71.7219
9.205159656343	8	(23.6035,394.241,1.895)	17.7375	-60.3567
9.210420700861	9	(26.7164,414.33,1.895)	37.4866	-66.0827
9.219172076066	1	(28.1561,260.068,1.895)	116.782	-75.888
9.220336667087	5	(24.1649,334.089,1.895)	42.8543	-66.5655
9.225066219154	3	(27.8396,293.983,1.895)	82.8656	-71.1776
9.229642230819	0	(28.4006,233.878,1.895)	142.974	-87.8793
9.230111458793	6	(27.2778,354.179,1.895)	22.6677	-62.3799
9.241651904734	4	(27.6066,318.943,1.895)	57.9051	-67.2682
9.304964017577	2	(24.7455,271.882,1.895)	103.087	-71.7442
9.305159656343	8	(23.6222,392.234,1.895)	17.6356	-60.469
9.310420700861	9	(26.735,412.329,1.895)	37.3884	-66.1979
9.319172076066	1	(28.1745,258.099,1.895)	116.848	-75.9137
9.320336667087	5	(24.1836,332.087,1.895)	42.9531	-66.6845
9.325066219154	3	(27.8583,291.974,1.895)	82.9714	-71.1496
9.329642230819	0	(28.4193,231.874,1.895)	143.074	-87.8682
9.330111458793	6	(27.2965,352.169,1.895)	22.7739	-62.6335
9.341651904734	4	(27.6249,316.989,1.895)	57.9554	-67.284
9.404964017577	2	(24.7642,269.881,1.895)	103.178	-71.7639
9.405159656343	8	(23.641,390.224,1.895)	17.5365	-60.5207
9.410420700861	9	(26.7537,410.326,1.895)	37.2951	-66.3108
9.419172076066	1	(28.1929,256.127,1.895)	116.911	-75.9384
9.420336667087	5	(24.2023,330.085,1.895)	43.0455	-66.7989
9.425066219154	3	(27.8771,289.966,1.895)	83.0703	-71.1238
9.429642230819	0	(28.438,229.871,1.895)	143.168	-87.857
9.430111458793	6	(27.3153,350.159,1.895)	22.8741	-62.8597
9.441651904734	4	(27.6432,315.03,1.895)	58.0053	-67.2999
9.504964017577	2	(24.7829,267.874,1.895)	103.27	-71.7841
9.505159656343	8	(23.6597,388.22,1.895)	17.448	-60.5083
9.510420700861	9	(26.7725,408.316,1.895)	37.1993	-66.4297
9.519172076066	1	(28.2114,254.15,1.895)	116.974	-75.9629
9.520336667087	5	(24.221,328.079,1.895)	43.1367	-66.9142
9.525066219154	3	(27.8958,287.956,1.895)	83.1651	-71.0996
9.529642230819	0	(28.4566,227.87,1.895)	143.254	-87.8458
9.530111458793	6	(27.334,348.15,1.895)	22.9694	-63.0561
9.541651904734	4	(27.6614,313.07,1.895)	58.0503	-67.3146
9.604964017577	2	(24.8017,265.867,1.895)	103.366	-71.8052
9.605159656343	8	(23.6784,386.22,1.895)	17.361	-60.438
9.610420700861	9	(26.7912,406.306,1.895)	37.1012	-66.5542
9.619172076066	1	(28.2297,252.181,1.895)	117.031	-75.9854
9.620336667087	5	(24.2397,326.076,1.895)	43.2279	-67.0323
9.625066219154	3	(27.9145,285.954,1.895)	83.2564	-71.0767
9.629642230819	0	(28.4754,225.858,1.895)	143.355	-87.8319
9.630111458793	6	(27.3528,346.139,1.895)	23.0692	-63.2353
9.641651904734	4	(27.6797,311.117,1.895)	58.0926	-67.3286
9.704964017577	2	(24.8204,263.856,1.895)	103.456	-71.8248
9.705159656343	8	(23.6971,384.215,1.895)	17.2795	-60.3218
9.710420700861	9	(26.81,404.298,1.895)	37.0146	-66.6659
9.719172076066	1	(28.2482,250.201,1.895)	117.089	-76.0083
9.720336667087	5	(24.2584,324.074,1.895)	43.3081	-67.1383
9.725066219154	3	(27.9333,283.943,1.895)	83.346	-71.0545
9.729642230819	0	(28.4941,223.856,1.895)	143.436	-87.8201
9.730111458793	6	(27.3716,344.13,1.895)	23.1567	-63.3654
9.741651904734	4	(27.6978,309.171,1.895)	58.1165	-67.3366
9.804964017577	2	(24.8392,261.847,1.895)	103.547	-71.8452
9.805159656343	8	(23.7158,382.205,1.895)	17.1878	-60.1401
9.810420700861	9	(26.8287,402.297,1.895)	36.9307	-66.7755
9.819172076066	1	(28.2667,248.221,1.895)	117.152	-76.0333
9.820336667087	5	(24.2771,322.071,1.895)	43.3938	-67.2536
9.825066219154	3	(27.952,281.938,1.895)	83.4336	-71.0332
9.829642230819	0	(28.5129,221.845,1.895)	143.53	-87.8055
9.830111458793	6	(27.3903,342.118,1.895)	23.2514	-63.4732
9.841651904734	4	(27.7161,307.216,1.895)	58.1542	-67.3493
9.904964017577	2	(24.8579,259.846,1.895)	103.625	-71.8626
9.905159656343	8	(23.7346,380.196,1.895)	17.1047	-59.9397
9.910420700861	9	(26.8474,400.293,1.895)	36.8499	-66.882
9.919172076066	1	(28.2852,246.24,1.895)	117.209	-76.0558
9.920336667087	5	(24.2957,320.072,1.895)	43.4691	-67.3567
9.925066219154	3	(27.9708,279.929,1.895)	83.5196	-71.0127
9.929642230819	0	(28.5316,219.842,1.895)	143.609	-87.7925
9.930111458793	6	(27.4091,340.112,1.895)	23.3331	-63.5364
9.941651904734	4	(27.7344,305.255,1.895)	58.1921	-67.3623
10.004964017577	2	(24.8765,257.846,1.895)	103.701	-71.8796
10.005159656343	8	(23.7532,378.196,1.895)	17.0286	-59.7366
10.010420700861	9	(26.866,398.292,1.895)	36.7723	-66.9845
10.019172076066	1	(28.3036,244.263,1.895)	117.264	-76.0774
10.020336667087	5	(24.3144,318.07,1.895)	43.5476	-67.4659
10.025066219154	3	(27.9895,277.919,1.895)	83.6058	-70.9924
10.029642230819	0	(28.5503,217.838,1.895)	143.69	-87.7787
10.030111458793	6	(27.4278,338.106,1.895)	23.4162	-63.5713
10.041651904734	4	(27.7526,303.3,1.895)	58.224	-67.3734
10.104964017577	2	(24.8952,255.847,1.895)	103.784	-71.8983
10.105159656343	8	(23.7719,376.196,1.895)	16.9473	-59.5105
10.110420700861	9	(26.8848,396.287,1.895)	36.6836	-67.1017
10.119172076066	1	(28.3221,242.29,1.895)	117.32	-76.0997
10.120336667087	5	(24.3331,316.065,1.895)	43.636	-67.591
10.125066219154	3	(28.0082,275.914,1.895)	83.6946	-70.9719
10.129642230819	0	(28.569,215.835,1.895)	143.776	-87.7634
10.130111458793	6	(27.4465,336.104,1.895)	23.5021	-63.5764
10.141651904734	4	(27.7709,301.34,1.895)	58.267	-67.3885
10.204964017577	2	(24.9139,253.839,1.895)	103.87	-71.9176
10.205159656343	8	(23.7906,374.195,1.895)	16.8705	-59.298
10.210420700861	9	(26.9034,394.286,1.895)	36.6054	-67.2046
10.219172076066	1	(28.3405,240.315,1.895)	117.372	-76.1204
10.220336667087	5	(24.3518,314.064,1.895)	43.7142	-67.7032
10.225066219154	3	(28.0269,273.912,1.895)	83.774	-70.9538
10.229642230819	0	(28.5877,213.826,1.895)	143.863	-87.7472
10.230111458793	6	(27.4651,334.104,1.895)	23.5789	-63.5555
10.241651904734	4	(27.7893,299.375,1.895)	58.3102	-67.4039
10.304964017577	2	(24.9327,251.829,1.895)	103.962	-71.9387
10.305159656343	8	(23.8092,372.196,1.895)	16.7902	-59.0869
10.310420700861	9	(26.9222,392.278,1.895)	36.5142	-67.3231
10.319172076066	1	(28.359,238.332,1.895)	117.438	-76.1465
10.320336667087	5	(24.3705,312.062,1.895)	43.7985	-67.8259
10.325066219154	3	(28.0456,271.91,1.895)	83.8589	-70.9348
10.329642230819	0	(28.6064,211.827,1.895)	143.945	-87.7314
10.330111458793	6	(27.4839,332.092,1.895)	23.6735	-63.4991
10.341651904734	4	(27.8075,297.418,1.895)	58.3499	-67.4183
10.404964017577	2	(24.9514,249.822,1.895)	104.038	-71.9559
10.405159656343	8	(23.828,370.186,1.895)	16.713	-58.902
10.410420700861	9	(26.9409,390.267,1.895)	36.4352	-67.4239
10.419172076066	1	(28.3774,236.362,1.895)	117.477	-76.162
10.420336667087	5	(24.3892,310.056,1.895)	43.8734	-67.9365
10.425066219154	3	(28.0644,269.902,1.895)	83.9356	-70.9179
10.429642230819	0	(28.6251,209.82,1.895)	144.02	-87.7163
10.430111458793	6	(27.5026,330.086,1.895)	23.7489	-63.4328
10.441651904734	4	(27.8259,295.455,1.895)	58.3807	-67.4295
10.504964017577	2	(24.9702,247.813,1.895)	104.124	-71.9757
10.505159656343	8	(23.8468,368.175,1.895)	16.6268	-58.7244
10.510420700861	9	(26.9596,388.265,1.895)	36.3562	-67.5225
10.519172076066	1	(28.3958,234.386,1.895)	117.53	-76.1834
10.520336667087	5	(24.4079,308.056,1.895)	43.9497	-68.0503
10.525066219154	3	(28.0831,267.897,1.895)	84.0174	-70.9002
10.529642230819	0	(28.6438,207.814,1.895)	144.104	-87.699
10.530111458793	6	(27.5214,328.078,1.895)	23.8337	-63.339
10.541651904734	4	(27.8441,293.498,1.895)	58.4157	-67.4425
10.604964017577	2	(24.9889,245.813,1.895)	104.192	-71.9914
10.605159656343	8	(23.8655,366.174,1.895)	16.5584	-58.6096
10.610420700861	9	(26.9783,386.264,1.895)	36.2864	-67.6071
10.619172076066	1	(28.4143,232.402,1.895)	117.582	-76.2041
10.620336667087	5	(24.4266,306.05,1.895)	44.024	-68.1624
10.625066219154	3	(28.1018,265.89,1.895)	84.0921	-70.8843
10.629642230819	0	(28.6626,205.806,1.895)	144.179	-87.6829
10.630111458793	6	(27.5401,326.07,1.895)	23.9096	-63.2409
10.641651904734	4	(27.8625,291.531,1.895)	58.4509	-67.4556
10.704964017577	2	(25.0076,243.804,1.895)	104.262	-72.0075
10.705159656343	8	(23.8842,364.163,1.895)	16.4888	-58.5192
10.710420700861	9	(26.997,384.259,1.895)	36.2205	-67.6844
10.719172076066	1	(28.4329,230.414,1.895)	117.631	-76.2239
10.720336667087	5	(24.4453,304.05,1.895)	44.0845	-68.2546
10.725066219154	3	(28.1205,263.891,1.895)	84.1526	-70.8715
10.729642230819	0	(28.6813,203.799,1.895)	144.247	-87.6679
10.730111458793	6	(27.5589,324.058,1.895)	23.9823	-63.1374
10.741651904734	4	(27.8808,289.569,1.895)	58.4732	-67.464
10.804964017577	2	(25.0263,241.802,1.895)	104.329	-72.023
10.805159656343	8	(23.903,362.153,1.895)	16.4153	-58.4547
10.810420700861	9	(27.0157,382.257,1.895)	36.1541	-67.7593
10.819172076066	1	(28.4515,228.425,1.895)	117.685	-76.2455
10.820336667087	5	(24.464,302.042,1.895)	44.1573	-68.3662
10.825066219154	3	(28.1392,261.882,1.895)	84.2263	-70.8562
10.829642230819	0	(28.7,201.798,1.895)	144.313	-87.6532
10.830111458793	6	(27.5776,322.055,1.895)	24.0504	-63.0339
10.841651904734	4	(27.8991,287.605,1.895)	58.5027	-67.4752
10.904964017577	2	(25.045,239.793,1.895)	104.409	-72.0418
10.905159656343	8	(23.9217,360.147,1.895)	16.3389	-58.4225
10.910420700861	9	(27.0345,380.246,1.895)	36.0718	-67.8473
10.919172076066	1	(28.4699,226.448,1.895)	117.734	-76.2651
10.920336667087	5	(24.4828,300.036,1.895)	44.2349	-68.4863
10.925066219154	3	(28.1579,259.881,1.895)	84.299	-70.8413
10.929642230819	0	(28.7187,199.796,1.895)	144.387	-87.6362
10.930111458793	6	(27.5963,320.048,1.895)	24.129	-62.9097
10.941651904734	4	(27.9174,285.642,1.895)	58.5371	-67.4884
11.004964017577	2	(25.0638,237.785,1.895)	104.478	-72.058
11.005159656343	8	(23.9405,358.137,1.895)	16.2694	-58.4244
11.010420700861	9	(27.0532,378.241,1.895)	36.0049	-67.9143
11.019172076066	1	(28.4885,224.462,1.895)	117.78	-76.2837
11.020336667087	5	(24.5015,298.027,1.895)	44.3041	-68.5942
11.025066219154	3	(28.1766,257.875,1.895)	84.3656	-70.8279
11.029642230819	0	(28.7374,197.792,1.895)	144.452	-87.6209
11.030111458793	6	(27.615,318.043,1.895)	24.1955	-62.8024
11.041651904734	4	(27.9358,283.677,1.895)	58.5625	-67.4983
11.104964017577	2	(25.0825,235.779,1.895)	104.547	-72.074
11.105159656343	8	(23.9592,356.134,1.895)	16.2054	-58.4516
11.110420700861	9	(27.0719,376.239,1.895)	35.9414	-67.9737
11.119172076066	1	(28.5069,222.483,1.895)	117.821	-76.3004
11.120336667087	5	(24.5202,296.022,1.895)	44.3713	-68.6995
11.125066219154	3	(28.1953,255.874,1.895)	84.4288	-70.8154
11.129642230819	0	(28.7561,195.785,1.895)	144.52	-87.6045
11.130111458793	6	(27.6338,316.036,1.895)	24.2641	-62.6913
11.141651904734	4	(27.9542,281.708,1.895)	58.5942	-67.5107
11.204964017577	2	(25.1013,233.769,1.895)	104.622	-72.0917
11.205159656343	8	(23.9778,354.132,1.895)	16.1396	-58.5035
11.210420700861	9	(27.0905,374.238,1.895)	35.8749	-68.0311
11.219172076066	1	(28.5255,220.494,1.895)	117.876	-76.3226
11.220336667087	5	(24.5389,294.017,1.895)	44.442	-68.8109
11.225066219154	3	(28.214,253.871,1.895)	84.4977	-70.8018
11.229642230819	0	(28.7749,193.775,1.895)	144.597	-87.5857
11.230111458793	6	(27.6525,314.027,1.895)	24.339	-62.5715
11.241651904734	4	(27.9725,279.747,1.895)	58.6204	-67.521
11.304964017577	2	(25.1199,231.767,1.895)	104.679	-72.1052
11.305159656343	8	(23.9966,352.124,1.895)	16.0772	-58.5731
11.310420700861	9	(27.1092,372.238,1.895)	35.8194	-68.0749
11.319172076066	1	(28.5441,218.504,1.895)	117.921	-76.3407
11.320336667087	5	(24.5576,292.014,1.895)	44.5	-68.9028
11.325066219154	3	(28.2327,251.86,1.895)	84.5639	-70.789
11.329642230819	0	(28.7936,191.765,1.895)	144.662	-87.5695
11.330111458793	6	(27.6713,312.015,1.895)	24.4059	-62.4667
11.341651904734	4	(27.9908,277.782,1.895)	58.6404	-67.5289
11.404964017577	2	(25.1387,229.76,1.895)	104.744	-72.1208
11.405159656343	8	(24.0153,350.114,1.895)	16.0107	-58.6657
11.410420700861	9	(27.1279,370.232,1.895)	35.7552	-68.1205
11.419172076066	1	(28.5626,216.517,1.895)	117.967	-76.3595
11.420336667087	5	(24.5764,290.004,1.895)	44.5686	-69.0117
11.425066219154	3	(28.2514,249.86,1.895)	84.6225	-70.7779
11.429642230819	0	(28.8123,189.763,1.895)	144.722	-87.554
11.430111458793	6	(27.69,310.013,1.895)	24.4672	-62.374
11.441651904734	4	(28.0093,275.803,1.895)	58.6783	-67.544
11.504964017577	2	(25.1574,227.749,1.895)	104.822	-72.1394
11.505159656343	8	(24.0341,348.109,1.895)	15.94	-58.7799
11.510420700861	9	(27.1467,368.223,1.895)	35.6784	-68.1674
11.519172076066	1	(28.5811,214.533,1.895)	118.018	-76.3802
11.520336667087	5	(24.5951,287.998,1.895)	44.6414	-69.1274
11.525066219154	3	(28.2701,247.854,1.895)	84.6952	-70.7642
11.529642230819	0	(28.831,187.763,1.895)	144.79	-87.5365
11.530111458793	6	(27.7087,308.006,1.895)	24.5409	-62.2674
11.541651904734	4	(28.0276,273.84,1.895)	58.7088	-67.5564
11.604964017577	2	(25.1761,225.746,1.895)	104.883	-72.1539
11.605159656343	8	(24.0528,346.098,1.895)	15.873	-58.8966
11.610420700861	9	(27.1655,366.213,1.895)	35.6113	-68.201
11.619172076066	1	(28.5996,212.552,1.895)	118.056	-76.3957
11.620336667087	5	(24.6138,285.992,1.895)	44.704	-69.2271
11.625066219154	3	(28.2888,245.85,1.895)	84.757	-70.7527
11.629642230819	0	(28.8497,185.761,1.895)	144.848	-87.521
11.630111458793	6	(27.7275,305.996,1.895)	24.6078	-62.1762
11.641651904734	4	(28.046,271.87,1.895)	58.7356	-67.5673
11.704964017577	2	(25.1948,223.743,1.895)	104.944	-72.1686
11.705159656343	8	(24.0716,344.089,1.895)	15.8077	-59.0113
11.710420700861	9	(27.1842,364.203,1.895)	35.5429	-68.2278
11.719172076066	1	(28.6182,210.565,1.895)	118.101	-76.4141
11.720336667087	5	(24.6325,283.989,1.895)	44.7657	-69.3256
11.725066219154	3	(28.3076,243.842,1.895)	84.8231	-70.7406
11.729642230819	0	(28.8684,183.756,1.895)	144.912	-87.504
11.730111458793	6	(27.7462,303.986,1.895)	24.6763	-62.0889
11.741651904734	4	(28.0644,269.899,1.895)	58.7654	-67.5795
11.804964017577	2	(25.2136,221.733,1.895)	105.01	-72.1844
11.805159656343	8	(24.0903,342.089,1.895)	15.7528	-59.1026
11.810420700861	9	(27.203,362.192,1.895)	35.476	-68.2463
11.819172076066	1	(28.6367,208.581,1.895)	118.142	-76.4305
11.820336667087	5	(24.6513,281.978,1.895)	44.8318	-69.431
11.825066219154	3	(28.3263,241.831,1.895)	84.89	-70.7286
11.829642230819	0	(28.8871,181.752,1.895)	144.972	-87.4875
11.830111458793	6	(27.7649,301.986,1.895)	24.7325	-62.0224
11.841651904734	4	(28.0828,267.925,1.895)	58.795	-67.5918
11.904964017577	2	(25.2323,219.727,1.895)	105.076	-72.2005
11.905159656343	8	(24.1089,340.087,1.895)	15.6909	-59.1931
11.910420700861	9	(27.2217,360.186,1.895)	35.4095	-68.2569
11.919172076066	1	(28.6552,206.595,1.895)	118.188	-76.4496
11.920336667087	5	(24.67,279.977,1.895)	44.8939	-69.5297
11.925066219154	3	(28.3451,239.82,1.895)	84.9615	-70.7159
11.929642230819	0	(28.9058,179.751,1.895)	145.034	-87.4706
11.930111458793	6	(27.7836,299.98,1.895)	24.7997	-61.9493
11.941651904734	4	(28.1012,265.954,1.895)	58.8267	-67.605
12.004964017577	2	(25.251,217.725,1.895)	105.128	-72.2129
12.005159656343	8	(24.1277,338.079,1.895)	15.6361	-59.2567
12.010420700861	9	(27.2404,358.184,1.895)	35.3591	-68.2596
12.019172076066	1	(28.6737,204.617,1.895)	118.215	-76.4606
12.020336667087	5	(24.6887,277.973,1.895)	44.9465	-69.6133
12.025066219154	3	(28.3639,237.809,1.895)	85.0215	-70.7054
12.029642230819	0	(28.9244,177.748,1.895)	145.085	-87.4563
12.030111458793	6	(27.8023,297.977,1.895)	24.8505	-61.8989
12.041651904734	4	(28.1196,263.979,1.895)	58.8503	-67.6149
12.104964017577	2	(25.2698,215.715,1.895)	105.193	-72.2288
12.105159656343	8	(24.1464,336.078,1.895)	15.5806	-59.3003
12.110420700861	9	(27.259,356.185,1.895)	35.3042	-68.2572
12.119172076066	1	(28.6921,202.639,1.895)	118.249	-76.4742
12.120336667087	5	(24.7075,275.961,1.895)	45.0134	-69.7191
12.125066219154	3	(28.3826,235.8,1.895)	85.0857	-70.6943
12.129642230819	0	(28.9432,175.74,1.895)	145.148	-87.4384
12.130111458793	6	(27.821,295.972,1.895)	24.9112	-61.8444
12.141651904734	4	(28.1381,262,1.895)	58.8844	-67.6294
12.204964017577	2	(25.2884,213.714,1.895)	105.248	-72.2423
12.205159656343	8	(24.1651,334.072,1.895)	15.5213	-59.319
12.210420700861	9	(27.2778,354.175,1.895)	35.2396	-68.247
12.219172076066	1	(28.7106,200.656,1.895)	118.286	-76.4897
12.220336667087	5	(24.7262,273.956,1.895)	45.0726	-69.8122
12.225066219154	3	(28.4013,233.796,1.895)	85.1442	-70.6844
12.229642230819	0	(28.962,173.73,1.895)	145.213	-87.4197
12.230111458793	6	(27.8397,293.971,1.895)	24.9666	-61.8002
12.241651904734	4	(28.1565,260.024,1.895)	58.9148	-67.6424
12.304964017577	2	(25.3071,211.714,1.895)	105.3	-72.255
12.305159656343	8	(24.1838,332.07,1.895)	15.4692	-59.3088
12.310420700861	9	(27.2965,352.175,1.895)	35.188	-68.2331
12.319172076066	1	(28.7293,198.66,1.895)	118.334	-76.5094
12.320336667087	5	(24.7448,271.957,1.895)	45.1235	-69.8919
12.325066219154	3	(28.4201,231.785,1.895)	85.207	-70.6739
12.329642230819	0	(28.9807,171.719,1.895)	145.276	-87.4014
12.330111458793	6	(27.8584,291.967,1.895)	25.0224	-61.7613
12.341651904734	4	(28.1749,258.053,1.895)	58.9383	-67.6525
12.404964017577	2	(25.3259,209.703,1.895)	105.355	-72.2685
12.405159656343	8	(24.2025,330.064,1.895)	15.4202	-59.2755
12.410420700861	9	(27.3152,350.167,1.895)	35.1363	-68.2141
12.419172076066	1	(28.7479,196.665,1.895)	118.373	-76.5254
12.420336667087	5	(24.7635,269.957,1.895)	45.1668	-69.9595
12.425066219154	3	(28.4388,229.783,1.895)	85.2532	-70.6662
12.429642230819	0	(28.9994,169.713,1.895)	145.326	-87.3867
12.430111458793	6	(27.8771,289.965,1.895)	25.0684	-61.7334
12.441651904734	4	(28.1934,256.078,1.895)	58.9569	-67.6606
12.504964017577	2	(25.3445,207.704,1.895)	105.4	-72.2796
12.505159656343	8	(24.2212,328.057,1.895)	15.3681	-59.2148
12.510420700861	9	(27.3339,348.166,1.895)	35.0893	-68.1924
12.519172076066	1	(28.7665,194.674,1.895)	118.409	-76.5403
12.520336667087	5	(24.7823,267.947,1.895)	45.2231	-70.0466
12.525066219154	3	(28.4575,227.776,1.895)	85.3061	-70.6576
12.529642230819	0	(29.0182,167.707,1.895)	145.378	-87.3712
12.530111458793	6	(27.8958,287.96,1.895)	25.1195	-61.707
12.541651904734	4	(28.2118,254.099,1.895)	58.9824	-67.6717
12.604964017577	2	(25.3633,205.697,1.895)	105.459	-72.294
12.605159656343	8	(24.2399,326.057,1.895)	15.3178	-59.1328
12.610420700861	9	(27.3527,346.155,1.895)	35.0268	-68.1571
12.619172076066	1	(28.7851,192.68,1.895)	118.455	-76.5591
12.620336667087	5	(24.801,265.942,1.895)	45.2795	-70.1333
12.625066219154	3	(28.4762,225.772,1.895)	85.3619	-70.6486
12.629642230819	0	(29.0369,165.703,1.895)	145.433	-87.3548
12.630111458793	6	(27.9146,285.949,1.895)	25.1819	-61.6814
12.641651904734	4	(28.2302,252.127,1.895)	59.0056	-67.6818
12.704964017577	2	(25.382,203.691,1.895)	105.5	-72.3042
12.705159656343	8	(24.2586,324.049,1.895)	15.2762	-59.0493
12.710420700861	9	(27.3714,344.15,1.895)	34.9867	-68.1305
12.719172076066	1	(28.8037,190.691,1.895)	118.48	-76.5693
12.720336667087	5	(24.8197,263.931,1.895)	45.3256	-70.2033
12.725066219154	3	(28.495,223.763,1.895)	85.4057	-70.6416
12.729642230819	0	(29.0556,163.693,1.895)	145.479	-87.3409
12.730111458793	6	(27.9333,283.948,1.895)	25.2179	-61.6699
12.741651904734	4	(28.2487,250.153,1.895)	59.0146	-67.6858
12.804964017577	2	(25.4008,201.679,1.895)	105.556	-72.3181
12.805159656343	8	(24.2774,322.043,1.895)	15.2264	-58.9334
12.810420700861	9	(27.3901,342.146,1.895)	34.9375	-68.0939
12.819172076066	1	(28.8223,188.692,1.895)	118.523	-76.5873
12.820336667087	5	(24.8385,261.926,1.895)	45.3754	-70.2785
12.825066219154	3	(28.5137,221.758,1.895)	85.4553	-70.6337
12.829642230819	0	(29.0743,161.689,1.895)	145.527	-87.3262
12.830111458793	6	(27.952,281.937,1.895)	25.2741	-61.6568
12.841651904734	4	(28.2672,248.17,1.895)	59.0427	-67.6983
12.904964017577	2	(25.4195,199.671,1.895)	105.605	-72.3303
12.905159656343	8	(24.2961,320.033,1.895)	15.1772	-58.8056
12.910420700861	9	(27.4088,340.137,1.895)	34.8886	-68.0531
12.919172076066	1	(28.8409,186.699,1.895)	118.557	-76.6012
12.920336667087	5	(24.8571,259.924,1.895)	45.4173	-70.3411
12.925066219154	3	(28.5324,219.753,1.895)	85.501	-70.6266
12.929642230819	0	(29.0931,159.682,1.895)	145.574	-87.3117
12.930111458793	6	(27.9707,279.938,1.895)	25.3135	-61.6512
12.941651904734	4	(28.2857,246.187,1.895)	59.0652	-67.7082
13.004964017577	2	(25.4382,197.671,1.895)	105.654	-72.3425
13.005159656343	8	(24.3148,318.034,1.895)	15.1295	-58.6721
13.010420700861	9	(27.4275,338.136,1.895)	34.8373	-68.0056
13.019172076066	1	(28.8595,184.707,1.895)	118.598	-76.6183
13.020336667087	5	(24.8759,257.917,1.895)	45.4741	-70.425
13.025066219154	3	(28.5511,217.745,1.895)	85.5588	-70.6177
13.029642230819	0	(29.1118,157.671,1.895)	145.635	-87.2926
13.030111458793	6	(27.9894,277.936,1.895)	25.3645	-61.6483
13.041651904734	4	(28.3042,244.205,1.895)	59.0977	-67.7228
13.104964017577	2	(25.4569,195.666,1.895)	105.702	-72.3545
13.105159656343	8	(24.3334,316.035,1.895)	15.0887	-58.5539
13.110420700861	9	(27.4463,336.125,1.895)	34.7835	-67.9511
13.119172076066	1	(28.8782,182.707,1.895)	118.64	-76.636
13.120336667087	5	(24.8946,255.913,1.895)	45.5203	-70.4924
13.125066219154	3	(28.5699,215.737,1.895)	85.6095	-70.61
13.129642230819	0	(29.1306,155.664,1.895)	145.685	-87.277
13.130111458793	6	(28.008,275.935,1.895)	25.4088	-61.6497
13.141651904734	4	(28.3226,242.228,1.895)	59.1175	-67.7318
13.204964017577	2	(25.4756,193.657,1.895)	105.755	-72.3679
13.205159656343	8	(24.3521,314.031,1.895)	15.042	-58.4169
13.210420700861	9	(27.4649,334.124,1.895)	34.7381	-67.9013
13.219172076066	1	(28.8968,180.713,1.895)	118.679	-76.6521
13.220336667087	5	(24.9133,253.91,1.895)	45.5677	-70.5608
13.225066219154	3	(28.5886,213.733,1.895)	85.6577	-70.6027
13.229642230819	0	(29.1493,153.657,1.895)	145.737	-87.2607
13.230111458793	6	(28.0267,273.935,1.895)	25.4532	-61.6548
13.241651904734	4	(28.3411,240.249,1.895)	59.1411	-67.7425
13.304964017577	2	(25.4944,191.651,1.895)	105.806	-72.3805
13.305159656343	8	(24.3708,312.027,1.895)	14.9948	-58.2798
13.310420700861	9	(27.4837,332.118,1.895)	34.6882	-67.8427
13.319172076066	1	(28.9154,178.719,1.895)	118.717	-76.6677
13.320336667087	5	(24.932,251.905,1.895)	45.6168	-70.6304
13.325066219154	3	(28.6073,211.732,1.895)	85.7027	-70.596
13.329642230819	0	(29.168,151.65,1.895)	145.787	-87.2447
13.330111458793	6	(28.0454,271.933,1.895)	25.4994	-61.6641
13.341651904734	4	(28.3596,238.273,1.895)	59.1605	-67.7513
13.404964017577	2	(25.5131,189.643,1.895)	105.851	-72.392
13.405159656343	8	(24.3895,310.025,1.895)	14.9561	-58.1711
13.410420700861	9	(27.5024,330.112,1.895)	34.6436	-67.7871
13.419172076066	1	(28.9339,176.734,1.895)	118.74	-76.6776
13.420336667087	5	(24.9506,249.906,1.895)	45.6545	-70.6831
13.425066219154	3	(28.626,209.725,1.895)	85.748	-70.5894
13.429642230819	0	(29.1868,149.643,1.895)	145.833	-87.23
13.430111458793	6	(28.0641,269.93,1.895)	25.5402	-61.6755
13.441651904734	4	(28.3781,236.29,1.895)	59.1816	-67.761
13.504964017577	2	(25.5318,187.636,1.895)	105.905	-72.4055
13.505159656343	8	(24.4082,308.024,1.895)	14.9096	-58.0467
13.510420700861	9	(27.5211,328.111,1.895)	34.5969	-67.7257
13.519172076066	1	(28.9524,174.749,1.895)	118.772	-76.6909
13.520336667087	5	(24.9693,247.906,1.895)	45.7005	-70.7466
13.525066219154	3	(28.6447,207.718,1.895)	85.8014	-70.5816
13.529642230819	0	(29.2055,147.634,1.895)	145.888	-87.2122
13.530111458793	6	(28.0828,267.927,1.895)	25.5895	-61.6935
13.541651904734	4	(28.3965,234.315,1.895)	59.2036	-67.7712
13.604964017577	2	(25.5506,185.628,1.895)	105.959	-72.4191
13.605159656343	8	(24.4269,306.025,1.895)	14.866	-57.9389
13.610420700861	9	(27.5397,326.111,1.895)	34.5508	-67.6623
13.619172076066	1	(28.9711,172.752,1.895)	118.815	-76.7086
13.620336667087	5	(24.9881,245.896,1.895)	45.7564	-70.8222
13.625066219154	3	(28.6635,205.709,1.895)	85.8561	-70.5738
13.629642230819	0	(29.2243,145.626,1.895)	145.942	-87.1945
13.630111458793	6	(28.1015,265.922,1.895)	25.6408	-61.717
13.641651904734	4	(28.415,232.327,1.895)	59.2369	-67.7866
13.704964017577	2	(25.5693,183.619,1.895)	106.009	-72.4319
13.705159656343	8	(24.4455,304.022,1.895)	14.8226	-57.8418
13.710420700861	9	(27.5584,324.107,1.895)	34.5055	-67.5971
13.719172076066	1	(28.9897,170.753,1.895)	118.856	-76.7257
13.720336667087	5	(25.0068,243.888,1.895)	45.8051	-70.8867
13.725066219154	3	(28.6821,203.709,1.895)	85.8977	-70.5679
13.729642230819	0	(29.243,143.619,1.895)	145.991	-87.1786
13.730111458793	6	(28.1203,263.911,1.895)	25.6928	-61.7457
13.741651904734	4	(28.4335,230.346,1.895)	59.2599	-67.7974
13.804964017577	2	(25.5881,181.611,1.895)	106.046	-72.4412
13.805159656343	8	(24.4643,302.015,1.895)	14.7884	-57.7734
13.810420700861	9	(27.5771,322.106,1.895)	34.4758	-67.5528
13.819172076066	1	(29.0084,168.759,1.895)	118.878	-76.735
13.820336667087	5	(25.0256,241.878,1.895)	45.8433	-70.9363
13.825066219154	3	(28.7009,201.701,1.895)	85.9336	-70.5629
13.829642230819	0	(29.2617,141.612,1.895)	146.026	-87.1669
13.830111458793	6	(28.139,261.908,1.895)	25.7241	-61.7653
13.841651904734	4	(28.452,228.371,1.895)	59.2624	-67.7985
13.904964017577	2	(25.6068,179.601,1.895)	106.089	-72.4522
13.905159656343	8	(24.483,300.009,1.895)	14.7496	-57.7055
13.910420700861	9	(27.5958,320.103,1.895)	34.4397	-67.4978
13.919172076066	1	(29.027,166.763,1.895)	118.907	-76.7471
13.920336667087	5	(25.0443,239.873,1.895)	45.8822	-70.986
13.925066219154	3	(28.7196,199.701,1.895)	85.9677	-70.5582
13.929642230819	0	(29.2805,139.603,1.895)	146.068	-87.1531
13.930111458793	6	(28.1577,259.901,1.895)	25.7651	-61.7938
13.941651904734	4	(28.4704,226.391,1.895)	59.276	-67.8049
14.004964017577	2	(25.6256,177.596,1.895)	106.133	-72.4634
14.005159656343	8	(24.5017,298.01,1.895)	14.7125	-57.6507
14.010420700861	9	(27.6145,318.096,1.895)	34.3938	-67.4256
14.019172076066	1	(29.0456,164.771,1.895)	118.937	-76.76
14.020336667087	5	(25.063,237.868,1.895)	45.9253	-71.0398
14.025066219154	3	(28.7383,197.696,1.895)	86.011	-70.5522
14.029642230819	0	(29.2992,137.594,1.895)	146.116	-87.1371
14.030111458793	6	(28.1764,257.896,1.895)	25.8088	-61.8273
14.041651904734	4	(28.4889,224.417,1.895)	59.2886	-67.8109
14.104964017577	2	(25.6442,175.594,1.895)	106.168	-72.4724
14.105159656343	8	(24.5204,296.007,1.895)	14.6774	-57.6086
14.110420700861	9	(27.6332,316.093,1.895)	34.358	-67.3676
14.119172076066	1	(29.0641,162.782,1.895)	118.959	-76.7693
14.120336667087	5	(25.0818,235.857,1.895)	45.9699	-71.0942
14.125066219154	3	(28.757,195.686,1.895)	86.0544	-70.5463
14.129642230819	0	(29.318,135.584,1.895)	146.159	-87.1226
14.130111458793	6	(28.1951,255.893,1.895)	25.8447	-61.8574
14.141651904734	4	(28.5073,222.441,1.895)	59.2983	-67.8154
14.204964017577	2	(25.663,173.583,1.895)	106.209	-72.483
14.205159656343	8	(24.5391,293.999,1.895)	14.64	-57.5744
14.210420700861	9	(27.652,314.086,1.895)	34.3206	-67.3059
14.219172076066	1	(29.0828,160.782,1.895)	118.99	-76.7822
14.220336667087	5	(25.1005,233.853,1.895)	46.004	-71.135
14.225066219154	3	(28.7758,193.68,1.895)	86.0908	-70.5414
14.229642230819	0	(29.3367,133.581,1.895)	146.192	-87.1113
14.230111458793	6	(28.2138,253.89,1.895)	25.8779	-61.8872
14.241651904734	4	(28.5259,220.452,1.895)	59.3177	-67.8247
14.304964017577	2	(25.6817,171.579,1.895)	106.248	-72.493
14.305159656343	8	(24.5578,291.992,1.895)	14.5992	-57.55
14.310420700861	9	(27.6706,312.087,1.895)	34.2864	-67.2482
14.319172076066	1	(29.1013,158.796,1.895)	119.011	-76.7908
14.320336667087	5	(25.1192,231.842,1.895)	46.0495	-71.188
14.325066219154	3	(28.7945,191.669,1.895)	86.1368	-70.5353
14.329642230819	0	(29.3553,131.581,1.895)	146.227	-87.0997
14.330111458793	6	(28.2326,251.878,1.895)	25.9246	-61.9324
14.341651904734	4	(28.5444,218.473,1.895)	59.3316	-67.8313
14.404964017577	2	(25.7005,169.57,1.895)	106.283	-72.502
14.405159656343	8	(24.5765,289.988,1.895)	14.569	-57.5406
14.410420700861	9	(27.6893,310.087,1.895)	34.2603	-67.2034
14.419172076066	1	(29.1198,156.814,1.895)	119.02	-76.7948
14.420336667087	5	(25.138,229.832,1.895)	46.0862	-71.2297
14.425066219154	3	(28.8133,189.66,1.895)	86.1728	-70.5306
14.429642230819	0	(29.3741,129.573,1.895)	146.262	-87.0876
14.430111458793	6	(28.2513,249.874,1.895)	25.9558	-61.9647
14.441651904734	4	(28.5629,216.482,1.895)	59.3492	-67.8397
14.504964017577	2	(25.7192,167.562,1.895)	106.324	-72.5123
14.505159656343	8	(24.5953,287.982,1.895)	14.5323	-57.5392
14.510420700861	9	(27.708,308.085,1.895)	34.2259	-67.1435
14.519172076066	1	(29.1385,154.817,1.895)	119.049	-76.8069
14.520336667087	5	(25.1568,227.824,1.895)	46.1262	-71.2739
14.525066219154	3	(28.8321,187.648,1.895)	86.2161	-70.5249
14.529642230819	0	(29.3927,127.573,1.895)	146.293	-87.077
14.530111458793	6	(28.2699,247.874,1.895)	25.988	-61.9996
14.541651904734	4	(28.5815,214.49,1.895)	59.3726	-67.8509
14.604964017577	2	(25.7379,165.554,1.895)	106.364	-72.5227
14.605159656343	8	(24.614,285.974,1.895)	14.494	-57.549
14.610420700861	9	(27.7267,306.077,1.895)	34.186	-67.0731
14.619172076066	1	(29.157,152.829,1.895)	119.069	-76.8153
14.620336667087	5	(25.1755,225.815,1.895)	46.1665	-71.3172
14.625066219154	3	(28.8508,185.636,1.895)	86.2599	-70.5193
14.629642230819	0	(29.4114,125.573,1.895)	146.326	-87.0659
14.630111458793	6	(28.2886,245.87,1.895)	26.024	-62.0408
14.641651904734	4	(28.6001,212.503,1.895)	59.3923	-67.8604
14.704964017577	2	(25.7566,163.554,1.895)	106.394	-72.5304
14.705159656343	8	(24.6327,283.974,1.895)	14.464	-57.5646
14.710420700861	9	(27.7454,304.077,1.895)	34.1555	-67.0183
14.719172076066	1	(29.1756,150.834,1.895)	119.094	-76.826
14.720336667087	5	(25.1942,223.816,1.895)	46.1959	-71.348
14.725066219154	3	(28.8695,183.636,1.895)	86.2903	-70.5155
14.729642230819	0	(29.4302,123.563,1.895)	146.366	-87.0522
14.730111458793	6	(28.3074,243.862,1.895)	26.0618	-62.0864
14.741651904734	4	(28.6187,210.508,1.895)	59.4169	-67.8723
14.804964017577	2	(25.7754,161.544,1.895)	106.433	-72.5406
14.805159656343	8	(24.6514,281.966,1.895)	14.4291	-57.591
14.810420700861	9	(27.7641,302.077,1.895)	34.1273	-66.9672
14.819172076066	1	(29.1943,148.84,1.895)	119.117	-76.8355
14.820336667087	5	(25.2129,221.811,1.895)	46.2296	-71.3823
14.825066219154	3	(28.8882,181.629,1.895)	86.3257	-70.511
14.829642230819	0	(29.4489,121.558,1.895)	146.4	-87.0405
14.830111458793	6	(28.3261,241.857,1.895)	26.0954	-62.1288
14.841651904734	4	(28.6372,208.529,1.895)	59.4251	-67.8763
14.904964017577	2	(25.7941,159.541,1.895)	106.469	-72.5499
14.905159656343	8	(24.6702,279.957,1.895)	14.3876	-57.633
14.910420700861	9	(27.7828,300.069,1.895)	34.0855	-66.8906
14.919172076066	1	(29.2129,146.844,1.895)	119.146	-76.8479
14.920336667087	5	(25.2315,219.81,1.895)	46.2632	-71.4156
14.925066219154	3	(28.9069,179.626,1.895)	86.3628	-70.5064
14.929642230819	0	(29.4676,119.555,1.895)	146.436	-87.0278
14.930111458793	6	(28.3448,239.852,1.895)	26.1336	-62.1792
14.941651904734	4	(28.6557,206.543,1.895)	59.4442	-67.8857
15.004964017577	2	(25.8128,157.536,1.895)	106.495	-72.5568
15.005159656343	8	(24.6889,277.949,1.895)	14.3586	-57.6686
15.010420700861	9	(27.8015,298.063,1.895)	34.058	-66.8396
15.019172076066	1	(29.2315,144.846,1.895)	119.166	-76.8562
15.020336667087	5	(25.2503,217.801,1.895)	46.2946	-71.4459
15.025066219154	3	(28.9256,177.622,1.895)	86.388	-70.5032
15.029642230819	0	(29.4863,117.554,1.895)	146.458	-87.0201
15.030111458793	6	(28.3636,237.844,1.895)	26.1632	-62.2199
15.041651904734	4	(28.6742,204.56,1.895)	59.4487	-67.8878
15.104964017577	2	(25.8315,155.529,1.895)	106.526	-72.5647
15.105159656343	8	(24.7076,275.944,1.895)	14.3309	-57.7069
15.110420700861	9	(27.8203,296.053,1.895)	34.0245	-66.7771
15.119172076066	1	(29.2501,142.861,1.895)	119.174	-76.8597
15.120336667087	5	(25.2691,215.789,1.895)	46.3296	-71.4786
15.125066219154	3	(28.9444,175.615,1.895)	86.4188	-70.4995
15.129642230819	0	(29.505,115.549,1.895)	146.487	-87.0102
15.130111458793	6	(28.3823,235.839,1.895)	26.1921	-62.2609
15.141651904734	4	(28.6928,202.569,1.895)	59.4636	-67.8952
15.204964017577	2	(25.8503,153.517,1.895)	106.56	-72.5736
15.205159656343	8	(24.7264,273.937,1.895)	14.3017	-57.751
15.210420700861	9	(27.839,294.05,1.895)	33.999	-66.7291
15.219172076066	1	(29.2687,140.869,1.895)	119.189	-76.866
15.220336667087	5	(25.2878,213.783,1.895)	46.3585	-71.5047
15.225066219154	3	(28.9631,173.603,1.895)	86.4532	-70.4953
15.229642230819	0	(29.5236,113.549,1.895)	146.509	-87.0023
15.230111458793	6	(28.4009,233.839,1.895)	26.214	-62.2928
15.241651904734	4	(28.7114,200.577,1.895)	59.4783	-67.9024
15.304964017577	2	(25.8691,151.507,1.895)	106.607	-72.5859
15.305159656343	8	(24.7451,271.932,1.895)	14.2616	-57.8167
15.310420700861	9	(27.8577,292.043,1.895)	33.9553	-66.6463
15.319172076066	1	(29.2872,138.881,1.895)	119.213	-76.8764
15.320336667087	5	(25.3066,211.772,1.895)	46.4058	-71.5459
15.325066219154	3	(28.9819,171.598,1.895)	86.4949	-70.4903
15.329642230819	0	(29.5424,111.541,1.895)	146.554	-86.9865
15.330111458793	6	(28.4196,231.837,1.895)	26.2533	-62.3519
15.341651904734	4	(28.73,198.585,1.895)	59.5063	-67.9163
15.404964017577	2	(25.8878,149.495,1.895)	106.652	-72.5978
15.405159656343	8	(24.7638,269.929,1.895)	14.2255	-57.8793
15.410420700861	9	(27.8764,290.043,1.895)	33.9216	-66.5821
15.419172076066	1	(29.3058,136.885,1.895)	119.243	-76.8889
15.420336667087	5	(25.3253,209.763,1.895)	46.4482	-71.581
15.425066219154	3	(29.0005,169.599,1.895)	86.5278	-70.4863
15.429642230819	0	(29.5611,109.535,1.895)	146.594	-86.9726
15.430111458793	6	(28.4383,229.836,1.895)	26.288	-62.4059
15.441651904734	4	(28.7485,196.599,1.895)	59.5267	-67.9264
15.504964017577	2	(25.9066,147.484,1.895)	106.69	-72.6077
15.505159656343	8	(24.7825,267.926,1.895)	14.1975	-57.9289
15.510420700861	9	(27.8951,288.031,1.895)	33.8841	-66.5101
15.519172076066	1	(29.3244,134.893,1.895)	119.26	-76.8963
15.520336667087	5	(25.344,207.76,1.895)	46.4773	-71.6041
15.525066219154	3	(29.0192,167.596,1.895)	86.5568	-70.4829
15.529642230819	0	(29.5798,107.529,1.895)	146.626	-86.9612
15.530111458793	6	(28.457,227.832,1.895)	26.3175	-62.4531
15.541651904734	4	(28.767,194.615,1.895)	59.5362	-67.9312
15.604964017577	2	(25.9253,145.482,1.895)	106.72	-72.6155
15.605159656343	8	(24.8012,265.915,1.895)	14.1598	-57.9953
15.610420700861	9	(27.9138,286.03,1.895)	33.8546	-66.4532
15.619172076066	1	(29.3431,132.897,1.895)	119.285	-76.9069
15.620336667087	5	(25.3627,205.76,1.895)	46.5053	-71.6255
15.625066219154	3	(29.0379,165.596,1.895)	86.584	-70.4797
15.629642230819	0	(29.5985,105.524,1.895)	146.659	-86.9495
15.630111458793	6	(28.4757,225.825,1.895)	26.3526	-62.5109
15.641651904734	4	(28.7856,192.628,1.895)	59.5511	-67.9386
15.704964017577	2	(25.9441,143.471,1.895)	106.757	-72.6254
15.705159656343	8	(24.82,263.906,1.895)	14.1248	-58.055
15.710420700861	9	(27.9325,284.029,1.895)	33.8269	-66.3997
15.719172076066	1	(29.3617,130.9,1.895)	119.309	-76.9168
15.720336667087	5	(25.3814,203.754,1.895)	46.5383	-71.6498
15.725066219154	3	(29.0566,163.592,1.895)	86.6161	-70.476
15.729642230819	0	(29.6172,103.523,1.895)	146.688	-86.9394
15.730111458793	6	(28.4944,223.825,1.895)	26.3801	-62.5575
15.741651904734	4	(28.8041,190.646,1.895)	59.5607	-67.9434
15.804964017577	2	(25.9628,141.467,1.895)	106.788	-72.6335
15.805159656343	8	(24.8387,261.896,1.895)	14.0887	-58.1121
15.810420700861	9	(27.9512,282.022,1.895)	33.7929	-66.3339
15.819172076066	1	(29.3802,128.914,1.895)	119.322	-76.9223
15.820336667087	5	(25.4001,201.746,1.895)	46.5728	-71.674
15.825066219154	3	(29.0753,161.587,1.895)	86.6479	-70.4724
15.829642230819	0	(29.6359,101.516,1.895)	146.721	-86.9274
15.830111458793	6	(28.5131,221.821,1.895)	26.411	-62.6108
15.841651904734	4	(28.8226,188.661,1.895)	59.5721	-67.9492
15.904964017577	2	(25.9814,139.467,1.895)	106.818	-72.6413
15.905159656343	8	(24.8574,259.891,1.895)	14.0551	-58.1593
15.910420700861	9	(27.97,280.011,1.895)	33.7519	-66.2542
15.919172076066	1	(29.3988,126.923,1.895)	119.343	-76.9313
15.920336667087	5	(25.4189,199.741,1.895)	46.6072	-71.697
15.925066219154	3	(29.094,159.584,1.895)	86.6806	-70.4686
15.929642230819	0	(29.6547,99.5056,1.895)	146.761	-86.9131
15.930111458793	6	(28.5318,219.813,1.895)	26.4488	-62.6779
15.941651904734	4	(28.8411,186.676,1.895)	59.587	-67.9567
16.004964017577	2	(26.0001,137.468,1.895)	106.843	-72.648
16.005159656343	8	(24.8762,257.88,1.895)	14.0195	-58.2012
16.010420700861	9	(27.9887,278.006,1.895)	33.7221	-66.1963
16.019172076066	1	(29.4175,124.918,1.895)	119.373	-76.944
16.020336667087	5	(25.4376,197.731,1.895)	46.6427	-71.7194
16.025066219154	3	(29.1127,157.576,1.895)	86.7137	-70.4649
16.029642230819	0	(29.6735,97.4951,1.895)	146.797	-86.9003
16.030111458793	6	(28.5506,217.804,1.895)	26.4828	-62.7396
16.041651904734	4	(28.8597,184.686,1.895)	59.6021	-67.9643
16.104964017577	2	(26.0188,135.46,1.895)	106.874	-72.6563
16.105159656343	8	(24.895,255.87,1.895)	13.9871	-58.2305
16.110420700861	9	(28.0074,276.002,1.895)	33.6941	-66.1419
16.119172076066	1	(29.4362,122.923,1.895)	119.392	-76.9522
16.120336667087	5	(25.4563,195.731,1.895)	46.6663	-71.7336
16.125066219154	3	(29.1314,155.572,1.895)	86.7414	-70.4618
16.129642230819	0	(29.6922,95.4907,1.895)	146.825	-86.8902
16.130111458793	6	(28.5693,215.795,1.895)	26.5152	-62.7998
16.141651904734	4	(28.8783,182.693,1.895)	59.619	-67.9729
16.204964017577	2	(26.0376,133.45,1.895)	106.904	-72.6642
16.205159656343	8	(24.9137,253.867,1.895)	13.9643	-58.2453
16.210420700861	9	(28.0261,274.002,1.895)	33.6739	-66.1026
16.219172076066	1	(29.4548,120.926,1.895)	119.409	-76.9594
16.220336667087	5	(25.4751,193.721,1.895)	46.6963	-71.7508
16.225066219154	3	(29.1501,153.568,1.895)	86.7653	-70.4592
16.229642230819	0	(29.7109,93.4831,1.895)	146.853	-86.8802
16.230111458793	6	(28.5881,213.788,1.895)	26.5425	-62.8516
16.241651904734	4	(28.8969,180.697,1.895)	59.6345	-67.9808
16.304964017577	2	(26.0563,131.441,1.895)	106.937	-72.6728
16.305159656343	8	(24.9325,251.855,1.895)	13.9303	-58.2574
16.310420700861	9	(28.0448,271.992,1.895)	33.6407	-66.0381
16.319172076066	1	(29.4735,118.922,1.895)	119.437	-76.9713
16.320336667087	5	(25.4937,191.72,1.895)	46.7204	-71.764
16.325066219154	3	(29.1688,151.563,1.895)	86.7942	-70.456
16.329642230819	0	(29.7296,91.4768,1.895)	146.883	-86.8694
16.330111458793	6	(28.6068,211.782,1.895)	26.572	-62.9082
16.341651904734	4	(28.9155,178.702,1.895)	59.6536	-67.9906
16.404964017577	2	(26.075,129.439,1.895)	106.955	-72.6778
16.405159656343	8	(24.9511,249.855,1.895)	13.9141	-58.2587
16.410420700861	9	(28.0636,269.984,1.895)	33.6164	-65.991
16.419172076066	1	(29.4921,116.926,1.895)	119.448	-76.9763
16.420336667087	5	(25.5124,189.714,1.895)	46.7431	-71.7758
16.425066219154	3	(29.1875,149.56,1.895)	86.8133	-70.4539
16.429642230819	0	(29.7484,89.4673,1.895)	146.909	-86.86
16.430111458793	6	(28.6255,209.777,1.895)	26.5936	-62.9504
16.441651904734	4	(28.9341,176.711,1.895)	59.6608	-67.9943
16.504964017577	2	(26.0937,127.44,1.895)	106.98	-72.6842
16.505159656343	8	(24.9699,247.848,1.895)	13.8825	-58.2525
16.510420700861	9	(28.0822,267.985,1.895)	33.5917	-65.9431
16.519172076066	1	(29.5108,114.925,1.895)	119.475	-76.9876
16.520336667087	5	(25.5312,187.702,1.895)	46.7802	-71.7939
16.525066219154	3	(29.2062,147.556,1.895)	86.8422	-70.4508
16.529642230819	0	(29.7671,87.4631,1.895)	146.938	-86.8493
16.530111458793	6	(28.6443,207.765,1.895)	26.6308	-63.0242
16.541651904734	4	(28.9527,174.72,1.895)	59.6769	-68.0026
16.604964017577	2	(26.1124,125.43,1.895)	107.004	-72.6906
16.605159656343	8	(24.9886,245.84,1.895)	13.8611	-58.2417
16.610420700861	9	(28.101,265.977,1.895)	33.5695	-65.9
16.619172076066	1	(29.5294,112.932,1.895)	119.483	-76.9911
16.620336667087	5	(25.5499,185.699,1.895)	46.7978	-71.802
16.625066219154	3	(29.225,145.547,1.895)	86.8659	-70.4482
16.629642230819	0	(29.7858,85.4549,1.895)	146.961	-86.8411
16.630111458793	6	(28.663,205.765,1.895)	26.6451	-63.0528
16.641651904734	4	(28.9713,172.725,1.895)	59.6871	-68.0078
16.704964017577	2	(26.1312,123.425,1.895)	107.03	-72.6976
16.705159656343	8	(25.0073,243.832,1.895)	13.833	-58.2191
16.710420700861	9	(28.1196,263.977,1.895)	33.5488	-65.8601
16.719172076066	1	(29.5481,110.928,1.895)	119.507	-77.0012
16.720336667087	5	(25.5687,183.692,1.895)	46.8251	-71.8139
16.725066219154	3	(29.2437,143.547,1.895)	86.887	-70.446
16.729642230819	0	(29.8046,83.4512,1.895)	146.985	-86.8322
16.730111458793	6	(28.6817,203.759,1.895)	26.6721	-63.1076
16.741651904734	4	(28.99,170.73,1.895)	59.7027	-68.0159
16.804964017577	2	(26.1499,121.419,1.895)	107.048	-72.7023
16.805159656343	8	(25.0261,241.825,1.895)	13.8146	-58.1992
16.810420700861	9	(28.1383,261.974,1.895)	33.534	-65.8314
16.819172076066	1	(29.5667,108.938,1.895)	119.508	-77.0019
16.820336667087	5	(25.5874,181.688,1.895)	46.8407	-71.8204
16.825066219154	3	(29.2624,141.542,1.895)	86.9027	-70.4443
16.829642230819	0	(29.8233,81.4449,1.895)	147.003	-86.8257
16.830111458793	6	(28.7004,201.752,1.895)	26.691	-63.1461
16.841651904734	4	(29.0086,168.737,1.895)	59.7069	-68.0181
16.904964017577	2	(26.1686,119.411,1.895)	107.077	-72.7102
16.905159656343	8	(25.0448,239.82,1.895)	13.7891	-58.1651
16.910420700861	9	(28.157,259.975,1.895)	33.5128	-65.7906
16.919172076066	1	(29.5853,106.942,1.895)	119.527	-77.0098
16.920336667087	5	(25.6061,179.685,1.895)	46.8661	-71.8303
16.925066219154	3	(29.2811,139.536,1.895)	86.9314	-70.4413
16.929642230819	0	(29.842,79.4436,1.895)	147.026	-86.8172
16.930111458793	6	(28.7192,199.74,1.895)	26.7244	-63.2154
16.941651904734	4	(29.0272,166.744,1.895)	59.7215	-68.0257
17.004964017577	2	(26.1874,117.404,1.895)	107.102	-72.7169
17.005159656343	8	(25.0635,237.818,1.895)	13.7694	-58.1338
17.010420700861	9	(28.1757,257.97,1.895)	33.4904	-65.7476
17.019172076066	1	(29.6039,104.949,1.895)	119.537	-77.0143
17.020336667087	5	(25.6248,177.679,1.895)	46.8898	-71.839
17.025066219154	3	(29.2998,137.532,1.895)	86.9524	-70.4391
17.029642230819	0	(29.8606,77.4438,1.895)	147.044	-86.8108
17.030111458793	6	(28.7379,197.732,1.895)	26.7507	-63.2703
17.041651904734	4	(29.0457,164.755,1.895)	59.7288	-68.0295
17.104964017577	2	(26.206,115.403,1.895)	107.111	-72.7193
17.105159656343	8	(25.0822,235.816,1.895)	13.7588	-58.1153
17.110420700861	9	(28.1944,255.968,1.895)	33.4795	-65.7267
17.119172076066	1	(29.6225,102.959,1.895)	119.537	-77.0141
17.120336667087	5	(25.6434,175.679,1.895)	46.8982	-71.8419
17.125066219154	3	(29.3185,135.524,1.895)	86.9697	-70.4373
17.129642230819	0	(29.8794,75.4334,1.895)	147.063	-86.8036
17.130111458793	6	(28.7567,195.721,1.895)	26.7705	-63.3121
17.141651904734	4	(29.0643,162.762,1.895)	59.7308	-68.0305
17.204964017577	2	(26.2248,113.392,1.895)	107.137	-72.7262
17.205159656343	8	(25.1009,233.807,1.895)	13.736	-58.0713
17.210420700861	9	(28.2132,253.958,1.895)	33.4552	-65.6801
17.219172076066	1	(29.6412,100.955,1.895)	119.555	-77.0219
17.220336667087	5	(25.6622,173.668,1.895)	46.9245	-71.8506
17.225066219154	3	(29.3373,133.515,1.895)	86.993	-70.4349
17.229642230819	0	(29.8981,73.4232,1.895)	147.088	-86.7945
17.230111458793	6	(28.7754,193.72,1.895)	26.7858	-63.3447
17.241651904734	4	(29.0829,160.767,1.895)	59.7407	-68.0357
17.304964017577	2	(26.2435,111.393,1.895)	107.159	-72.7321
17.305159656343	8	(25.1197,231.797,1.895)	13.7042	-58.0016
17.310420700861	9	(28.2318,251.959,1.895)	33.433	-65.6378
17.319172076066	1	(29.6599,98.9477,1.895)	119.585	-77.0347
17.320336667087	5	(25.6809,171.661,1.895)	46.9531	-71.8591
17.325066219154	3	(29.356,131.511,1.895)	87.0198	-70.4321
17.329642230819	0	(29.9169,71.4155,1.895)	147.118	-86.7834
17.330111458793	6	(28.794,191.72,1.895)	26.8081	-63.3922
17.341651904734	4	(29.1016,158.772,1.895)	59.7578	-68.0447
17.404964017577	2	(26.2621,109.392,1.895)	107.178	-72.7372
17.405159656343	8	(25.1383,229.797,1.895)	13.687	-57.9602
17.410420700861	9	(28.2506,249.95,1.895)	33.4058	-65.5861
17.419172076066	1	(29.6785,96.9536,1.895)	119.597	-77.0399
17.420336667087	5	(25.6997,169.65,1.895)	46.9822	-71.8669
17.425066219154	3	(29.3747,129.511,1.895)	87.0382	-70.4302
17.429642230819	0	(29.9356,69.4113,1.895)	147.14	-86.7752
17.430111458793	6	(28.8127,189.718,1.895)	26.8278	-63.4347
17.441651904734	4	(29.1202,156.778,1.895)	59.7697	-68.0509
17.504964017577	2	(26.2809,107.382,1.895)	107.2	-72.7431
17.505159656343	8	(25.157,227.794,1.895)	13.6722	-57.9228
17.510420700861	9	(28.2693,247.939,1.895)	33.3828	-65.5425
17.519172076066	1	(29.6972,94.9579,1.895)	119.605	-77.0433
17.520336667087	5	(25.7184,167.648,1.895)	46.9965	-71.8704
17.525066219154	3	(29.3933,127.511,1.895)	87.0507	-70.429
17.529642230819	0	(29.9543,67.4018,1.895)	147.162	-86.7672
17.530111458793	6	(28.8315,187.707,1.895)	26.852	-63.4868
17.541651904734	4	(29.1387,154.793,1.895)	59.7668	-68.0494
17.604964017577	2	(26.2996,105.377,1.895)	107.219	-72.7482
17.605159656343	8	(25.1757,225.79,1.895)	13.6548	-57.8769
17.610420700861	9	(28.288,245.938,1.895)	33.3689	-65.5163
17.619172076066	1	(29.7159,92.9523,1.895)	119.624	-77.0516
17.620336667087	5	(25.7371,165.644,1.895)	47.0138	-71.8744
17.625066219154	3	(29.4121,125.5,1.895)	87.075	-70.4265
17.629642230819	0	(29.9731,65.3948,1.895)	147.183	-86.7596
17.630111458793	6	(28.8502,185.708,1.895)	26.8647	-63.5145
17.641651904734	4	(29.1573,152.799,1.895)	59.7743	-68.0533
17.704964017577	2	(26.3184,103.366,1.895)	107.255	-72.758
17.705159656343	8	(25.1945,223.784,1.895)	13.6247	-57.7932
17.710420700861	9	(28.3067,243.939,1.895)	33.3443	-65.47
17.719172076066	1	(29.7346,90.9471,1.895)	119.654	-77.0647
17.720336667087	5	(25.7558,163.636,1.895)	47.0474	-71.8811
17.725066219154	3	(29.4308,123.494,1.895)	87.1059	-70.4234
17.729642230819	0	(29.9918,63.389,1.895)	147.214	-86.7481
17.730111458793	6	(28.8689,183.702,1.895)	26.8952	-63.5812
17.741651904734	4	(29.176,150.8,1.895)	59.7986	-68.0662
17.804964017577	2	(26.3371,101.359,1.895)	107.274	-72.763
17.805159656343	8	(25.2131,221.783,1.895)	13.6122	-57.7571
17.810420700861	9	(28.3254,241.93,1.895)	33.3232	-65.4306
17.819172076066	1	(29.7533,88.9428,1.895)	119.671	-77.0717
17.820336667087	5	(25.7746,161.625,1.895)	47.07	-71.885
17.825066219154	3	(29.4495,121.488,1.895)	87.1237	-70.4217
17.829642230819	0	(30.0106,61.3776,1.895)	147.237	-86.7393
17.830111458793	6	(28.8876,181.696,1.895)	26.9134	-63.6209
17.841651904734	4	(29.1946,148.803,1.895)	59.8083	-68.0713
17.904964017577	2	(26.3558,99.3524,1.895)	107.295	-72.7687
17.905159656343	8	(25.2318,219.78,1.895)	13.5952	-57.7071
17.910420700861	9	(28.3442,239.923,1.895)	33.3019	-65.3909
17.919172076066	1	(29.772,86.9368,1.895)	119.691	-77.0805
17.920336667087	5	(25.7934,159.614,1.895)	47.0954	-71.8886
17.925066219154	3	(29.4682,119.488,1.895)	87.1389	-70.4202
17.929642230819	0	(30.0293,59.3672,1.895)	147.262	-86.7302
17.930111458793	6	(28.9063,179.689,1.895)	26.9345	-63.6673
17.941651904734	4	(29.2132,146.811,1.895)	59.8145	-68.0746
18.004964017577	2	(26.3746,97.3457,1.895)	107.317	-72.7747
18.005159656343	8	(25.2506,217.774,1.895)	13.5739	-57.643
18.010420700861	9	(28.3628,237.923,1.895)	33.2862	-65.3616
18.019172076066	1	(29.7907,84.9351,1.895)	119.709	-77.088
18.020336667087	5	(25.8122,157.603,1.895)	47.1227	-71.8918
18.025066219154	3	(29.4869,117.484,1.895)	87.1579	-70.4183
18.029642230819	0	(30.0481,57.3602,1.895)	147.285	-86.7217
18.030111458793	6	(28.925,177.686,1.895)	26.954	-63.7104
18.041651904734	4	(29.2318,144.814,1.895)	59.8266	-68.081
18.104964017577	2	(26.3933,95.3423,1.895)	107.333	-72.779
18.105159656343	8	(25.2692,215.771,1.895)	13.5596	-57.5995
18.110420700861	9	(28.3815,235.921,1.895)	33.272	-65.3354
18.119172076066	1	(29.8094,82.9349,1.895)	119.721	-77.0933
18.120336667087	5	(25.8309,155.6,1.895)	47.1381	-71.8932
18.125066219154	3	(29.5056,115.476,1.895)	87.1781	-70.4164
18.129642230819	0	(30.0668,55.3524,1.895)	147.305	-86.7142
18.130111458793	6	(28.9437,175.684,1.895)	26.9674	-63.7401
18.141651904734	4	(29.2505,142.816,1.895)	59.8371	-68.0866
18.204964017577	2	(26.412,93.3357,1.895)	107.35	-72.7836
18.205159656343	8	(25.288,213.763,1.895)	13.542	-57.5457
18.210420700861	9	(28.4002,233.916,1.895)	33.2565	-65.3068
18.219172076066	1	(29.8281,80.9275,1.895)	119.739	-77.101
18.220336667087	5	(25.8496,153.591,1.895)	47.1567	-71.8946
18.225066219154	3	(29.5244,113.472,1.895)	87.1931	-70.4149
18.229642230819	0	(30.0855,53.3498,1.895)	147.318	-86.7093
18.230111458793	6	(28.9624,173.678,1.895)	26.9846	-63.7781
18.241651904734	4	(29.2691,140.822,1.895)	59.8413	-68.0888
18.304964017577	2	(26.4307,91.3317,1.895)	107.359	-72.7861
18.305159656343	8	(25.3067,211.761,1.895)	13.534	-57.5214
18.310420700861	9	(28.4189,231.913,1.895)	33.248	-65.2912
18.319172076066	1	(29.8467,78.9322,1.895)	119.74	-77.1014
18.320336667087	5	(25.8684,151.58,1.895)	47.1729	-71.8956
18.325066219154	3	(29.5431,111.46,1.895)	87.2101	-70.4133
18.329642230819	0	(30.1042,51.3465,1.895)	147.326	-86.7061
18.330111458793	6	(28.9811,171.677,1.895)	26.9904	-63.791
18.341651904734	4	(29.2876,138.834,1.895)	59.8353	-68.0856
18.404964017577	2	(26.4494,89.331,1.895)	107.376	-72.7906
18.405159656343	8	(25.3255,209.749,1.895)	13.5074	-57.4399
18.410420700861	9	(28.4376,229.912,1.895)	33.2305	-65.2589
18.419172076066	1	(29.8654,76.9348,1.895)	119.753	-77.1071
18.420336667087	5	(25.887,149.58,1.895)	47.1891	-71.8962
18.425066219154	3	(29.5618,109.46,1.895)	87.2259	-70.4118
18.429642230819	0	(30.123,49.3345,1.895)	147.354	-86.6957
18.430111458793	6	(28.9998,169.678,1.895)	27.0058	-63.8253
18.441651904734	4	(29.3063,136.832,1.895)	59.8531	-68.0951
18.504964017577	2	(26.4681,87.3239,1.895)	107.404	-72.7981
18.505159656343	8	(25.3442,207.74,1.895)	13.4783	-57.3522
18.510420700861	9	(28.4563,227.909,1.895)	33.2073	-65.2167
18.519172076066	1	(29.8841,74.9235,1.895)	119.785	-77.1209
18.520336667087	5	(25.9057,147.581,1.895)	47.2087	-71.8966
18.525066219154	3	(29.5805,107.46,1.895)	87.2473	-70.4097
18.529642230819	0	(30.1417,47.3272,1.895)	147.382	-86.6852
18.530111458793	6	(29.0185,167.676,1.895)	27.0283	-63.8753
18.541651904734	4	(29.3249,134.841,1.895)	59.8643	-68.1011
18.604964017577	2	(26.4868,85.3168,1.895)	107.421	-72.8028
18.605159656343	8	(25.363,205.731,1.895)	13.4598	-57.2975
18.610420700861	9	(28.4751,225.897,1.895)	33.1854	-65.1769
18.619172076066	1	(29.9029,72.9168,1.895)	119.802	-77.1281
18.620336667087	5	(25.9244,145.577,1.895)	47.2224	-71.8967
18.625066219154	3	(29.5992,105.455,1.895)	87.2624	-70.4083
18.629642230819	0	(30.1604,45.3193,1.895)	147.4	-86.6785
18.630111458793	6	(29.0372,165.668,1.895)	27.0468	-63.9163
18.641651904734	4	(29.3436,132.844,1.895)	59.8718	-68.1052
18.704964017577	2	(26.5056,83.3062,1.895)	107.444	-72.8091
18.705159656343	8	(25.3817,203.722,1.895)	13.4393	-57.2383
18.710420700861	9	(28.4938,223.89,1.895)	33.1655	-65.141
18.719172076066	1	(29.9216,70.9094,1.895)	119.822	-77.1368
18.720336667087	5	(25.9432,143.566,1.895)	47.2466	-71.8963
18.725066219154	3	(29.6179,103.449,1.895)	87.2804	-70.4066
18.729642230819	0	(30.1792,43.3092,1.895)	147.423	-86.6699
18.730111458793	6	(29.056,163.658,1.895)	27.0686	-63.9647
18.741651904734	4	(29.3622,130.843,1.895)	59.8857	-68.1126
18.804964017577	2	(26.5244,81.2964,1.895)	107.457	-72.8125
18.805159656343	8	(25.4004,201.718,1.895)	13.4322	-57.2184
18.810420700861	9	(28.5125,221.882,1.895)	33.1552	-65.1225
18.819172076066	1	(29.9403,68.9094,1.895)	119.824	-77.138
18.820336667087	5	(25.9619,141.555,1.895)	47.2604	-71.8958
18.825066219154	3	(29.6366,101.449,1.895)	87.2835	-70.4063
18.829642230819	0	(30.1979,41.3091,1.895)	147.426	-86.6689
18.830111458793	6	(29.0746,161.658,1.895)	27.0715	-63.9712
18.841651904734	4	(29.3809,128.846,1.895)	59.8847	-68.1121
18.904964017577	2	(26.5431,79.2871,1.895)	107.484	-72.8199
18.905159656343	8	(25.4191,199.711,1.895)	13.4088	-57.1541
18.910420700861	9	(28.5313,219.876,1.895)	33.1309	-65.0789
18.919172076066	1	(29.9589,66.9144,1.895)	119.837	-77.1436
18.920336667087	5	(25.9806,139.552,1.895)	47.2809	-71.8947
18.925066219154	3	(29.6553,99.4408,1.895)	87.3094	-70.4039
18.929642230819	0	(30.2166,39.3027,1.895)	147.45	-86.6597
18.930111458793	6	(29.0934,159.647,1.895)	27.1004	-64.0355
18.941651904734	4	(29.3995,126.853,1.895)	59.8965	-68.1185
19.004964017577	2	(26.5618,77.285,1.895)	107.49	-72.8214
19.005159656343	8	(25.4378,197.712,1.895)	13.4055	-57.1453
19.010420700861	9	(28.5499,217.875,1.895)	33.1267	-65.0715
19.019172076066	1	(29.9776,64.9075,1.895)	119.848	-77.1481
19.020336667087	5	(25.9994,137.545,1.895)	47.2913	-71.894
19.025066219154	3	(29.6741,97.4334,1.895)	87.3203	-70.4029
19.029642230819	0	(30.2354,37.2928,1.895)	147.464	-86.6547
19.030111458793	6	(29.1122,157.636,1.895)	27.1147	-64.0671
19.041651904734	4	(29.4181,124.859,1.895)	59.8933	-68.1167
19.104964017577	2	(26.5805,75.2845,1.895)	107.493	-72.8224
19.105159656343	8	(25.4565,195.709,1.895)	13.3996	-57.1297
19.110420700861	9	(28.5687,215.869,1.895)	33.1175	-65.0551
19.119172076066	1	(29.9963,62.9102,1.895)	119.848	-77.1483
19.120336667087	5	(26.0181,135.542,1.895)	47.2977	-71.8935
19.125066219154	3	(29.6927,95.4334,1.895)	87.3235	-70.4026
19.129642230819	0	(30.2541,35.2834,1.895)	147.476	-86.6499
19.130111458793	6	(29.1309,155.632,1.895)	27.1223	-64.084
19.141651904734	4	(29.4367,122.865,1.895)	59.8912	-68.1156
19.204964017577	2	(26.5992,73.2791,1.895)	107.508	-72.8266
19.205159656343	8	(25.4752,193.702,1.895)	13.3832	-57.0875
19.210420700861	9	(28.5874,213.86,1.895)	33.0983	-65.0211
19.219172076066	1	(30.015,60.9049,1.895)	119.863	-77.1549
19.220336667087	5	(26.0368,133.538,1.895)	47.3111	-71.8923
19.225066219154	3	(29.7114,93.4286,1.895)	87.3382	-70.4013
19.229642230819	0	(30.2729,33.2747,1.895)	147.495	-86.643
19.230111458793	6	(29.1496,153.622,1.895)	27.1424	-64.1285
19.241651904734	4	(29.4553,120.869,1.895)	59.8965	-68.1184
19.304964017577	2	(26.6179,71.2761,1.895)	107.512	-72.8275
19.305159656343	8	(25.494,191.693,1.895)	13.3748	-57.0665
19.310420700861	9	(28.6062,211.851,1.895)	33.089	-65.0046
19.319172076066	1	(30.0337,58.9023,1.895)	119.866	-77.1562
19.320336667087	5	(26.0555,131.533,1.895)	47.3167	-71.8917
19.325066219154	3	(29.7301,91.4278,1.895)	87.3395	-70.4011
19.329642230819	0	(30.2916,31.264,1.895)	147.506	-86.6388
19.330111458793	6	(29.1684,151.615,1.895)	27.1496	-64.1444
19.341651904734	4	(29.474,118.868,1.895)	59.8981	-68.1193
19.404964017577	2	(26.6367,69.2648,1.895)	107.532	-72.8331
19.405159656343	8	(25.5126,189.694,1.895)	13.3668	-57.047
19.410420700861	9	(28.6249,209.841,1.895)	33.0703	-64.9718
19.419172076066	1	(30.0524,56.8911,1.895)	119.887	-77.1649
19.420336667087	5	(26.0742,129.529,1.895)	47.3299	-71.8903
19.425066219154	3	(29.7488,89.4237,1.895)	87.3525	-70.4
19.429642230819	0	(30.3103,29.2618,1.895)	147.517	-86.6346
19.430111458793	6	(29.1871,149.611,1.895)	27.163	-64.1739
19.441651904734	4	(29.4926,116.871,1.895)	59.9043	-68.1227
19.504964017577	2	(26.6554,67.254,1.895)	107.552	-72.8385
19.505159656343	8	(25.5313,187.694,1.895)	13.3574	-57.0247
19.510420700861	9	(28.6436,207.84,1.895)	33.0595	-64.9529
19.519172076066	1	(30.0711,54.8962,1.895)	119.891	-77.1667
19.520336667087	5	(26.0929,127.526,1.895)	47.3421	-71.8888
19.525066219154	3	(29.7675,87.4197,1.895)	87.3658	-70.3987
19.529642230819	0	(30.329,27.2625,1.895)	147.526	-86.6313
19.530111458793	6	(29.2058,147.603,1.895)	27.1799	-64.2112
19.541651904734	4	(29.5112,114.881,1.895)	59.9033	-68.1222
19.604964017577	2	(26.6742,65.246,1.895)	107.563	-72.8416
19.605159656343	8	(25.55,185.689,1.895)	13.3497	-57.0069
19.610420700861	9	(28.6623,205.837,1.895)	33.0537	-64.9429
19.619172076066	1	(30.0896,52.9065,1.895)	119.884	-77.1637
19.620336667087	5	(26.1116,125.525,1.895)	47.3463	-71.8883
19.625066219154	3	(29.7862,85.4131,1.895)	87.3755	-70.3979
19.629642230819	0	(30.3477,25.256,1.895)	147.535	-86.6277
19.630111458793	6	(29.2245,145.603,1.895)	27.1829	-64.2177
19.641651904734	4	(29.5298,112.885,1.895)	59.9023	-68.1216
19.704964017577	2	(26.6928,63.2455,1.895)	107.574	-72.8445
19.705159656343	8	(25.5688,183.682,1.895)	13.333	-56.9697
19.710420700861	9	(28.681,203.833,1.895)	33.039	-64.9174
19.719172076066	1	(30.1084,50.8984,1.895)	119.902	-77.1716
19.720336667087	5	(26.1303,123.514,1.895)	47.3679	-71.8852
19.725066219154	3	(29.805,83.4024,1.895)	87.3965	-70.396
19.730111458793	6	(29.2431,143.604,1.895)	27.1924	-64.2384
19.741651904734	4	(29.5485,110.884,1.895)	59.9141	-68.128
19.804964017577	2	(26.7115,61.2448,1.895)	107.589	-72.8485
19.805159656343	8	(25.5875,181.676,1.895)	13.3139	-56.9301
19.810420700861	9	(28.6997,201.832,1.895)	33.0247	-64.8926
19.819172076066	1	(30.1271,48.8912,1.895)	119.923	-77.1807
19.820336667087	5	(26.149,121.51,1.895)	47.3852	-71.8824
19.825066219154	3	(29.8237,81.3962,1.895)	87.4164	-70.3942
19.830111458793	6	(29.2619,141.596,1.895)	27.2137	-64.2851
19.841651904734	4	(29.5672,108.884,1.895)	59.9276	-68.1353
19.904964017577	2	(26.7302,59.2429,1.895)	107.602	-72.8522
19.905159656343	8	(25.6061,179.676,1.895)	13.3023	-56.9077
19.910420700861	9	(28.7184,199.821,1.895)	33.0019	-64.8534
19.919172076066	1	(30.1458,46.8921,1.895)	119.934	-77.1854
19.920336667087	5	(26.1677,119.51,1.895)	47.3965	-71.8804
19.925066219154	3	(29.8425,79.3896,1.895)	87.4348	-70.3925
19.930111458793	6	(29.2805,139.596,1.895)	27.2258	-64.3113
19.941651904734	4	(29.5858,106.884,1.895)	59.9392	-68.1416
20.004964017577	2	(26.7489,57.2413,1.895)	107.619	-72.8567
20.005159656343	8	(25.6248,177.673,1.895)	13.2848	-56.8761
20.010420700861	9	(28.7372,197.811,1.895)	32.9772	-64.8113
20.019172076066	1	(30.1645,44.8832,1.895)	119.958	-77.1958
20.020336667087	5	(26.1864,117.507,1.895)	47.4144	-71.8771
20.025066219154	3	(29.8612,77.3808,1.895)	87.4585	-70.3904
20.030111458793	6	(29.2993,137.587,1.895)	27.2498	-64.3635
20.041651904734	4	(29.6045,104.886,1.895)	59.9525	-68.1489
20.104964017577	2	(26.7676,55.2391,1.895)	107.625	-72.8583
20.105159656343	8	(25.6435,175.67,1.895)	13.2789	-56.8659
20.110420700861	9	(28.7559,195.802,1.895)	32.9643	-64.7894
20.119172076066	1	(30.1833,42.875,1.895)	119.969	-77.2009
20.120336667087	5	(26.2051,115.507,1.895)	47.4179	-71.8763
20.125066219154	3	(29.8799,75.3751,1.895)	87.4678	-70.3896
20.130111458793	6	(29.318,135.577,1.895)	27.2629	-64.3916
20.141651904734	4	(29.6232,102.884,1.895)	59.9574	-68.1516
20.204964017577	2	(26.7863,53.2373,1.895)	107.627	-72.859
20.205159656343	8	(25.6622,173.669,1.895)	13.2773	-56.8633
20.210420700861	9	(28.7746,193.801,1.895)	32.9626	-64.7866
20.219172076066	1	(30.202,40.8688,1.895)	119.976	-77.2039
20.220336667087	5	(26.2238,113.503,1.895)	47.4235	-71.8752
20.225066219154	3	(29.8987,73.365,1.895)	87.4786	-70.3887
20.230111458793	6	(29.3368,133.571,1.895)	27.2699	-64.4068
20.241651904734	4	(29.6418,100.892,1.895)	59.9502	-68.1476
20.304964017577	2	(26.805,51.2265,1.895)	107.641	-72.8628
20.305159656343	8	(25.6809,171.667,1.895)	13.272	-56.8546
20.310420700861	9	(28.7934,191.792,1.895)	32.9509	-64.7667
20.319172076066	1	(30.2208,38.8582,1.895)	119.99	-77.2098
20.320336667087	5	(26.2425,111.501,1.895)	47.4278	-71.8743
20.325066219154	3	(29.9173,71.3657,1.895)	87.4809	-70.3885
20.330111458793	6	(29.3555,131.569,1.895)	27.2748	-64.4171
20.341651904734	4	(29.6605,98.8855,1.895)	59.9599	-68.1529
20.404964017577	2	(26.8238,49.2156,1.895)	107.66	-72.8681
20.405159656343	8	(25.6996,169.66,1.895)	13.2577	-56.8326
20.410420700861	9	(28.8121,189.784,1.895)	32.9337	-64.738
20.419172076066	1	(30.2395,36.8515,1.895)	120.005	-77.2164
20.420336667087	5	(26.2612,109.49,1.895)	47.4475	-71.8699
20.425066219154	3	(29.9361,69.3552,1.895)	87.4999	-70.3868
20.430111458793	6	(29.3742,129.565,1.895)	27.2877	-64.4448
20.441651904734	4	(29.6791,96.8972,1.895)	59.9567	-68.1512
20.504964017577	2	(26.8425,47.2073,1.895)	107.681	-72.8737
20.505159656343	8	(25.7183,167.661,1.895)	13.246	-56.8159
20.510420700861	9	(28.8309,187.772,1.895)	32.9095	-64.6976
20.519172076066	1	(30.2582,34.8411,1.895)	120.028	-77.2263
20.520336667087	5	(26.2799,107.486,1.895)	47.464	-71.866
20.525066219154	3	(29.9548,67.3532,1.895)	87.5142	-70.3856
20.530111458793	6	(29.3929,127.561,1.895)	27.3041	-64.4796
20.541651904734	4	(29.6977,94.9005,1.895)	59.9657	-68.1561
20.604964017577	2	(26.8613,45.2005,1.895)	107.688	-72.8758
20.605159656343	8	(25.737,165.652,1.895)	13.2368	-56.8039
20.610420700861	9	(28.8497,185.76,1.895)	32.8973	-64.6775
20.619172076066	1	(30.2769,32.8379,1.895)	120.032	-77.228
20.620336667087	5	(26.2986,105.486,1.895)	47.4645	-71.8659
20.625066219154	3	(29.9735,65.3446,1.895)	87.5236	-70.3848
20.630111458793	6	(29.4116,125.555,1.895)	27.3105	-64.4931
20.641651904734	4	(29.7164,92.901,1.895)	59.9659	-68.1562
20.704964017577	2	(26.88,43.1887,1.895)	107.709	-72.8816
20.705159656343	8	(25.7557,163.652,1.895)	13.2278	-56.7928
20.710420700861	9	(28.8684,183.756,1.895)	32.8836	-64.6551
20.719172076066	1	(30.2957,30.8312,1.895)	120.048	-77.235
20.720336667087	5	(26.3173,103.482,1.895)	47.4775	-71.8626
20.725066219154	3	(29.9922,63.3416,1.895)	87.536	-70.3837
20.730111458793	6	(29.4303,123.552,1.895)	27.3227	-64.5189
20.741651904734	4	(29.735,90.8978,1.895)	59.9786	-68.1632
20.804964017577	2	(26.8987,41.1861,1.895)	107.722	-72.885
20.805159656343	8	(25.7744,161.652,1.895)	13.2191	-56.7829
20.810420700861	9	(28.8871,181.754,1.895)	32.8722	-64.6363
20.819172076066	1	(30.3144,28.8252,1.895)	120.063	-77.2418
20.820336667087	5	(26.336,101.477,1.895)	47.492	-71.8587
20.825066219154	3	(30.011,61.3342,1.895)	87.5529	-70.3823
20.830111458793	6	(29.4489,121.552,1.895)	27.3325	-64.5395
20.841651904734	4	(29.7537,88.9022,1.895)	59.9838	-68.166
20.904964017577	2	(26.9175,39.179,1.895)	107.743	-72.8909
20.905159656343	8	(25.7931,159.649,1.895)	13.2021	-56.7659
20.910420700861	9	(28.9058,179.745,1.895)	32.849	-64.5986
20.919172076066	1	(30.3331,26.8213,1.895)	120.081	-77.2497
20.920336667087	5	(26.3547,99.4702,1.895)	47.5134	-71.8526
20.925066219154	3	(30.0297,59.3282,1.895)	87.5732	-70.3806
20.930111458793	6	(29.4677,119.541,1.895)	27.3577	-64.5918
20.941651904734	4	(29.7724,86.8987,1.895)	60.0015	-68.1758
21.004964017577	2	(26.9362,37.1686,1.895)	107.752	-72.8934
21.005159656343	8	(25.8118,157.64,1.895)	13.1946	-56.7593
21.010420700861	9	(28.9245,177.743,1.895)	32.8481	-64.5972
21.020336667087	5	(26.3735,97.4593,1.895)	47.5229	-71.8498
21.025066219154	3	(30.0485,57.3187,1.895)	87.5814	-70.3799
21.030111458793	6	(29.4864,117.534,1.895)	27.363	-64.6028
21.041651904734	4	(29.791,84.9004,1.895)	59.9984	-68.1741
21.104964017577	2	(26.9549,35.1661,1.895)	107.754	-72.8939
21.105159656343	8	(25.8305,155.637,1.895)	13.1923	-56.7574
21.110420700861	9	(28.9432,175.736,1.895)	32.8424	-64.588
21.120336667087	5	(26.3922,95.4543,1.895)	47.5272	-71.8485
21.125066219154	3	(30.0672,55.313,1.895)	87.5863	-70.3795
21.130111458793	6	(29.5052,115.522,1.895)	27.3742	-64.6259
21.141651904734	4	(29.8098,82.893,1.895)	60.0051	-68.1778
21.204964017577	2	(26.9737,33.1551,1.895)	107.759	-72.8952
21.205159656343	8	(25.8493,153.629,1.895)	13.1901	-56.7556
21.210420700861	9	(28.962,173.727,1.895)	32.8394	-64.5832
21.220336667087	5	(26.411,93.4432,1.895)	47.5321	-71.847
21.225066219154	3	(30.0859,53.3038,1.895)	87.5893	-70.3792
21.230111458793	6	(29.5239,113.523,1.895)	27.3678	-64.6128
21.241651904734	4	(29.8284,80.8915,1.895)	60.0004	-68.1752
21.304964017577	2	(26.9924,31.151,1.895)	107.77	-72.8983
21.305159656343	8	(25.8679,151.626,1.895)	13.1808	-56.7486
21.310420700861	9	(28.9807,171.723,1.895)	32.8283	-64.5653
21.320336667087	5	(26.4297,91.4425,1.895)	47.5398	-71.8445
21.325066219154	3	(30.1046,51.3023,1.895)	87.5979	-70.3785
21.330111458793	6	(29.5426,111.513,1.895)	27.3848	-64.6475
21.341651904734	4	(29.8472,78.8844,1.895)	60.0146	-68.183
21.404964017577	2	(27.0111,29.1485,1.895)	107.774	-72.8993
21.405159656343	8	(25.8866,149.623,1.895)	13.1763	-56.7456
21.410420700861	9	(28.9994,169.722,1.895)	32.8256	-64.5609
21.420336667087	5	(26.4484,89.4321,1.895)	47.5515	-71.8407
21.425066219154	3	(30.1233,49.2998,1.895)	87.6017	-70.3782
21.430111458793	6	(29.5613,109.509,1.895)	27.3898	-64.6576
21.441651904734	4	(29.8658,76.8928,1.895)	60.0075	-68.1791
21.504964017577	2	(27.0299,27.137,1.895)	107.791	-72.9041
21.505159656343	8	(25.9054,147.612,1.895)	13.1599	-56.7363
21.510420700861	9	(29.0181,167.714,1.895)	32.8116	-64.5386
21.520336667087	5	(26.4672,87.4264,1.895)	47.563	-71.8369
21.525066219154	3	(30.142,47.2998,1.895)	87.6076	-70.3777
21.530111458793	6	(29.5801,107.498,1.895)	27.4069	-64.6923
21.541651904734	4	(29.8845,74.8901,1.895)	60.016	-68.1838
21.604964017577	2	(27.0486,25.1349,1.895)	107.796	-72.9056
21.605159656343	8	(25.9242,145.6,1.895)	13.1456	-56.7305
21.610420700861	9	(29.0369,165.703,1.895)	32.7978	-64.5167
21.620336667087	5	(26.4858,85.4238,1.895)	47.5689	-71.8349
21.625066219154	3	(30.1607,45.2932,1.895)	87.6174	-70.3769
21.630111458793	6	(29.5989,105.488,1.895)	27.4199	-64.7182
21.641651904734	4	(29.9031,72.8943,1.895)	60.0151	-68.1833
21.705159656343	8	(25.9429,143.595,1.895)	13.1359	-56.7278
21.710420700861	9	(29.0556,163.701,1.895)	32.7901	-64.5045
21.720336667087	5	(26.5045,83.4225,1.895)	47.5754	-71.8326
21.725066219154	3	(30.1794,43.2874,1.895)	87.6284	-70.3759
21.730111458793	6	(29.6175,103.488,1.895)	27.4256	-64.7297
21.741651904734	4	(29.9217,70.8948,1.895)	60.0198	-68.1859
21.805159656343	8	(25.9616,141.589,1.895)	13.122	-56.7255
21.810420700861	9	(29.0743,161.693,1.895)	32.7751	-64.4809
21.820336667087	5	(26.5232,81.4181,1.895)	47.5875	-71.8283
21.825066219154	3	(30.1981,41.281,1.895)	87.6426	-70.3748
21.830111458793	6	(29.6362,101.485,1.895)	27.4362	-64.7506
21.841651904734	4	(29.9404,68.893,1.895)	60.0294	-68.1912
21.905159656343	8	(25.9803,139.589,1.895)	13.1218	-56.7255
21.910420700861	9	(29.093,159.69,1.895)	32.7712	-64.4748
21.920336667087	5	(26.5419,79.4178,1.895)	47.5888	-71.8278
21.925066219154	3	(30.2168,39.2786,1.895)	87.6459	-70.3745
21.930111458793	6	(29.655,99.4729,1.895)	27.449	-64.7758
21.941651904734	4	(29.9591,66.897,1.895)	60.0264	-68.1895
22.005159656343	8	(25.999,137.589,1.895)	13.128	-56.7263
22.010420700861	9	(29.1117,157.69,1.895)	32.7766	-64.4833
22.020336667087	5	(26.5606,77.4148,1.895)	47.5854	-71.829
22.025066219154	3	(30.2356,37.2671,1.895)	87.6511	-70.3741
22.030111458793	6	(29.6737,97.4725,1.895)	27.4431	-64.7641
22.041651904734	4	(29.9777,64.9021,1.895)	60.0148	-68.1831
22.105159656343	8	(26.0177,135.584,1.895)	13.1144	-56.7251
22.110420700861	9	(29.1303,155.69,1.895)	32.768	-64.4699
22.120336667087	5	(26.5793,75.4091,1.895)	47.5998	-71.8237
22.125066219154	3	(30.2544,35.257,1.895)	87.67	-70.3725
22.130111458793	6	(29.6924,95.4652,1.895)	27.4591	-64.7956
22.141651904734	4	(29.9964,62.8919,1.895)	60.0339	-68.1937
22.205159656343	8	(26.0363,133.584,1.895)	13.1152	-56.7252
22.210420700861	9	(29.1491,153.679,1.895)	32.7582	-64.4545
22.220336667087	5	(26.5981,73.4004,1.895)	47.6079	-71.8207
22.225066219154	3	(30.2731,33.2532,1.895)	87.673	-70.3723
22.230111458793	6	(29.7111,93.4623,1.895)	27.4614	-64.7998
22.241651904734	4	(30.0152,60.8849,1.895)	60.0402	-68.1972
22.305159656343	8	(26.0551,131.579,1.895)	13.1081	-56.7253
22.310420700861	9	(29.1678,151.671,1.895)	32.7479	-64.4386
22.320336667087	5	(26.6168,71.3963,1.895)	47.6136	-71.8185
22.325066219154	3	(30.2917,31.2538,1.895)	87.6741	-70.3722
22.330111458793	6	(29.7299,91.4522,1.895)	27.473	-64.8224
22.341651904734	4	(30.0338,58.887,1.895)	60.0397	-68.1969
22.405159656343	8	(26.0737,129.578,1.895)	13.1037	-56.7256
22.410420700861	9	(29.1866,149.663,1.895)	32.7366	-64.4211
22.420336667087	5	(26.6355,69.387,1.895)	47.6269	-71.8133
22.425066219154	3	(30.3104,29.2501,1.895)	87.6818	-70.3716
22.430111458793	6	(29.7486,89.4502,1.895)	27.4792	-64.8341
22.441651904734	4	(30.0524,56.8914,1.895)	60.0394	-68.1967
22.505159656343	8	(26.0924,127.575,1.895)	13.0921	-56.7274
22.510420700861	9	(29.2053,147.655,1.895)	32.7195	-64.3949
22.520336667087	5	(26.6543,67.3775,1.895)	47.6456	-71.8057
22.525066219154	3	(30.3291,27.2451,1.895)	87.6961	-70.3704
22.530111458793	6	(29.7673,87.4425,1.895)	27.4961	-64.8664
22.541651904734	4	(30.0711,54.8935,1.895)	60.0466	-68.2007
22.605159656343	8	(26.1111,125.569,1.895)	13.0877	-56.7284
22.610420700861	9	(29.2241,145.647,1.895)	32.7129	-64.3849
22.620336667087	5	(26.673,65.3682,1.895)	47.6533	-71.8025
22.625066219154	3	(30.3478,25.2435,1.895)	87.6962	-70.3704
22.630111458793	6	(29.786,85.434,1.895)	27.5031	-64.8794
22.641651904734	4	(30.0898,52.8923,1.895)	60.0462	-68.2006
22.705159656343	8	(26.1298,123.57,1.895)	13.0928	-56.7272
22.710420700861	9	(29.2428,143.639,1.895)	32.7092	-64.3792
22.720336667087	5	(26.6917,63.3682,1.895)	47.6489	-71.8043
22.730111458793	6	(29.8047,83.4315,1.895)	27.5011	-64.8757
22.741651904734	4	(30.1085,50.8888,1.895)	60.0452	-68.2
22.805159656343	8	(26.1485,121.566,1.895)	13.0874	-56.7285
22.810420700861	9	(29.2615,141.638,1.895)	32.7065	-64.375
22.820336667087	5	(26.7104,61.3631,1.895)	47.6551	-71.8017
22.830111458793	6	(29.8234,81.4297,1.895)	27.5041	-64.8813
22.841651904734	4	(30.1272,48.8818,1.895)	60.0534	-68.2045
22.905159656343	8	(26.1673,119.558,1.895)	13.0696	-56.7346
22.910420700861	9	(29.2802,139.635,1.895)	32.6931	-64.3548
22.920336667087	5	(26.7291,59.3601,1.895)	47.6691	-71.7957
22.930111458793	6	(29.8421,79.4277,1.895)	27.517	-64.9054
22.941651904734	4	(30.1459,46.8785,1.895)	60.0677	-68.2125
23.005159656343	8	(26.186,117.548,1.895)	13.0571	-56.7408
23.010420700861	9	(29.2989,137.629,1.895)	32.684	-64.3411
23.020336667087	5	(26.7478,57.3596,1.895)	47.6724	-71.7943
23.030111458793	6	(29.8608,77.4271,1.895)	27.5206	-64.912
23.041651904734	4	(30.1646,44.8795,1.895)	60.0695	-68.2135
23.105159656343	8	(26.2047,115.543,1.895)	13.0463	-56.7472
23.110420700861	9	(29.3176,135.624,1.895)	32.6739	-64.3259
23.120336667087	5	(26.7666,55.3483,1.895)	47.6892	-71.7868
23.130111458793	6	(29.8795,75.4209,1.895)	27.5322	-64.9334
23.141651904734	4	(30.1833,42.8718,1.895)	60.0828	-68.221
23.205159656343	8	(26.2234,113.539,1.895)	13.0423	-56.7499
23.210420700861	9	(29.3363,133.624,1.895)	32.6729	-64.3244
23.220336667087	5	(26.7853,53.3387,1.895)	47.6992	-71.7823
23.230111458793	6	(29.8982,73.4155,1.895)	27.5381	-64.944
23.241651904734	4	(30.2021,40.861,1.895)	60.094	-68.2272
23.305159656343	8	(26.2421,111.535,1.895)	13.0397	-56.7517
23.310420700861	9	(29.355,131.617,1.895)	32.6674	-64.3162
23.320336667087	5	(26.804,51.3389,1.895)	47.6979	-71.7829
23.330111458793	6	(29.9169,71.4087,1.895)	27.5437	-64.9542
23.341651904734	4	(30.2207,38.8589,1.895)	60.0949	-68.2278
23.405159656343	8	(26.2608,109.534,1.895)	13.0386	-56.7525
23.410420700861	9	(29.3738,129.608,1.895)	32.6584	-64.3029
23.420336667087	5	(26.8226,49.3385,1.895)	47.698	-71.7828
23.430111458793	6	(29.9357,69.4013,1.895)	27.5509	-64.9672
23.441651904734	4	(30.2394,36.856,1.895)	60.0976	-68.2293
23.505159656343	8	(26.2796,107.523,1.895)	13.0322	-56.7573
23.510420700861	9	(29.3924,127.608,1.895)	32.6628	-64.3095
23.520336667087	5	(26.8414,47.3301,1.895)	47.7021	-71.7809
23.530111458793	6	(29.9544,67.4007,1.895)	27.547	-64.9602
23.541651904734	4	(30.2581,34.8516,1.895)	60.0976	-68.2293
23.605159656343	8	(26.2983,105.512,1.895)	13.0151	-56.7718
23.610420700861	9	(29.4112,125.598,1.895)	32.6459	-64.2843
23.620336667087	5	(26.8601,45.3278,1.895)	47.7116	-71.7765
23.630111458793	6	(29.9731,65.3931,1.895)	27.5619	-64.9868
23.641651904734	4	(30.2768,32.8518,1.895)	60.1047	-68.2333
23.705159656343	8	(26.3171,103.502,1.895)	13.0027	-56.7839
23.710420700861	9	(29.43,123.587,1.895)	32.6323	-64.2643
23.720336667087	5	(26.8788,43.3253,1.895)	47.7165	-71.7742
23.730111458793	6	(29.9918,63.3929,1.895)	27.5646	-64.9916
23.741651904734	4	(30.2956,30.842,1.895)	60.1169	-68.2402
23.805159656343	8	(26.3358,101.503,1.895)	13	-56.7867
23.810420700861	9	(29.4486,121.586,1.895)	32.6279	-64.2579
23.820336667087	5	(26.8975,41.3199,1.895)	47.7255	-71.7699
23.830111458793	6	(30.0105,61.3822,1.895)	27.5789	-65.0168
23.841651904734	4	(30.3143,28.8312,1.895)	60.1314	-68.2483
23.905159656343	8	(26.3545,99.4982,1.895)	13.0016	-56.7851
23.910420700861	9	(29.4674,119.579,1.895)	32.6265	-64.2559
23.920336667087	5	(26.9162,39.3175,1.895)	47.7218	-71.7716
23.930111458793	6	(30.0293,59.375,1.895)	27.58	-65.0185
23.941651904734	4	(30.333,26.8268,1.895)	60.1297	-68.2474
24.005159656343	8	(26.3732,97.4961,1.895)	12.9947	-56.7923
24.010420700861	9	(29.4861,117.576,1.895)	32.6181	-64.2437
24.020336667087	5	(26.9348,37.3184,1.895)	47.7258	-71.7697
24.030111458793	6	(30.048,57.3672,1.895)	27.5928	-65.0408
24.105159656343	8	(26.3919,95.491,1.895)	12.9915	-56.7959
24.110420700861	9	(29.5048,115.564,1.895)	32.6086	-64.2299
24.120336667087	5	(26.9535,35.3138,1.895)	47.7287	-71.7683
24.130111458793	6	(30.0667,55.3626,1.895)	27.5956	-65.0456
24.205159656343	8	(26.4106,93.4804,1.895)	12.9788	-56.8105
24.210420700861	9	(29.5235,113.563,1.895)	32.6049	-64.2245
24.220336667087	5	(26.9722,33.3136,1.895)	47.7314	-71.767
24.230111458793	6	(30.0854,53.3578,1.895)	27.6029	-65.0579
24.305159656343	8	(26.4293,91.478,1.895)	12.9815	-56.8073
24.310420700861	9	(29.5422,111.564,1.895)	32.6107	-64.2329
24.320336667087	5	(26.9909,31.3113,1.895)	47.7285	-71.7684
24.330111458793	6	(30.1042,51.349,1.895)	27.6064	-65.0639
24.405159656343	8	(26.448,89.4757,1.895)	12.9851	-56.8031
24.410420700861	9	(29.5608,109.563,1.895)	32.6165	-64.2413
24.420336667087	5	(27.0096,29.3094,1.895)	47.7244	-71.7704
24.430111458793	6	(30.1229,49.3399,1.895)	27.6096	-65.0692
24.505159656343	8	(26.4668,87.4644,1.895)	12.9791	-56.8102
24.510420700861	9	(29.5795,107.561,1.895)	32.6191	-64.2451
24.520336667087	5	(27.0283,27.3059,1.895)	47.7228	-71.7712
24.530111458793	6	(30.1417,47.3324,1.895)	27.612	-65.0733
24.605159656343	8	(26.4855,85.4601,1.895)	12.9733	-56.8173
24.610420700861	9	(29.5982,105.56,1.895)	32.6162	-64.2408
24.620336667087	5	(27.0471,25.2953,1.895)	47.7351	-71.7652
24.630111458793	6	(30.1604,45.3266,1.895)	27.6194	-65.0857
24.705159656343	8	(26.5042,83.452,1.895)	12.9703	-56.8211
24.710420700861	9	(29.6169,103.561,1.895)	32.6221	-64.2494
24.730111458793	6	(30.179,43.3268,1.895)	27.6144	-65.0773
24.805159656343	8	(26.523,81.4444,1.895)	12.9546	-56.8418
24.810420700861	9	(29.6356,101.555,1.895)	32.6081	-64.2292
24.830111458793	6	(30.1978,41.317,1.895)	27.6328	-65.1078
24.905159656343	8	(26.5417,79.4344,1.895)	12.9521	-56.8452
24.910420700861	9	(29.6543,99.5479,1.895)	32.6082	-64.2292
24.930111458793	6	(30.2165,39.3163,1.895)	27.6261	-65.0967
25.005159656343	8	(26.5605,77.4234,1.895)	12.9354	-56.8692
25.010420700861	9	(29.673,97.5454,1.895)	32.5994	-64.2166
25.030111458793	6	(30.2352,37.3075,1.895)	27.6411	-65.1214
25.105159656343	8	(26.5792,75.4166,1.895)	12.9343	-56.8707
25.110420700861	9	(29.6917,95.54,1.895)	32.5997	-64.217
25.130111458793	6	(30.2539,35.3082,1.895)	27.6347	-65.1109
25.205159656343	8	(26.5979,73.414,1.895)	12.9294	-56.8781
25.210420700861	9	(29.7105,93.5332,1.895)	32.5903	-64.2035
25.230111458793	6	(30.2726,33.3014,1.895)	27.6441	-65.1261
25.305159656343	8	(26.6166,71.4116,1.895)	12.9247	-56.8852
25.310420700861	9	(29.7291,91.5304,1.895)	32.5852	-64.1962
25.330111458793	6	(30.2913,31.2997,1.895)	27.6481	-65.1325
25.405159656343	8	(26.6354,69.4025,1.895)	12.9076	-56.9122
25.410420700861	9	(29.7478,89.5311,1.895)	32.5773	-64.1849
25.430111458793	6	(30.31,29.2919,1.895)	27.6645	-65.1586
25.505159656343	8	(26.6541,67.3927,1.895)	12.9036	-56.9188
25.510420700861	9	(29.7665,87.5283,1.895)	32.58	-64.1888
25.530111458793	6	(30.3287,27.2916,1.895)	27.6593	-65.1504
25.605159656343	8	(26.6729,65.3832,1.895)	12.8931	-56.9361
25.610420700861	9	(29.7853,85.519,1.895)	32.5695	-64.1738
25.630111458793	6	(30.3474,25.2854,1.895)	27.6668	-65.1622
25.705159656343	8	(26.6916,63.3775,1.895)	12.8889	-56.9431
25.710420700861	9	(29.8039,83.5169,1.895)	32.5687	-64.1726
25.805159656343	8	(26.7103,61.3767,1.895)	12.8921	-56.9378
25.810420700861	9	(29.8226,81.5165,1.895)	32.5724	-64.1779
25.905159656343	8	(26.729,59.3713,1.895)	12.8956	-56.9319
25.910420700861	9	(29.8414,79.5061,1.895)	32.571	-64.176
26.005159656343	8	(26.7477,57.3675,1.895)	12.8936	-56.9353
26.010420700861	9	(29.8601,77.4956,1.895)	32.5623	-64.1636
26.105159656343	8	(26.7664,55.362,1.895)	12.8941	-56.9345
26.110420700861	9	(29.8788,75.4947,1.895)	32.5674	-64.1709
26.205159656343	8	(26.7852,53.3542,1.895)	12.8965	-56.9305
26.210420700861	9	(29.8976,73.4869,1.895)	32.5698	-64.1742
26.305159656343	8	(26.8038,51.3549,1.895)	12.9026	-56.9204
26.310420700861	9	(29.9163,71.4813,1.895)	32.5699	-64.1744
26.405159656343	8	(26.8225,49.3525,1.895)	12.9109	-56.907
26.410420700861	9	(29.935,69.4703,1.895)	32.5699	-64.1743
26.505159656343	8	(26.8413,47.3442,1.895)	12.9034	-56.9191
26.510420700861	9	(29.9537,67.4701,1.895)	32.5702	-64.1748
26.605159656343	8	(26.86,45.3419,1.895)	12.9085	-56.9108
26.610420700861	9	(29.9725,65.4604,1.895)	32.5681	-64.1719
26.705159656343	8	(26.8786,43.3426,1.895)	12.9089	-56.9101
26.710420700861	9	(29.9912,63.4542,1.895)	32.5617	-64.1628
26.805159656343	8	(26.8973,41.3373,1.895)	12.9107	-56.9072
26.810420700861	9	(30.0098,61.4553,1.895)	32.5699	-64.1744
26.905159656343	8	(26.916,39.3356,1.895)	12.9182	-56.8953
26.910420700861	9	(30.0286,59.4494,1.895)	32.5734	-64.1794
