8.104964017577	2	(24.5208,295.963,1.895)	120.342	-77.364
8.119172076066	1	(27.9539,281.74,1.895)	134.637	-85.1955
8.120336667087	5	(23.9591,356.142,1.895)	60.1611	-68.2652
8.125066219154	3	(27.6337,316.048,1.895)	100.341	-71.2011
8.129642230819	0	(28.1946,255.944,1.895)	160.428	-82.2037
8.130111458793	6	(27.0719,376.235,1.895)	40.2329	-64.7325
8.141651904734	4	(27.4073,340.305,1.895)	76.1011	-74.3616
8.149149505596	7	(26.8718,397.677,1.895)	18.9445	-59.7502
8.204964017577	2	(24.5395,293.955,1.895)	120.347	-77.3663
8.219172076066	1	(27.9722,279.78,1.895)	134.594	-85.1698
8.220336667087	5	(23.9778,354.138,1.895)	60.162	-68.2657
8.225066219154	3	(27.6524,314.044,1.895)	100.343	-71.2014
8.229642230819	0	(28.2133,253.939,1.895)	160.43	-82.2032
8.230111458793	6	(27.0906,374.233,1.895)	40.2323	-64.7324
8.241651904734	4	(27.4253,338.372,1.895)	76.0312	-74.4108
8.249149505596	7	(26.8893,395.797,1.895)	18.8234	-59.5686
8.304964017577	2	(24.5583,291.947,1.895)	120.349	-77.3668
8.319172076066	1	(27.9905,277.81,1.895)	134.558	-85.148
8.320336667087	5	(23.9965,352.133,1.895)	60.1599	-68.2645
8.325066219154	3	(27.6711,312.035,1.895)	100.345	-71.2018
8.329642230819	0	(28.2321,251.93,1.895)	160.432	-82.2025
8.330111458793	6	(27.1093,372.224,1.895)	40.2347	-64.7328
8.341651904734	4	(27.4434,336.43,1.895)	75.9661	-74.4568
8.349149505596	7	(26.9069,393.92,1.895)	18.6959	-59.4419
8.404964017577	2	(24.577,289.943,1.895)	120.347	-77.3662
8.419172076066	1	(28.0089,275.845,1.895)	134.517	-85.1232
8.420336667087	5	(24.0152,350.131,1.895)	60.1562	-68.2624
8.425066219154	3	(27.6899,310.026,1.895)	100.348	-71.2023
8.429642230819	0	(28.2508,249.924,1.895)	160.432	-82.2027
8.430111458793	6	(27.1281,370.215,1.895)	40.2373	-64.7332
8.441651904734	4	(27.4615,334.49,1.895)	75.9006	-74.5035
8.449149505596	7	(26.9246,392.023,1.895)	18.5882	-59.3899
8.504964017577	2	(24.5957,287.932,1.895)	120.352	-77.3683
8.519172076066	1	(28.0273,273.874,1.895)	134.482	-85.102
8.520336667087	5	(24.034,348.12,1.895)	60.1611	-68.2652
8.525066219154	3	(27.7085,308.025,1.895)	100.342	-71.2013
8.529642230819	0	(28.2695,247.919,1.895)	160.431	-82.2028
8.530111458793	6	(27.1468,368.216,1.895)	40.2304	-64.732
8.541651904734	4	(27.4797,332.548,1.895)	75.8359	-74.5498
8.549149505596	7	(26.9422,390.129,1.895)	18.4783	-59.3899
8.604964017577	2	(24.6144,285.928,1.895)	120.351	-77.3679
8.619172076066	1	(28.0456,271.909,1.895)	134.442	-85.0779
8.620336667087	5	(24.0527,346.11,1.895)	60.1658	-68.2679
8.625066219154	3	(27.7273,306.014,1.895)	100.348	-71.2024
8.629642230819	0	(28.2883,245.907,1.895)	160.438	-82.2011
8.630111458793	6	(27.1655,366.213,1.895)	40.2286	-64.7318
8.641651904734	4	(27.4977,330.613,1.895)	75.7661	-74.6
8.649149505596	7	(26.9599,388.241,1.895)	18.3627	-59.4465
8.704964017577	2	(24.6332,283.922,1.895)	120.352	-77.3684
8.719172076066	1	(28.064,269.939,1.895)	134.407	-85.0568
8.720336667087	5	(24.0714,344.107,1.895)	60.164	-68.2669
8.725066219154	3	(27.746,304.012,1.895)	100.346	-71.202
8.729642230819	0	(28.307,243.903,1.895)	160.437	-82.2013
8.730111458793	6	(27.1842,364.207,1.895)	40.2295	-64.7319
8.741651904734	4	(27.5158,328.671,1.895)	75.7031	-74.6456
8.749149505596	7	(26.9776,386.345,1.895)	18.2557	-59.5467
8.804964017577	2	(24.6519,281.916,1.895)	120.358	-77.3709
8.819172076066	1	(28.0824,267.965,1.895)	134.381	-85.0412
8.820336667087	5	(24.0901,342.104,1.895)	60.1672	-68.2687
8.825066219154	3	(27.7648,302,1.895)	100.358	-71.2041
8.829642230819	0	(28.3258,241.895,1.895)	160.445	-82.1991
8.830111458793	6	(27.2029,362.205,1.895)	40.2315	-64.7322
8.841651904734	4	(27.534,326.725,1.895)	75.6491	-74.6849
8.849149505596	7	(26.9952,384.453,1.895)	18.1494	-59.6855
8.904964017577	2	(24.6706,279.908,1.895)	120.359	-77.3713
8.919172076066	1	(28.1008,265.992,1.895)	134.347	-85.0206
8.920336667087	5	(24.1088,340.104,1.895)	60.1604	-68.2648
8.925066219154	3	(27.7835,299.992,1.895)	100.359	-71.2042
8.929642230819	0	(28.3445,239.891,1.895)	160.442	-82.2
8.930111458793	6	(27.2216,360.2,1.895)	40.2298	-64.732
8.941651904734	4	(27.5522,324.778,1.895)	75.5891	-74.7286
8.949149505596	7	(27.0129,382.559,1.895)	18.0386	-59.8611
9.004964017577	2	(24.6894,277.896,1.895)	120.363	-77.3731
9.019172076066	1	(28.1192,264.02,1.895)	134.31	-84.9985
9.020336667087	5	(24.1275,338.103,1.895)	60.1531	-68.2607
9.025066219154	3	(27.8022,297.991,1.895)	100.352	-71.2031
9.029642230819	0	(28.3632,237.883,1.895)	160.443	-82.1999
9.030111458793	6	(27.2403,358.19,1.895)	40.2315	-64.7322
9.041651904734	4	(27.5703,322.834,1.895)	75.5254	-74.7754
9.049149505596	7	(27.0306,380.661,1.895)	17.9309	-60.0472
9.104964017577	2	(24.7081,275.897,1.895)	120.359	-77.3716
9.110420700861	9	(26.6976,416.34,1.895)	20.3293	-61.7474
9.119172076066	1	(28.1377,262.042,1.895)	134.286	-84.9839
9.120336667087	5	(24.1462,336.097,1.895)	60.1561	-68.2624
9.125066219154	3	(27.8209,295.989,1.895)	100.351	-71.2028
9.129642230819	0	(28.3819,235.877,1.895)	160.445	-82.1992
9.130111458793	6	(27.2591,356.181,1.895)	40.2375	-64.7332
9.141651904734	4	(27.5884,320.895,1.895)	75.4617	-74.8222
9.149149505596	7	(27.0484,378.757,1.895)	17.8331	-60.2135
9.204964017577	2	(24.7268,273.888,1.895)	120.359	-77.3713
9.210420700861	9	(26.7164,414.33,1.895)	20.3285	-61.7484
9.219172076066	1	(28.1561,260.068,1.895)	134.25	-84.9621
9.220336667087	5	(24.1649,334.089,1.895)	60.1548	-68.2616
9.225066219154	3	(27.8396,293.983,1.895)	100.348	-71.2023
9.229642230819	0	(28.4006,233.878,1.895)	160.436	-82.2016
9.230111458793	6	(27.2778,354.179,1.895)	40.2311	-64.7322
9.241651904734	4	(27.6066,318.943,1.895)	75.4052	-74.8641
9.249149505596	7	(27.0662,376.845,1.895)	17.7375	-60.3567
9.304964017577	2	(24.7455,271.882,1.895)	120.358	-77.371
9.310420700861	9	(26.735,412.329,1.895)	20.334	-61.7417
9.319172076066	1	(28.1745,258.099,1.895)	134.212	-84.9392
9.320336667087	5	(24.1836,332.087,1.895)	60.1502	-68.259
9.325066219154	3	(27.8583,291.974,1.895)	100.35	-71.2026
9.329642230819	0	(28.4193,231.874,1.895)	160.432	-82.2025
9.330111458793	6	(27.2965,352.169,1.895)	40.2335	-64.7326
9.341651904734	4	(27.6249,316.989,1.895)	75.3518	-74.9036
9.349149505596	7	(27.084,374.942,1.895)	17.6356	-60.469
9.404964017577	2	(24.7642,269.881,1.895)	120.348	-77.3668
9.410420700861	9	(26.7537,410.326,1.895)	20.3415	-61.7324
9.419172076066	1	(28.1929,256.127,1.895)	134.175	-84.9162
9.420336667087	5	(24.2023,330.085,1.895)	60.142	-68.2543
9.425066219154	3	(27.8771,289.966,1.895)	100.348	-71.2023
9.429642230819	0	(28.438,229.871,1.895)	160.425	-82.2044
9.430111458793	6	(27.3153,350.159,1.895)	40.2329	-64.7325
9.441651904734	4	(27.6432,315.03,1.895)	75.3009	-74.9416
9.449149505596	7	(27.1018,373.032,1.895)	17.5365	-60.5207
9.504964017577	2	(24.7829,267.874,1.895)	120.351	-77.3677
9.510420700861	9	(26.7725,408.316,1.895)	20.3358	-61.7395
9.519172076066	1	(28.2114,254.15,1.895)	134.147	-84.8995
9.520336667087	5	(24.221,328.079,1.895)	60.1433	-68.2551
9.525066219154	3	(27.8958,287.956,1.895)	100.353	-71.2031
9.529642230819	0	(28.4566,227.87,1.895)	160.421	-82.2053
9.530111458793	6	(27.334,348.15,1.895)	40.2381	-64.7333
9.541651904734	4	(27.6614,313.07,1.895)	75.2558	-74.9752
9.549149505596	7	(27.1197,371.118,1.895)	17.448	-60.5083
9.604964017577	2	(24.8017,265.867,1.895)	120.358	-77.3711
9.610420700861	9	(26.7912,406.306,1.895)	20.3264	-61.7509
9.619172076066	1	(28.2297,252.181,1.895)	134.116	-84.8804
9.620336667087	5	(24.2397,326.076,1.895)	60.1462	-68.2567
9.625066219154	3	(27.9145,285.954,1.895)	100.355	-71.2036
9.629642230819	0	(28.4754,225.858,1.895)	160.433	-82.2022
9.630111458793	6	(27.3528,346.139,1.895)	40.2491	-64.7352
9.641651904734	4	(27.6797,311.117,1.895)	75.2095	-75.0099
9.649149505596	7	(27.1375,369.207,1.895)	17.361	-60.438
9.704964017577	2	(24.8204,263.856,1.895)	120.364	-77.3738
9.710420700861	9	(26.81,404.298,1.895)	20.323	-61.755
9.719172076066	1	(28.2482,250.201,1.895)	134.091	-84.8654
9.720336667087	5	(24.2584,324.074,1.895)	60.1436	-68.2553
9.725066219154	3	(27.9333,283.943,1.895)	100.362	-71.2048
9.729642230819	0	(28.4941,223.856,1.895)	160.431	-82.2028
9.730111458793	6	(27.3716,344.13,1.895)	40.2536	-64.736
9.741651904734	4	(27.6978,309.171,1.895)	75.1504	-75.0542
9.749149505596	7	(27.1554,367.285,1.895)	17.2795	-60.3218
9.804964017577	2	(24.8392,261.847,1.895)	120.362	-77.373
9.810420700861	9	(26.8287,402.297,1.895)	20.3323	-61.7437
9.819172076066	1	(28.2667,248.221,1.895)	134.061	-84.847
9.820336667087	5	(24.2771,322.071,1.895)	60.1361	-68.251
9.825066219154	3	(27.952,281.938,1.895)	100.356	-71.2037
9.829642230819	0	(28.5129,221.845,1.895)	160.432	-82.2027
9.830111458793	6	(27.3903,342.118,1.895)	40.2549	-64.7362
9.841651904734	4	(27.7161,307.216,1.895)	75.0947	-75.0961
9.849149505596	7	(27.1733,365.368,1.895)	17.1878	-60.1401
9.904964017577	2	(24.8579,259.846,1.895)	120.356	-77.3701
9.910420700861	9	(26.8474,400.293,1.895)	20.3361	-61.7391
9.919172076066	1	(28.2852,246.24,1.895)	134.033	-84.8302
9.920336667087	5	(24.2957,320.072,1.895)	60.127	-68.2458
9.925066219154	3	(27.9708,279.929,1.895)	100.357	-71.204
9.929642230819	0	(28.5316,219.842,1.895)	160.426	-82.2041
9.930111458793	6	(27.4091,340.112,1.895)	40.2519	-64.7357
9.941651904734	4	(27.7344,305.255,1.895)	75.0481	-75.1313
9.949149505596	7	(27.1913,363.444,1.895)	17.1047	-59.9397
10.004964017577	2	(24.8765,257.846,1.895)	120.355	-77.3695
10.010420700861	9	(26.866,398.292,1.895)	20.3361	-61.7391
10.019172076066	1	(28.3036,244.263,1.895)	134.01	-84.8161
10.020336667087	5	(24.3144,318.07,1.895)	60.1281	-68.2465
10.025066219154	3	(27.9895,277.919,1.895)	100.366	-71.2055
10.029642230819	0	(28.5503,217.838,1.895)	160.43	-82.2032
10.030111458793	6	(27.4278,338.106,1.895)	40.2574	-64.7367
10.041651904734	4	(27.7526,303.3,1.895)	75.0024	-75.1658
10.049149505596	7	(27.2092,361.522,1.895)	17.0286	-59.7366
10.104964017577	2	(24.8952,255.847,1.895)	120.355	-77.3695
10.110420700861	9	(26.8848,396.287,1.895)	20.3304	-61.7461
10.119172076066	1	(28.3221,242.29,1.895)	133.984	-84.7999
10.120336667087	5	(24.3331,316.065,1.895)	60.134	-68.2498
10.125066219154	3	(28.0082,275.914,1.895)	100.372	-71.2066
10.129642230819	0	(28.569,215.835,1.895)	160.433	-82.2024
10.130111458793	6	(27.4465,336.104,1.895)	40.2605	-64.7372
10.141651904734	4	(27.7709,301.34,1.895)	74.9625	-75.196
10.149149505596	7	(27.2271,359.605,1.895)	16.9473	-59.5105
10.204964017577	2	(24.9139,253.839,1.895)	120.362	-77.3726
10.210420700861	9	(26.9034,394.286,1.895)	20.3305	-61.746
10.219172076066	1	(28.3405,240.315,1.895)	133.958	-84.784
10.220336667087	5	(24.3518,314.064,1.895)	60.134	-68.2498
10.225066219154	3	(28.0269,273.912,1.895)	100.373	-71.2068
10.229642230819	0	(28.5877,213.826,1.895)	160.441	-82.2002
10.230111458793	6	(27.4651,334.104,1.895)	40.2589	-64.7369
10.241651904734	4	(27.7893,299.375,1.895)	74.9275	-75.2226
10.249149505596	7	(27.2451,357.682,1.895)	16.8705	-59.298
10.304964017577	2	(24.9327,251.829,1.895)	120.373	-77.3774
10.310420700861	9	(26.9222,392.278,1.895)	20.3213	-61.757
10.319172076066	1	(28.359,238.332,1.895)	133.941	-84.7739
10.320336667087	5	(24.3705,312.062,1.895)	60.1366	-68.2513
10.325066219154	3	(28.0456,271.91,1.895)	100.376	-71.2073
10.329642230819	0	(28.6064,211.827,1.895)	160.441	-82.2002
10.330111458793	6	(27.4839,332.092,1.895)	40.2716	-64.7392
10.341651904734	4	(27.8075,297.418,1.895)	74.8854	-75.2546
10.349149505596	7	(27.263,355.765,1.895)	16.7902	-59.0869
10.404964017577	2	(24.9514,249.822,1.895)	120.37	-77.3761
10.410420700861	9	(26.9409,390.267,1.895)	20.321	-61.7573
10.419172076066	1	(28.3774,236.362,1.895)	133.901	-84.7496
10.420336667087	5	(24.3892,310.056,1.895)	60.1331	-68.2493
10.425066219154	3	(28.0644,269.902,1.895)	100.374	-71.2069
10.429642230819	0	(28.6251,209.82,1.895)	160.438	-82.2012
10.430111458793	6	(27.5026,330.086,1.895)	40.2683	-64.7386
10.441651904734	4	(27.8259,295.455,1.895)	74.8374	-75.2911
10.449149505596	7	(27.281,353.834,1.895)	16.713	-58.902
10.504964017577	2	(24.9702,247.813,1.895)	120.368	-77.3754
10.510420700861	9	(26.9596,388.265,1.895)	20.3298	-61.7467
10.519172076066	1	(28.3958,234.386,1.895)	133.867	-84.7286
10.520336667087	5	(24.4079,308.056,1.895)	60.1216	-68.2428
10.525066219154	3	(28.0831,267.897,1.895)	100.368	-71.2058
10.529642230819	0	(28.6438,207.814,1.895)	160.434	-82.2022
10.530111458793	6	(27.5214,328.078,1.895)	40.2651	-64.738
10.541651904734	4	(27.8441,293.498,1.895)	74.7845	-75.3314
10.549149505596	7	(27.2989,351.911,1.895)	16.6268	-58.7244
10.604964017577	2	(24.9889,245.813,1.895)	120.366	-77.3746
10.610420700861	9	(26.9783,386.264,1.895)	20.3298	-61.7468
10.619172076066	1	(28.4143,232.402,1.895)	133.849	-84.7176
10.620336667087	5	(24.4266,306.05,1.895)	60.1263	-68.2455
10.625066219154	3	(28.1018,265.89,1.895)	100.373	-71.2067
10.629642230819	0	(28.6626,205.806,1.895)	160.439	-82.2008
10.630111458793	6	(27.5401,326.07,1.895)	40.2713	-64.7392
10.641651904734	4	(27.8625,291.531,1.895)	74.75	-75.3577
10.649149505596	7	(27.317,349.979,1.895)	16.5584	-58.6096
10.704964017577	2	(25.0076,243.804,1.895)	120.365	-77.374
10.710420700861	9	(26.997,384.259,1.895)	20.3349	-61.7405
10.719172076066	1	(28.4329,230.414,1.895)	133.827	-84.7043
10.720336667087	5	(24.4453,304.05,1.895)	60.116	-68.2396
10.725066219154	3	(28.1205,263.891,1.895)	100.362	-71.2048
10.729642230819	0	(28.6813,203.799,1.895)	160.437	-82.2014
10.730111458793	6	(27.5589,324.058,1.895)	40.2729	-64.7394
10.741651904734	4	(27.8808,289.569,1.895)	74.7013	-75.3949
10.749149505596	7	(27.3351,348.04,1.895)	16.4888	-58.5192
10.804964017577	2	(25.0263,241.802,1.895)	120.357	-77.3705
10.810420700861	9	(27.0157,382.257,1.895)	20.3434	-61.73
10.819172076066	1	(28.4515,228.425,1.895)	133.806	-84.6914
10.820336667087	5	(24.464,302.042,1.895)	60.1139	-68.2385
10.825066219154	3	(28.1392,261.882,1.895)	100.361	-71.2046
10.829642230819	0	(28.7,201.798,1.895)	160.427	-82.2039
10.830111458793	6	(27.5776,322.055,1.895)	40.2661	-64.7382
10.841651904734	4	(27.8991,287.605,1.895)	74.6558	-75.4297
10.849149505596	7	(27.3531,346.105,1.895)	16.4153	-58.4547
10.904964017577	2	(25.045,239.793,1.895)	120.359	-77.3715
10.910420700861	9	(27.0345,380.246,1.895)	20.3392	-61.7353
10.919172076066	1	(28.4699,226.448,1.895)	133.777	-84.6734
10.920336667087	5	(24.4828,300.036,1.895)	60.1138	-68.2384
10.925066219154	3	(28.1579,259.881,1.895)	100.355	-71.2036
10.929642230819	0	(28.7187,199.796,1.895)	160.423	-82.205
10.930111458793	6	(27.5963,320.048,1.895)	40.2667	-64.7383
10.941651904734	4	(27.9174,285.642,1.895)	74.6123	-75.463
10.949149505596	7	(27.3711,344.176,1.895)	16.3389	-58.4225
11.004964017577	2	(25.0638,237.785,1.895)	120.357	-77.3707
11.010420700861	9	(27.0532,378.241,1.895)	20.3433	-61.7301
11.019172076066	1	(28.4885,224.462,1.895)	133.752	-84.6582
11.020336667087	5	(24.5015,298.027,1.895)	60.1122	-68.2375
11.025066219154	3	(28.1766,257.875,1.895)	100.351	-71.2029
11.029642230819	0	(28.7374,197.792,1.895)	160.417	-82.2065
11.030111458793	6	(27.615,318.043,1.895)	40.2621	-64.7375
11.041651904734	4	(27.9358,283.677,1.895)	74.5667	-75.4978
11.049149505596	7	(27.3892,342.237,1.895)	16.2694	-58.4244
11.104964017577	2	(25.0825,235.779,1.895)	120.36	-77.372
11.110420700861	9	(27.0719,376.239,1.895)	20.3451	-61.7278
11.119172076066	1	(28.5069,222.483,1.895)	133.728	-84.6435
11.120336667087	5	(24.5202,296.022,1.895)	60.1142	-68.2386
11.125066219154	3	(28.1953,255.874,1.895)	100.349	-71.2025
11.129642230819	0	(28.7561,195.785,1.895)	160.42	-82.2057
11.130111458793	6	(27.6338,316.036,1.895)	40.2654	-64.7381
11.141651904734	4	(27.9542,281.708,1.895)	74.5331	-75.5235
11.149149505596	7	(27.4073,340.299,1.895)	16.2054	-58.4516
11.204964017577	2	(25.1013,233.769,1.895)	120.368	-77.3755
11.210420700861	9	(27.0905,374.238,1.895)	20.3458	-61.7269
11.219172076066	1	(28.5255,220.494,1.895)	133.716	-84.636
11.220336667087	5	(24.5389,294.017,1.895)	60.1179	-68.2407
11.225066219154	3	(28.214,253.871,1.895)	100.351	-71.2028
11.229642230819	0	(28.7749,193.775,1.895)	160.429	-82.2033
11.230111458793	6	(27.6525,314.027,1.895)	40.273	-64.7395
11.241651904734	4	(27.9725,279.747,1.895)	74.4921	-75.555
11.249149505596	7	(27.4254,338.365,1.895)	16.1396	-58.5035
11.304964017577	2	(25.1199,231.767,1.895)	120.361	-77.3725
11.310420700861	9	(27.1092,372.238,1.895)	20.3539	-61.7166
11.319172076066	1	(28.5441,218.504,1.895)	133.697	-84.6244
11.320336667087	5	(24.5576,292.014,1.895)	60.1124	-68.2376
11.325066219154	3	(28.2327,251.86,1.895)	100.353	-71.2032
11.329642230819	0	(28.7936,191.765,1.895)	160.43	-82.203
11.330111458793	6	(27.6713,312.015,1.895)	40.2762	-64.7401
11.341651904734	4	(27.9908,277.782,1.895)	74.4485	-75.5884
11.349149505596	7	(27.4435,336.42,1.895)	16.0772	-58.5731
11.404964017577	2	(25.1387,229.76,1.895)	120.359	-77.3715
11.410420700861	9	(27.1279,370.232,1.895)	20.3576	-61.7118
11.419172076066	1	(28.5626,216.517,1.895)	133.675	-84.6111
11.420336667087	5	(24.5764,290.004,1.895)	60.1132	-68.2381
11.425066219154	3	(28.2514,249.86,1.895)	100.344	-71.2015
11.429642230819	0	(28.8123,189.763,1.895)	160.423	-82.205
11.430111458793	6	(27.69,310.013,1.895)	40.2696	-64.7388
11.441651904734	4	(28.0093,275.803,1.895)	74.4184	-75.6115
11.449149505596	7	(27.4616,334.479,1.895)	16.0107	-58.6657
11.504964017577	2	(25.1574,227.749,1.895)	120.365	-77.374
11.510420700861	9	(27.1467,368.223,1.895)	20.3531	-61.7176
11.519172076066	1	(28.5811,214.533,1.895)	133.653	-84.598
11.520336667087	5	(24.5951,287.998,1.895)	60.1138	-68.2384
11.525066219154	3	(28.2701,247.854,1.895)	100.344	-71.2016
11.529642230819	0	(28.831,187.763,1.895)	160.418	-82.2062
11.530111458793	6	(27.7087,308.006,1.895)	40.271	-64.7391
11.541651904734	4	(28.0276,273.84,1.895)	74.3767	-75.6434
11.549149505596	7	(27.4797,332.546,1.895)	15.94	-58.7799
11.604964017577	2	(25.1761,225.746,1.895)	120.357	-77.3705
11.610420700861	9	(27.1655,366.213,1.895)	20.3544	-61.7158
11.619172076066	1	(28.5996,212.552,1.895)	133.623	-84.5795
11.620336667087	5	(24.6138,285.992,1.895)	60.1081	-68.2352
11.625066219154	3	(28.2888,245.85,1.895)	100.337	-71.2004
11.629642230819	0	(28.8497,185.761,1.895)	160.408	-82.2087
11.630111458793	6	(27.7275,305.996,1.895)	40.2694	-64.7388
11.641651904734	4	(28.046,271.87,1.895)	74.3351	-75.6753
11.649149505596	7	(27.4978,330.603,1.895)	15.873	-58.8966
11.704964017577	2	(25.1948,223.743,1.895)	120.352	-77.3682
11.710420700861	9	(27.1842,364.203,1.895)	20.3529	-61.7179
11.719172076066	1	(28.6182,210.565,1.895)	133.602	-84.5662
11.720336667087	5	(24.6325,283.989,1.895)	60.1033	-68.2325
11.725066219154	3	(28.3076,243.842,1.895)	100.337	-71.2003
11.729642230819	0	(28.8684,183.756,1.895)	160.405	-82.2095
11.730111458793	6	(27.7462,303.986,1.895)	40.2712	-64.7391
11.741651904734	4	(28.0644,269.899,1.895)	74.2981	-75.7036
11.749149505596	7	(27.5159,328.661,1.895)	15.8077	-59.0113
11.804964017577	2	(25.2136,221.733,1.895)	120.361	-77.3723
11.810420700861	9	(27.203,362.192,1.895)	20.3423	-61.7313
11.819172076066	1	(28.6367,208.581,1.895)	133.586	-84.5564
11.820336667087	5	(24.6513,281.978,1.895)	60.1134	-68.2382
11.825066219154	3	(28.3263,241.831,1.895)	100.347	-71.2022
11.829642230819	0	(28.8871,181.752,1.895)	160.409	-82.2084
11.830111458793	6	(27.7649,301.986,1.895)	40.2711	-64.7391
11.841651904734	4	(28.0828,267.925,1.895)	74.2716	-75.7239
11.849149505596	7	(27.5341,326.717,1.895)	15.7528	-59.1026
11.904964017577	2	(25.2323,219.727,1.895)	120.364	-77.3738
11.910420700861	9	(27.2217,360.186,1.895)	20.339	-61.7354
11.919172076066	1	(28.6552,206.595,1.895)	133.569	-84.5462
11.920336667087	5	(24.67,279.977,1.895)	60.1124	-68.2376
11.925066219154	3	(28.3451,239.82,1.895)	100.356	-71.2037
11.929642230819	0	(28.9058,179.751,1.895)	160.407	-82.2089
11.930111458793	6	(27.7836,299.98,1.895)	40.275	-64.7398
11.941651904734	4	(28.1012,265.954,1.895)	74.2401	-75.748
11.949149505596	7	(27.5522,324.778,1.895)	15.6909	-59.1931
12.004964017577	2	(25.251,217.725,1.895)	120.36	-77.3717
12.010420700861	9	(27.2404,358.184,1.895)	20.3446	-61.7284
12.019172076066	1	(28.6737,204.617,1.895)	133.54	-84.5283
12.020336667087	5	(24.6887,277.973,1.895)	60.1091	-68.2358
12.025066219154	3	(28.3639,237.809,1.895)	100.36	-71.2044
12.029642230819	0	(28.9244,177.748,1.895)	160.402	-82.2102
12.030111458793	6	(27.8023,297.977,1.895)	40.2699	-64.7389
12.041651904734	4	(28.1196,263.979,1.895)	74.2076	-75.7728
12.049149505596	7	(27.5704,322.827,1.895)	15.6361	-59.2567
12.104964017577	2	(25.2698,215.715,1.895)	120.368	-77.3754
12.110420700861	9	(27.259,356.185,1.895)	20.3466	-61.7259
12.119172076066	1	(28.6921,202.639,1.895)	133.516	-84.5138
12.120336667087	5	(24.7075,275.961,1.895)	60.1193	-68.2415
12.125066219154	3	(28.3826,235.8,1.895)	100.367	-71.2057
12.129642230819	0	(28.9432,175.74,1.895)	160.409	-82.2086
12.130111458793	6	(27.821,295.972,1.895)	40.2737	-64.7396
12.141651904734	4	(28.1381,262,1.895)	74.1849	-75.7901
12.149149505596	7	(27.5885,320.882,1.895)	15.5806	-59.3003
12.204964017577	2	(25.2884,213.714,1.895)	120.363	-77.3731
12.210420700861	9	(27.2778,354.175,1.895)	20.3427	-61.7308
12.219172076066	1	(28.7106,200.656,1.895)	133.493	-84.4997
12.220336667087	5	(24.7262,273.956,1.895)	60.118	-68.2408
12.225066219154	3	(28.4013,233.796,1.895)	100.365	-71.2053
12.229642230819	0	(28.962,173.73,1.895)	160.414	-82.2073
12.230111458793	6	(27.8397,293.971,1.895)	40.2685	-64.7386
12.241651904734	4	(28.1565,260.024,1.895)	74.1547	-75.8132
12.249149505596	7	(27.6067,318.937,1.895)	15.5213	-59.319
12.304964017577	2	(25.3071,211.714,1.895)	120.361	-77.3725
12.310420700861	9	(27.2965,352.175,1.895)	20.3444	-61.7287
12.319172076066	1	(28.7293,198.66,1.895)	133.488	-84.4964
12.320336667087	5	(24.7448,271.957,1.895)	60.1157	-68.2395
12.325066219154	3	(28.4201,231.785,1.895)	100.374	-71.207
12.329642230819	0	(28.9807,171.719,1.895)	160.423	-82.2049
12.330111458793	6	(27.8584,291.967,1.895)	40.2709	-64.7391
12.341651904734	4	(28.1749,258.053,1.895)	74.1248	-75.836
12.349149505596	7	(27.6249,316.989,1.895)	15.4692	-59.3088
12.404964017577	2	(25.3259,209.703,1.895)	120.366	-77.3746
12.410420700861	9	(27.3152,350.167,1.895)	20.3428	-61.7307
12.419172076066	1	(28.7479,196.665,1.895)	133.477	-84.4895
12.420336667087	5	(24.7635,269.957,1.895)	60.109	-68.2357
12.425066219154	3	(28.4388,229.783,1.895)	100.37	-71.2063
12.429642230819	0	(28.9994,169.713,1.895)	160.423	-82.2049
12.430111458793	6	(27.8771,289.965,1.895)	40.2668	-64.7383
12.441651904734	4	(28.1934,256.078,1.895)	74.0933	-75.86
12.449149505596	7	(27.6431,315.032,1.895)	15.4202	-59.2755
12.504964017577	2	(25.3445,207.704,1.895)	120.358	-77.3711
12.510420700861	9	(27.3339,348.166,1.895)	20.349	-61.7228
12.519172076066	1	(28.7665,194.674,1.895)	133.46	-84.479
12.520336667087	5	(24.7823,267.947,1.895)	60.1121	-68.2374
12.525066219154	3	(28.4575,227.776,1.895)	100.37	-71.2063
12.529642230819	0	(29.0182,167.707,1.895)	160.422	-82.2052
12.530111458793	6	(27.8958,287.96,1.895)	40.2646	-64.7379
12.541651904734	4	(28.2118,254.099,1.895)	74.0656	-75.8811
12.549149505596	7	(27.6614,313.078,1.895)	15.3681	-59.2148
12.604964017577	2	(25.3633,205.697,1.895)	120.365	-77.3742
12.610420700861	9	(27.3527,346.155,1.895)	20.3383	-61.7364
12.619172076066	1	(28.7851,192.68,1.895)	133.454	-84.4754
12.620336667087	5	(24.801,265.942,1.895)	60.1172	-68.2403
12.625066219154	3	(28.4762,225.772,1.895)	100.374	-71.207
12.629642230819	0	(29.0369,165.703,1.895)	160.425	-82.2044
12.630111458793	6	(27.9146,285.949,1.895)	40.2754	-64.7399
12.641651904734	4	(28.2302,252.127,1.895)	74.0373	-75.9027
12.649149505596	7	(27.6796,311.13,1.895)	15.3178	-59.1328
12.704964017577	2	(25.382,203.691,1.895)	120.364	-77.3734
12.710420700861	9	(27.3714,344.15,1.895)	20.3407	-61.7333
12.719172076066	1	(28.8037,190.691,1.895)	133.436	-84.4644
12.720336667087	5	(24.8197,263.931,1.895)	60.1207	-68.2423
12.725066219154	3	(28.495,223.763,1.895)	100.375	-71.2072
12.729642230819	0	(29.0556,163.693,1.895)	160.428	-82.2036
12.730111458793	6	(27.9333,283.948,1.895)	40.2688	-64.7387
12.741651904734	4	(28.2487,250.153,1.895)	74.0037	-75.9281
12.749149505596	7	(27.6979,309.165,1.895)	15.2762	-59.0493
12.804964017577	2	(25.4008,201.679,1.895)	120.369	-77.3758
12.810420700861	9	(27.3901,342.146,1.895)	20.3426	-61.7309
12.819172076066	1	(28.8223,188.692,1.895)	133.428	-84.4597
12.820336667087	5	(24.8385,261.926,1.895)	60.1196	-68.2417
12.825066219154	3	(28.5137,221.758,1.895)	100.374	-71.207
12.829642230819	0	(29.0743,161.689,1.895)	160.425	-82.2043
12.830111458793	6	(27.952,281.937,1.895)	40.274	-64.7397
12.841651904734	4	(28.2672,248.17,1.895)	73.9808	-75.9455
12.849149505596	7	(27.7161,307.21,1.895)	15.2264	-58.9334
12.904964017577	2	(25.4195,199.671,1.895)	120.367	-77.3751
12.910420700861	9	(27.4088,340.137,1.895)	20.344	-61.7292
12.919172076066	1	(28.8409,186.699,1.895)	133.411	-84.4494
12.920336667087	5	(24.8571,259.924,1.895)	60.1113	-68.237
12.925066219154	3	(28.5324,219.753,1.895)	100.369	-71.2061
12.929642230819	0	(29.0931,159.682,1.895)	160.422	-82.2051
12.930111458793	6	(27.9707,279.938,1.895)	40.263	-64.7377
12.941651904734	4	(28.2857,246.187,1.895)	73.9529	-75.9666
12.949149505596	7	(27.7344,305.25,1.895)	15.1772	-58.8056
13.004964017577	2	(25.4382,197.671,1.895)	120.368	-77.3752
13.010420700861	9	(27.4275,338.136,1.895)	20.3416	-61.7322
13.019172076066	1	(28.8595,184.707,1.895)	133.404	-84.4447
13.020336667087	5	(24.8759,257.917,1.895)	60.1193	-68.2415
13.025066219154	3	(28.5511,217.745,1.895)	100.378	-71.2077
13.029642230819	0	(29.1118,157.671,1.895)	160.435	-82.2019
13.030111458793	6	(27.9894,277.936,1.895)	40.2651	-64.738
13.041651904734	4	(28.3042,244.205,1.895)	73.9366	-75.979
13.049149505596	7	(27.7526,303.3,1.895)	15.1295	-58.6721
13.104964017577	2	(25.4569,195.666,1.895)	120.374	-77.3781
13.110420700861	9	(27.4463,336.125,1.895)	20.3298	-61.7468
13.119172076066	1	(28.8782,182.707,1.895)	133.405	-84.4452
13.120336667087	5	(24.8946,255.913,1.895)	60.1239	-68.2441
13.125066219154	3	(28.5699,215.737,1.895)	100.387	-71.2093
13.129642230819	0	(29.1306,155.664,1.895)	160.443	-82.1998
13.130111458793	6	(28.008,275.935,1.895)	40.2676	-64.7385
13.141651904734	4	(28.3226,242.228,1.895)	73.9146	-75.9956
13.149149505596	7	(27.7709,301.343,1.895)	15.0887	-58.5539
13.204964017577	2	(25.4756,193.657,1.895)	120.379	-77.3805
13.210420700861	9	(27.4649,334.124,1.895)	20.3322	-61.7439
13.219172076066	1	(28.8968,180.713,1.895)	133.396	-84.4396
13.220336667087	5	(24.9133,253.91,1.895)	60.1236	-68.2439
13.225066219154	3	(28.5886,213.733,1.895)	100.388	-71.2094
13.229642230819	0	(29.1493,153.657,1.895)	160.446	-82.1989
13.230111458793	6	(28.0267,273.935,1.895)	40.2642	-64.7379
13.241651904734	4	(28.3411,240.249,1.895)	73.8904	-76.0139
13.249149505596	7	(27.7892,299.387,1.895)	15.042	-58.4169
13.304964017577	2	(25.4944,191.651,1.895)	120.381	-77.3812
13.310420700861	9	(27.4837,332.118,1.895)	20.3308	-61.7456
13.319172076066	1	(28.9154,178.719,1.895)	133.385	-84.4329
13.320336667087	5	(24.932,251.905,1.895)	60.1243	-68.2444
13.325066219154	3	(28.6073,211.732,1.895)	100.384	-71.2088
13.329642230819	0	(29.168,151.65,1.895)	160.448	-82.1984
13.330111458793	6	(28.0454,271.933,1.895)	40.2619	-64.7375
13.341651904734	4	(28.3596,238.273,1.895)	73.8613	-76.0358
13.349149505596	7	(27.8074,297.431,1.895)	14.9948	-58.2798
13.404964017577	2	(25.5131,189.643,1.895)	120.387	-77.3839
13.410420700861	9	(27.5024,330.112,1.895)	20.3258	-61.7516
13.419172076066	1	(28.9339,176.734,1.895)	133.369	-84.4231
13.420336667087	5	(24.9506,249.906,1.895)	60.1225	-68.2433
13.425066219154	3	(28.626,209.725,1.895)	100.39	-71.2098
13.429642230819	0	(29.1868,149.643,1.895)	160.454	-82.1969
13.430111458793	6	(28.0641,269.93,1.895)	40.2631	-64.7377
13.441651904734	4	(28.3781,236.29,1.895)	73.8428	-76.0497
13.449149505596	7	(27.8257,295.469,1.895)	14.9561	-58.1711
13.504964017577	2	(25.5318,187.636,1.895)	120.393	-77.3866
13.510420700861	9	(27.5211,328.111,1.895)	20.3268	-61.7504
13.519172076066	1	(28.9524,174.749,1.895)	133.353	-84.4134
13.520336667087	5	(24.9693,247.906,1.895)	60.1209	-68.2424
13.525066219154	3	(28.6447,207.718,1.895)	100.395	-71.2108
13.529642230819	0	(29.2055,147.634,1.895)	160.462	-82.195
13.530111458793	6	(28.0828,267.927,1.895)	40.2647	-64.738
13.541651904734	4	(28.3965,234.315,1.895)	73.8172	-76.069
13.549149505596	7	(27.844,293.516,1.895)	14.9096	-58.0467
13.604964017577	2	(25.5506,185.628,1.895)	120.402	-77.3906
13.610420700861	9	(27.5397,326.111,1.895)	20.3255	-61.752
13.619172076066	1	(28.9711,172.752,1.895)	133.351	-84.4119
13.620336667087	5	(24.9881,245.896,1.895)	60.1322	-68.2488
13.625066219154	3	(28.6635,205.709,1.895)	100.405	-71.2126
13.629642230819	0	(29.2243,145.626,1.895)	160.471	-82.1925
13.630111458793	6	(28.1015,265.922,1.895)	40.2713	-64.7392
13.641651904734	4	(28.415,232.327,1.895)	73.8057	-76.0776
13.649149505596	7	(27.8622,291.562,1.895)	14.866	-57.9389
13.704964017577	2	(25.5693,183.619,1.895)	120.408	-77.3932
13.710420700861	9	(27.5584,324.107,1.895)	20.3247	-61.7529
13.719172076066	1	(28.9897,170.753,1.895)	133.347	-84.4098
13.720336667087	5	(25.0068,243.888,1.895)	60.1366	-68.2513
13.725066219154	3	(28.6821,203.709,1.895)	100.402	-71.2121
13.729642230819	0	(29.243,143.619,1.895)	160.475	-82.1914
13.730111458793	6	(28.1203,263.911,1.895)	40.2788	-64.7405
13.741651904734	4	(28.4335,230.346,1.895)	73.7843	-76.0936
13.749149505596	7	(27.8805,289.603,1.895)	14.8226	-57.8418
13.804964017577	2	(25.5881,181.611,1.895)	120.41	-77.3938
13.810420700861	9	(27.5771,322.106,1.895)	20.33	-61.7466
13.819172076066	1	(29.0084,168.759,1.895)	133.334	-84.4018
13.820336667087	5	(25.0256,241.878,1.895)	60.1398	-68.2531
13.825066219154	3	(28.7009,201.701,1.895)	100.403	-71.2122
13.829642230819	0	(29.2617,141.612,1.895)	160.475	-82.1914
13.830111458793	6	(28.139,261.908,1.895)	40.2749	-64.7398
13.841651904734	4	(28.452,228.371,1.895)	73.7517	-76.1181
13.849149505596	7	(27.8989,287.631,1.895)	14.7884	-57.7734
13.904964017577	2	(25.6068,179.601,1.895)	120.413	-77.3954
13.910420700861	9	(27.5958,320.103,1.895)	20.3336	-61.7421
13.919172076066	1	(29.027,166.763,1.895)	133.323	-84.3952
13.920336667087	5	(25.0443,239.873,1.895)	60.139	-68.2527
13.925066219154	3	(28.7196,199.701,1.895)	100.398	-71.2112
13.929642230819	0	(29.2805,139.603,1.895)	160.478	-82.1909
13.930111458793	6	(28.1577,259.901,1.895)	40.2762	-64.7401
13.941651904734	4	(28.4704,226.391,1.895)	73.7256	-76.1375
13.949149505596	7	(27.9172,285.665,1.895)	14.7496	-57.7055
14.004964017577	2	(25.6256,177.596,1.895)	120.419	-77.3979
14.010420700861	9	(27.6145,318.096,1.895)	20.326	-61.7514
14.019172076066	1	(29.0456,164.771,1.895)	133.316	-84.3905
14.020336667087	5	(25.063,237.868,1.895)	60.1441	-68.2555
14.025066219154	3	(28.7383,197.696,1.895)	100.403	-71.2121
14.029642230819	0	(29.2992,137.594,1.895)	160.487	-82.1884
14.030111458793	6	(28.1764,257.896,1.895)	40.2818	-64.7411
14.041651904734	4	(28.4889,224.417,1.895)	73.7001	-76.1565
14.049149505596	7	(27.9355,283.703,1.895)	14.7125	-57.6507
14.104964017577	2	(25.6442,175.594,1.895)	120.418	-77.3976
14.110420700861	9	(27.6332,316.093,1.895)	20.3261	-61.7513
14.119172076066	1	(29.0641,162.782,1.895)	133.302	-84.382
14.120336667087	5	(25.0818,235.857,1.895)	60.1529	-68.2605
14.125066219154	3	(28.757,195.686,1.895)	100.41	-71.2135
14.129642230819	0	(29.318,135.584,1.895)	160.494	-82.1865
14.130111458793	6	(28.1951,255.893,1.895)	40.2817	-64.7411
14.141651904734	4	(28.5073,222.441,1.895)	73.6739	-76.176
14.149149505596	7	(27.9539,281.737,1.895)	14.6774	-57.6086
14.204964017577	2	(25.663,173.583,1.895)	120.421	-77.3989
14.210420700861	9	(27.652,314.086,1.895)	20.3271	-61.75
14.219172076066	1	(29.0828,160.782,1.895)	133.294	-84.3774
14.220336667087	5	(25.1005,233.853,1.895)	60.1487	-68.2582
14.225066219154	3	(28.7758,193.68,1.895)	100.408	-71.2131
14.229642230819	0	(29.3367,133.581,1.895)	160.49	-82.1878
14.230111458793	6	(28.2138,253.89,1.895)	40.2765	-64.7401
14.241651904734	4	(28.5259,220.452,1.895)	73.6549	-76.19
14.249149505596	7	(27.9723,279.767,1.895)	14.64	-57.5744
14.304964017577	2	(25.6817,171.579,1.895)	120.418	-77.3976
14.310420700861	9	(27.6706,312.087,1.895)	20.3347	-61.7408
14.319172076066	1	(29.1013,158.796,1.895)	133.273	-84.3642
14.320336667087	5	(25.1192,231.842,1.895)	60.1524	-68.2602
14.325066219154	3	(28.7945,191.669,1.895)	100.412	-71.2138
14.329642230819	0	(29.3553,131.581,1.895)	160.482	-82.1897
14.330111458793	6	(28.2326,251.878,1.895)	40.2813	-64.741
14.341651904734	4	(28.5444,218.473,1.895)	73.6269	-76.2107
14.349149505596	7	(27.9906,277.802,1.895)	14.5992	-57.55
14.404964017577	2	(25.7005,169.57,1.895)	120.422	-77.3994
14.410420700861	9	(27.6893,310.087,1.895)	20.3396	-61.7347
14.419172076066	1	(29.1198,156.814,1.895)	133.251	-84.3509
14.420336667087	5	(25.138,229.832,1.895)	60.1582	-68.2635
14.425066219154	3	(28.8133,189.66,1.895)	100.417	-71.2147
14.429642230819	0	(29.3741,129.573,1.895)	160.486	-82.1886
14.430111458793	6	(28.2513,249.874,1.895)	40.2815	-64.741
14.441651904734	4	(28.5629,216.482,1.895)	73.6135	-76.2206
14.449149505596	7	(28.009,275.829,1.895)	14.569	-57.5406
14.504964017577	2	(25.7192,167.562,1.895)	120.425	-77.4005
14.510420700861	9	(27.708,308.085,1.895)	20.3428	-61.7307
14.519172076066	1	(29.1385,154.817,1.895)	133.242	-84.3453
14.520336667087	5	(25.1568,227.824,1.895)	60.1605	-68.2649
14.525066219154	3	(28.8321,187.648,1.895)	100.423	-71.2158
14.529642230819	0	(29.3927,127.573,1.895)	160.48	-82.1903
14.530111458793	6	(28.2699,247.874,1.895)	40.276	-64.74
14.541651904734	4	(28.5815,214.49,1.895)	73.5992	-76.2312
14.549149505596	7	(28.0274,273.86,1.895)	14.5323	-57.5392
14.604964017577	2	(25.7379,165.554,1.895)	120.426	-77.4009
14.610420700861	9	(27.7267,306.077,1.895)	20.3422	-61.7315
14.619172076066	1	(29.157,152.829,1.895)	133.223	-84.3335
14.620336667087	5	(25.1755,225.815,1.895)	60.1618	-68.2656
14.625066219154	3	(28.8508,185.636,1.895)	100.427	-71.2166
14.629642230819	0	(29.4114,125.573,1.895)	160.473	-82.192
14.630111458793	6	(28.2886,245.87,1.895)	40.2727	-64.7394
14.641651904734	4	(28.6001,212.503,1.895)	73.5797	-76.2455
14.649149505596	7	(28.0458,271.893,1.895)	14.494	-57.549
14.704964017577	2	(25.7566,163.554,1.895)	120.425	-77.4005
14.710420700861	9	(27.7454,304.077,1.895)	20.3425	-61.7311
14.719172076066	1	(29.1756,150.834,1.895)	133.218	-84.3301
14.720336667087	5	(25.1942,223.816,1.895)	60.1604	-68.2648
14.725066219154	3	(28.8695,183.636,1.895)	100.427	-71.2165
14.729642230819	0	(29.4302,123.563,1.895)	160.482	-82.1897
14.730111458793	6	(28.3074,243.862,1.895)	40.2797	-64.7407
14.741651904734	4	(28.6187,210.508,1.895)	73.5734	-76.2502
14.749149505596	7	(28.0642,269.923,1.895)	14.464	-57.5646
14.804964017577	2	(25.7754,161.544,1.895)	120.428	-77.4019
14.810420700861	9	(27.7641,302.077,1.895)	20.3501	-61.7215
14.819172076066	1	(29.1943,148.84,1.895)	133.204	-84.3219
14.820336667087	5	(25.2129,221.811,1.895)	60.1583	-68.2636
14.825066219154	3	(28.8882,181.629,1.895)	100.427	-71.2164
14.829642230819	0	(29.4489,121.558,1.895)	160.48	-82.1902
14.830111458793	6	(28.3261,241.857,1.895)	40.2774	-64.7403
14.841651904734	4	(28.6372,208.529,1.895)	73.5458	-76.2704
14.849149505596	7	(28.0826,267.951,1.895)	14.4291	-57.591
14.904964017577	2	(25.7941,159.541,1.895)	120.421	-77.399
14.910420700861	9	(27.7828,300.069,1.895)	20.3509	-61.7204
14.919172076066	1	(29.2129,146.844,1.895)	133.191	-84.3136
14.920336667087	5	(25.2315,219.81,1.895)	60.1493	-68.2585
14.925066219154	3	(28.9069,179.626,1.895)	100.421	-71.2154
14.929642230819	0	(29.4676,119.555,1.895)	160.474	-82.1918
14.930111458793	6	(28.3448,239.852,1.895)	40.273	-64.7395
14.941651904734	4	(28.6557,206.543,1.895)	73.5223	-76.2876
14.949149505596	7	(28.1009,265.985,1.895)	14.3876	-57.633
15.004964017577	2	(25.8128,157.536,1.895)	120.418	-77.3975
15.010420700861	9	(27.8015,298.063,1.895)	20.3531	-61.7176
15.019172076066	1	(29.2315,144.846,1.895)	133.181	-84.3075
15.020336667087	5	(25.2503,217.801,1.895)	60.1511	-68.2595
15.025066219154	3	(28.9256,177.622,1.895)	100.416	-71.2146
15.029642230819	0	(29.4863,117.554,1.895)	160.467	-82.1937
15.030111458793	6	(28.3636,237.844,1.895)	40.2728	-64.7394
15.041651904734	4	(28.6742,204.56,1.895)	73.497	-76.306
15.049149505596	7	(28.1194,264.006,1.895)	14.3586	-57.6686
15.104964017577	2	(25.8315,155.529,1.895)	120.42	-77.3984
15.110420700861	9	(27.8203,296.053,1.895)	20.3482	-61.7238
15.119172076066	1	(29.2501,142.861,1.895)	133.161	-84.295
15.120336667087	5	(25.2691,215.789,1.895)	60.1577	-68.2632
15.125066219154	3	(28.9444,175.615,1.895)	100.419	-71.215
15.129642230819	0	(29.505,115.549,1.895)	160.466	-82.1938
15.130111458793	6	(28.3823,235.839,1.895)	40.2732	-64.7395
15.141651904734	4	(28.6928,202.569,1.895)	73.4834	-76.3159
15.149149505596	7	(28.1378,262.03,1.895)	14.3309	-57.7069
15.204964017577	2	(25.8503,153.517,1.895)	120.424	-77.4002
15.210420700861	9	(27.839,294.05,1.895)	20.3526	-61.7182
15.219172076066	1	(29.2687,140.869,1.895)	133.145	-84.2857
15.220336667087	5	(25.2878,213.783,1.895)	60.1566	-68.2626
15.225066219154	3	(28.9631,173.603,1.895)	100.423	-71.2158
15.229642230819	0	(29.5236,113.549,1.895)	160.459	-82.1956
15.230111458793	6	(28.4009,233.839,1.895)	40.2652	-64.738
15.241651904734	4	(28.7114,200.577,1.895)	73.4682	-76.327
15.249149505596	7	(28.1563,260.052,1.895)	14.3017	-57.751
15.304964017577	2	(25.8691,151.507,1.895)	120.43	-77.4029
15.310420700861	9	(27.8577,292.043,1.895)	20.3502	-61.7214
15.319172076066	1	(29.2872,138.881,1.895)	133.129	-84.2754
15.320336667087	5	(25.3066,211.772,1.895)	60.1628	-68.2662
15.325066219154	3	(28.9819,171.598,1.895)	100.424	-71.2159
15.329642230819	0	(29.5424,111.541,1.895)	160.463	-82.1947
15.330111458793	6	(28.4196,231.837,1.895)	40.2633	-64.7377
15.341651904734	4	(28.73,198.585,1.895)	73.4549	-76.3366
15.349149505596	7	(28.1746,258.089,1.895)	14.2616	-57.8167
15.404964017577	2	(25.8878,149.495,1.895)	120.439	-77.4066
15.410420700861	9	(27.8764,290.043,1.895)	20.3536	-61.717
15.419172076066	1	(29.3058,136.885,1.895)	133.121	-84.2707
15.420336667087	5	(25.3253,209.763,1.895)	60.1682	-68.2693
15.425066219154	3	(29.0005,169.599,1.895)	100.419	-71.2151
15.429642230819	0	(29.5611,109.535,1.895)	160.465	-82.194
15.430111458793	6	(28.4383,229.836,1.895)	40.2609	-64.7373
15.441651904734	4	(28.7485,196.599,1.895)	73.4383	-76.3486
15.449149505596	7	(28.193,256.123,1.895)	14.2255	-57.8793
15.504964017577	2	(25.9066,147.484,1.895)	120.447	-77.4105
15.510420700861	9	(27.8951,288.031,1.895)	20.3449	-61.728
15.519172076066	1	(29.3244,134.893,1.895)	133.11	-84.2638
15.520336667087	5	(25.344,207.76,1.895)	60.1686	-68.2695
15.525066219154	3	(29.0192,167.596,1.895)	100.42	-71.2152
15.529642230819	0	(29.5798,107.529,1.895)	160.469	-82.1931
15.530111458793	6	(28.457,227.832,1.895)	40.2616	-64.7374
15.541651904734	4	(28.767,194.615,1.895)	73.419	-76.3625
15.549149505596	7	(28.2114,254.149,1.895)	14.1975	-57.9289
15.604964017577	2	(25.9253,145.482,1.895)	120.438	-77.4065
15.610420700861	9	(27.9138,286.03,1.895)	20.354	-61.7164
15.619172076066	1	(29.3431,132.897,1.895)	133.096	-84.2553
15.620336667087	5	(25.3627,205.76,1.895)	60.1579	-68.2634
15.625066219154	3	(29.0379,165.596,1.895)	100.408	-71.2131
15.629642230819	0	(29.5985,105.524,1.895)	160.463	-82.1946
15.630111458793	6	(28.4757,225.825,1.895)	40.258	-64.7368
15.641651904734	4	(28.7856,192.628,1.895)	73.3952	-76.3797
15.649149505596	7	(28.2298,252.177,1.895)	14.1598	-57.9953
15.704964017577	2	(25.9441,143.471,1.895)	120.44	-77.4073
15.710420700861	9	(27.9325,284.029,1.895)	20.3623	-61.7056
15.719172076066	1	(29.3617,130.9,1.895)	133.083	-84.2475
15.720336667087	5	(25.3814,203.754,1.895)	60.1549	-68.2617
15.725066219154	3	(29.0566,163.592,1.895)	100.404	-71.2124
15.729642230819	0	(29.6172,103.523,1.895)	160.455	-82.1966
15.730111458793	6	(28.4944,223.825,1.895)	40.2495	-64.7353
15.741651904734	4	(28.8041,190.646,1.895)	73.3688	-76.3987
15.749149505596	7	(28.2482,250.204,1.895)	14.1248	-58.055
15.804964017577	2	(25.9628,141.467,1.895)	120.434	-77.4045
15.810420700861	9	(27.9512,282.022,1.895)	20.3654	-61.7015
15.819172076066	1	(29.3802,128.914,1.895)	133.059	-84.2326
15.820336667087	5	(25.4001,201.746,1.895)	60.1524	-68.2602
15.825066219154	3	(29.0753,161.587,1.895)	100.399	-71.2114
15.829642230819	0	(29.6359,101.516,1.895)	160.452	-82.1975
15.830111458793	6	(28.5131,221.821,1.895)	40.2432	-64.7342
15.841651904734	4	(28.8226,188.661,1.895)	73.3431	-76.417
15.849149505596	7	(28.2666,248.231,1.895)	14.0887	-58.1121
15.904964017577	2	(25.9814,139.467,1.895)	120.429	-77.4023
15.910420700861	9	(27.97,280.011,1.895)	20.359	-61.71
15.919172076066	1	(29.3988,126.923,1.895)	133.046	-84.2244
15.920336667087	5	(25.4189,199.741,1.895)	60.1524	-68.2602
15.925066219154	3	(29.094,159.584,1.895)	100.397	-71.2111
15.929642230819	0	(29.6547,99.5056,1.895)	160.457	-82.1961
15.930111458793	6	(28.5318,219.813,1.895)	40.2465	-64.7348
15.941651904734	4	(28.8411,186.676,1.895)	73.3235	-76.4309
15.949149505596	7	(28.285,246.26,1.895)	14.0551	-58.1593
16.004964017577	2	(26.0001,137.468,1.895)	120.418	-77.3972
16.010420700861	9	(27.9887,278.006,1.895)	20.3657	-61.7011
16.019172076066	1	(29.4175,124.918,1.895)	133.039	-84.2202
16.020336667087	5	(25.4376,197.731,1.895)	60.1513	-68.2596
16.025066219154	3	(29.1127,157.576,1.895)	100.393	-71.2105
16.029642230819	0	(29.6735,97.4951,1.895)	160.456	-82.1963
16.030111458793	6	(28.5506,217.804,1.895)	40.2439	-64.7343
16.041651904734	4	(28.8597,184.686,1.895)	73.302	-76.4462
16.049149505596	7	(28.3034,244.286,1.895)	14.0195	-58.2012
16.104964017577	2	(26.0188,135.46,1.895)	120.416	-77.3964
16.110420700861	9	(28.0074,276.002,1.895)	20.371	-61.694
16.119172076066	1	(29.4362,122.923,1.895)	133.025	-84.2114
16.120336667087	5	(25.4563,195.731,1.895)	60.1416	-68.2541
16.125066219154	3	(29.1314,155.572,1.895)	100.388	-71.2094
16.129642230819	0	(29.6922,95.4907,1.895)	160.451	-82.1977
16.130111458793	6	(28.5693,215.795,1.895)	40.2429	-64.7341
16.141651904734	4	(28.8783,182.693,1.895)	73.2856	-76.4578
16.149149505596	7	(28.3219,242.309,1.895)	13.9871	-58.2305
16.204964017577	2	(26.0376,133.45,1.895)	120.422	-77.3993
16.210420700861	9	(28.0261,274.002,1.895)	20.3742	-61.6897
16.219172076066	1	(29.4548,120.926,1.895)	133.018	-84.2073
16.220336667087	5	(25.4751,193.721,1.895)	60.1483	-68.2579
16.225066219154	3	(29.1501,153.568,1.895)	100.388	-71.2095
16.229642230819	0	(29.7109,93.4831,1.895)	160.455	-82.1966
16.230111458793	6	(28.5881,213.788,1.895)	40.2468	-64.7348
16.241651904734	4	(28.8969,180.697,1.895)	73.2776	-76.4634
16.249149505596	7	(28.3404,240.329,1.895)	13.9643	-58.2453
16.304964017577	2	(26.0563,131.441,1.895)	120.419	-77.3981
16.310420700861	9	(28.0448,271.992,1.895)	20.376	-61.6873
16.319172076066	1	(29.4735,118.922,1.895)	133.011	-84.203
16.320336667087	5	(25.4937,191.72,1.895)	60.1374	-68.2518
16.325066219154	3	(29.1688,151.563,1.895)	100.382	-71.2084
16.329642230819	0	(29.7296,91.4768,1.895)	160.45	-82.1979
16.330111458793	6	(28.6068,211.782,1.895)	40.2413	-64.7339
16.341651904734	4	(28.9155,178.702,1.895)	73.2617	-76.4747
16.349149505596	7	(28.3588,238.353,1.895)	13.9303	-58.2574
16.404964017577	2	(26.075,129.439,1.895)	120.422	-77.399
16.410420700861	9	(28.0636,269.984,1.895)	20.3685	-61.6973
16.419172076066	1	(29.4921,116.926,1.895)	133.006	-84.2
16.420336667087	5	(25.5124,189.714,1.895)	60.1434	-68.2552
16.425066219154	3	(29.1875,149.56,1.895)	100.385	-71.2089
16.429642230819	0	(29.7484,89.4673,1.895)	160.46	-82.1955
16.430111458793	6	(28.6255,209.777,1.895)	40.2462	-64.7347
16.441651904734	4	(28.9341,176.711,1.895)	73.2522	-76.4814
16.449149505596	7	(28.3773,236.369,1.895)	13.9141	-58.2587
16.504964017577	2	(26.0937,127.44,1.895)	120.413	-77.3954
16.510420700861	9	(28.0822,267.985,1.895)	20.3763	-61.6869
16.519172076066	1	(29.5108,114.925,1.895)	133	-84.1961
16.520336667087	5	(25.5312,187.702,1.895)	60.1481	-68.2578
16.525066219154	3	(29.2062,147.556,1.895)	100.381	-71.2082
16.529642230819	0	(29.7671,87.4631,1.895)	160.457	-82.1963
16.530111458793	6	(28.6443,207.765,1.895)	40.2508	-64.7355
16.541651904734	4	(28.9527,174.72,1.895)	73.2358	-76.4929
16.549149505596	7	(28.3957,234.395,1.895)	13.8825	-58.2525
16.604964017577	2	(26.1124,125.43,1.895)	120.415	-77.3963
16.610420700861	9	(28.101,265.977,1.895)	20.376	-61.6873
16.619172076066	1	(29.5294,112.932,1.895)	132.986	-84.1876
16.620336667087	5	(25.5499,185.699,1.895)	60.1437	-68.2553
16.625066219154	3	(29.225,145.547,1.895)	100.383	-71.2085
16.629642230819	0	(29.7858,85.4549,1.895)	160.457	-82.1962
16.630111458793	6	(28.663,205.765,1.895)	40.2431	-64.7342
16.641651904734	4	(28.9713,172.725,1.895)	73.224	-76.5012
16.649149505596	7	(28.4143,232.409,1.895)	13.8611	-58.2417
16.704964017577	2	(26.1312,123.425,1.895)	120.413	-77.3952
16.710420700861	9	(28.1196,263.977,1.895)	20.3842	-61.6761
16.719172076066	1	(29.5481,110.928,1.895)	132.981	-84.1844
16.720336667087	5	(25.5687,183.692,1.895)	60.1422	-68.2545
16.725066219154	3	(29.2437,143.547,1.895)	100.375	-71.2071
16.729642230819	0	(29.8046,83.4512,1.895)	160.453	-82.1973
16.730111458793	6	(28.6817,203.759,1.895)	40.2413	-64.7339
16.741651904734	4	(28.99,170.73,1.895)	73.2107	-76.5104
16.749149505596	7	(28.4328,230.43,1.895)	13.833	-58.2191
16.804964017577	2	(26.1499,121.419,1.895)	120.411	-77.3945
16.810420700861	9	(28.1383,261.974,1.895)	20.3882	-61.6704
16.819172076066	1	(29.5667,108.938,1.895)	132.964	-84.1736
16.820336667087	5	(25.5874,181.688,1.895)	60.1389	-68.2526
16.825066219154	3	(29.2624,141.542,1.895)	100.372	-71.2065
16.829642230819	0	(29.8233,81.4449,1.895)	160.451	-82.1976
16.830111458793	6	(28.7004,201.752,1.895)	40.2411	-64.7338
16.841651904734	4	(29.0086,168.737,1.895)	73.1959	-76.5207
16.849149505596	7	(28.4513,228.441,1.895)	13.8146	-58.1992
16.904964017577	2	(26.1686,119.411,1.895)	120.414	-77.3959
16.910420700861	9	(28.157,259.975,1.895)	20.3932	-61.6635
16.919172076066	1	(29.5853,106.942,1.895)	132.956	-84.1688
16.920336667087	5	(25.6061,179.685,1.895)	60.1381	-68.2521
16.925066219154	3	(29.2811,139.536,1.895)	100.374	-71.207
16.929642230819	0	(29.842,79.4436,1.895)	160.448	-82.1984
16.930111458793	6	(28.7192,199.74,1.895)	40.2483	-64.7351
16.941651904734	4	(29.0272,166.744,1.895)	73.1843	-76.5288
16.949149505596	7	(28.4698,226.463,1.895)	13.7891	-58.1651
17.004964017577	2	(26.1874,117.404,1.895)	120.419	-77.398
17.010420700861	9	(28.1757,257.97,1.895)	20.3912	-61.6664
17.019172076066	1	(29.6039,104.949,1.895)	132.946	-84.1628
17.020336667087	5	(25.6248,177.679,1.895)	60.1416	-68.2541
17.025066219154	3	(29.2998,137.532,1.895)	100.375	-71.2071
17.029642230819	0	(29.8606,77.4438,1.895)	160.446	-82.1991
17.030111458793	6	(28.7379,197.732,1.895)	40.2543	-64.7361
17.041651904734	4	(29.0457,164.755,1.895)	73.1713	-76.5378
17.049149505596	7	(28.4883,224.481,1.895)	13.7694	-58.1338
17.104964017577	2	(26.206,115.403,1.895)	120.418	-77.3973
17.110420700861	9	(28.1944,255.968,1.895)	20.3911	-61.6664
17.119172076066	1	(29.6225,102.959,1.895)	132.935	-84.1559
17.120336667087	5	(25.6434,175.679,1.895)	60.1391	-68.2527
17.125066219154	3	(29.3185,135.524,1.895)	100.381	-71.2083
17.129642230819	0	(29.8794,75.4334,1.895)	160.454	-82.1969
17.130111458793	6	(28.7567,195.721,1.895)	40.2632	-64.7377
17.141651904734	4	(29.0643,162.762,1.895)	73.1624	-76.5439
17.149149505596	7	(28.5069,222.49,1.895)	13.7588	-58.1153
17.204964017577	2	(26.2248,113.392,1.895)	120.42	-77.3983
17.210420700861	9	(28.2132,253.958,1.895)	20.3903	-61.6676
17.219172076066	1	(29.6412,100.955,1.895)	132.929	-84.1526
17.220336667087	5	(25.6622,173.668,1.895)	60.142	-68.2544
17.225066219154	3	(29.3373,133.515,1.895)	100.381	-71.2082
17.229642230819	0	(29.8981,73.4232,1.895)	160.456	-82.1965
17.230111458793	6	(28.7754,193.72,1.895)	40.2551	-64.7362
17.241651904734	4	(29.0829,160.767,1.895)	73.1489	-76.5533
17.249149505596	7	(28.5254,220.505,1.895)	13.736	-58.0713
17.304964017577	2	(26.2435,111.393,1.895)	120.409	-77.3935
17.310420700861	9	(28.2318,251.959,1.895)	20.4008	-61.6528
17.319172076066	1	(29.6599,98.9477,1.895)	132.927	-84.1508
17.320336667087	5	(25.6809,171.661,1.895)	60.1379	-68.252
17.325066219154	3	(29.356,131.511,1.895)	100.375	-71.2071
17.329642230819	0	(29.9169,71.4155,1.895)	160.453	-82.1972
17.330111458793	6	(28.794,191.72,1.895)	40.2445	-64.7344
17.341651904734	4	(29.1016,158.772,1.895)	73.1332	-76.5641
17.349149505596	7	(28.5438,218.527,1.895)	13.7042	-58.0016
17.404964017577	2	(26.2621,109.392,1.895)	120.41	-77.394
17.410420700861	9	(28.2506,249.95,1.895)	20.3915	-61.666
17.419172076066	1	(29.6785,96.9536,1.895)	132.921	-84.1473
17.420336667087	5	(25.6997,169.65,1.895)	60.1494	-68.2585
17.425066219154	3	(29.3747,129.511,1.895)	100.376	-71.2073
17.429642230819	0	(29.9356,69.4113,1.895)	160.457	-82.1961
17.430111458793	6	(28.8127,189.718,1.895)	40.2465	-64.7348
17.441651904734	4	(29.1202,156.778,1.895)	73.1274	-76.5681
17.449149505596	7	(28.5623,216.545,1.895)	13.687	-57.9602
17.504964017577	2	(26.2809,107.382,1.895)	120.417	-77.3971
17.510420700861	9	(28.2693,247.939,1.895)	20.3838	-61.6766
17.519172076066	1	(29.6972,94.9579,1.895)	132.914	-84.1428
17.520336667087	5	(25.7184,167.648,1.895)	60.1483	-68.2579
17.525066219154	3	(29.3933,127.511,1.895)	100.373	-71.2068
17.529642230819	0	(29.9543,67.4018,1.895)	160.464	-82.1944
17.530111458793	6	(28.8315,187.707,1.895)	40.2554	-64.7363
17.541651904734	4	(29.1387,154.793,1.895)	73.1092	-76.5806
17.549149505596	7	(28.5809,214.557,1.895)	13.6722	-57.9228
17.604964017577	2	(26.2996,105.377,1.895)	120.418	-77.3976
17.610420700861	9	(28.288,245.938,1.895)	20.3878	-61.6711
17.619172076066	1	(29.7159,92.9523,1.895)	132.915	-84.1436
17.620336667087	5	(25.7371,165.644,1.895)	60.1478	-68.2577
17.625066219154	3	(29.4121,125.5,1.895)	100.379	-71.2079
17.629642230819	0	(29.9731,65.3948,1.895)	160.467	-82.1937
17.630111458793	6	(28.8502,185.708,1.895)	40.2502	-64.7354
17.641651904734	4	(29.1573,152.799,1.895)	73.0988	-76.5876
17.649149505596	7	(28.5994,212.571,1.895)	13.6548	-57.8769
17.704964017577	2	(26.3184,103.366,1.895)	120.424	-77.3999
17.710420700861	9	(28.3067,243.939,1.895)	20.3941	-61.6623
17.719172076066	1	(29.7346,90.9471,1.895)	132.914	-84.1432
17.720336667087	5	(25.7558,163.636,1.895)	60.1504	-68.2591
17.725066219154	3	(29.4308,123.494,1.895)	100.379	-71.2079
17.729642230819	0	(29.9918,63.389,1.895)	160.467	-82.1937
17.730111458793	6	(28.8689,183.702,1.895)	40.2497	-64.7353
17.741651904734	4	(29.176,150.8,1.895)	73.0921	-76.5922
17.749149505596	7	(28.6179,210.596,1.895)	13.6247	-57.7932
17.804964017577	2	(26.3371,101.359,1.895)	120.429	-77.4024
17.810420700861	9	(28.3254,241.93,1.895)	20.3861	-61.6735
17.819172076066	1	(29.7533,88.9428,1.895)	132.918	-84.1454
17.820336667087	5	(25.7746,161.625,1.895)	60.1603	-68.2647
17.825066219154	3	(29.4495,121.488,1.895)	100.384	-71.2088
17.829642230819	0	(30.0106,61.3776,1.895)	160.477	-82.191
17.830111458793	6	(28.8876,181.696,1.895)	40.255	-64.7362
17.841651904734	4	(29.1946,148.803,1.895)	73.0889	-76.5944
17.849149505596	7	(28.6364,208.608,1.895)	13.6122	-57.7571
17.904964017577	2	(26.3558,99.3524,1.895)	120.433	-77.404
17.910420700861	9	(28.3442,239.923,1.895)	20.3823	-61.6787
17.919172076066	1	(29.772,86.9368,1.895)	132.921	-84.1472
17.920336667087	5	(25.7934,159.614,1.895)	60.1682	-68.2693
17.925066219154	3	(29.4682,119.488,1.895)	100.382	-71.2084
17.929642230819	0	(30.0293,59.3672,1.895)	160.484	-82.1891
17.930111458793	6	(28.9063,179.689,1.895)	40.2585	-64.7369
17.941651904734	4	(29.2132,146.811,1.895)	73.0776	-76.6021
17.949149505596	7	(28.655,206.623,1.895)	13.5952	-57.7071
18.004964017577	2	(26.3746,97.3457,1.895)	120.433	-77.4042
18.010420700861	9	(28.3628,237.923,1.895)	20.3884	-61.6702
18.019172076066	1	(29.7907,84.9351,1.895)	132.916	-84.1443
18.020336667087	5	(25.8122,157.603,1.895)	60.1736	-68.2723
18.025066219154	3	(29.4869,117.484,1.895)	100.379	-71.2078
18.029642230819	0	(30.0481,57.3602,1.895)	160.485	-82.1889
18.030111458793	6	(28.925,177.686,1.895)	40.2561	-64.7364
18.041651904734	4	(29.2318,144.814,1.895)	73.0678	-76.6088
18.049149505596	7	(28.6735,204.638,1.895)	13.5739	-57.643
18.104964017577	2	(26.3933,95.3423,1.895)	120.434	-77.4046
18.110420700861	9	(28.3815,235.921,1.895)	20.389	-61.6694
18.119172076066	1	(29.8094,82.9349,1.895)	132.914	-84.1429
18.120336667087	5	(25.8309,155.6,1.895)	60.1743	-68.2727
18.125066219154	3	(29.5056,115.476,1.895)	100.384	-71.2088
18.129642230819	0	(30.0668,55.3524,1.895)	160.49	-82.1876
18.130111458793	6	(28.9437,175.684,1.895)	40.2547	-64.7362
18.141651904734	4	(29.2505,142.816,1.895)	73.0635	-76.6117
18.149149505596	7	(28.692,202.651,1.895)	13.5596	-57.5995
18.204964017577	2	(26.412,93.3357,1.895)	120.433	-77.4041
18.210420700861	9	(28.4002,233.916,1.895)	20.3917	-61.6657
18.219172076066	1	(29.8281,80.9275,1.895)	132.914	-84.1427
18.220336667087	5	(25.8496,153.591,1.895)	60.1748	-68.273
18.225066219154	3	(29.5244,113.472,1.895)	100.381	-71.2082
18.229642230819	0	(30.0855,53.3498,1.895)	160.485	-82.1889
18.230111458793	6	(28.9624,173.678,1.895)	40.2538	-64.736
18.241651904734	4	(29.2691,140.822,1.895)	73.0496	-76.6211
18.249149505596	7	(28.7106,200.661,1.895)	13.542	-57.5457
18.304964017577	2	(26.4307,91.3317,1.895)	120.434	-77.4046
18.310420700861	9	(28.4189,231.913,1.895)	20.3913	-61.6661
18.319172076066	1	(29.8467,78.9322,1.895)	132.906	-84.1382
18.320336667087	5	(25.8684,151.58,1.895)	60.1828	-68.2776
18.325066219154	3	(29.5431,111.46,1.895)	100.39	-71.2098
18.329642230819	0	(30.1042,51.3465,1.895)	160.486	-82.1887
18.330111458793	6	(28.9811,171.677,1.895)	40.2514	-64.7356
18.341651904734	4	(29.2876,138.834,1.895)	73.0354	-76.6307
18.349149505596	7	(28.7292,198.667,1.895)	13.534	-57.5214
18.404964017577	2	(26.4494,89.331,1.895)	120.423	-77.3998
18.410420700861	9	(28.4376,229.912,1.895)	20.4011	-61.6523
18.419172076066	1	(29.8654,76.9348,1.895)	132.892	-84.1294
18.420336667087	5	(25.887,149.58,1.895)	60.1716	-68.2712
18.425066219154	3	(29.5618,109.46,1.895)	100.378	-71.2077
18.429642230819	0	(30.123,49.3345,1.895)	160.486	-82.1886
18.430111458793	6	(28.9998,169.678,1.895)	40.2394	-64.7336
18.441651904734	4	(29.3063,136.832,1.895)	73.0257	-76.6372
18.449149505596	7	(28.7477,196.683,1.895)	13.5074	-57.4399
18.504964017577	2	(26.4681,87.3239,1.895)	120.421	-77.3988
18.510420700861	9	(28.4563,227.909,1.895)	20.4079	-61.6426
18.519172076066	1	(29.8841,74.9235,1.895)	132.894	-84.1306
18.520336667087	5	(25.9057,147.581,1.895)	60.1612	-68.2653
18.525066219154	3	(29.5805,107.46,1.895)	100.37	-71.2062
18.529642230819	0	(30.1417,47.3272,1.895)	160.484	-82.1891
18.530111458793	6	(29.0185,167.676,1.895)	40.2319	-64.7323
18.541651904734	4	(29.3249,134.841,1.895)	73.007	-76.6497
18.549149505596	7	(28.7662,194.703,1.895)	13.4783	-57.3522
18.604964017577	2	(26.4868,85.3168,1.895)	120.419	-77.398
18.610420700861	9	(28.4751,225.897,1.895)	20.4051	-61.6467
18.619172076066	1	(29.9029,72.9168,1.895)	132.891	-84.1292
18.620336667087	5	(25.9244,145.577,1.895)	60.1559	-68.2622
18.625066219154	3	(29.5992,105.455,1.895)	100.366	-71.2055
18.629642230819	0	(30.1604,45.3193,1.895)	160.483	-82.1894
18.630111458793	6	(29.0372,165.668,1.895)	40.2313	-64.7322
18.641651904734	4	(29.3436,132.844,1.895)	72.9954	-76.6575
18.649149505596	7	(28.7848,192.713,1.895)	13.4598	-57.2975
18.704964017577	2	(26.5056,83.3062,1.895)	120.421	-77.3989
18.710420700861	9	(28.4938,223.89,1.895)	20.4064	-61.6448
18.719172076066	1	(29.9216,70.9094,1.895)	132.89	-84.1285
18.720336667087	5	(25.9432,143.566,1.895)	60.159	-68.264
18.725066219154	3	(29.6179,103.449,1.895)	100.362	-71.2049
18.729642230819	0	(30.1792,43.3092,1.895)	160.485	-82.189
18.730111458793	6	(29.056,163.658,1.895)	40.2319	-64.7323
18.741651904734	4	(29.3622,130.843,1.895)	72.9881	-76.6623
18.749149505596	7	(28.8033,190.726,1.895)	13.4393	-57.2383
18.804964017577	2	(26.5244,81.2964,1.895)	120.426	-77.4012
18.810420700861	9	(28.5125,221.882,1.895)	20.4034	-61.6491
18.819172076066	1	(29.9403,68.9094,1.895)	132.886	-84.1257
18.820336667087	5	(25.9619,141.555,1.895)	60.1655	-68.2677
18.825066219154	3	(29.6366,101.449,1.895)	100.358	-71.2041
18.829642230819	0	(30.1979,41.3091,1.895)	160.48	-82.1902
18.830111458793	6	(29.0746,161.658,1.895)	40.2276	-64.7316
18.841651904734	4	(29.3809,128.846,1.895)	72.9798	-76.6678
18.849149505596	7	(28.822,188.729,1.895)	13.4322	-57.2184
18.904964017577	2	(26.5431,79.2871,1.895)	120.429	-77.4025
18.910420700861	9	(28.5313,219.876,1.895)	20.4032	-61.6493
18.919172076066	1	(29.9589,66.9144,1.895)	132.875	-84.1188
18.920336667087	5	(25.9806,139.552,1.895)	60.1619	-68.2657
18.925066219154	3	(29.6553,99.4408,1.895)	100.36	-71.2045
18.929642230819	0	(30.2166,39.3027,1.895)	160.48	-82.1901
18.930111458793	6	(29.0934,159.647,1.895)	40.2324	-64.7324
18.941651904734	4	(29.3995,126.853,1.895)	72.9675	-76.676
18.949149505596	7	(28.8405,186.746,1.895)	13.4088	-57.1541
19.004964017577	2	(26.5618,77.285,1.895)	120.432	-77.4036
19.010420700861	9	(28.5499,217.875,1.895)	20.4024	-61.6504
19.019172076066	1	(29.9776,64.9075,1.895)	132.882	-84.1231
19.020336667087	5	(25.9994,137.545,1.895)	60.1689	-68.2697
19.025066219154	3	(29.6741,97.4334,1.895)	100.368	-71.2058
19.029642230819	0	(30.2354,37.2928,1.895)	160.49	-82.1876
19.030111458793	6	(29.1122,157.636,1.895)	40.2432	-64.7342
19.041651904734	4	(29.4181,124.859,1.895)	72.9609	-76.6804
19.049149505596	7	(28.8591,184.75,1.895)	13.4055	-57.1453
19.104964017577	2	(26.5805,75.2845,1.895)	120.429	-77.4025
19.110420700861	9	(28.5687,215.869,1.895)	20.3994	-61.6548
19.119172076066	1	(29.9963,62.9102,1.895)	132.876	-84.1196
19.120336667087	5	(26.0181,135.542,1.895)	60.1692	-68.2698
19.125066219154	3	(29.6927,95.4334,1.895)	100.365	-71.2053
19.129642230819	0	(30.2541,35.2834,1.895)	160.497	-82.1859
19.130111458793	6	(29.1309,155.632,1.895)	40.2447	-64.7344
19.141651904734	4	(29.4367,122.865,1.895)	72.9528	-76.6858
19.149149505596	7	(28.8777,182.753,1.895)	13.3996	-57.1297
19.204964017577	2	(26.5992,73.2791,1.895)	120.428	-77.4018
19.210420700861	9	(28.5874,213.86,1.895)	20.3971	-61.6581
19.219172076066	1	(30.015,60.9049,1.895)	132.874	-84.1186
19.220336667087	5	(26.0368,133.538,1.895)	60.1658	-68.2679
19.225066219154	3	(29.7114,93.4286,1.895)	100.362	-71.2049
19.229642230819	0	(30.2729,33.2747,1.895)	160.499	-82.1855
19.230111458793	6	(29.1496,153.622,1.895)	40.2479	-64.735
19.241651904734	4	(29.4553,120.869,1.895)	72.9411	-76.6935
19.249149505596	7	(28.8963,180.763,1.895)	13.3832	-57.0875
19.304964017577	2	(26.6179,71.2761,1.895)	120.422	-77.3994
19.310420700861	9	(28.6062,211.851,1.895)	20.3965	-61.6589
19.319172076066	1	(30.0337,58.9023,1.895)	132.869	-84.1151
19.320336667087	5	(26.0555,131.533,1.895)	60.1627	-68.2661
19.325066219154	3	(29.7301,91.4278,1.895)	100.355	-71.2036
19.329642230819	0	(30.2916,31.264,1.895)	160.501	-82.1848
19.330111458793	6	(29.1684,151.615,1.895)	40.2464	-64.7347
19.341651904734	4	(29.474,118.868,1.895)	72.9341	-76.6981
19.349149505596	7	(28.915,178.763,1.895)	13.3748	-57.0665
19.404964017577	2	(26.6367,69.2648,1.895)	120.434	-77.4047
19.410420700861	9	(28.6249,209.841,1.895)	20.3861	-61.6734
19.419172076066	1	(30.0524,56.8911,1.895)	132.881	-84.1224
19.420336667087	5	(26.0742,129.529,1.895)	60.1677	-68.269
19.425066219154	3	(29.7488,89.4237,1.895)	100.36	-71.2044
19.429642230819	0	(30.3103,29.2618,1.895)	160.504	-82.1841
19.430111458793	6	(29.1871,149.611,1.895)	40.2515	-64.7356
19.441651904734	4	(29.4926,116.871,1.895)	72.9321	-76.6994
19.449149505596	7	(28.9336,176.772,1.895)	13.3668	-57.047
19.504964017577	2	(26.6554,67.254,1.895)	120.445	-77.4093
19.510420700861	9	(28.6436,207.84,1.895)	20.3851	-61.6749
19.519172076066	1	(30.0711,54.8962,1.895)	132.875	-84.119
19.520336667087	5	(26.0929,127.526,1.895)	60.1702	-68.2704
19.525066219154	3	(29.7675,87.4197,1.895)	100.363	-71.2051
19.529642230819	0	(30.329,27.2625,1.895)	160.503	-82.1844
19.530111458793	6	(29.2058,147.603,1.895)	40.2588	-64.7369
19.541651904734	4	(29.5112,114.881,1.895)	72.9214	-76.7064
19.549149505596	7	(28.9521,174.782,1.895)	13.3574	-57.0247
19.604964017577	2	(26.6742,65.246,1.895)	120.448	-77.4108
19.610420700861	9	(28.6623,205.837,1.895)	20.3872	-61.6719
19.619172076066	1	(30.0896,52.9065,1.895)	132.86	-84.1097
19.620336667087	5	(26.1116,125.525,1.895)	60.1665	-68.2683
19.625066219154	3	(29.7862,85.4131,1.895)	100.365	-71.2054
19.629642230819	0	(30.3477,25.256,1.895)	160.505	-82.1839
19.630111458793	6	(29.2245,145.603,1.895)	40.2538	-64.736
19.641651904734	4	(29.5298,112.885,1.895)	72.9124	-76.7123
19.649149505596	7	(28.9708,172.785,1.895)	13.3497	-57.0069
19.704964017577	2	(26.6928,63.2455,1.895)	120.442	-77.4079
19.710420700861	9	(28.681,203.833,1.895)	20.3898	-61.6683
19.719172076066	1	(30.1084,50.8984,1.895)	132.861	-84.1104
19.720336667087	5	(26.1303,123.514,1.895)	60.1709	-68.2708
19.725066219154	3	(29.805,83.4024,1.895)	100.369	-71.206
19.730111458793	6	(29.2431,143.604,1.895)	40.246	-64.7347
19.741651904734	4	(29.5485,110.884,1.895)	72.9069	-76.7159
19.749149505596	7	(28.9893,170.795,1.895)	13.333	-56.9697
19.804964017577	2	(26.7115,61.2448,1.895)	120.436	-77.4056
19.810420700861	9	(28.6997,201.832,1.895)	20.3952	-61.6608
19.819172076066	1	(30.1271,48.8912,1.895)	132.862	-84.1112
19.820336667087	5	(26.149,121.51,1.895)	60.1685	-68.2694
19.825066219154	3	(29.8237,81.3962,1.895)	100.369	-71.2061
19.830111458793	6	(29.2619,141.596,1.895)	40.2476	-64.735
19.841651904734	4	(29.5672,108.884,1.895)	72.9007	-76.7199
19.849149505596	7	(29.0079,168.809,1.895)	13.3139	-56.9301
19.904964017577	2	(26.7302,59.2429,1.895)	120.438	-77.4063
19.910420700861	9	(28.7184,199.821,1.895)	20.3844	-61.6758
19.919172076066	1	(30.1458,46.8921,1.895)	132.861	-84.1105
19.920336667087	5	(26.1677,119.51,1.895)	60.1679	-68.2691
19.925066219154	3	(29.8425,79.3896,1.895)	100.376	-71.2072
19.930111458793	6	(29.2805,139.596,1.895)	40.2477	-64.735
19.941651904734	4	(29.5858,106.884,1.895)	72.9004	-76.7202
19.949149505596	7	(29.0264,166.821,1.895)	13.3023	-56.9077
20.004964017577	2	(26.7489,57.2413,1.895)	120.436	-77.4056
20.010420700861	9	(28.7372,197.811,1.895)	20.3778	-61.6848
20.019172076066	1	(30.1645,44.8832,1.895)	132.867	-84.1141
20.020336667087	5	(26.1864,117.507,1.895)	60.1678	-68.269
20.025066219154	3	(29.8612,77.3808,1.895)	100.381	-71.2083
20.030111458793	6	(29.2993,137.587,1.895)	40.2537	-64.736
20.041651904734	4	(29.6045,104.886,1.895)	72.8956	-76.7233
20.049149505596	7	(29.045,164.836,1.895)	13.2848	-56.8761
20.104964017577	2	(26.7676,55.2391,1.895)	120.436	-77.4055
20.110420700861	9	(28.7559,195.802,1.895)	20.3711	-61.6938
20.119172076066	1	(30.1833,42.875,1.895)	132.873	-84.1175
20.120336667087	5	(26.2051,115.507,1.895)	60.1652	-68.2675
20.125066219154	3	(29.8799,75.3751,1.895)	100.384	-71.2088
20.130111458793	6	(29.318,135.577,1.895)	40.2606	-64.7372
20.141651904734	4	(29.6232,102.884,1.895)	72.8944	-76.724
20.149149505596	7	(29.0636,162.839,1.895)	13.2789	-56.8659
20.204964017577	2	(26.7863,53.2373,1.895)	120.437	-77.4059
20.210420700861	9	(28.7746,193.801,1.895)	20.3711	-61.6939
20.219172076066	1	(30.202,40.8688,1.895)	132.878	-84.1208
20.220336667087	5	(26.2238,113.503,1.895)	60.1692	-68.2698
20.225066219154	3	(29.8987,73.365,1.895)	100.394	-71.2105
20.230111458793	6	(29.3368,133.571,1.895)	40.2661	-64.7382
20.241651904734	4	(29.6418,100.892,1.895)	72.8856	-76.7298
20.249149505596	7	(29.0823,160.84,1.895)	13.2773	-56.8633
20.304964017577	2	(26.805,51.2265,1.895)	120.445	-77.4096
20.310420700861	9	(28.7934,191.792,1.895)	20.3649	-61.7022
20.319172076066	1	(30.2208,38.8582,1.895)	132.886	-84.1258
20.320336667087	5	(26.2425,111.501,1.895)	60.168	-68.2691
20.325066219154	3	(29.9173,71.3657,1.895)	100.39	-71.2099
20.330111458793	6	(29.3555,131.569,1.895)	40.2654	-64.7381
20.341651904734	4	(29.6605,98.8855,1.895)	72.8899	-76.727
20.349149505596	7	(29.1009,158.843,1.895)	13.272	-56.8546
20.404964017577	2	(26.8238,49.2156,1.895)	120.45	-77.4116
20.410420700861	9	(28.8121,189.784,1.895)	20.3625	-61.7053
20.419172076066	1	(30.2395,36.8515,1.895)	132.886	-84.126
20.420336667087	5	(26.2612,109.49,1.895)	60.173	-68.272
20.425066219154	3	(29.9361,69.3552,1.895)	100.395	-71.2107
20.430111458793	6	(29.3742,129.565,1.895)	40.2636	-64.7378
20.441651904734	4	(29.6791,96.8972,1.895)	72.8718	-76.7387
20.449149505596	7	(29.1195,156.851,1.895)	13.2577	-56.8326
20.504964017577	2	(26.8425,47.2073,1.895)	120.458	-77.4153
20.510420700861	9	(28.8309,187.772,1.895)	20.3505	-61.7209
20.519172076066	1	(30.2582,34.8411,1.895)	132.897	-84.1326
20.520336667087	5	(26.2799,107.486,1.895)	60.1775	-68.2745
20.525066219154	3	(29.9548,67.3532,1.895)	100.397	-71.211
20.530111458793	6	(29.3929,127.561,1.895)	40.2678	-64.7385
20.541651904734	4	(29.6977,94.9005,1.895)	72.8688	-76.7407
20.549149505596	7	(29.138,154.864,1.895)	13.246	-56.8159
20.604964017577	2	(26.8613,45.2005,1.895)	120.456	-77.4145
20.610420700861	9	(28.8497,185.76,1.895)	20.3479	-61.7243
20.619172076066	1	(30.2769,32.8379,1.895)	132.891	-84.1292
20.620336667087	5	(26.2986,105.486,1.895)	60.1685	-68.2694
20.625066219154	3	(29.9735,65.3446,1.895)	100.397	-71.211
20.630111458793	6	(29.4116,125.555,1.895)	40.2648	-64.738
20.641651904734	4	(29.7164,92.901,1.895)	72.8595	-76.7466
20.649149505596	7	(29.1567,152.864,1.895)	13.2368	-56.8039
20.704964017577	2	(26.88,43.1887,1.895)	120.468	-77.4198
20.710420700861	9	(28.8684,183.756,1.895)	20.3436	-61.7297
20.719172076066	1	(30.2957,30.8312,1.895)	132.898	-84.1333
20.720336667087	5	(26.3173,103.482,1.895)	60.1722	-68.2715
20.725066219154	3	(29.9922,63.3416,1.895)	100.4	-71.2116
20.730111458793	6	(29.4303,123.552,1.895)	40.2677	-64.7385
20.741651904734	4	(29.735,90.8978,1.895)	72.8629	-76.7445
20.749149505596	7	(29.1753,150.874,1.895)	13.2278	-56.7928
20.804964017577	2	(26.8987,41.1861,1.895)	120.472	-77.4212
20.810420700861	9	(28.8871,181.754,1.895)	20.3412	-61.7328
20.819172076066	1	(30.3144,28.8252,1.895)	132.905	-84.1374
20.820336667087	5	(26.336,101.477,1.895)	60.1777	-68.2746
20.825066219154	3	(30.011,61.3342,1.895)	100.408	-71.213
20.830111458793	6	(29.4489,121.552,1.895)	40.2685	-64.7386
20.841651904734	4	(29.7537,88.9022,1.895)	72.859	-76.747
20.849149505596	7	(29.1939,148.883,1.895)	13.2191	-56.7829
20.904964017577	2	(26.9175,39.179,1.895)	120.475	-77.4229
20.910420700861	9	(28.9058,179.745,1.895)	20.3355	-61.7398
20.919172076066	1	(30.3331,26.8213,1.895)	132.905	-84.1378
20.920336667087	5	(26.3547,99.4702,1.895)	60.1817	-68.2769
20.925066219154	3	(30.0297,59.3282,1.895)	100.41	-71.2135
20.930111458793	6	(29.4677,119.541,1.895)	40.2761	-64.74
20.941651904734	4	(29.7724,86.8987,1.895)	72.8593	-76.7468
20.949149505596	7	(29.2124,146.898,1.895)	13.2021	-56.7659
21.004964017577	2	(26.9362,37.1686,1.895)	120.477	-77.4234
21.010420700861	9	(28.9245,177.743,1.895)	20.3423	-61.7313
21.020336667087	5	(26.3735,97.4593,1.895)	60.1834	-68.2779
21.025066219154	3	(30.0485,57.3187,1.895)	100.411	-71.2136
21.030111458793	6	(29.4864,117.534,1.895)	40.2737	-64.7396
21.041651904734	4	(29.791,84.9004,1.895)	72.8484	-76.7538
21.049149505596	7	(29.2311,144.896,1.895)	13.1946	-56.7593
21.104964017577	2	(26.9549,35.1661,1.895)	120.476	-77.4232
21.110420700861	9	(28.9432,175.736,1.895)	20.339	-61.7354
21.120336667087	5	(26.3922,95.4543,1.895)	60.1854	-68.279
21.125066219154	3	(30.0672,55.313,1.895)	100.413	-71.214
21.130111458793	6	(29.5052,115.522,1.895)	40.2825	-64.7412
21.141651904734	4	(29.8098,82.893,1.895)	72.8528	-76.751
21.149149505596	7	(29.2497,142.896,1.895)	13.1923	-56.7574
21.204964017577	2	(26.9737,33.1551,1.895)	120.479	-77.4243
21.210420700861	9	(28.962,173.727,1.895)	20.3383	-61.7363
21.220336667087	5	(26.411,93.4432,1.895)	60.188	-68.2805
21.225066219154	3	(30.0859,53.3038,1.895)	100.414	-71.2142
21.230111458793	6	(29.5239,113.523,1.895)	40.2739	-64.7396
21.241651904734	4	(29.8284,80.8915,1.895)	72.8458	-76.7555
21.249149505596	7	(29.2685,140.889,1.895)	13.1901	-56.7556
21.304964017577	2	(26.9924,31.151,1.895)	120.48	-77.425
21.310420700861	9	(28.9807,171.723,1.895)	20.3369	-61.7381
21.320336667087	5	(26.4297,91.4425,1.895)	60.1861	-68.2795
21.325066219154	3	(30.1046,51.3023,1.895)	100.413	-71.214
21.330111458793	6	(29.5426,111.513,1.895)	40.2811	-64.741
21.341651904734	4	(29.8472,78.8844,1.895)	72.8503	-76.7526
21.349149505596	7	(29.2871,138.896,1.895)	13.1808	-56.7486
21.404964017577	2	(27.0111,29.1485,1.895)	120.479	-77.4246
21.410420700861	9	(28.9994,169.722,1.895)	20.3388	-61.7358
21.420336667087	5	(26.4484,89.4321,1.895)	60.1932	-68.2835
21.425066219154	3	(30.1233,49.2998,1.895)	100.412	-71.2138
21.430111458793	6	(29.5613,109.509,1.895)	40.2815	-64.741
21.441651904734	4	(29.8658,76.8928,1.895)	72.8387	-76.76
21.449149505596	7	(29.3057,136.898,1.895)	13.1763	-56.7456
21.504964017577	2	(27.0299,27.137,1.895)	120.48	-77.4248
21.510420700861	9	(29.0181,167.714,1.895)	20.3417	-61.732
21.520336667087	5	(26.4672,87.4264,1.895)	60.1877	-68.2804
21.525066219154	3	(30.142,47.2998,1.895)	100.401	-71.2118
21.530111458793	6	(29.5801,107.498,1.895)	40.2817	-64.7411
21.541651904734	4	(29.8845,74.8901,1.895)	72.8302	-76.7655
21.549149505596	7	(29.3243,134.904,1.895)	13.1599	-56.7363
21.604964017577	2	(27.0486,25.1349,1.895)	120.47	-77.4206
21.610420700861	9	(29.0369,165.703,1.895)	20.3426	-61.7309
21.620336667087	5	(26.4858,85.4238,1.895)	60.1789	-68.2753
21.625066219154	3	(30.1607,45.2932,1.895)	100.396	-71.211
21.630111458793	6	(29.5989,105.488,1.895)	40.2799	-64.7407
21.641651904734	4	(29.9031,72.8943,1.895)	72.8145	-76.7755
21.649149505596	7	(29.343,132.907,1.895)	13.1456	-56.7305
21.710420700861	9	(29.0556,163.701,1.895)	20.345	-61.7279
21.720336667087	5	(26.5045,83.4225,1.895)	60.1753	-68.2733
21.725066219154	3	(30.1794,43.2874,1.895)	100.397	-71.2111
21.730111458793	6	(29.6175,103.488,1.895)	40.2756	-64.7399
21.741651904734	4	(29.9217,70.8948,1.895)	72.8092	-76.7788
21.749149505596	7	(29.3616,130.912,1.895)	13.1359	-56.7278
21.810420700861	9	(29.0743,161.693,1.895)	20.3443	-61.7289
21.820336667087	5	(26.5232,81.4181,1.895)	60.1732	-68.2721
21.825066219154	3	(30.1981,41.281,1.895)	100.397	-71.2111
21.830111458793	6	(29.6362,101.485,1.895)	40.2719	-64.7393
21.841651904734	4	(29.9404,68.893,1.895)	72.8045	-76.7818
21.849149505596	7	(29.3802,128.92,1.895)	13.122	-56.7255
21.910420700861	9	(29.093,159.69,1.895)	20.3406	-61.7334
21.920336667087	5	(26.5419,79.4178,1.895)	60.1743	-68.2727
21.925066219154	3	(30.2168,39.2786,1.895)	100.4	-71.2117
21.930111458793	6	(29.655,99.4729,1.895)	40.2844	-64.7416
21.941651904734	4	(29.9591,66.897,1.895)	72.8012	-76.7839
21.949149505596	7	(29.3988,126.921,1.895)	13.1218	-56.7255
22.010420700861	9	(29.1117,157.69,1.895)	20.3396	-61.7347
22.020336667087	5	(26.5606,77.4148,1.895)	60.1773	-68.2745
22.025066219154	3	(30.2356,37.2671,1.895)	100.412	-71.2137
22.030111458793	6	(29.6737,97.4725,1.895)	40.2849	-64.7417
22.041651904734	4	(29.9777,64.9021,1.895)	72.7962	-76.7871
22.049149505596	7	(29.4176,124.914,1.895)	13.128	-56.7263
22.110420700861	9	(29.1303,155.69,1.895)	20.3451	-61.7278
22.120336667087	5	(26.5793,75.4091,1.895)	60.1777	-68.2746
22.125066219154	3	(30.2544,35.257,1.895)	100.417	-71.2146
22.130111458793	6	(29.6924,95.4652,1.895)	40.2869	-64.7421
22.141651904734	4	(29.9964,62.8919,1.895)	72.8011	-76.784
22.149149505596	7	(29.4361,122.923,1.895)	13.1144	-56.7251
22.210420700861	9	(29.1491,153.679,1.895)	20.3345	-61.741
22.220336667087	5	(26.5981,73.4004,1.895)	60.1866	-68.2797
22.225066219154	3	(30.2731,33.2532,1.895)	100.42	-71.2153
22.230111458793	6	(29.7111,93.4623,1.895)	40.29	-64.7426
22.241651904734	4	(30.0152,60.8849,1.895)	72.8082	-76.7795
22.249149505596	7	(29.4548,120.922,1.895)	13.1152	-56.7252
22.310420700861	9	(29.1678,151.671,1.895)	20.3317	-61.7445
22.320336667087	5	(26.6168,71.3963,1.895)	60.185	-68.2788
22.325066219154	3	(30.2917,31.2538,1.895)	100.414	-71.2142
22.330111458793	6	(29.7299,91.4522,1.895)	40.2943	-64.7435
22.341651904734	4	(30.0338,58.887,1.895)	72.8004	-76.7844
22.349149505596	7	(29.4735,118.924,1.895)	13.1081	-56.7253
22.410420700861	9	(29.1866,149.663,1.895)	20.325	-61.7526
22.420336667087	5	(26.6355,69.387,1.895)	60.1937	-68.2838
22.425066219154	3	(30.3104,29.2501,1.895)	100.417	-71.2147
22.430111458793	6	(29.7486,89.4502,1.895)	40.2958	-64.7438
22.441651904734	4	(30.0524,56.8914,1.895)	72.7955	-76.7876
22.449149505596	7	(29.4921,116.928,1.895)	13.1037	-56.7256
22.510420700861	9	(29.2053,147.655,1.895)	20.3199	-61.7586
22.520336667087	5	(26.6543,67.3775,1.895)	60.2005	-68.2877
22.525066219154	3	(30.3291,27.2451,1.895)	100.42	-71.2152
22.530111458793	6	(29.7673,87.4425,1.895)	40.3008	-64.7447
22.541651904734	4	(30.0711,54.8935,1.895)	72.7907	-76.7906
22.549149505596	7	(29.5107,114.937,1.895)	13.0921	-56.7274
22.610420700861	9	(29.2241,145.647,1.895)	20.318	-61.7609
22.620336667087	5	(26.673,65.3682,1.895)	60.2037	-68.2895
22.625066219154	3	(30.3478,25.2435,1.895)	100.415	-71.2144
22.630111458793	6	(29.786,85.434,1.895)	40.3032	-64.7452
22.641651904734	4	(30.0898,52.8923,1.895)	72.7858	-76.7936
22.649149505596	7	(29.5294,112.936,1.895)	13.0877	-56.7284
22.710420700861	9	(29.2428,143.639,1.895)	20.3091	-61.7712
22.720336667087	5	(26.6917,63.3682,1.895)	60.2045	-68.29
22.730111458793	6	(29.8047,83.4315,1.895)	40.3065	-64.7459
22.741651904734	4	(30.1085,50.8888,1.895)	72.7901	-76.791
22.749149505596	7	(29.5481,110.931,1.895)	13.0928	-56.7272
22.810420700861	9	(29.2615,141.638,1.895)	20.3118	-61.768
22.820336667087	5	(26.7104,61.3631,1.895)	60.2052	-68.2904
22.830111458793	6	(29.8234,81.4297,1.895)	40.3039	-64.7454
22.841651904734	4	(30.1272,48.8818,1.895)	72.7928	-76.7893
22.849149505596	7	(29.5667,108.933,1.895)	13.0874	-56.7285
22.910420700861	9	(29.2802,139.635,1.895)	20.3168	-61.7623
22.920336667087	5	(26.7291,59.3601,1.895)	60.2008	-68.2879
22.930111458793	6	(29.8421,79.4277,1.895)	40.2985	-64.7443
22.941651904734	4	(30.1459,46.8785,1.895)	72.7886	-76.7919
22.949149505596	7	(29.5853,106.944,1.895)	13.0696	-56.7346
23.010420700861	9	(29.2989,137.629,1.895)	20.3206	-61.7578
23.020336667087	5	(26.7478,57.3596,1.895)	60.1912	-68.2824
23.030111458793	6	(29.8608,77.4271,1.895)	40.2891	-64.7425
23.041651904734	4	(30.1646,44.8795,1.895)	72.7775	-76.7989
23.049149505596	7	(29.6039,104.946,1.895)	13.0571	-56.7408
23.110420700861	9	(29.3176,135.624,1.895)	20.3216	-61.7566
23.120336667087	5	(26.7666,55.3483,1.895)	60.197	-68.2857
23.130111458793	6	(29.8795,75.4209,1.895)	40.2897	-64.7426
23.141651904734	4	(30.1833,42.8718,1.895)	72.7797	-76.7975
23.149149505596	7	(29.6225,102.952,1.895)	13.0463	-56.7472
23.210420700861	9	(29.3363,133.624,1.895)	20.3247	-61.7529
23.220336667087	5	(26.7853,53.3387,1.895)	60.2028	-68.289
23.230111458793	6	(29.8982,73.4155,1.895)	40.2913	-64.7429
23.241651904734	4	(30.2021,40.861,1.895)	72.7867	-76.7931
23.249149505596	7	(29.6412,100.952,1.895)	13.0423	-56.7499
23.310420700861	9	(29.355,131.617,1.895)	20.3219	-61.7562
23.320336667087	5	(26.804,51.3389,1.895)	60.1988	-68.2868
23.330111458793	6	(29.9169,71.4087,1.895)	40.2943	-64.7435
23.341651904734	4	(30.2207,38.8589,1.895)	72.785	-76.7942
23.349149505596	7	(29.6599,98.9512,1.895)	13.0397	-56.7517
23.410420700861	9	(29.3738,129.608,1.895)	20.3142	-61.7653
23.420336667087	5	(26.8226,49.3385,1.895)	60.1978	-68.2862
23.430111458793	6	(29.9357,69.4013,1.895)	40.3003	-64.7446
23.441651904734	4	(30.2394,36.856,1.895)	72.7865	-76.7932
23.449149505596	7	(29.6786,96.951,1.895)	13.0386	-56.7525
23.510420700861	9	(29.3924,127.608,1.895)	20.3252	-61.7524
23.520336667087	5	(26.8414,47.3301,1.895)	60.1952	-68.2846
23.530111458793	6	(29.9544,67.4007,1.895)	40.2898	-64.7426
23.541651904734	4	(30.2581,34.8516,1.895)	72.7799	-76.7974
23.549149505596	7	(29.6973,94.9466,1.895)	13.0322	-56.7573
23.610420700861	9	(29.4112,125.598,1.895)	20.3258	-61.7516
23.620336667087	5	(26.8601,45.3278,1.895)	60.1871	-68.28
23.630111458793	6	(29.9731,65.3931,1.895)	40.2871	-64.7421
23.641651904734	4	(30.2768,32.8518,1.895)	72.7693	-76.8041
23.649149505596	7	(29.7159,92.9539,1.895)	13.0151	-56.7718
23.710420700861	9	(29.43,123.587,1.895)	20.325	-61.7525
23.720336667087	5	(26.8788,43.3253,1.895)	60.1792	-68.2755
23.730111458793	6	(29.9918,63.3929,1.895)	40.277	-64.7402
23.741651904734	4	(30.2956,30.842,1.895)	72.7687	-76.8044
23.749149505596	7	(29.7345,90.9563,1.895)	13.0027	-56.7839
23.810420700861	9	(29.4486,121.586,1.895)	20.3235	-61.7544
23.820336667087	5	(26.8975,41.3199,1.895)	60.1854	-68.2791
23.830111458793	6	(30.0105,61.3822,1.895)	40.2885	-64.7424
23.841651904734	4	(30.3143,28.8312,1.895)	72.7804	-76.7971
23.849149505596	7	(29.7531,88.9599,1.895)	13	-56.7867
23.910420700861	9	(29.4674,119.579,1.895)	20.3206	-61.7579
23.920336667087	5	(26.9162,39.3175,1.895)	60.1833	-68.2779
23.930111458793	6	(30.0293,59.375,1.895)	40.2911	-64.7429
23.941651904734	4	(30.333,26.8268,1.895)	72.7803	-76.7972
23.949149505596	7	(29.7719,86.9538,1.895)	13.0016	-56.7851
24.010420700861	9	(29.4861,117.576,1.895)	20.3192	-61.7594
24.020336667087	5	(26.9348,37.3184,1.895)	60.1803	-68.2762
24.030111458793	6	(30.048,57.3672,1.895)	40.2969	-64.744
24.049149505596	7	(29.7905,84.9588,1.895)	12.9947	-56.7923
24.110420700861	9	(29.5048,115.564,1.895)	20.3132	-61.7665
24.120336667087	5	(26.9535,35.3138,1.895)	60.1798	-68.2758
24.130111458793	6	(30.0667,55.3626,1.895)	40.2963	-64.7439
24.149149505596	7	(29.8092,82.957,1.895)	12.9915	-56.7959
24.210420700861	9	(29.5235,113.563,1.895)	20.3224	-61.7557
24.220336667087	5	(26.9722,33.3136,1.895)	60.1694	-68.2699
24.230111458793	6	(30.0854,53.3578,1.895)	40.2905	-64.7428
24.249149505596	7	(29.8278,80.9595,1.895)	12.9788	-56.8105
24.310420700861	9	(29.5422,111.564,1.895)	20.3254	-61.7521
24.320336667087	5	(26.9909,31.3113,1.895)	60.1693	-68.2699
24.330111458793	6	(30.1042,51.349,1.895)	40.2968	-64.744
24.349149505596	7	(29.8465,78.9543,1.895)	12.9815	-56.8073
24.410420700861	9	(29.5608,109.563,1.895)	20.3274	-61.7496
24.420336667087	5	(27.0096,29.3094,1.895)	60.1689	-68.2696
24.430111458793	6	(30.1229,49.3399,1.895)	40.3037	-64.7453
24.449149505596	7	(29.8652,76.9483,1.895)	12.9851	-56.8031
24.510420700861	9	(29.5795,107.561,1.895)	20.3362	-61.739
24.520336667087	5	(27.0283,27.3059,1.895)	60.1611	-68.2652
24.530111458793	6	(30.1417,47.3324,1.895)	40.2999	-64.7446
24.549149505596	7	(29.884,74.9432,1.895)	12.9791	-56.8102
24.610420700861	9	(29.5982,105.56,1.895)	20.3391	-61.7353
24.620336667087	5	(27.0471,25.2953,1.895)	60.1674	-68.2688
24.630111458793	6	(30.1604,45.3266,1.895)	40.3013	-64.7448
24.649149505596	7	(29.9026,72.9448,1.895)	12.9733	-56.8173
24.710420700861	9	(29.6169,103.561,1.895)	20.348	-61.7241
24.730111458793	6	(30.179,43.3268,1.895)	40.2932	-64.7433
24.749149505596	7	(29.9213,70.9399,1.895)	12.9703	-56.8211
24.810420700861	9	(29.6356,101.555,1.895)	20.3503	-61.7212
24.830111458793	6	(30.1978,41.317,1.895)	40.2954	-64.7437
24.849149505596	7	(29.9399,68.9486,1.895)	12.9546	-56.8418
24.910420700861	9	(29.6543,99.5479,1.895)	20.3529	-61.7178
24.930111458793	6	(30.2165,39.3163,1.895)	40.286	-64.7419
24.949149505596	7	(29.9586,66.9411,1.895)	12.9521	-56.8452
25.010420700861	9	(29.673,97.5454,1.895)	20.3614	-61.7068
25.030111458793	6	(30.2352,37.3075,1.895)	40.2838	-64.7415
25.049149505596	7	(29.9773,64.9474,1.895)	12.9354	-56.8692
25.110420700861	9	(29.6917,95.54,1.895)	20.3627	-61.7051
25.130111458793	6	(30.2539,35.3082,1.895)	40.2764	-64.7401
25.149149505596	7	(29.996,62.9417,1.895)	12.9343	-56.8707
25.210420700861	9	(29.7105,93.5332,1.895)	20.3585	-61.7106
25.230111458793	6	(30.2726,33.3014,1.895)	40.2806	-64.7409
25.249149505596	7	(30.0146,60.9442,1.895)	12.9294	-56.8781
25.310420700861	9	(29.7291,91.5304,1.895)	20.3581	-61.7111
25.330111458793	6	(30.2913,31.2997,1.895)	40.2798	-64.7407
25.349149505596	7	(30.0333,58.9466,1.895)	12.9247	-56.8852
25.410420700861	9	(29.7478,89.5311,1.895)	20.3678	-61.6983
25.430111458793	6	(30.31,29.2919,1.895)	40.2786	-64.7405
25.449149505596	7	(30.0518,56.9552,1.895)	12.9076	-56.9122
25.510420700861	9	(29.7665,87.5283,1.895)	20.3746	-61.6891
25.530111458793	6	(30.3287,27.2916,1.895)	40.2692	-64.7388
25.549149505596	7	(30.0706,54.9497,1.895)	12.9036	-56.9188
25.610420700861	9	(29.7853,85.519,1.895)	20.375	-61.6887
25.630111458793	6	(30.3474,25.2854,1.895)	40.2658	-64.7382
25.649149505596	7	(30.0892,52.9509,1.895)	12.8931	-56.9361
25.710420700861	9	(29.8039,83.5169,1.895)	20.3784	-61.684
25.749149505596	7	(30.1079,50.9496,1.895)	12.8889	-56.9431
25.810420700861	9	(29.8226,81.5165,1.895)	20.3788	-61.6834
25.849149505596	7	(30.1266,48.9455,1.895)	12.8921	-56.9378
25.910420700861	9	(29.8414,79.5061,1.895)	20.3739	-61.6901
25.949149505596	7	(30.1454,46.9364,1.895)	12.8956	-56.9319
26.010420700861	9	(29.8601,77.4956,1.895)	20.3673	-61.6989
26.049149505596	7	(30.164,44.9347,1.895)	12.8936	-56.9353
26.110420700861	9	(29.8788,75.4947,1.895)	20.3719	-61.6928
26.149149505596	7	(30.1828,42.9287,1.895)	12.8941	-56.9345
26.210420700861	9	(29.8976,73.4869,1.895)	20.3718	-61.693
26.249149505596	7	(30.2015,40.9185,1.895)	12.8965	-56.9305
26.310420700861	9	(29.9163,71.4813,1.895)	20.3657	-61.7011
26.349149505596	7	(30.2202,38.9128,1.895)	12.9026	-56.9204
26.410420700861	9	(29.935,69.4703,1.895)	20.3571	-61.7123
26.449149505596	7	(30.239,36.9018,1.895)	12.9109	-56.907
26.510420700861	9	(29.9537,67.4701,1.895)	20.3651	-61.7019
26.549149505596	7	(30.2577,34.9013,1.895)	12.9034	-56.9191
26.610420700861	9	(29.9725,65.4604,1.895)	20.3579	-61.7114
26.649149505596	7	(30.2764,32.8937,1.895)	12.9085	-56.9108
26.710420700861	9	(29.9912,63.4542,1.895)	20.3511	-61.7202
26.749149505596	7	(30.2951,30.894,1.895)	12.9089	-56.9101
26.810420700861	9	(30.0098,61.4553,1.895)	20.3573	-61.7121
26.849149505596	7	(30.3138,28.8868,1.895)	12.9107	-56.9072
26.910420700861	9	(30.0286,59.4494,1.895)	20.3532	-61.7175
26.949149505596	7	(30.3326,26.8774,1.895)	12.9182	-56.8953
27.010420700861	9	(30.0473,57.4412,1.895)	20.35	-61.7216
27.110420700861	9	(30.0661,55.4332,1.895)	20.3432	-61.7302
27.210420700861	9	(30.0848,53.429,1.895)	20.3406	-61.7335
27.310420700861	9	(30.1034,51.429,1.895)	20.3458	-61.727
27.410420700861	9	(30.1221,49.4275,1.895)	20.3559	-61.714
27.510420700861	9	(30.1408,47.425,1.895)	20.3634	-61.7042
27.610420700861	9	(30.1595,45.4203,1.895)	20.3614	-61.7068
