9.104964017577	2	(24.7081,275.897,1.895)	140.458	-87.7854
9.105159656343	8	(23.5847,396.251,1.895)	20.3293	-61.7474
9.119172076066	1	(28.1377,262.042,1.895)	154.305	-84.0497
9.120336667087	5	(24.1462,336.097,1.895)	80.2836	-72.0451
9.125066219154	3	(27.8209,295.989,1.895)	120.356	-77.3703
9.129642230819	0	(28.3819,235.877,1.895)	180.471	-78.9704
9.130111458793	6	(27.2591,356.181,1.895)	60.1615	-68.2654
9.141651904734	4	(27.5884,320.895,1.895)	95.4491	-70.5112
9.149149505596	7	(27.0484,378.757,1.895)	37.5847	-65.9714
9.204964017577	2	(24.7268,273.888,1.895)	140.456	-87.7852
9.205159656343	8	(23.6035,394.241,1.895)	20.3285	-61.7484
9.219172076066	1	(28.1561,260.068,1.895)	154.268	-84.0625
9.220336667087	5	(24.1649,334.089,1.895)	80.2815	-72.046
9.225066219154	3	(27.8396,293.983,1.895)	120.352	-77.3684
9.229642230819	0	(28.4006,233.878,1.895)	180.461	-78.9713
9.230111458793	6	(27.2778,354.179,1.895)	60.1543	-68.2613
9.241651904734	4	(27.6066,318.943,1.895)	95.3917	-70.5055
9.249149505596	7	(27.0662,376.845,1.895)	37.4866	-66.0827
9.304964017577	2	(24.7455,271.882,1.895)	140.461	-87.7861
9.305159656343	8	(23.6222,392.234,1.895)	20.334	-61.7417
9.319172076066	1	(28.1745,258.099,1.895)	154.236	-84.0738
9.320336667087	5	(24.1836,332.087,1.895)	80.2824	-72.0456
9.325066219154	3	(27.8583,291.974,1.895)	120.36	-77.3718
9.329642230819	0	(28.4193,231.874,1.895)	180.463	-78.9711
9.330111458793	6	(27.2965,352.169,1.895)	60.1623	-68.2659
9.341651904734	4	(27.6249,316.989,1.895)	95.3439	-70.5007
9.349149505596	7	(27.084,374.942,1.895)	37.3884	-66.1979
9.404964017577	2	(24.7642,269.881,1.895)	140.459	-87.7857
9.405159656343	8	(23.641,390.224,1.895)	20.3415	-61.7324
9.419172076066	1	(28.1929,256.127,1.895)	154.206	-84.0843
9.420336667087	5	(24.2023,330.085,1.895)	80.2818	-72.0458
9.425066219154	3	(27.8771,289.966,1.895)	120.365	-77.3743
9.429642230819	0	(28.438,229.871,1.895)	180.463	-78.9711
9.430111458793	6	(27.3153,350.159,1.895)	60.1692	-68.2698
9.441651904734	4	(27.6432,315.03,1.895)	95.3004	-70.4965
9.449149505596	7	(27.1018,373.032,1.895)	37.2951	-66.3108
9.504964017577	2	(24.7829,267.874,1.895)	140.456	-87.785
9.505159656343	8	(23.6597,388.22,1.895)	20.3358	-61.7395
9.519172076066	1	(28.2114,254.15,1.895)	154.173	-84.0959
9.520336667087	5	(24.221,328.079,1.895)	80.2774	-72.0476
9.525066219154	3	(27.8958,287.956,1.895)	120.364	-77.3738
9.529642230819	0	(28.4566,227.87,1.895)	180.454	-78.972
9.530111458793	6	(27.334,348.15,1.895)	60.1687	-68.2695
9.541651904734	4	(27.6614,313.07,1.895)	95.2496	-70.4915
9.549149505596	7	(27.1197,371.118,1.895)	37.1993	-66.4297
9.604964017577	2	(24.8017,265.867,1.895)	140.454	-87.7847
9.605159656343	8	(23.6784,386.22,1.895)	20.3264	-61.7509
9.619172076066	1	(28.2297,252.181,1.895)	154.132	-84.1102
9.620336667087	5	(24.2397,326.076,1.895)	80.2708	-72.0504
9.625066219154	3	(27.9145,285.954,1.895)	120.358	-77.3708
9.629642230819	0	(28.4754,225.858,1.895)	180.456	-78.9718
9.630111458793	6	(27.3528,346.139,1.895)	60.1703	-68.2705
9.641651904734	4	(27.6797,311.117,1.895)	95.1938	-70.4861
9.649149505596	7	(27.1375,369.207,1.895)	37.1012	-66.5542
9.704964017577	2	(24.8204,263.856,1.895)	140.456	-87.7852
9.705159656343	8	(23.6971,384.215,1.895)	20.323	-61.755
9.719172076066	1	(28.2482,250.201,1.895)	154.104	-84.1201
9.720336667087	5	(24.2584,324.074,1.895)	80.2647	-72.0528
9.725066219154	3	(27.9333,283.943,1.895)	120.361	-77.3722
9.729642230819	0	(28.4941,223.856,1.895)	180.45	-78.9723
9.730111458793	6	(27.3716,344.13,1.895)	60.1713	-68.271
9.741651904734	4	(27.6978,309.171,1.895)	95.1312	-70.4802
9.749149505596	7	(27.1554,367.285,1.895)	37.0146	-66.6659
9.804964017577	2	(24.8392,261.847,1.895)	140.464	-87.7866
9.805159656343	8	(23.7158,382.205,1.895)	20.3323	-61.7437
9.819172076066	1	(28.2667,248.221,1.895)	154.083	-84.1273
9.820336667087	5	(24.2771,322.071,1.895)	80.2667	-72.052
9.825066219154	3	(27.952,281.938,1.895)	120.364	-77.3738
9.829642230819	0	(28.5129,221.845,1.895)	180.46	-78.9714
9.830111458793	6	(27.3903,342.118,1.895)	60.182	-68.2771
9.841651904734	4	(27.7161,307.216,1.895)	95.0849	-70.4758
9.849149505596	7	(27.1733,365.368,1.895)	36.9307	-66.7755
9.904964017577	2	(24.8579,259.846,1.895)	140.461	-87.7861
9.905159656343	8	(23.7346,380.196,1.895)	20.3361	-61.7391
9.919172076066	1	(28.2852,246.24,1.895)	154.059	-84.1357
9.920336667087	5	(24.2957,320.072,1.895)	80.2614	-72.0542
9.925066219154	3	(27.9708,279.929,1.895)	120.369	-77.376
9.929642230819	0	(28.5316,219.842,1.895)	180.459	-78.9715
9.930111458793	6	(27.4091,340.112,1.895)	60.1829	-68.2777
9.941651904734	4	(27.7344,305.255,1.895)	95.042	-70.4718
9.949149505596	7	(27.1913,363.444,1.895)	36.8499	-66.882
10.004964017577	2	(24.8765,257.846,1.895)	140.46	-87.7858
10.005159656343	8	(23.7532,378.196,1.895)	20.3361	-61.7391
10.019172076066	1	(28.3036,244.263,1.895)	154.036	-84.1438
10.020336667087	5	(24.3144,318.07,1.895)	80.2625	-72.0537
10.025066219154	3	(27.9895,277.919,1.895)	120.378	-77.3798
10.029642230819	0	(28.5503,217.838,1.895)	180.462	-78.9712
10.030111458793	6	(27.4278,338.106,1.895)	60.1884	-68.2808
10.041651904734	4	(27.7526,303.3,1.895)	94.9963	-70.4676
10.049149505596	7	(27.2092,361.522,1.895)	36.7723	-66.9845
10.104964017577	2	(24.8952,255.847,1.895)	140.454	-87.7847
10.105159656343	8	(23.7719,376.196,1.895)	20.3304	-61.7461
10.119172076066	1	(28.3221,242.29,1.895)	154.004	-84.1552
10.120336667087	5	(24.3331,316.065,1.895)	80.2625	-72.0537
10.125066219154	3	(28.0082,275.914,1.895)	120.378	-77.3799
10.129642230819	0	(28.569,215.835,1.895)	180.459	-78.9714
10.130111458793	6	(27.4465,336.104,1.895)	60.1857	-68.2792
10.141651904734	4	(27.7709,301.34,1.895)	94.9506	-70.4634
10.149149505596	7	(27.2271,359.605,1.895)	36.6836	-67.1017
10.204964017577	2	(24.9139,253.839,1.895)	140.461	-87.7861
10.205159656343	8	(23.7906,374.195,1.895)	20.3305	-61.746
10.219172076066	1	(28.3405,240.315,1.895)	153.978	-84.1643
10.220336667087	5	(24.3518,314.064,1.895)	80.2627	-72.0537
10.225066219154	3	(28.0269,273.912,1.895)	120.379	-77.3804
10.229642230819	0	(28.5877,213.826,1.895)	180.468	-78.9706
10.230111458793	6	(27.4651,334.104,1.895)	60.1842	-68.2784
10.241651904734	4	(27.7893,299.375,1.895)	94.9156	-70.4602
10.249149505596	7	(27.2451,357.682,1.895)	36.6054	-67.2046
10.304964017577	2	(24.9327,251.829,1.895)	140.463	-87.7864
10.305159656343	8	(23.8092,372.196,1.895)	20.3213	-61.757
10.319172076066	1	(28.359,238.332,1.895)	153.952	-84.1734
10.320336667087	5	(24.3705,312.062,1.895)	80.256	-72.0564
10.325066219154	3	(28.0456,271.91,1.895)	120.373	-77.3776
10.329642230819	0	(28.6064,211.827,1.895)	180.459	-78.9715
10.330111458793	6	(27.4839,332.092,1.895)	60.1877	-68.2804
10.341651904734	4	(27.8075,297.418,1.895)	94.8641	-70.4555
10.349149505596	7	(27.263,355.765,1.895)	36.5142	-67.3231
10.404964017577	2	(24.9514,249.822,1.895)	140.46	-87.7858
10.405159656343	8	(23.828,370.186,1.895)	20.321	-61.7573
10.419172076066	1	(28.3774,236.362,1.895)	153.912	-84.1876
10.420336667087	5	(24.3892,310.056,1.895)	80.2522	-72.058
10.425066219154	3	(28.0644,269.902,1.895)	120.371	-77.3766
10.429642230819	0	(28.6251,209.82,1.895)	180.455	-78.9719
10.430111458793	6	(27.5026,330.086,1.895)	60.1841	-68.2783
10.441651904734	4	(27.8259,295.455,1.895)	94.8159	-70.4512
10.449149505596	7	(27.281,353.834,1.895)	36.4352	-67.4239
10.504964017577	2	(24.9702,247.813,1.895)	140.467	-87.7871
10.505159656343	8	(23.8468,368.175,1.895)	20.3298	-61.7467
10.519172076066	1	(28.3958,234.386,1.895)	153.886	-84.1966
10.520336667087	5	(24.4079,308.056,1.895)	80.2497	-72.059
10.525066219154	3	(28.0831,267.897,1.895)	120.374	-77.3779
10.529642230819	0	(28.6438,207.814,1.895)	180.46	-78.9714
10.530111458793	6	(27.5214,328.078,1.895)	60.1898	-68.2816
10.541651904734	4	(27.8441,293.498,1.895)	94.7719	-70.4473
10.549149505596	7	(27.2989,351.911,1.895)	36.3562	-67.5225
10.604964017577	2	(24.9889,245.813,1.895)	140.465	-87.7868
10.605159656343	8	(23.8655,366.174,1.895)	20.3298	-61.7468
10.619172076066	1	(28.4143,232.402,1.895)	153.868	-84.2029
10.620336667087	5	(24.4266,306.05,1.895)	80.2543	-72.0571
10.625066219154	3	(28.1018,265.89,1.895)	120.378	-77.38
10.629642230819	0	(28.6626,205.806,1.895)	180.465	-78.9709
10.630111458793	6	(27.5401,326.07,1.895)	60.196	-68.2851
10.641651904734	4	(27.8625,291.531,1.895)	94.7372	-70.4443
10.649149505596	7	(27.317,349.979,1.895)	36.2864	-67.6071
10.704964017577	2	(25.0076,243.804,1.895)	140.469	-87.7875
10.705159656343	8	(23.8842,364.163,1.895)	20.3349	-61.7405
10.719172076066	1	(28.4329,230.414,1.895)	153.852	-84.2088
10.720336667087	5	(24.4453,304.05,1.895)	80.2492	-72.0592
10.725066219154	3	(28.1205,263.891,1.895)	120.373	-77.3776
10.729642230819	0	(28.6813,203.799,1.895)	180.468	-78.9706
10.730111458793	6	(27.5589,324.058,1.895)	60.2027	-68.289
10.741651904734	4	(27.8808,289.569,1.895)	94.6937	-70.4405
10.749149505596	7	(27.3351,348.04,1.895)	36.2205	-67.6844
10.804964017577	2	(25.0263,241.802,1.895)	140.469	-87.7876
10.805159656343	8	(23.903,362.153,1.895)	20.3434	-61.73
10.819172076066	1	(28.4515,228.425,1.895)	153.839	-84.2132
10.820336667087	5	(24.464,302.042,1.895)	80.2557	-72.0565
10.825066219154	3	(28.1392,261.882,1.895)	120.38	-77.3808
10.829642230819	0	(28.7,201.798,1.895)	180.467	-78.9707
10.830111458793	6	(27.5776,322.055,1.895)	60.2045	-68.29
10.841651904734	4	(27.8991,287.605,1.895)	94.6567	-70.4373
10.849149505596	7	(27.3531,346.105,1.895)	36.1541	-67.7593
10.904964017577	2	(25.045,239.793,1.895)	140.467	-87.7873
10.905159656343	8	(23.9217,360.147,1.895)	20.3392	-61.7353
10.919172076066	1	(28.4699,226.448,1.895)	153.805	-84.2252
10.920336667087	5	(24.4828,300.036,1.895)	80.2513	-72.0584
10.925066219154	3	(28.1579,259.881,1.895)	120.371	-77.3766
10.929642230819	0	(28.7187,199.796,1.895)	180.458	-78.9715
10.930111458793	6	(27.5963,320.048,1.895)	60.2008	-68.2879
10.941651904734	4	(27.9174,285.642,1.895)	94.6089	-70.4332
10.949149505596	7	(27.3711,344.176,1.895)	36.0718	-67.8473
11.004964017577	2	(25.0638,237.785,1.895)	140.47	-87.7877
11.005159656343	8	(23.9405,358.137,1.895)	20.3433	-61.7301
11.019172076066	1	(28.4885,224.462,1.895)	153.785	-84.2325
11.020336667087	5	(24.5015,298.027,1.895)	80.2539	-72.0573
11.025066219154	3	(28.1766,257.875,1.895)	120.371	-77.3765
11.029642230819	0	(28.7374,197.792,1.895)	180.457	-78.9717
11.030111458793	6	(27.615,318.043,1.895)	60.2004	-68.2877
11.041651904734	4	(27.9358,283.677,1.895)	94.5675	-70.4297
11.049149505596	7	(27.3892,342.237,1.895)	36.0049	-67.9143
11.104964017577	2	(25.0825,235.779,1.895)	140.475	-87.7886
11.105159656343	8	(23.9592,356.134,1.895)	20.3451	-61.7278
11.119172076066	1	(28.5069,222.483,1.895)	153.763	-84.2404
11.120336667087	5	(24.5202,296.022,1.895)	80.2578	-72.0557
11.125066219154	3	(28.1953,255.874,1.895)	120.37	-77.3764
11.129642230819	0	(28.7561,195.785,1.895)	180.462	-78.9712
11.130111458793	6	(27.6338,316.036,1.895)	60.2055	-68.2906
11.141651904734	4	(27.9542,281.708,1.895)	94.5357	-70.427
11.149149505596	7	(27.4073,340.299,1.895)	35.9414	-67.9737
11.204964017577	2	(25.1013,233.769,1.895)	140.483	-87.7901
11.205159656343	8	(23.9778,354.132,1.895)	20.3458	-61.7269
11.219172076066	1	(28.5255,220.494,1.895)	153.751	-84.2445
11.220336667087	5	(24.5389,294.017,1.895)	80.2621	-72.0539
11.225066219154	3	(28.214,253.871,1.895)	120.373	-77.3775
11.229642230819	0	(28.7749,193.775,1.895)	180.472	-78.9703
11.230111458793	6	(27.6525,314.027,1.895)	60.2139	-68.2954
11.241651904734	4	(27.9725,279.747,1.895)	94.4953	-70.4237
11.249149505596	7	(27.4254,338.365,1.895)	35.8749	-68.0311
11.304964017577	2	(25.1199,231.767,1.895)	140.485	-87.7904
11.305159656343	8	(23.9966,352.124,1.895)	20.3539	-61.7166
11.319172076066	1	(28.5441,218.504,1.895)	153.74	-84.2483
11.320336667087	5	(24.5576,292.014,1.895)	80.2648	-72.0528
11.325066219154	3	(28.2327,251.86,1.895)	120.383	-77.3822
11.329642230819	0	(28.7936,191.765,1.895)	180.481	-78.9694
11.330111458793	6	(27.6713,312.015,1.895)	60.2253	-68.302
11.341651904734	4	(27.9908,277.782,1.895)	94.4599	-70.4207
11.349149505596	7	(27.4435,336.42,1.895)	35.8194	-68.0749
11.404964017577	2	(25.1387,229.76,1.895)	140.486	-87.7907
11.405159656343	8	(24.0153,350.114,1.895)	20.3576	-61.7118
11.419172076066	1	(28.5626,216.517,1.895)	153.723	-84.2547
11.420336667087	5	(24.5764,290.004,1.895)	80.2694	-72.0509
11.425066219154	3	(28.2514,249.86,1.895)	120.378	-77.3797
11.429642230819	0	(28.8123,189.763,1.895)	180.477	-78.9698
11.430111458793	6	(27.69,310.013,1.895)	60.2224	-68.3003
11.441651904734	4	(28.0093,275.803,1.895)	94.4335	-70.4186
11.449149505596	7	(27.4616,334.479,1.895)	35.7552	-68.1205
11.504964017577	2	(25.1574,227.749,1.895)	140.487	-87.7909
11.505159656343	8	(24.0341,348.109,1.895)	20.3531	-61.7176
11.519172076066	1	(28.5811,214.533,1.895)	153.696	-84.2639
11.520336667087	5	(24.5951,287.998,1.895)	80.2655	-72.0525
11.525066219154	3	(28.2701,247.854,1.895)	120.374	-77.3779
11.529642230819	0	(28.831,187.763,1.895)	180.468	-78.9706
11.530111458793	6	(27.7087,308.006,1.895)	60.2193	-68.2985
11.541651904734	4	(28.0276,273.84,1.895)	94.3872	-70.4148
11.549149505596	7	(27.4797,332.546,1.895)	35.6784	-68.1674
11.604964017577	2	(25.1761,225.746,1.895)	140.481	-87.7897
11.605159656343	8	(24.0528,346.098,1.895)	20.3544	-61.7158
11.619172076066	1	(28.5996,212.552,1.895)	153.668	-84.2742
11.620336667087	5	(24.6138,285.992,1.895)	80.2611	-72.0543
11.625066219154	3	(28.2888,245.85,1.895)	120.368	-77.3755
11.629642230819	0	(28.8497,185.761,1.895)	180.46	-78.9714
11.630111458793	6	(27.7275,305.996,1.895)	60.2191	-68.2984
11.641651904734	4	(28.046,271.87,1.895)	94.3469	-70.4116
11.649149505596	7	(27.4978,330.603,1.895)	35.6113	-68.201
11.704964017577	2	(25.1948,223.743,1.895)	140.474	-87.7885
11.705159656343	8	(24.0716,344.089,1.895)	20.3529	-61.7179
11.719172076066	1	(28.6182,210.565,1.895)	153.644	-84.2825
11.720336667087	5	(24.6325,283.989,1.895)	80.2547	-72.057
11.725066219154	3	(28.3076,243.842,1.895)	120.366	-77.3746
11.729642230819	0	(28.8684,183.756,1.895)	180.455	-78.9719
11.730111458793	6	(27.7462,303.986,1.895)	60.2193	-68.2985
11.741651904734	4	(28.0644,269.899,1.895)	94.3083	-70.4085
11.749149505596	7	(27.5159,328.661,1.895)	35.5429	-68.2278
11.804964017577	2	(25.2136,221.733,1.895)	140.473	-87.7882
11.805159656343	8	(24.0903,342.089,1.895)	20.3423	-61.7313
11.819172076066	1	(28.6367,208.581,1.895)	153.618	-84.2921
11.820336667087	5	(24.6513,281.978,1.895)	80.2541	-72.0572
11.825066219154	3	(28.3263,241.831,1.895)	120.366	-77.3745
11.829642230819	0	(28.8871,181.752,1.895)	180.448	-78.9725
11.830111458793	6	(27.7649,301.986,1.895)	60.2085	-68.2923
11.841651904734	4	(28.0828,267.925,1.895)	94.271	-70.4055
11.849149505596	7	(27.5341,326.717,1.895)	35.476	-68.2463
11.904964017577	2	(25.2323,219.727,1.895)	140.473	-87.7882
11.905159656343	8	(24.1089,340.087,1.895)	20.339	-61.7354
11.919172076066	1	(28.6552,206.595,1.895)	153.598	-84.2991
11.920336667087	5	(24.67,279.977,1.895)	80.2498	-72.059
11.925066219154	3	(28.3451,239.82,1.895)	120.371	-77.3767
11.929642230819	0	(28.9058,179.751,1.895)	180.443	-78.973
11.930111458793	6	(27.7836,299.98,1.895)	60.2091	-68.2926
11.941651904734	4	(28.1012,265.954,1.895)	94.2362	-70.4028
11.949149505596	7	(27.5522,324.778,1.895)	35.4095	-68.2569
12.004964017577	2	(25.251,217.725,1.895)	140.474	-87.7884
12.005159656343	8	(24.1277,338.079,1.895)	20.3446	-61.7284
12.019172076066	1	(28.6737,204.617,1.895)	153.574	-84.3076
12.020336667087	5	(24.6887,277.973,1.895)	80.2521	-72.058
12.025066219154	3	(28.3639,237.809,1.895)	120.381	-77.3809
12.029642230819	0	(28.9244,177.748,1.895)	180.444	-78.9729
12.030111458793	6	(27.8023,297.977,1.895)	60.2096	-68.2929
12.041651904734	4	(28.1196,263.979,1.895)	94.2094	-70.4007
12.049149505596	7	(27.5704,322.827,1.895)	35.3591	-68.2596
12.104964017577	2	(25.2698,215.715,1.895)	140.484	-87.7903
12.105159656343	8	(24.1464,336.078,1.895)	20.3466	-61.7259
12.119172076066	1	(28.6921,202.639,1.895)	153.553	-84.3153
12.120336667087	5	(24.7075,275.961,1.895)	80.2644	-72.053
12.125066219154	3	(28.3826,235.8,1.895)	120.39	-77.3851
12.129642230819	0	(28.9432,175.74,1.895)	180.452	-78.9721
12.130111458793	6	(27.821,295.972,1.895)	60.2154	-68.2963
12.141651904734	4	(28.1381,262,1.895)	94.1886	-70.3991
12.149149505596	7	(27.5885,320.882,1.895)	35.3042	-68.2572
12.204964017577	2	(25.2884,213.714,1.895)	140.475	-87.7886
12.205159656343	8	(24.1651,334.072,1.895)	20.3427	-61.7308
12.219172076066	1	(28.7106,200.656,1.895)	153.526	-84.325
12.220336667087	5	(24.7262,273.956,1.895)	80.2591	-72.0551
12.225066219154	3	(28.4013,233.796,1.895)	120.384	-77.3824
12.229642230819	0	(28.962,173.73,1.895)	180.453	-78.9721
12.230111458793	6	(27.8397,293.971,1.895)	60.2063	-68.291
12.241651904734	4	(28.1565,260.024,1.895)	94.1544	-70.3965
12.249149505596	7	(27.6067,318.937,1.895)	35.2396	-68.247
12.304964017577	2	(25.3071,211.714,1.895)	140.475	-87.7887
12.305159656343	8	(24.1838,332.07,1.895)	20.3444	-61.7287
12.319172076066	1	(28.7293,198.66,1.895)	153.522	-84.3263
12.320336667087	5	(24.7448,271.957,1.895)	80.2585	-72.0554
12.325066219154	3	(28.4201,231.785,1.895)	120.395	-77.3873
12.329642230819	0	(28.9807,171.719,1.895)	180.464	-78.971
12.330111458793	6	(27.8584,291.967,1.895)	60.2104	-68.2934
12.341651904734	4	(28.1749,258.053,1.895)	94.1262	-70.3944
12.349149505596	7	(27.6249,316.989,1.895)	35.188	-68.2331
12.404964017577	2	(25.3259,209.703,1.895)	140.478	-87.7892
12.405159656343	8	(24.2025,330.064,1.895)	20.3428	-61.7307
12.419172076066	1	(28.7479,196.665,1.895)	153.509	-84.3309
12.420336667087	5	(24.7635,269.957,1.895)	80.2503	-72.0588
12.425066219154	3	(28.4388,229.783,1.895)	120.39	-77.3849
12.429642230819	0	(28.9994,169.713,1.895)	180.462	-78.9712
12.430111458793	6	(27.8771,289.965,1.895)	60.2047	-68.2901
12.441651904734	4	(28.1934,256.078,1.895)	94.0931	-70.3919
12.449149505596	7	(27.6431,315.032,1.895)	35.1363	-68.2141
12.504964017577	2	(25.3445,207.704,1.895)	140.477	-87.789
12.505159656343	8	(24.2212,328.057,1.895)	20.349	-61.7228
12.519172076066	1	(28.7665,194.674,1.895)	153.499	-84.3347
12.520336667087	5	(24.7823,267.947,1.895)	80.2596	-72.0549
12.525066219154	3	(28.4575,227.776,1.895)	120.395	-77.3875
12.529642230819	0	(29.0182,167.707,1.895)	180.467	-78.9707
12.530111458793	6	(27.8958,287.96,1.895)	60.2088	-68.2925
12.541651904734	4	(28.2118,254.099,1.895)	94.0717	-70.3902
12.549149505596	7	(27.6614,313.078,1.895)	35.0893	-68.1924
12.604964017577	2	(25.3633,205.697,1.895)	140.473	-87.7882
12.605159656343	8	(24.2399,326.057,1.895)	20.3383	-61.7364
12.619172076066	1	(28.7851,192.68,1.895)	153.482	-84.3408
12.620336667087	5	(24.801,265.942,1.895)	80.2538	-72.0573
12.625066219154	3	(28.4762,225.772,1.895)	120.389	-77.3845
12.629642230819	0	(29.0369,165.703,1.895)	180.46	-78.9714
12.630111458793	6	(27.9146,285.949,1.895)	60.2087	-68.2924
12.641651904734	4	(28.2302,252.127,1.895)	94.0324	-70.3873
12.649149505596	7	(27.6796,311.13,1.895)	35.0268	-68.1571
12.704964017577	2	(25.382,203.691,1.895)	140.474	-87.7884
12.705159656343	8	(24.2586,324.049,1.895)	20.3407	-61.7333
12.719172076066	1	(28.8037,190.691,1.895)	153.466	-84.3463
12.720336667087	5	(24.8197,263.931,1.895)	80.2598	-72.0548
12.725066219154	3	(28.495,223.763,1.895)	120.392	-77.3862
12.729642230819	0	(29.0556,163.693,1.895)	180.465	-78.9709
12.730111458793	6	(27.9333,283.948,1.895)	60.2046	-68.29
12.741651904734	4	(28.2487,250.153,1.895)	94.0013	-70.385
12.749149505596	7	(27.6979,309.165,1.895)	34.9867	-68.1305
12.804964017577	2	(25.4008,201.679,1.895)	140.481	-87.7897
12.805159656343	8	(24.2774,322.043,1.895)	20.3426	-61.7309
12.819172076066	1	(28.8223,188.692,1.895)	153.461	-84.3484
12.820336667087	5	(24.8385,261.926,1.895)	80.2606	-72.0545
12.825066219154	3	(28.5137,221.758,1.895)	120.393	-77.3864
12.829642230819	0	(29.0743,161.689,1.895)	180.465	-78.971
12.830111458793	6	(27.952,281.937,1.895)	60.2117	-68.2941
12.841651904734	4	(28.2672,248.17,1.895)	93.9803	-70.3835
12.849149505596	7	(27.7161,307.21,1.895)	34.9375	-68.0939
12.904964017577	2	(25.4195,199.671,1.895)	140.481	-87.7897
12.905159656343	8	(24.2961,320.033,1.895)	20.344	-61.7292
12.919172076066	1	(28.8409,186.699,1.895)	153.445	-84.3539
12.920336667087	5	(24.8571,259.924,1.895)	80.2538	-72.0573
12.925066219154	3	(28.5324,219.753,1.895)	120.39	-77.385
12.929642230819	0	(29.0931,159.682,1.895)	180.463	-78.9711
12.930111458793	6	(27.9707,279.938,1.895)	60.2021	-68.2886
12.941651904734	4	(28.2857,246.187,1.895)	93.9538	-70.3816
12.949149505596	7	(27.7344,305.25,1.895)	34.8886	-68.0531
13.004964017577	2	(25.4382,197.671,1.895)	140.478	-87.7893
13.005159656343	8	(24.3148,318.034,1.895)	20.3416	-61.7322
13.019172076066	1	(28.8595,184.707,1.895)	153.435	-84.3575
13.020336667087	5	(24.8759,257.917,1.895)	80.2593	-72.0551
13.025066219154	3	(28.5511,217.745,1.895)	120.396	-77.3878
13.029642230819	0	(29.1118,157.671,1.895)	180.473	-78.9702
13.030111458793	6	(27.9894,277.936,1.895)	60.2018	-68.2884
13.041651904734	4	(28.3042,244.205,1.895)	93.935	-70.3802
13.049149505596	7	(27.7526,303.3,1.895)	34.8373	-68.0056
13.104964017577	2	(25.4569,195.666,1.895)	140.473	-87.7883
13.105159656343	8	(24.3334,316.035,1.895)	20.3298	-61.7468
13.119172076066	1	(28.8782,182.707,1.895)	153.424	-84.3616
13.120336667087	5	(24.8946,255.913,1.895)	80.2519	-72.0581
13.125066219154	3	(28.5699,215.737,1.895)	120.393	-77.3864
13.129642230819	0	(29.1306,155.664,1.895)	180.469	-78.9706
13.130111458793	6	(28.008,275.935,1.895)	60.1923	-68.283
13.141651904734	4	(28.3226,242.228,1.895)	93.901	-70.3778
13.149149505596	7	(27.7709,301.343,1.895)	34.7835	-67.9511
13.204964017577	2	(25.4756,193.657,1.895)	140.481	-87.7897
13.205159656343	8	(24.3521,314.031,1.895)	20.3322	-61.7439
13.219172076066	1	(28.8968,180.713,1.895)	153.417	-84.364
13.220336667087	5	(24.9133,253.91,1.895)	80.254	-72.0572
13.225066219154	3	(28.5886,213.733,1.895)	120.396	-77.3877
13.229642230819	0	(29.1493,153.657,1.895)	180.475	-78.97
13.230111458793	6	(28.0267,273.935,1.895)	60.1913	-68.2825
13.241651904734	4	(28.3411,240.249,1.895)	93.8792	-70.3762
13.249149505596	7	(27.7892,299.387,1.895)	34.7381	-67.9013
13.304964017577	2	(25.4944,191.651,1.895)	140.481	-87.7897
13.305159656343	8	(24.3708,312.027,1.895)	20.3308	-61.7456
13.319172076066	1	(28.9154,178.719,1.895)	153.405	-84.3684
13.320336667087	5	(24.932,251.905,1.895)	80.2533	-72.0575
13.325066219154	3	(28.6073,211.732,1.895)	120.391	-77.3855
13.329642230819	0	(29.168,151.65,1.895)	180.475	-78.97
13.330111458793	6	(28.0454,271.933,1.895)	60.1875	-68.2803
13.341651904734	4	(28.3596,238.273,1.895)	93.8486	-70.374
13.349149505596	7	(27.8074,297.431,1.895)	34.6882	-67.8427
13.404964017577	2	(25.5131,189.643,1.895)	140.482	-87.79
13.405159656343	8	(24.3895,310.025,1.895)	20.3258	-61.7516
13.419172076066	1	(28.9339,176.734,1.895)	153.384	-84.376
13.420336667087	5	(24.9506,249.906,1.895)	80.2465	-72.0603
13.425066219154	3	(28.626,209.725,1.895)	120.392	-77.3858
13.429642230819	0	(29.1868,149.643,1.895)	180.476	-78.9699
13.430111458793	6	(28.0641,269.93,1.895)	60.1838	-68.2781
13.441651904734	4	(28.3781,236.29,1.895)	93.8252	-70.3724
13.449149505596	7	(27.8257,295.469,1.895)	34.6436	-67.7871
13.504964017577	2	(25.5318,187.636,1.895)	140.489	-87.7912
13.505159656343	8	(24.4082,308.024,1.895)	20.3268	-61.7504
13.519172076066	1	(28.9524,174.749,1.895)	153.369	-84.3813
13.520336667087	5	(24.9693,247.906,1.895)	80.246	-72.0606
13.525066219154	3	(28.6447,207.718,1.895)	120.398	-77.3888
13.529642230819	0	(29.2055,147.634,1.895)	180.485	-78.9691
13.530111458793	6	(28.0828,267.927,1.895)	60.1864	-68.2796
13.541651904734	4	(28.3965,234.315,1.895)	93.8005	-70.3707
13.549149505596	7	(27.844,293.516,1.895)	34.5969	-67.7257
13.604964017577	2	(25.5506,185.628,1.895)	140.497	-87.7926
13.605159656343	8	(24.4269,306.025,1.895)	20.3255	-61.752
13.619172076066	1	(28.9711,172.752,1.895)	153.365	-84.3827
13.620336667087	5	(24.9881,245.896,1.895)	80.2559	-72.0565
13.625066219154	3	(28.6635,205.709,1.895)	120.407	-77.3926
13.629642230819	0	(29.2243,145.626,1.895)	180.493	-78.9683
13.630111458793	6	(28.1015,265.922,1.895)	60.1916	-68.2826
13.641651904734	4	(28.415,232.327,1.895)	93.7877	-70.3698
13.649149505596	7	(27.8622,291.562,1.895)	34.5508	-67.6623
13.704964017577	2	(25.5693,183.619,1.895)	140.502	-87.7936
13.705159656343	8	(24.4455,304.022,1.895)	20.3247	-61.7529
13.719172076066	1	(28.9897,170.753,1.895)	153.361	-84.3842
13.720336667087	5	(25.0068,243.888,1.895)	80.2594	-72.055
13.725066219154	3	(28.6821,203.709,1.895)	120.403	-77.3909
13.729642230819	0	(29.243,143.619,1.895)	180.496	-78.968
13.730111458793	6	(28.1203,263.911,1.895)	60.1983	-68.2865
13.741651904734	4	(28.4335,230.346,1.895)	93.7654	-70.3683
13.749149505596	7	(27.8805,289.603,1.895)	34.5055	-67.5971
13.804964017577	2	(25.5881,181.611,1.895)	140.509	-87.7948
13.805159656343	8	(24.4643,302.015,1.895)	20.33	-61.7466
13.819172076066	1	(29.0084,168.759,1.895)	153.354	-84.3869
13.820336667087	5	(25.0256,241.878,1.895)	80.268	-72.0515
13.825066219154	3	(28.7009,201.701,1.895)	120.409	-77.3936
13.829642230819	0	(29.2617,141.612,1.895)	180.502	-78.9675
13.830111458793	6	(28.139,261.908,1.895)	60.1998	-68.2873
13.841651904734	4	(28.452,228.371,1.895)	93.7381	-70.3664
13.849149505596	7	(27.8989,287.631,1.895)	34.4758	-67.5528
13.904964017577	2	(25.6068,179.601,1.895)	140.516	-87.7961
13.905159656343	8	(24.483,300.009,1.895)	20.3336	-61.7421
13.919172076066	1	(29.027,166.763,1.895)	153.347	-84.3895
13.920336667087	5	(25.0443,239.873,1.895)	80.271	-72.0503
13.925066219154	3	(28.7196,199.701,1.895)	120.407	-77.3928
13.929642230819	0	(29.2805,139.603,1.895)	180.508	-78.9669
13.930111458793	6	(28.1577,259.901,1.895)	60.2049	-68.2902
13.941651904734	4	(28.4704,226.391,1.895)	93.7158	-70.3649
13.949149505596	7	(27.9172,285.665,1.895)	34.4397	-67.4978
14.004964017577	2	(25.6256,177.596,1.895)	140.514	-87.7957
14.005159656343	8	(24.5017,298.01,1.895)	20.326	-61.7514
14.019172076066	1	(29.0456,164.771,1.895)	153.331	-84.3951
14.020336667087	5	(25.063,237.868,1.895)	80.2682	-72.0514
14.025066219154	3	(28.7383,197.696,1.895)	120.405	-77.3916
14.029642230819	0	(29.2992,137.594,1.895)	180.51	-78.9668
14.030111458793	6	(28.1764,257.896,1.895)	60.2026	-68.2889
14.041651904734	4	(28.4889,224.417,1.895)	93.6824	-70.3626
14.049149505596	7	(27.9355,283.703,1.895)	34.3938	-67.4256
14.104964017577	2	(25.6442,175.594,1.895)	140.513	-87.7956
14.105159656343	8	(24.5204,296.007,1.895)	20.3261	-61.7513
14.119172076066	1	(29.0641,162.782,1.895)	153.317	-84.4
14.120336667087	5	(25.0818,235.857,1.895)	80.2771	-72.0478
14.125066219154	3	(28.757,195.686,1.895)	120.412	-77.395
14.129642230819	0	(29.318,135.584,1.895)	180.517	-78.9661
14.130111458793	6	(28.1951,255.893,1.895)	60.2027	-68.2889
14.141651904734	4	(28.5073,222.441,1.895)	93.6563	-70.3609
14.149149505596	7	(27.9539,281.737,1.895)	34.358	-67.3676
14.204964017577	2	(25.663,173.583,1.895)	140.517	-87.7963
14.205159656343	8	(24.5391,293.999,1.895)	20.3271	-61.75
14.219172076066	1	(29.0828,160.782,1.895)	153.311	-84.4023
14.220336667087	5	(25.1005,233.853,1.895)	80.274	-72.049
14.225066219154	3	(28.7758,193.68,1.895)	120.411	-77.3946
14.229642230819	0	(29.3367,133.581,1.895)	180.513	-78.9664
14.230111458793	6	(28.2138,253.89,1.895)	60.1985	-68.2866
14.241651904734	4	(28.5259,220.452,1.895)	93.6383	-70.3597
14.249149505596	7	(27.9723,279.767,1.895)	34.3206	-67.3059
14.304964017577	2	(25.6817,171.579,1.895)	140.522	-87.7972
14.305159656343	8	(24.5578,291.992,1.895)	20.3347	-61.7408
14.319172076066	1	(29.1013,158.796,1.895)	153.297	-84.4073
14.320336667087	5	(25.1192,231.842,1.895)	80.2854	-72.0444
14.325066219154	3	(28.7945,191.669,1.895)	120.423	-77.3998
14.329642230819	0	(29.3553,131.581,1.895)	180.513	-78.9664
14.330111458793	6	(28.2326,251.878,1.895)	60.211	-68.2937
14.341651904734	4	(28.5444,218.473,1.895)	93.618	-70.3583
14.349149505596	7	(27.9906,277.802,1.895)	34.2864	-67.2482
14.404964017577	2	(25.7005,169.57,1.895)	140.531	-87.7988
14.405159656343	8	(24.5765,289.988,1.895)	20.3396	-61.7347
14.419172076066	1	(29.1198,156.814,1.895)	153.281	-84.4134
14.420336667087	5	(25.138,229.832,1.895)	80.2961	-72.04
14.425066219154	3	(28.8133,189.66,1.895)	120.433	-77.4041
14.429642230819	0	(29.3741,129.573,1.895)	180.523	-78.9656
14.430111458793	6	(28.2513,249.874,1.895)	60.2161	-68.2967
14.441651904734	4	(28.5629,216.482,1.895)	93.6095	-70.3578
14.449149505596	7	(28.009,275.829,1.895)	34.2603	-67.2034
14.504964017577	2	(25.7192,167.562,1.895)	140.537	-87.7998
14.505159656343	8	(24.5953,287.982,1.895)	20.3428	-61.7307
14.519172076066	1	(29.1385,154.817,1.895)	153.275	-84.4155
14.520336667087	5	(25.1568,227.824,1.895)	80.3017	-72.0377
14.525066219154	3	(28.8321,187.648,1.895)	120.442	-77.4081
14.529642230819	0	(29.3927,127.573,1.895)	180.519	-78.9659
14.530111458793	6	(28.2699,247.874,1.895)	60.2138	-68.2954
14.541651904734	4	(28.5815,214.49,1.895)	93.5985	-70.357
14.549149505596	7	(28.0274,273.86,1.895)	34.2259	-67.1435
14.604964017577	2	(25.7379,165.554,1.895)	140.537	-87.7998
14.605159656343	8	(24.614,285.974,1.895)	20.3422	-61.7315
14.619172076066	1	(29.157,152.829,1.895)	153.255	-84.4226
14.620336667087	5	(25.1755,225.815,1.895)	80.3023	-72.0374
14.625066219154	3	(28.8508,185.636,1.895)	120.446	-77.4098
14.629642230819	0	(29.4114,125.573,1.895)	180.512	-78.9666
14.630111458793	6	(28.2886,245.87,1.895)	60.21	-68.2931
14.641651904734	4	(28.6001,212.503,1.895)	93.5783	-70.3557
14.649149505596	7	(28.0458,271.893,1.895)	34.186	-67.0731
14.704964017577	2	(25.7566,163.554,1.895)	140.537	-87.7997
14.705159656343	8	(24.6327,283.974,1.895)	20.3425	-61.7311
14.719172076066	1	(29.1756,150.834,1.895)	153.25	-84.4246
14.720336667087	5	(25.1942,223.816,1.895)	80.3012	-72.0379
14.725066219154	3	(28.8695,183.636,1.895)	120.446	-77.4097
14.729642230819	0	(29.4302,123.563,1.895)	180.521	-78.9657
14.730111458793	6	(28.3074,243.862,1.895)	60.2172	-68.2973
14.741651904734	4	(28.6187,210.508,1.895)	93.5723	-70.3553
14.749149505596	7	(28.0642,269.923,1.895)	34.1555	-67.0183
14.804964017577	2	(25.7754,161.544,1.895)	140.547	-87.8017
14.805159656343	8	(24.6514,281.966,1.895)	20.3501	-61.7215
14.819172076066	1	(29.1943,148.84,1.895)	153.244	-84.4266
14.820336667087	5	(25.2129,221.811,1.895)	80.3068	-72.0356
14.825066219154	3	(28.8882,181.629,1.895)	120.453	-77.4129
14.829642230819	0	(29.4489,121.558,1.895)	180.527	-78.9652
14.830111458793	6	(28.3261,241.857,1.895)	60.2226	-68.3004
14.841651904734	4	(28.6372,208.529,1.895)	93.5524	-70.354
14.849149505596	7	(28.0826,267.951,1.895)	34.1273	-66.9672
14.904964017577	2	(25.7941,159.541,1.895)	140.542	-87.8006
14.905159656343	8	(24.6702,279.957,1.895)	20.3509	-61.7204
14.919172076066	1	(29.2129,146.844,1.895)	153.231	-84.4312
14.920336667087	5	(25.2315,219.81,1.895)	80.2987	-72.0389
14.925066219154	3	(28.9069,179.626,1.895)	120.448	-77.4108
14.929642230819	0	(29.4676,119.555,1.895)	180.522	-78.9656
14.930111458793	6	(28.3448,239.852,1.895)	60.219	-68.2984
14.941651904734	4	(28.6557,206.543,1.895)	93.5297	-70.3526
14.949149505596	7	(28.1009,265.985,1.895)	34.0855	-66.8906
15.004964017577	2	(25.8128,157.536,1.895)	140.541	-87.8004
15.005159656343	8	(24.6889,277.949,1.895)	20.3531	-61.7176
15.019172076066	1	(29.2315,144.846,1.895)	153.224	-84.434
15.020336667087	5	(25.2503,217.801,1.895)	80.3027	-72.0373
15.025066219154	3	(28.9256,177.622,1.895)	120.446	-77.4098
15.029642230819	0	(29.4863,117.554,1.895)	180.516	-78.9661
15.030111458793	6	(28.3636,237.844,1.895)	60.2211	-68.2996
15.041651904734	4	(28.6742,204.56,1.895)	93.5066	-70.3511
15.049149505596	7	(28.1194,264.006,1.895)	34.058	-66.8396
15.104964017577	2	(25.8315,155.529,1.895)	140.538	-87.7999
15.105159656343	8	(24.7076,275.944,1.895)	20.3482	-61.7238
15.119172076066	1	(29.2501,142.861,1.895)	153.199	-84.4431
15.120336667087	5	(25.2691,215.789,1.895)	80.3043	-72.0366
15.125066219154	3	(28.9444,175.615,1.895)	120.443	-77.4086
15.129642230819	0	(29.505,115.549,1.895)	180.511	-78.9666
15.130111458793	6	(28.3823,235.839,1.895)	60.2166	-68.297
15.141651904734	4	(28.6928,202.569,1.895)	93.4881	-70.3499
15.149149505596	7	(28.1378,262.03,1.895)	34.0245	-66.7771
15.204964017577	2	(25.8503,153.517,1.895)	140.546	-87.8014
15.205159656343	8	(24.7264,273.937,1.895)	20.3526	-61.7182
15.219172076066	1	(29.2687,140.869,1.895)	153.188	-84.447
15.220336667087	5	(25.2878,213.783,1.895)	80.3077	-72.0352
15.225066219154	3	(28.9631,173.603,1.895)	120.452	-77.4126
15.229642230819	0	(29.5236,113.549,1.895)	180.508	-78.9669
15.230111458793	6	(28.4009,233.839,1.895)	60.213	-68.2949
15.241651904734	4	(28.7114,200.577,1.895)	93.4773	-70.3493
15.249149505596	7	(28.1563,260.052,1.895)	33.999	-66.7291
15.304964017577	2	(25.8691,151.507,1.895)	140.55	-87.8021
15.305159656343	8	(24.7451,271.932,1.895)	20.3502	-61.7214
15.319172076066	1	(29.2872,138.881,1.895)	153.169	-84.454
15.320336667087	5	(25.3066,211.772,1.895)	80.3114	-72.0337
15.325066219154	3	(28.9819,171.598,1.895)	120.45	-77.4117
15.329642230819	0	(29.5424,111.541,1.895)	180.51	-78.9668
15.330111458793	6	(28.4196,231.837,1.895)	60.2086	-68.2924
15.341651904734	4	(28.73,198.585,1.895)	93.4616	-70.3483
15.349149505596	7	(28.1746,258.089,1.895)	33.9553	-66.6463
15.404964017577	2	(25.8878,149.495,1.895)	140.562	-87.8041
15.405159656343	8	(24.7638,269.929,1.895)	20.3536	-61.717
15.419172076066	1	(29.3058,136.885,1.895)	153.165	-84.4555
15.420336667087	5	(25.3253,209.763,1.895)	80.3203	-72.0301
15.425066219154	3	(29.0005,169.599,1.895)	120.449	-77.4114
15.429642230819	0	(29.5611,109.535,1.895)	180.516	-78.9662
15.430111458793	6	(28.4383,229.836,1.895)	60.2097	-68.293
15.441651904734	4	(28.7485,196.599,1.895)	93.4484	-70.3474
15.449149505596	7	(28.193,256.123,1.895)	33.9216	-66.5821
15.504964017577	2	(25.9066,147.484,1.895)	140.562	-87.8041
15.505159656343	8	(24.7825,267.926,1.895)	20.3449	-61.728
15.519172076066	1	(29.3244,134.893,1.895)	153.144	-84.4628
15.520336667087	5	(25.344,207.76,1.895)	80.312	-72.0335
15.525066219154	3	(29.0192,167.596,1.895)	120.441	-77.4076
15.529642230819	0	(29.5798,107.529,1.895)	180.51	-78.9667
15.530111458793	6	(28.457,227.832,1.895)	60.2016	-68.2884
15.541651904734	4	(28.767,194.615,1.895)	93.4203	-70.3457
15.549149505596	7	(28.2114,254.149,1.895)	33.8841	-66.5101
15.604964017577	2	(25.9253,145.482,1.895)	140.562	-87.8042
15.605159656343	8	(24.8012,265.915,1.895)	20.354	-61.7164
15.619172076066	1	(29.3431,132.897,1.895)	153.14	-84.4645
15.620336667087	5	(25.3627,205.76,1.895)	80.3104	-72.0341
15.625066219154	3	(29.0379,165.596,1.895)	120.439	-77.4065
15.629642230819	0	(29.5985,105.524,1.895)	180.514	-78.9664
15.630111458793	6	(28.4757,225.825,1.895)	60.2071	-68.2915
15.641651904734	4	(28.7856,192.628,1.895)	93.4057	-70.3448
15.649149505596	7	(28.2298,252.177,1.895)	33.8546	-66.4532
15.704964017577	2	(25.9441,143.471,1.895)	140.572	-87.8059
15.705159656343	8	(24.82,263.906,1.895)	20.3623	-61.7056
15.719172076066	1	(29.3617,130.9,1.895)	153.136	-84.466
15.720336667087	5	(25.3814,203.754,1.895)	80.3158	-72.0319
15.725066219154	3	(29.0566,163.592,1.895)	120.443	-77.4085
15.729642230819	0	(29.6172,103.523,1.895)	180.514	-78.9663
15.730111458793	6	(28.4944,223.825,1.895)	60.207	-68.2915
15.741651904734	4	(28.8041,190.646,1.895)	93.3876	-70.3437
15.749149505596	7	(28.2482,250.204,1.895)	33.8269	-66.3997
15.804964017577	2	(25.9628,141.467,1.895)	140.569	-87.8054
15.805159656343	8	(24.8387,261.896,1.895)	20.3654	-61.7015
15.819172076066	1	(29.3802,128.914,1.895)	153.115	-84.4737
15.820336667087	5	(25.4001,201.746,1.895)	80.3164	-72.0316
15.825066219154	3	(29.0753,161.587,1.895)	120.441	-77.4075
15.829642230819	0	(29.6359,101.516,1.895)	180.514	-78.9663
15.830111458793	6	(28.5131,221.821,1.895)	60.2039	-68.2897
15.841651904734	4	(28.8226,188.661,1.895)	93.365	-70.3423
15.849149505596	7	(28.2666,248.231,1.895)	33.7929	-66.3339
15.904964017577	2	(25.9814,139.467,1.895)	140.557	-87.8034
15.905159656343	8	(24.8574,259.891,1.895)	20.359	-61.71
15.919172076066	1	(29.3988,126.923,1.895)	153.095	-84.4809
15.920336667087	5	(25.4189,199.741,1.895)	80.3099	-72.0343
15.925066219154	3	(29.094,159.584,1.895)	120.433	-77.4039
15.929642230819	0	(29.6547,99.5056,1.895)	180.513	-78.9664
15.930111458793	6	(28.5318,219.813,1.895)	60.2007	-68.2878
15.941651904734	4	(28.8411,186.676,1.895)	93.3389	-70.3407
15.949149505596	7	(28.285,246.26,1.895)	33.7519	-66.2542
16.004964017577	2	(26.0001,137.468,1.895)	140.553	-87.8026
16.005159656343	8	(24.8762,257.88,1.895)	20.3657	-61.7011
16.019172076066	1	(29.4175,124.918,1.895)	153.095	-84.4809
16.020336667087	5	(25.4376,197.731,1.895)	80.3157	-72.032
16.025066219154	3	(29.1127,157.576,1.895)	120.436	-77.4053
16.029642230819	0	(29.6735,97.4951,1.895)	180.519	-78.9659
16.030111458793	6	(28.5506,217.804,1.895)	60.2048	-68.2902
16.041651904734	4	(28.8597,184.686,1.895)	93.3242	-70.3398
16.049149505596	7	(28.3034,244.286,1.895)	33.7221	-66.1963
16.104964017577	2	(26.0188,135.46,1.895)	140.556	-87.8032
16.105159656343	8	(24.895,255.87,1.895)	20.371	-61.694
16.119172076066	1	(29.4362,122.923,1.895)	153.086	-84.4841
16.120336667087	5	(25.4563,195.731,1.895)	80.3114	-72.0337
16.125066219154	3	(29.1314,155.572,1.895)	120.436	-77.4052
16.129642230819	0	(29.6922,95.4907,1.895)	180.519	-78.9659
16.130111458793	6	(28.5693,215.795,1.895)	60.2093	-68.2927
16.141651904734	4	(28.8783,182.693,1.895)	93.3131	-70.3392
16.149149505596	7	(28.3219,242.309,1.895)	33.6941	-66.1419
16.204964017577	2	(26.0376,133.45,1.895)	140.566	-87.8049
16.205159656343	8	(24.9137,253.867,1.895)	20.3742	-61.6897
16.219172076066	1	(29.4548,120.926,1.895)	153.082	-84.4854
16.220336667087	5	(25.4751,193.721,1.895)	80.3213	-72.0297
16.225066219154	3	(29.1501,153.568,1.895)	120.439	-77.4068
16.229642230819	0	(29.7109,93.4831,1.895)	180.526	-78.9652
16.230111458793	6	(28.5881,213.788,1.895)	60.2164	-68.2969
16.241651904734	4	(28.8969,180.697,1.895)	93.3084	-70.3389
16.249149505596	7	(28.3404,240.329,1.895)	33.6739	-66.1026
16.304964017577	2	(26.0563,131.441,1.895)	140.565	-87.8047
16.305159656343	8	(24.9325,251.855,1.895)	20.376	-61.6873
16.319172076066	1	(29.4735,118.922,1.895)	153.077	-84.4873
16.320336667087	5	(25.4937,191.72,1.895)	80.3122	-72.0334
16.325066219154	3	(29.1688,151.563,1.895)	120.435	-77.4049
16.329642230819	0	(29.7296,91.4768,1.895)	180.523	-78.9655
16.330111458793	6	(28.6068,211.782,1.895)	60.2127	-68.2947
16.341651904734	4	(28.9155,178.702,1.895)	93.2943	-70.3381
16.349149505596	7	(28.3588,238.353,1.895)	33.6407	-66.0381
16.404964017577	2	(26.075,129.439,1.895)	140.56	-87.8038
16.405159656343	8	(24.9511,249.855,1.895)	20.3685	-61.6973
16.419172076066	1	(29.4921,116.926,1.895)	153.065	-84.4918
16.420336667087	5	(25.5124,189.714,1.895)	80.3107	-72.034
16.425066219154	3	(29.1875,149.56,1.895)	120.43	-77.4027
16.429642230819	0	(29.7484,89.4673,1.895)	180.525	-78.9653
16.430111458793	6	(28.6255,209.777,1.895)	60.21	-68.2932
16.441651904734	4	(28.9341,176.711,1.895)	93.2772	-70.337
16.449149505596	7	(28.3773,236.369,1.895)	33.6164	-65.991
16.504964017577	2	(26.0937,127.44,1.895)	140.559	-87.8037
16.505159656343	8	(24.9699,247.848,1.895)	20.3763	-61.6869
16.519172076066	1	(29.5108,114.925,1.895)	153.066	-84.4913
16.520336667087	5	(25.5312,187.702,1.895)	80.3232	-72.0289
16.525066219154	3	(29.2062,147.556,1.895)	120.434	-77.4045
16.529642230819	0	(29.7671,87.4631,1.895)	180.53	-78.9649
16.530111458793	6	(28.6443,207.765,1.895)	60.2226	-68.3004
16.541651904734	4	(28.9527,174.72,1.895)	93.2686	-70.3365
16.549149505596	7	(28.3957,234.395,1.895)	33.5917	-65.9431
16.604964017577	2	(26.1124,125.43,1.895)	140.561	-87.804
16.605159656343	8	(24.9886,245.84,1.895)	20.376	-61.6873
16.619172076066	1	(29.5294,112.932,1.895)	153.052	-84.4964
16.620336667087	5	(25.5499,185.699,1.895)	80.3185	-72.0308
16.625066219154	3	(29.225,145.547,1.895)	120.435	-77.4051
16.629642230819	0	(29.7858,85.4549,1.895)	180.53	-78.9649
16.630111458793	6	(28.663,205.765,1.895)	60.2145	-68.2958
16.641651904734	4	(28.9713,172.725,1.895)	93.2565	-70.3358
16.649149505596	7	(28.4143,232.409,1.895)	33.5695	-65.9
16.704964017577	2	(26.1312,123.425,1.895)	140.567	-87.805
16.705159656343	8	(25.0073,243.832,1.895)	20.3842	-61.6761
16.719172076066	1	(29.5481,110.928,1.895)	153.055	-84.4952
16.720336667087	5	(25.5687,183.692,1.895)	80.3253	-72.028
16.725066219154	3	(29.2437,143.547,1.895)	120.436	-77.4053
16.729642230819	0	(29.8046,83.4512,1.895)	180.534	-78.9645
16.730111458793	6	(28.6817,203.759,1.895)	60.221	-68.2995
16.741651904734	4	(28.99,170.73,1.895)	93.2516	-70.3355
16.749149505596	7	(28.4328,230.43,1.895)	33.5488	-65.8601
16.804964017577	2	(26.1499,121.419,1.895)	140.569	-87.8055
16.805159656343	8	(25.0261,241.825,1.895)	20.3882	-61.6704
16.819172076066	1	(29.5667,108.938,1.895)	153.042	-84.5001
16.820336667087	5	(25.5874,181.688,1.895)	80.3261	-72.0277
16.825066219154	3	(29.2624,141.542,1.895)	120.437	-77.4057
16.829642230819	0	(29.8233,81.4449,1.895)	180.537	-78.9642
16.830111458793	6	(28.7004,201.752,1.895)	60.2249	-68.3018
16.841651904734	4	(29.0086,168.737,1.895)	93.2408	-70.3349
16.849149505596	7	(28.4513,228.441,1.895)	33.534	-65.8314
16.904964017577	2	(26.1686,119.411,1.895)	140.578	-87.8069
16.905159656343	8	(25.0448,239.82,1.895)	20.3932	-61.6635
16.919172076066	1	(29.5853,106.942,1.895)	153.039	-84.5011
16.920336667087	5	(25.6061,179.685,1.895)	80.3304	-72.026
16.925066219154	3	(29.2811,139.536,1.895)	120.444	-77.4091
16.929642230819	0	(29.842,79.4436,1.895)	180.539	-78.964
16.930111458793	6	(28.7192,199.74,1.895)	60.2372	-68.3089
16.941651904734	4	(29.0272,166.744,1.895)	93.2343	-70.3345
16.949149505596	7	(28.4698,226.463,1.895)	33.5128	-65.7906
17.004964017577	2	(26.1874,117.404,1.895)	140.58	-87.8073
17.005159656343	8	(25.0635,237.818,1.895)	20.3912	-61.6664
17.019172076066	1	(29.6039,104.949,1.895)	153.027	-84.5055
17.020336667087	5	(25.6248,177.679,1.895)	80.3318	-72.0254
17.025066219154	3	(29.2998,137.532,1.895)	120.443	-77.4084
17.029642230819	0	(29.8606,77.4438,1.895)	180.534	-78.9645
17.030111458793	6	(28.7379,197.732,1.895)	60.2411	-68.3111
17.041651904734	4	(29.0457,164.755,1.895)	93.2192	-70.3337
17.049149505596	7	(28.4883,224.481,1.895)	33.4904	-65.7476
17.104964017577	2	(26.206,115.403,1.895)	140.579	-87.8071
17.105159656343	8	(25.0822,235.816,1.895)	20.3911	-61.6664
17.119172076066	1	(29.6225,102.959,1.895)	153.016	-84.5096
17.120336667087	5	(25.6434,175.679,1.895)	80.3293	-72.0264
17.125066219154	3	(29.3185,135.524,1.895)	120.449	-77.4113
17.129642230819	0	(29.8794,75.4334,1.895)	180.543	-78.9637
17.130111458793	6	(28.7567,195.721,1.895)	60.25	-68.3162
17.141651904734	4	(29.0643,162.762,1.895)	93.2103	-70.3331
17.149149505596	7	(28.5069,222.49,1.895)	33.4795	-65.7267
17.204964017577	2	(26.2248,113.392,1.895)	140.58	-87.8073
17.205159656343	8	(25.1009,233.807,1.895)	20.3903	-61.6676
17.219172076066	1	(29.6412,100.955,1.895)	153.01	-84.5119
17.220336667087	5	(25.6622,173.668,1.895)	80.3313	-72.0256
17.225066219154	3	(29.3373,133.515,1.895)	120.448	-77.4108
17.229642230819	0	(29.8981,73.4232,1.895)	180.543	-78.9636
17.230111458793	6	(28.7754,193.72,1.895)	60.241	-68.311
17.241651904734	4	(29.0829,160.767,1.895)	93.1959	-70.3323
17.249149505596	7	(28.5254,220.505,1.895)	33.4552	-65.6801
17.304964017577	2	(26.2435,111.393,1.895)	140.58	-87.8073
17.305159656343	8	(25.1197,231.797,1.895)	20.4008	-61.6528
17.319172076066	1	(29.6599,98.9477,1.895)	153.018	-84.509
17.320336667087	5	(25.6809,171.661,1.895)	80.3378	-72.0229
17.325066219154	3	(29.356,131.511,1.895)	120.453	-77.4129
17.329642230819	0	(29.9169,71.4155,1.895)	180.551	-78.9629
17.330111458793	6	(28.794,191.72,1.895)	60.241	-68.3111
17.341651904734	4	(29.1016,158.772,1.895)	93.1908	-70.332
17.349149505596	7	(28.5438,218.527,1.895)	33.433	-65.6378
17.404964017577	2	(26.2621,109.392,1.895)	140.572	-87.8058
17.405159656343	8	(25.1383,229.797,1.895)	20.3915	-61.666
17.419172076066	1	(29.6785,96.9536,1.895)	153.003	-84.5146
17.420336667087	5	(25.6997,169.65,1.895)	80.3398	-72.0221
17.425066219154	3	(29.3747,129.511,1.895)	120.444	-77.4089
17.429642230819	0	(29.9356,69.4113,1.895)	180.546	-78.9634
17.430111458793	6	(28.8127,189.718,1.895)	60.2336	-68.3068
17.441651904734	4	(29.1202,156.778,1.895)	93.1755	-70.3312
17.449149505596	7	(28.5623,216.545,1.895)	33.4058	-65.5861
17.504964017577	2	(26.2809,107.382,1.895)	140.571	-87.8057
17.505159656343	8	(25.157,227.794,1.895)	20.3838	-61.6766
17.519172076066	1	(29.6972,94.9579,1.895)	152.987	-84.5201
17.520336667087	5	(25.7184,167.648,1.895)	80.331	-72.0257
17.525066219154	3	(29.3933,127.511,1.895)	120.433	-77.4043
17.529642230819	0	(29.9543,67.4018,1.895)	180.545	-78.9635
17.530111458793	6	(28.8315,187.707,1.895)	60.2347	-68.3074
17.541651904734	4	(29.1387,154.793,1.895)	93.1495	-70.3297
17.549149505596	7	(28.5809,214.557,1.895)	33.3828	-65.5425
17.604964017577	2	(26.2996,105.377,1.895)	140.576	-87.8066
17.605159656343	8	(25.1757,225.79,1.895)	20.3878	-61.6711
17.619172076066	1	(29.7159,92.9523,1.895)	152.993	-84.5181
17.620336667087	5	(25.7371,165.644,1.895)	80.3346	-72.0243
17.625066219154	3	(29.4121,125.5,1.895)	120.444	-77.4089
17.629642230819	0	(29.9731,65.3948,1.895)	180.551	-78.9629
17.630111458793	6	(28.8502,185.708,1.895)	60.2336	-68.3067
17.641651904734	4	(29.1573,152.799,1.895)	93.1432	-70.3293
17.649149505596	7	(28.5994,212.571,1.895)	33.3689	-65.5163
17.704964017577	2	(26.3184,103.366,1.895)	140.588	-87.8086
17.705159656343	8	(25.1945,223.784,1.895)	20.3941	-61.6623
17.719172076066	1	(29.7346,90.9471,1.895)	152.999	-84.516
17.720336667087	5	(25.7558,163.636,1.895)	80.3436	-72.0206
17.725066219154	3	(29.4308,123.494,1.895)	120.45	-77.4117
17.729642230819	0	(29.9918,63.389,1.895)	180.558	-78.9623
17.730111458793	6	(28.8689,183.702,1.895)	60.2395	-68.3102
17.741651904734	4	(29.176,150.8,1.895)	93.1429	-70.3293
17.749149505596	7	(28.6179,210.596,1.895)	33.3443	-65.47
17.804964017577	2	(26.3371,101.359,1.895)	140.585	-87.8082
17.805159656343	8	(25.2131,221.783,1.895)	20.3861	-61.6735
17.819172076066	1	(29.7533,88.9428,1.895)	152.994	-84.5177
17.820336667087	5	(25.7746,161.625,1.895)	80.3453	-72.0199
17.825066219154	3	(29.4495,121.488,1.895)	120.447	-77.4103
17.829642230819	0	(30.0106,61.3776,1.895)	180.56	-78.962
17.830111458793	6	(28.8876,181.696,1.895)	60.2366	-68.3085
17.841651904734	4	(29.1946,148.803,1.895)	93.1315	-70.3287
17.849149505596	7	(28.6364,208.608,1.895)	33.3232	-65.4306
17.904964017577	2	(26.3558,99.3524,1.895)	140.585	-87.8081
17.905159656343	8	(25.2318,219.78,1.895)	20.3823	-61.6787
17.919172076066	1	(29.772,86.9368,1.895)	152.993	-84.5181
17.920336667087	5	(25.7934,159.614,1.895)	80.3494	-72.0182
17.925066219154	3	(29.4682,119.488,1.895)	120.441	-77.4075
17.929642230819	0	(30.0293,59.3672,1.895)	180.564	-78.9617
17.930111458793	6	(28.9063,179.689,1.895)	60.2364	-68.3084
17.941651904734	4	(29.2132,146.811,1.895)	93.1164	-70.3278
17.949149505596	7	(28.655,206.623,1.895)	33.3019	-65.3909
18.004964017577	2	(26.3746,97.3457,1.895)	140.591	-87.8092
18.005159656343	8	(25.2506,217.774,1.895)	20.3884	-61.6702
18.019172076066	1	(29.7907,84.9351,1.895)	152.995	-84.5175
18.020336667087	5	(25.8122,157.603,1.895)	80.3609	-72.0135
18.025066219154	3	(29.4869,117.484,1.895)	120.444	-77.409
18.029642230819	0	(30.0481,57.3602,1.895)	180.571	-78.9611
18.030111458793	6	(28.925,177.686,1.895)	60.2401	-68.3105
18.041651904734	4	(29.2318,144.814,1.895)	93.1128	-70.3276
18.049149505596	7	(28.6735,204.638,1.895)	33.2862	-65.3616
18.104964017577	2	(26.3933,95.3423,1.895)	140.593	-87.8095
18.105159656343	8	(25.2692,215.771,1.895)	20.389	-61.6694
18.119172076066	1	(29.8094,82.9349,1.895)	152.993	-84.5181
18.120336667087	5	(25.8309,155.6,1.895)	80.3622	-72.013
18.125066219154	3	(29.5056,115.476,1.895)	120.45	-77.4116
18.129642230819	0	(30.0668,55.3524,1.895)	180.577	-78.9605
18.130111458793	6	(28.9437,175.684,1.895)	60.2394	-68.3101
18.141651904734	4	(29.2505,142.816,1.895)	93.1091	-70.3274
18.149149505596	7	(28.692,202.651,1.895)	33.272	-65.3354
18.204964017577	2	(26.412,93.3357,1.895)	140.595	-87.8098
18.205159656343	8	(25.288,213.763,1.895)	20.3917	-61.6657
18.219172076066	1	(29.8281,80.9275,1.895)	152.995	-84.5172
18.220336667087	5	(25.8496,153.591,1.895)	80.3654	-72.0117
18.225066219154	3	(29.5244,113.472,1.895)	120.45	-77.4114
18.229642230819	0	(30.0855,53.3498,1.895)	180.574	-78.9607
18.230111458793	6	(28.9624,173.678,1.895)	60.2411	-68.3111
18.241651904734	4	(29.2691,140.822,1.895)	93.0978	-70.3268
18.249149505596	7	(28.7106,200.661,1.895)	33.2565	-65.3068
18.304964017577	2	(26.4307,91.3317,1.895)	140.596	-87.8099
18.305159656343	8	(25.3067,211.761,1.895)	20.3913	-61.6661
18.319172076066	1	(29.8467,78.9322,1.895)	152.988	-84.52
18.320336667087	5	(25.8684,151.58,1.895)	80.3731	-72.0086
18.325066219154	3	(29.5431,111.46,1.895)	120.458	-77.4152
18.329642230819	0	(30.1042,51.3465,1.895)	180.575	-78.9607
18.330111458793	6	(28.9811,171.677,1.895)	60.2384	-68.3095
18.341651904734	4	(29.2876,138.834,1.895)	93.0833	-70.326
18.349149505596	7	(28.7292,198.667,1.895)	33.248	-65.2912
18.404964017577	2	(26.4494,89.331,1.895)	140.595	-87.8098
18.405159656343	8	(25.3255,209.749,1.895)	20.4011	-61.6523
18.419172076066	1	(29.8654,76.9348,1.895)	152.983	-84.5216
18.420336667087	5	(25.887,149.58,1.895)	80.3718	-72.0091
18.425066219154	3	(29.5618,109.46,1.895)	120.456	-77.4144
18.429642230819	0	(30.123,49.3345,1.895)	180.585	-78.9598
18.430111458793	6	(28.9998,169.678,1.895)	60.2363	-68.3083
18.441651904734	4	(29.3063,136.832,1.895)	93.0835	-70.326
18.449149505596	7	(28.7477,196.683,1.895)	33.2305	-65.2589
18.504964017577	2	(26.4681,87.3239,1.895)	140.599	-87.8105
18.505159656343	8	(25.3442,207.74,1.895)	20.4079	-61.6426
18.519172076066	1	(29.8841,74.9235,1.895)	152.992	-84.5184
18.520336667087	5	(25.9057,147.581,1.895)	80.3683	-72.0106
18.525066219154	3	(29.5805,107.46,1.895)	120.455	-77.4137
18.529642230819	0	(30.1417,47.3272,1.895)	180.59	-78.9593
18.530111458793	6	(29.0185,167.676,1.895)	60.2356	-68.3079
18.541651904734	4	(29.3249,134.841,1.895)	93.0716	-70.3253
18.549149505596	7	(28.7662,194.703,1.895)	33.2073	-65.2167
18.604964017577	2	(26.4868,85.3168,1.895)	140.594	-87.8097
18.605159656343	8	(25.363,205.731,1.895)	20.4051	-61.6467
18.619172076066	1	(29.9029,72.9168,1.895)	152.987	-84.5203
18.620336667087	5	(25.9244,145.577,1.895)	80.3601	-72.0139
18.625066219154	3	(29.5992,105.455,1.895)	120.448	-77.4106
18.629642230819	0	(30.1604,45.3193,1.895)	180.586	-78.9597
18.630111458793	6	(29.0372,165.668,1.895)	60.2322	-68.3059
18.641651904734	4	(29.3436,132.844,1.895)	93.0572	-70.3246
18.649149505596	7	(28.7848,192.713,1.895)	33.1854	-65.1769
18.704964017577	2	(26.5056,83.3062,1.895)	140.598	-87.8103
18.705159656343	8	(25.3817,203.722,1.895)	20.4064	-61.6448
18.719172076066	1	(29.9216,70.9094,1.895)	152.987	-84.5202
18.720336667087	5	(25.9432,143.566,1.895)	80.3645	-72.0121
18.725066219154	3	(29.6179,103.449,1.895)	120.446	-77.4098
18.729642230819	0	(30.1792,43.3092,1.895)	180.589	-78.9594
18.730111458793	6	(29.056,163.658,1.895)	60.2341	-68.307
18.741651904734	4	(29.3622,130.843,1.895)	93.0512	-70.3242
18.749149505596	7	(28.8033,190.726,1.895)	33.1655	-65.141
18.804964017577	2	(26.5244,81.2964,1.895)	140.6	-87.8107
18.805159656343	8	(25.4004,201.718,1.895)	20.4034	-61.6491
18.819172076066	1	(29.9403,68.9094,1.895)	152.98	-84.523
18.820336667087	5	(25.9619,141.555,1.895)	80.3681	-72.0106
18.825066219154	3	(29.6366,101.449,1.895)	120.439	-77.4066
18.829642230819	0	(30.1979,41.3091,1.895)	180.581	-78.9601
18.830111458793	6	(29.0746,161.658,1.895)	60.2268	-68.3028
18.841651904734	4	(29.3809,128.846,1.895)	93.0399	-70.3236
18.849149505596	7	(28.822,188.729,1.895)	33.1552	-65.1225
18.904964017577	2	(26.5431,79.2871,1.895)	140.603	-87.8112
18.905159656343	8	(25.4191,199.711,1.895)	20.4032	-61.6493
18.919172076066	1	(29.9589,66.9144,1.895)	152.968	-84.5272
18.920336667087	5	(25.9806,139.552,1.895)	80.3642	-72.0122
18.925066219154	3	(29.6553,99.4408,1.895)	120.44	-77.4073
18.929642230819	0	(30.2166,39.3027,1.895)	180.581	-78.9601
18.930111458793	6	(29.0934,159.647,1.895)	60.2313	-68.3054
18.941651904734	4	(29.3995,126.853,1.895)	93.0274	-70.3229
18.949149505596	7	(28.8405,186.746,1.895)	33.1309	-65.0789
19.004964017577	2	(26.5618,77.285,1.895)	140.604	-87.8114
19.005159656343	8	(25.4378,197.712,1.895)	20.4024	-61.6504
19.019172076066	1	(29.9776,64.9075,1.895)	152.974	-84.5249
19.020336667087	5	(25.9994,137.545,1.895)	80.3705	-72.0097
19.025066219154	3	(29.6741,97.4334,1.895)	120.447	-77.4103
19.029642230819	0	(30.2354,37.2928,1.895)	180.59	-78.9593
19.030111458793	6	(29.1122,157.636,1.895)	60.2414	-68.3113
19.041651904734	4	(29.4181,124.859,1.895)	93.02	-70.3225
19.049149505596	7	(28.8591,184.75,1.895)	33.1267	-65.0715
19.104964017577	2	(26.5805,75.2845,1.895)	140.599	-87.8105
19.105159656343	8	(25.4565,195.709,1.895)	20.3994	-61.6548
19.119172076066	1	(29.9963,62.9102,1.895)	152.966	-84.5281
19.120336667087	5	(26.0181,135.542,1.895)	80.3677	-72.0108
19.125066219154	3	(29.6927,95.4334,1.895)	120.441	-77.4076
19.129642230819	0	(30.2541,35.2834,1.895)	180.594	-78.9589
19.130111458793	6	(29.1309,155.632,1.895)	60.2398	-68.3103
19.141651904734	4	(29.4367,122.865,1.895)	93.0087	-70.3219
19.149149505596	7	(28.8777,182.753,1.895)	33.1175	-65.0551
19.204964017577	2	(26.5992,73.2791,1.895)	140.595	-87.8098
19.205159656343	8	(25.4752,193.702,1.895)	20.3971	-61.6581
19.219172076066	1	(30.015,60.9049,1.895)	152.962	-84.5296
19.220336667087	5	(26.0368,133.538,1.895)	80.3619	-72.0132
19.225066219154	3	(29.7114,93.4286,1.895)	120.436	-77.4056
19.229642230819	0	(30.2729,33.2747,1.895)	180.593	-78.959
19.230111458793	6	(29.1496,153.622,1.895)	60.2407	-68.3108
19.241651904734	4	(29.4553,120.869,1.895)	92.9947	-70.3212
19.249149505596	7	(28.8963,180.763,1.895)	33.0983	-65.0211
19.304964017577	2	(26.6179,71.2761,1.895)	140.589	-87.8088
19.305159656343	8	(25.494,191.693,1.895)	20.3965	-61.6589
19.319172076066	1	(30.0337,58.9023,1.895)	152.955	-84.5319
19.320336667087	5	(26.0555,131.533,1.895)	80.3582	-72.0147
19.325066219154	3	(29.7301,91.4278,1.895)	120.428	-77.4021
19.329642230819	0	(30.2916,31.264,1.895)	180.595	-78.9588
19.330111458793	6	(29.1684,151.615,1.895)	60.2386	-68.3096
19.341651904734	4	(29.474,118.868,1.895)	92.9871	-70.3208
19.349149505596	7	(28.915,178.763,1.895)	33.089	-65.0046
19.404964017577	2	(26.6367,69.2648,1.895)	140.59	-87.8091
19.405159656343	8	(25.5126,189.694,1.895)	20.3861	-61.6734
19.419172076066	1	(30.0524,56.8911,1.895)	152.957	-84.5313
19.420336667087	5	(26.0742,129.529,1.895)	80.3527	-72.0169
19.425066219154	3	(29.7488,89.4237,1.895)	120.423	-77.3996
19.429642230819	0	(30.3103,29.2618,1.895)	180.587	-78.9595
19.430111458793	6	(29.1871,149.611,1.895)	60.2333	-68.3066
19.441651904734	4	(29.4926,116.871,1.895)	92.9746	-70.3201
19.449149505596	7	(28.9336,176.772,1.895)	33.0703	-64.9718
19.504964017577	2	(26.6554,67.254,1.895)	140.6	-87.8107
19.505159656343	8	(25.5313,187.694,1.895)	20.3851	-61.6749
19.519172076066	1	(30.0711,54.8962,1.895)	152.95	-84.5338
19.520336667087	5	(26.0929,127.526,1.895)	80.3542	-72.0163
19.525066219154	3	(29.7675,87.4197,1.895)	120.425	-77.4007
19.529642230819	0	(30.329,27.2625,1.895)	180.585	-78.9597
19.530111458793	6	(29.2058,147.603,1.895)	60.2394	-68.3101
19.541651904734	4	(29.5112,114.881,1.895)	92.9628	-70.3195
19.549149505596	7	(28.9521,174.782,1.895)	33.0595	-64.9529
19.604964017577	2	(26.6742,65.246,1.895)	140.605	-87.8116
19.605159656343	8	(25.55,185.689,1.895)	20.3872	-61.6719
19.619172076066	1	(30.0896,52.9065,1.895)	152.937	-84.5385
19.620336667087	5	(26.1116,125.525,1.895)	80.3527	-72.0169
19.625066219154	3	(29.7862,85.4131,1.895)	120.429	-77.4024
19.629642230819	0	(30.3477,25.256,1.895)	180.589	-78.9594
19.630111458793	6	(29.2245,145.603,1.895)	60.2366	-68.3085
19.641651904734	4	(29.5298,112.885,1.895)	92.956	-70.3192
19.649149505596	7	(28.9708,172.785,1.895)	33.0537	-64.9429
19.704964017577	2	(26.6928,63.2455,1.895)	140.601	-87.8109
19.705159656343	8	(25.5688,183.682,1.895)	20.3898	-61.6683
19.719172076066	1	(30.1084,50.8984,1.895)	152.941	-84.5371
19.720336667087	5	(26.1303,123.514,1.895)	80.3596	-72.0141
19.725066219154	3	(29.805,83.4024,1.895)	120.435	-77.4052
19.730111458793	6	(29.2431,143.604,1.895)	60.2314	-68.3055
19.741651904734	4	(29.5485,110.884,1.895)	92.9531	-70.319
19.749149505596	7	(28.9893,170.795,1.895)	33.039	-64.9174
19.804964017577	2	(26.7115,61.2448,1.895)	140.601	-87.8109
19.805159656343	8	(25.5875,181.676,1.895)	20.3952	-61.6608
19.819172076066	1	(30.1271,48.8912,1.895)	152.948	-84.5347
19.820336667087	5	(26.149,121.51,1.895)	80.3627	-72.0128
19.825066219154	3	(29.8237,81.3962,1.895)	120.441	-77.4077
19.830111458793	6	(29.2619,141.596,1.895)	60.2385	-68.3096
19.841651904734	4	(29.5672,108.884,1.895)	92.9523	-70.319
19.849149505596	7	(29.0079,168.809,1.895)	33.0247	-64.8926
19.904964017577	2	(26.7302,59.2429,1.895)	140.592	-87.8094
19.905159656343	8	(25.6061,179.676,1.895)	20.3844	-61.6758
19.919172076066	1	(30.1458,46.8921,1.895)	152.936	-84.5391
19.920336667087	5	(26.1677,119.51,1.895)	80.3512	-72.0175
19.925066219154	3	(29.8425,79.3896,1.895)	120.437	-77.4057
19.930111458793	6	(29.2805,139.596,1.895)	60.2277	-68.3033
19.941651904734	4	(29.5858,106.884,1.895)	92.9411	-70.3184
19.949149505596	7	(29.0264,166.821,1.895)	33.0019	-64.8534
20.004964017577	2	(26.7489,57.2413,1.895)	140.584	-87.808
20.005159656343	8	(25.6248,177.673,1.895)	20.3778	-61.6848
20.019172076066	1	(30.1645,44.8832,1.895)	152.935	-84.5394
20.020336667087	5	(26.1864,117.507,1.895)	80.3444	-72.0202
20.025066219154	3	(29.8612,77.3808,1.895)	120.436	-77.4053
20.030111458793	6	(29.2993,137.587,1.895)	60.227	-68.303
20.041651904734	4	(29.6045,104.886,1.895)	92.9297	-70.3178
20.049149505596	7	(29.045,164.836,1.895)	32.9772	-64.8113
20.104964017577	2	(26.7676,55.2391,1.895)	140.577	-87.8068
20.105159656343	8	(25.6435,175.67,1.895)	20.3711	-61.6938
20.119172076066	1	(30.1833,42.875,1.895)	152.934	-84.5398
20.120336667087	5	(26.2051,115.507,1.895)	80.335	-72.0241
20.125066219154	3	(29.8799,75.3751,1.895)	120.432	-77.4037
20.130111458793	6	(29.318,135.577,1.895)	60.2272	-68.303
20.141651904734	4	(29.6232,102.884,1.895)	92.9217	-70.3174
20.149149505596	7	(29.0636,162.839,1.895)	32.9643	-64.7894
20.204964017577	2	(26.7863,53.2373,1.895)	140.578	-87.8069
20.205159656343	8	(25.6622,173.669,1.895)	20.3711	-61.6939
20.219172076066	1	(30.202,40.8688,1.895)	152.939	-84.5379
20.220336667087	5	(26.2238,113.503,1.895)	80.339	-72.0225
20.225066219154	3	(29.8987,73.365,1.895)	120.441	-77.4077
20.230111458793	6	(29.3368,133.571,1.895)	60.2326	-68.3062
20.241651904734	4	(29.6418,100.892,1.895)	92.9128	-70.3169
20.249149505596	7	(29.0823,160.84,1.895)	32.9626	-64.7866
20.304964017577	2	(26.805,51.2265,1.895)	140.58	-87.8073
20.305159656343	8	(25.6809,171.667,1.895)	20.3649	-61.7022
20.319172076066	1	(30.2208,38.8582,1.895)	152.941	-84.5372
20.320336667087	5	(26.2425,111.501,1.895)	80.3315	-72.0255
20.325066219154	3	(29.9173,71.3657,1.895)	120.432	-77.4036
20.330111458793	6	(29.3555,131.569,1.895)	60.2256	-68.3022
20.341651904734	4	(29.6605,98.8855,1.895)	92.9108	-70.3168
20.349149505596	7	(29.1009,158.843,1.895)	32.9509	-64.7667
20.404964017577	2	(26.8238,49.2156,1.895)	140.582	-87.8076
20.405159656343	8	(25.6996,169.66,1.895)	20.3625	-61.7053
20.419172076066	1	(30.2395,36.8515,1.895)	152.939	-84.538
20.420336667087	5	(26.2612,109.49,1.895)	80.3342	-72.0244
20.425066219154	3	(29.9361,69.3552,1.895)	120.434	-77.4044
20.430111458793	6	(29.3742,129.565,1.895)	60.2214	-68.2997
20.441651904734	4	(29.6791,96.8972,1.895)	92.8904	-70.3158
20.449149505596	7	(29.1195,156.851,1.895)	32.9337	-64.738
20.504964017577	2	(26.8425,47.2073,1.895)	140.578	-87.807
20.505159656343	8	(25.7183,167.661,1.895)	20.3505	-61.7209
20.519172076066	1	(30.2582,34.8411,1.895)	152.937	-84.5385
20.520336667087	5	(26.2799,107.486,1.895)	80.3264	-72.0276
20.525066219154	3	(29.9548,67.3532,1.895)	120.424	-77.3999
20.530111458793	6	(29.3929,127.561,1.895)	60.2135	-68.2952
20.541651904734	4	(29.6977,94.9005,1.895)	92.8752	-70.315
20.549149505596	7	(29.138,154.864,1.895)	32.9095	-64.6976
20.604964017577	2	(26.8613,45.2005,1.895)	140.574	-87.8062
20.605159656343	8	(25.737,165.652,1.895)	20.3479	-61.7243
20.619172076066	1	(30.2769,32.8379,1.895)	152.929	-84.5415
20.620336667087	5	(26.2986,105.486,1.895)	80.3148	-72.0323
20.625066219154	3	(29.9735,65.3446,1.895)	120.421	-77.3987
20.630111458793	6	(29.4116,125.555,1.895)	60.2078	-68.2919
20.641651904734	4	(29.7164,92.901,1.895)	92.8632	-70.3144
20.649149505596	7	(29.1567,152.864,1.895)	32.8973	-64.6775
20.704964017577	2	(26.88,43.1887,1.895)	140.581	-87.8075
20.705159656343	8	(25.7557,163.652,1.895)	20.3436	-61.7297
20.719172076066	1	(30.2957,30.8312,1.895)	152.931	-84.5407
20.720336667087	5	(26.3173,103.482,1.895)	80.3142	-72.0326
20.725066219154	3	(29.9922,63.3416,1.895)	120.42	-77.3982
20.730111458793	6	(29.4303,123.552,1.895)	60.2064	-68.2911
20.741651904734	4	(29.735,90.8978,1.895)	92.8622	-70.3143
20.749149505596	7	(29.1753,150.874,1.895)	32.8836	-64.6551
20.804964017577	2	(26.8987,41.1861,1.895)	140.582	-87.8076
20.805159656343	8	(25.7744,161.652,1.895)	20.3412	-61.7328
20.819172076066	1	(30.3144,28.8252,1.895)	152.935	-84.5392
20.820336667087	5	(26.336,101.477,1.895)	80.3171	-72.0314
20.825066219154	3	(30.011,61.3342,1.895)	120.425	-77.4006
20.830111458793	6	(29.4489,121.552,1.895)	60.2047	-68.2901
20.841651904734	4	(29.7537,88.9022,1.895)	92.8559	-70.314
20.849149505596	7	(29.1939,148.883,1.895)	32.8722	-64.6363
20.904964017577	2	(26.9175,39.179,1.895)	140.58	-87.8073
20.905159656343	8	(25.7931,159.649,1.895)	20.3355	-61.7398
20.919172076066	1	(30.3331,26.8213,1.895)	152.93	-84.541
20.920336667087	5	(26.3547,99.4702,1.895)	80.3155	-72.032
20.925066219154	3	(30.0297,59.3282,1.895)	120.422	-77.3993
20.930111458793	6	(29.4677,119.541,1.895)	60.2066	-68.2912
20.941651904734	4	(29.7724,86.8987,1.895)	92.8505	-70.3137
20.949149505596	7	(29.2124,146.898,1.895)	32.849	-64.5986
21.004964017577	2	(26.9362,37.1686,1.895)	140.588	-87.8087
21.005159656343	8	(25.8118,157.64,1.895)	20.3423	-61.7313
21.020336667087	5	(26.3735,97.4593,1.895)	80.3241	-72.0285
21.025066219154	3	(30.0485,57.3187,1.895)	120.429	-77.4025
21.030111458793	6	(29.4864,117.534,1.895)	60.2111	-68.2938
21.041651904734	4	(29.791,84.9004,1.895)	92.8465	-70.3135
21.049149505596	7	(29.2311,144.896,1.895)	32.8481	-64.5972
21.104964017577	2	(26.9549,35.1661,1.895)	140.584	-87.808
21.105159656343	8	(25.8305,155.637,1.895)	20.339	-61.7354
21.120336667087	5	(26.3922,95.4543,1.895)	80.3227	-72.0291
21.125066219154	3	(30.0672,55.313,1.895)	120.429	-77.4022
21.130111458793	6	(29.5052,115.522,1.895)	60.2166	-68.297
21.141651904734	4	(29.8098,82.893,1.895)	92.8475	-70.3136
21.149149505596	7	(29.2497,142.896,1.895)	32.8424	-64.588
21.204964017577	2	(26.9737,33.1551,1.895)	140.586	-87.8084
21.205159656343	8	(25.8493,153.629,1.895)	20.3383	-61.7363
21.220336667087	5	(26.411,93.4432,1.895)	80.3246	-72.0283
21.225066219154	3	(30.0859,53.3038,1.895)	120.429	-77.4022
21.230111458793	6	(29.5239,113.523,1.895)	60.2073	-68.2916
21.241651904734	4	(29.8284,80.8915,1.895)	92.8398	-70.3132
21.249149505596	7	(29.2685,140.889,1.895)	32.8394	-64.5832
21.304964017577	2	(26.9924,31.151,1.895)	140.586	-87.8084
21.305159656343	8	(25.8679,151.626,1.895)	20.3369	-61.7381
21.320336667087	5	(26.4297,91.4425,1.895)	80.3213	-72.0297
21.325066219154	3	(30.1046,51.3023,1.895)	120.426	-77.4011
21.330111458793	6	(29.5426,111.513,1.895)	60.2131	-68.2949
21.341651904734	4	(29.8472,78.8844,1.895)	92.8429	-70.3134
21.349149505596	7	(29.2871,138.896,1.895)	32.8283	-64.5653
21.404964017577	2	(27.0111,29.1485,1.895)	140.587	-87.8085
21.405159656343	8	(25.8866,149.623,1.895)	20.3388	-61.7358
21.420336667087	5	(26.4484,89.4321,1.895)	80.3303	-72.026
21.425066219154	3	(30.1233,49.2998,1.895)	120.427	-77.4016
21.430111458793	6	(29.5613,109.509,1.895)	60.2153	-68.2962
21.441651904734	4	(29.8658,76.8928,1.895)	92.8331	-70.3129
21.449149505596	7	(29.3057,136.898,1.895)	32.8256	-64.5609
21.504964017577	2	(27.0299,27.137,1.895)	140.591	-87.8091
21.505159656343	8	(25.9054,147.612,1.895)	20.3417	-61.732
21.520336667087	5	(26.4672,87.4264,1.895)	80.3278	-72.027
21.525066219154	3	(30.142,47.2998,1.895)	120.419	-77.398
21.530111458793	6	(29.5801,107.498,1.895)	60.2185	-68.2981
21.541651904734	4	(29.8845,74.8901,1.895)	92.8276	-70.3126
21.549149505596	7	(29.3243,134.904,1.895)	32.8116	-64.5386
21.604964017577	2	(27.0486,25.1349,1.895)	140.582	-87.8077
21.605159656343	8	(25.9242,145.6,1.895)	20.3426	-61.7309
21.620336667087	5	(26.4858,85.4238,1.895)	80.3198	-72.0302
21.625066219154	3	(30.1607,45.2932,1.895)	120.415	-77.3962
21.630111458793	6	(29.5989,105.488,1.895)	60.2177	-68.2976
21.641651904734	4	(29.9031,72.8943,1.895)	92.8128	-70.3119
21.649149505596	7	(29.343,132.907,1.895)	32.7978	-64.5167
21.705159656343	8	(25.9429,143.595,1.895)	20.345	-61.7279
21.720336667087	5	(26.5045,83.4225,1.895)	80.3187	-72.0307
21.725066219154	3	(30.1794,43.2874,1.895)	120.419	-77.3977
21.730111458793	6	(29.6175,103.488,1.895)	60.2157	-68.2964
21.741651904734	4	(29.9217,70.8948,1.895)	92.8099	-70.3117
21.749149505596	7	(29.3616,130.912,1.895)	32.7901	-64.5045
21.805159656343	8	(25.9616,141.589,1.895)	20.3443	-61.7289
21.820336667087	5	(26.5232,81.4181,1.895)	80.3158	-72.0319
21.825066219154	3	(30.1981,41.281,1.895)	120.418	-77.3973
21.830111458793	6	(29.6362,101.485,1.895)	60.2112	-68.2939
21.841651904734	4	(29.9404,68.893,1.895)	92.8045	-70.3115
21.849149505596	7	(29.3802,128.92,1.895)	32.7751	-64.4809
21.905159656343	8	(25.9803,139.589,1.895)	20.3406	-61.7334
21.920336667087	5	(26.5419,79.4178,1.895)	80.3132	-72.0329
21.925066219154	3	(30.2168,39.2786,1.895)	120.417	-77.3971
21.930111458793	6	(29.655,99.4729,1.895)	60.2202	-68.299
21.941651904734	4	(29.9591,66.897,1.895)	92.7975	-70.3111
21.949149505596	7	(29.3988,126.921,1.895)	32.7712	-64.4748
22.005159656343	8	(25.999,137.589,1.895)	20.3396	-61.7347
22.020336667087	5	(26.5606,77.4148,1.895)	80.3153	-72.0321
22.025066219154	3	(30.2356,37.2671,1.895)	120.428	-77.4017
22.030111458793	6	(29.6737,97.4725,1.895)	60.2197	-68.2987
22.041651904734	4	(29.9777,64.9021,1.895)	92.7914	-70.3108
22.049149505596	7	(29.4176,124.914,1.895)	32.7766	-64.4833
22.105159656343	8	(26.0177,135.584,1.895)	20.3451	-61.7278
22.120336667087	5	(26.5793,75.4091,1.895)	80.3211	-72.0297
22.125066219154	3	(30.2544,35.257,1.895)	120.438	-77.4063
22.130111458793	6	(29.6924,95.4652,1.895)	60.2272	-68.303
22.141651904734	4	(29.9964,62.8919,1.895)	92.8019	-70.3113
22.149149505596	7	(29.4361,122.923,1.895)	32.768	-64.4699
22.205159656343	8	(26.0363,133.584,1.895)	20.3345	-61.741
22.220336667087	5	(26.5981,73.4004,1.895)	80.3193	-72.0305
22.225066219154	3	(30.2731,33.2532,1.895)	120.431	-77.4033
22.230111458793	6	(29.7111,93.4623,1.895)	60.2195	-68.2986
22.241651904734	4	(30.0152,60.8849,1.895)	92.7984	-70.3112
22.249149505596	7	(29.4548,120.922,1.895)	32.7582	-64.4545
22.305159656343	8	(26.0551,131.579,1.895)	20.3317	-61.7445
22.320336667087	5	(26.6168,71.3963,1.895)	80.3148	-72.0323
22.325066219154	3	(30.2917,31.2538,1.895)	120.422	-77.3992
22.330111458793	6	(29.7299,91.4522,1.895)	60.221	-68.2995
22.341651904734	4	(30.0338,58.887,1.895)	92.7876	-70.3106
22.349149505596	7	(29.4735,118.924,1.895)	32.7479	-64.4386
22.405159656343	8	(26.0737,129.578,1.895)	20.325	-61.7526
22.420336667087	5	(26.6355,69.387,1.895)	80.3168	-72.0315
22.425066219154	3	(30.3104,29.2501,1.895)	120.418	-77.3976
22.430111458793	6	(29.7486,89.4502,1.895)	60.2157	-68.2965
22.441651904734	4	(30.0524,56.8914,1.895)	92.7759	-70.3101
22.449149505596	7	(29.4921,116.928,1.895)	32.7366	-64.4211
22.505159656343	8	(26.0924,127.575,1.895)	20.3199	-61.7586
22.520336667087	5	(26.6543,67.3775,1.895)	80.3185	-72.0308
22.525066219154	3	(30.3291,27.2451,1.895)	120.416	-77.3964
22.530111458793	6	(29.7673,87.4425,1.895)	60.2156	-68.2964
22.541651904734	4	(30.0711,54.8935,1.895)	92.766	-70.3096
22.549149505596	7	(29.5107,114.937,1.895)	32.7195	-64.3949
22.605159656343	8	(26.1111,125.569,1.895)	20.318	-61.7609
22.620336667087	5	(26.673,65.3682,1.895)	80.3197	-72.0303
22.625066219154	3	(30.3478,25.2435,1.895)	120.409	-77.3935
22.630111458793	6	(29.786,85.434,1.895)	60.216	-68.2966
22.641651904734	4	(30.0898,52.8923,1.895)	92.7592	-70.3093
22.649149505596	7	(29.5294,112.936,1.895)	32.7129	-64.3849
22.705159656343	8	(26.1298,123.57,1.895)	20.3091	-61.7712
22.720336667087	5	(26.6917,63.3682,1.895)	80.3115	-72.0337
22.730111458793	6	(29.8047,83.4315,1.895)	60.2103	-68.2934
22.741651904734	4	(30.1085,50.8888,1.895)	92.7544	-70.309
22.749149505596	7	(29.5481,110.931,1.895)	32.7092	-64.3792
22.805159656343	8	(26.1485,121.566,1.895)	20.3118	-61.768
22.820336667087	5	(26.7104,61.3631,1.895)	80.315	-72.0322
22.830111458793	6	(29.8234,81.4297,1.895)	60.2105	-68.2935
22.841651904734	4	(30.1272,48.8818,1.895)	92.7599	-70.3093
22.849149505596	7	(29.5667,108.933,1.895)	32.7065	-64.375
22.905159656343	8	(26.1673,119.558,1.895)	20.3168	-61.7623
22.920336667087	5	(26.7291,59.3601,1.895)	80.3156	-72.032
22.930111458793	6	(29.8421,79.4277,1.895)	60.2101	-68.2932
22.941651904734	4	(30.1459,46.8785,1.895)	92.7607	-70.3093
22.949149505596	7	(29.5853,106.944,1.895)	32.6931	-64.3548
23.005159656343	8	(26.186,117.548,1.895)	20.3206	-61.7578
23.020336667087	5	(26.7478,57.3596,1.895)	80.3099	-72.0343
23.030111458793	6	(29.8608,77.4271,1.895)	60.2046	-68.29
23.041651904734	4	(30.1646,44.8795,1.895)	92.7535	-70.309
23.049149505596	7	(29.6039,104.946,1.895)	32.684	-64.3411
23.105159656343	8	(26.2047,115.543,1.895)	20.3216	-61.7566
23.120336667087	5	(26.7666,55.3483,1.895)	80.3166	-72.0316
23.130111458793	6	(29.8795,75.4209,1.895)	60.2061	-68.2909
23.141651904734	4	(30.1833,42.8718,1.895)	92.7567	-70.3091
23.149149505596	7	(29.6225,102.952,1.895)	32.6739	-64.3259
23.205159656343	8	(26.2234,113.539,1.895)	20.3247	-61.7529
23.220336667087	5	(26.7853,53.3387,1.895)	80.3256	-72.0279
23.230111458793	6	(29.8982,73.4155,1.895)	60.2109	-68.2937
23.241651904734	4	(30.2021,40.861,1.895)	92.7668	-70.3096
23.249149505596	7	(29.6412,100.952,1.895)	32.6729	-64.3244
23.305159656343	8	(26.2421,111.535,1.895)	20.3219	-61.7562
23.320336667087	5	(26.804,51.3389,1.895)	80.3189	-72.0307
23.330111458793	6	(29.9169,71.4087,1.895)	60.2111	-68.2938
23.341651904734	4	(30.2207,38.8589,1.895)	92.7623	-70.3094
23.349149505596	7	(29.6599,98.9512,1.895)	32.6674	-64.3162
23.405159656343	8	(26.2608,109.534,1.895)	20.3142	-61.7653
23.420336667087	5	(26.8226,49.3385,1.895)	80.31	-72.0343
23.430111458793	6	(29.9357,69.4013,1.895)	60.2093	-68.2928
23.441651904734	4	(30.2394,36.856,1.895)	92.756	-70.3091
23.449149505596	7	(29.6786,96.951,1.895)	32.6584	-64.3029
23.505159656343	8	(26.2796,107.523,1.895)	20.3252	-61.7524
23.520336667087	5	(26.8414,47.3301,1.895)	80.3184	-72.0308
23.530111458793	6	(29.9544,67.4007,1.895)	60.2099	-68.2931
23.541651904734	4	(30.2581,34.8516,1.895)	92.7605	-70.3093
23.549149505596	7	(29.6973,94.9466,1.895)	32.6628	-64.3095
23.605159656343	8	(26.2983,105.512,1.895)	20.3258	-61.7516
23.620336667087	5	(26.8601,45.3278,1.895)	80.311	-72.0338
23.630111458793	6	(29.9731,65.3931,1.895)	60.2078	-68.2919
23.641651904734	4	(30.2768,32.8518,1.895)	92.7506	-70.3088
23.649149505596	7	(29.7159,92.9539,1.895)	32.6459	-64.2843
23.705159656343	8	(26.3171,103.502,1.895)	20.325	-61.7525
23.720336667087	5	(26.8788,43.3253,1.895)	80.3023	-72.0374
23.730111458793	6	(29.9918,63.3929,1.895)	60.1969	-68.2856
23.741651904734	4	(30.2956,30.842,1.895)	92.7492	-70.3088
23.749149505596	7	(29.7345,90.9563,1.895)	32.6323	-64.2643
23.805159656343	8	(26.3358,101.503,1.895)	20.3235	-61.7544
23.820336667087	5	(26.8975,41.3199,1.895)	80.307	-72.0355
23.830111458793	6	(30.0105,61.3822,1.895)	60.2068	-68.2913
23.841651904734	4	(30.3143,28.8312,1.895)	92.7593	-70.3093
23.849149505596	7	(29.7531,88.9599,1.895)	32.6279	-64.2579
23.905159656343	8	(26.3545,99.4982,1.895)	20.3206	-61.7579
23.920336667087	5	(26.9162,39.3175,1.895)	80.3019	-72.0376
23.930111458793	6	(30.0293,59.375,1.895)	60.2065	-68.2912
23.941651904734	4	(30.333,26.8268,1.895)	92.7562	-70.3091
23.949149505596	7	(29.7719,86.9538,1.895)	32.6265	-64.2559
24.005159656343	8	(26.3732,97.4961,1.895)	20.3192	-61.7594
24.020336667087	5	(26.9348,37.3184,1.895)	80.2976	-72.0393
24.030111458793	6	(30.048,57.3672,1.895)	60.211	-68.2937
24.049149505596	7	(29.7905,84.9588,1.895)	32.6181	-64.2437
24.105159656343	8	(26.3919,95.491,1.895)	20.3132	-61.7665
24.120336667087	5	(26.9535,35.3138,1.895)	80.2909	-72.0421
24.130111458793	6	(30.0667,55.3626,1.895)	60.2043	-68.2899
24.149149505596	7	(29.8092,82.957,1.895)	32.6086	-64.2299
24.205159656343	8	(26.4106,93.4804,1.895)	20.3224	-61.7557
24.220336667087	5	(26.9722,33.3136,1.895)	80.2899	-72.0425
24.230111458793	6	(30.0854,53.3578,1.895)	60.2078	-68.2919
24.249149505596	7	(29.8278,80.9595,1.895)	32.6049	-64.2245
24.305159656343	8	(26.4293,91.478,1.895)	20.3254	-61.7521
24.320336667087	5	(26.9909,31.3113,1.895)	80.2929	-72.0413
24.330111458793	6	(30.1042,51.349,1.895)	60.2172	-68.2973
24.349149505596	7	(29.8465,78.9543,1.895)	32.6107	-64.2329
24.405159656343	8	(26.448,89.4757,1.895)	20.3274	-61.7496
24.420336667087	5	(27.0096,29.3094,1.895)	80.2945	-72.0406
24.430111458793	6	(30.1229,49.3399,1.895)	60.2261	-68.3024
24.449149505596	7	(29.8652,76.9483,1.895)	32.6165	-64.2413
24.505159656343	8	(26.4668,87.4644,1.895)	20.3362	-61.739
24.520336667087	5	(27.0283,27.3059,1.895)	80.2956	-72.0402
24.530111458793	6	(30.1417,47.3324,1.895)	60.2311	-68.3053
24.549149505596	7	(29.884,74.9432,1.895)	32.6191	-64.2451
24.605159656343	8	(26.4855,85.4601,1.895)	20.3391	-61.7353
24.620336667087	5	(27.0471,25.2953,1.895)	80.3049	-72.0364
24.630111458793	6	(30.1604,45.3266,1.895)	60.2356	-68.3079
24.649149505596	7	(29.9026,72.9448,1.895)	32.6162	-64.2408
24.705159656343	8	(26.5042,83.452,1.895)	20.348	-61.7241
24.730111458793	6	(30.179,43.3268,1.895)	60.2364	-68.3084
24.749149505596	7	(29.9213,70.9399,1.895)	32.6221	-64.2494
24.805159656343	8	(26.523,81.4444,1.895)	20.3503	-61.7212
24.830111458793	6	(30.1978,41.317,1.895)	60.2409	-68.311
24.849149505596	7	(29.9399,68.9486,1.895)	32.6081	-64.2292
24.905159656343	8	(26.5417,79.4344,1.895)	20.3529	-61.7178
24.930111458793	6	(30.2165,39.3163,1.895)	60.2342	-68.3071
24.949149505596	7	(29.9586,66.9411,1.895)	32.6082	-64.2292
25.005159656343	8	(26.5605,77.4234,1.895)	20.3614	-61.7068
25.030111458793	6	(30.2352,37.3075,1.895)	60.2406	-68.3108
25.049149505596	7	(29.9773,64.9474,1.895)	32.5994	-64.2166
25.105159656343	8	(26.5792,75.4166,1.895)	20.3627	-61.7051
25.130111458793	6	(30.2539,35.3082,1.895)	60.2344	-68.3072
25.149149505596	7	(29.996,62.9417,1.895)	32.5997	-64.217
25.205159656343	8	(26.5979,73.414,1.895)	20.3585	-61.7106
25.230111458793	6	(30.2726,33.3014,1.895)	60.2344	-68.3072
25.249149505596	7	(30.0146,60.9442,1.895)	32.5903	-64.2035
25.305159656343	8	(26.6166,71.4116,1.895)	20.3581	-61.7111
25.330111458793	6	(30.2913,31.2997,1.895)	60.2333	-68.3066
25.349149505596	7	(30.0333,58.9466,1.895)	32.5852	-64.1962
25.405159656343	8	(26.6354,69.4025,1.895)	20.3678	-61.6983
25.430111458793	6	(30.31,29.2919,1.895)	60.2418	-68.3115
25.449149505596	7	(30.0518,56.9552,1.895)	32.5773	-64.1849
25.505159656343	8	(26.6541,67.3927,1.895)	20.3746	-61.6891
25.530111458793	6	(30.3287,27.2916,1.895)	60.2393	-68.31
25.549149505596	7	(30.0706,54.9497,1.895)	32.58	-64.1888
25.605159656343	8	(26.6729,65.3832,1.895)	20.375	-61.6887
25.630111458793	6	(30.3474,25.2854,1.895)	60.2363	-68.3083
25.649149505596	7	(30.0892,52.9509,1.895)	32.5695	-64.1738
25.705159656343	8	(26.6916,63.3775,1.895)	20.3784	-61.684
25.749149505596	7	(30.1079,50.9496,1.895)	32.5687	-64.1726
25.805159656343	8	(26.7103,61.3767,1.895)	20.3788	-61.6834
25.849149505596	7	(30.1266,48.9455,1.895)	32.5724	-64.1779
25.905159656343	8	(26.729,59.3713,1.895)	20.3739	-61.6901
25.949149505596	7	(30.1454,46.9364,1.895)	32.571	-64.176
26.005159656343	8	(26.7477,57.3675,1.895)	20.3673	-61.6989
26.049149505596	7	(30.164,44.9347,1.895)	32.5623	-64.1636
26.105159656343	8	(26.7664,55.362,1.895)	20.3719	-61.6928
26.149149505596	7	(30.1828,42.9287,1.895)	32.5674	-64.1709
26.205159656343	8	(26.7852,53.3542,1.895)	20.3718	-61.693
26.249149505596	7	(30.2015,40.9185,1.895)	32.5698	-64.1742
26.305159656343	8	(26.8038,51.3549,1.895)	20.3657	-61.7011
26.349149505596	7	(30.2202,38.9128,1.895)	32.5699	-64.1744
26.405159656343	8	(26.8225,49.3525,1.895)	20.3571	-61.7123
26.449149505596	7	(30.239,36.9018,1.895)	32.5699	-64.1743
26.505159656343	8	(26.8413,47.3442,1.895)	20.3651	-61.7019
26.549149505596	7	(30.2577,34.9013,1.895)	32.5702	-64.1748
26.605159656343	8	(26.86,45.3419,1.895)	20.3579	-61.7114
26.649149505596	7	(30.2764,32.8937,1.895)	32.5681	-64.1719
26.705159656343	8	(26.8786,43.3426,1.895)	20.3511	-61.7202
26.749149505596	7	(30.2951,30.894,1.895)	32.5617	-64.1628
26.805159656343	8	(26.8973,41.3373,1.895)	20.3573	-61.7121
26.849149505596	7	(30.3138,28.8868,1.895)	32.5699	-64.1744
26.905159656343	8	(26.916,39.3356,1.895)	20.3532	-61.7175
26.949149505596	7	(30.3326,26.8774,1.895)	32.5734	-64.1794
27.005159656343	8	(26.9347,37.3307,1.895)	20.35	-61.7216
27.105159656343	8	(26.9534,35.3296,1.895)	20.3432	-61.7302
27.205159656343	8	(26.9721,33.3279,1.895)	20.3406	-61.7335
27.305159656343	8	(26.9908,31.3227,1.895)	20.3458	-61.727
27.405159656343	8	(27.0096,29.311,1.895)	20.3559	-61.714
27.505159656343	8	(27.0283,27.3008,1.895)	20.3634	-61.7042
27.605159656343	8	(27.047,25.2982,1.895)	20.3614	-61.7068
